6.280918720089194718e-01
5.459852528947958250e-01
5.129246143641935651e-01
4.966533818782865595e-01
4.892455221842348378e-01
5.050731963667501878e-01
4.981356374480359617e-01
4.930627868647574630e-01
4.890092510594841735e-01
4.860143398062481412e-01
4.920261520511412523e-01
4.875725342687369235e-01
4.838345782300534914e-01
4.809597776547214210e-01
4.794574329152168635e-01
4.873375235267566885e-01
4.838761896368706794e-01
4.813526308896073913e-01
4.798613994776911307e-01
4.785600969954180717e-01
4.839217682162675338e-01
4.807510037028057681e-01
4.785622383194285678e-01
4.773972642079749584e-01
4.766487772192550820e-01
4.833607455368921779e-01
4.804278014244385830e-01
4.777204898258996524e-01
4.759606821866648740e-01
4.749921364313391403e-01
4.791701324983827504e-01
4.773568356543324009e-01
4.760086144337151159e-01
4.750208505387078506e-01
4.740863191199364834e-01
4.765284925512628389e-01
4.747284636290075022e-01
4.735054062210910519e-01
4.727804659810820320e-01
4.722910365051375958e-01
4.750243546177824738e-01
4.738791767603406369e-01
4.730607333377587209e-01
4.724025230781432882e-01
4.717896839480031357e-01
4.733375643077056272e-01
4.722786455739753642e-01
4.715694435077959490e-01
4.709806293944686084e-01
4.703968613248674657e-01
4.698784669000322101e-01
4.694820242398304311e-01
4.691872538907115864e-01
4.689190532571088643e-01
4.686208646915883125e-01
4.683332180127051658e-01
4.680819072646250634e-01
4.679060977257148979e-01
4.677418893827799962e-01
4.676036477740846409e-01
4.674619917342071052e-01
4.673152436508770657e-01
4.671541414484714494e-01
4.669475348081905119e-01
4.666239651208335393e-01
4.663678593442615594e-01
4.661781906108063422e-01
4.660279898513519092e-01
4.658932124085877757e-01
4.657621128443190650e-01
4.656145638001891740e-01
4.654787316608259284e-01
4.653224390691989010e-01
4.651531311071596120e-01
4.649529926772718591e-01
4.647566746397298054e-01
4.645275100146316061e-01
4.643622608006555130e-01
4.642111895015903489e-01
4.640938400476640746e-01
4.639829317337603731e-01
4.638506456250615639e-01
4.637031109733524281e-01
4.635463564439147865e-01
4.633986414958619626e-01
4.632796661243681613e-01
4.631647838521165128e-01
4.630614154423877138e-01
4.629543421257531488e-01
4.628068993407764009e-01
4.626487396125925078e-01
4.624866762815378340e-01
4.622892048132186127e-01
4.621273192068205415e-01
4.619637723654137496e-01
4.617974051369223565e-01
4.616346254190523690e-01
4.614423731639801241e-01
4.612599409352852731e-01
4.611024377367702876e-01
4.417421151075515140e-01
4.305585278278106220e-01
4.233971005753665029e-01
4.183748482635664678e-01
4.143850408039680966e-01
4.108702677439086126e-01
4.075569544056662497e-01
4.046677135212832233e-01
4.020182679502236067e-01
3.990734621225859313e-01
3.976090060750810395e-01
3.944739546609357106e-01
3.916758622273033841e-01
3.888881852096001124e-01
3.859268884708648151e-01
3.867035571720076059e-01
3.841725288757967816e-01
3.822387174907447283e-01
3.804893369951988791e-01
3.787296769915196037e-01
3.799021446244629230e-01
3.777636788036931592e-01
3.760464571531827449e-01
3.746205973159562608e-01
3.734974198501997966e-01
3.756061261492512071e-01
3.734693730449674676e-01
3.717106916788485704e-01
3.705562308512215242e-01
3.696028061583991886e-01
3.724754970256565767e-01
3.702461957592517727e-01
3.686365901718012261e-01
3.674410830524542648e-01
3.662807687858784522e-01
3.691549378183957564e-01
3.673646592838897273e-01
3.663499455793539639e-01
3.654898801670821151e-01
3.645873110489892821e-01
3.674337953711712679e-01
3.655731779995304853e-01
3.640696661155845559e-01
3.631322145921046518e-01
3.625081609948386241e-01
3.662042546928688802e-01
3.644415992708517349e-01
3.635143585884275663e-01
3.627563891296527454e-01
3.621239275791449663e-01
3.616458584737224924e-01
3.611876212214077397e-01
3.606848147428891038e-01
3.600630397329395160e-01
3.594135236914038911e-01
3.587980183864037387e-01
3.582178616979867503e-01
3.575907217124809079e-01
3.569429889944731316e-01
3.563611735800290004e-01
3.558534577449932179e-01
3.553822444665026281e-01
3.548849729762467708e-01
3.544134858423792500e-01
3.539528912539849359e-01
3.535356333004201490e-01
3.531555044772602403e-01
3.527851864330409648e-01
3.524477293501392938e-01
3.520383983703150865e-01
3.515258386667167168e-01
3.510316803206132708e-01
3.505394651475756684e-01
3.499982360944898785e-01
3.495281364062164942e-01
3.490833181842997734e-01
3.486291416832406620e-01
3.482354190672205529e-01
3.478893026832533542e-01
3.475855789674672791e-01
3.472512837375022476e-01
3.469652961110317735e-01
3.466925212595941552e-01
3.464328829547057564e-01
3.462067343527859831e-01
3.459410797833547546e-01
3.457081863040311065e-01
3.454204521117457682e-01
3.451458073538228311e-01
3.448270452240744244e-01
3.445290490012518081e-01
3.442339539502851098e-01
3.439951999546742578e-01
3.437912646614742496e-01
3.435744814838008754e-01
3.433326335205480473e-01
3.431149736400458949e-01
3.429079073427396263e-01
3.426931498058209402e-01
3.424706881275745296e-01
3.354946481203456288e-01
3.293428202004874961e-01
3.250550062291328035e-01
3.219155324017129449e-01
3.193986094554242539e-01
3.172098654065904078e-01
3.149769148820770748e-01
3.131398188332881749e-01
3.111422671629893166e-01
3.092748463977743056e-01
3.080000547213387896e-01
3.063437926241115994e-01
3.047048113548720405e-01
3.031472685131954559e-01
3.016400704809140687e-01
3.004568169575246861e-01
2.989976636091521978e-01
2.976694318683972273e-01
2.965280872220522057e-01
2.953998375517515318e-01
2.944276328789986463e-01
2.933798885222315689e-01
2.924062370004497091e-01
2.914139594869373795e-01
2.904551467880276405e-01
2.896470246518660918e-01
2.887978854647431093e-01
2.880669446410968892e-01
2.873661676008339438e-01
2.867041256675549321e-01
2.862167718201080735e-01
2.855815486754040844e-01
2.849502610534342950e-01
2.843494342879279713e-01
2.837749307463641180e-01
2.833596734153155383e-01
2.828077750320373007e-01
2.822751742262879504e-01
2.817920374909295700e-01
2.812804873465217792e-01
2.808067212036772231e-01
2.803416702084756129e-01
2.798403684636838196e-01
2.794021490143024922e-01
2.789013447110481048e-01
2.785636549255067207e-01
2.781069037169068281e-01
2.776856146603944864e-01
2.772343774417105333e-01
2.768067734483936060e-01
2.763937870640844063e-01
2.759586455431650154e-01
2.755626027727647309e-01
2.751530209253040815e-01
2.747686123476710818e-01
2.744566692658902407e-01
2.741246463615552575e-01
2.737506211384798105e-01
2.734012057258637385e-01
2.730571639554962848e-01
2.727726561118997695e-01
2.724672127198350946e-01
2.721645925833488522e-01
2.718915233887836402e-01
2.716072171356604947e-01
2.713396952958641029e-01
2.710629063657779003e-01
2.707712216800265415e-01
2.704992038159759193e-01
2.702343883423221627e-01
2.699829347241612387e-01
2.697332939323153211e-01
2.694867766636949158e-01
2.692266535618654810e-01
2.689604206871837877e-01
2.687236637329076250e-01
2.684927317643104883e-01
2.682826861422400455e-01
2.680328418814863500e-01
2.677413927815978090e-01
2.674329266756793611e-01
2.671453711577335688e-01
2.668626975467084939e-01
2.666071398926854741e-01
2.663545406480671840e-01
2.661142039944265902e-01
2.658876518461126826e-01
2.656864915770749680e-01
2.654877997979780413e-01
2.652983147415063914e-01
2.650858427384007454e-01
2.648720482012597022e-01
2.646763699380158541e-01
2.644596454301603727e-01
2.642302262684618763e-01
2.640480977725860323e-01
2.638652018321109849e-01
2.636887427346259472e-01
2.635251626876518594e-01
2.633610212488601277e-01
2.641391986577050766e-01
2.592022683021620866e-01
2.553010214868963179e-01
2.520918600247402663e-01
2.492742593025915609e-01
2.470149169809145451e-01
2.450711950450847054e-01
2.433321634968328706e-01
2.416170613546291535e-01
2.399297937820914217e-01
2.383571537029773590e-01
2.369194747536238765e-01
2.355389045112467328e-01
2.342539485661009058e-01
2.331102472018865002e-01
2.321782768811913034e-01
2.311994868518330581e-01
2.301881288948478543e-01
2.291931437442821795e-01
2.282417858050597714e-01
2.273677688589735568e-01
2.264261185524812925e-01
2.255020981388911605e-01
2.245523125857969982e-01
2.235747731111346059e-01
2.226642153079528286e-01
2.218449137904080770e-01
2.210727477444718869e-01
2.203506030707268193e-01
2.196600317463401619e-01
2.188245494752744658e-01
2.181827420050483912e-01
2.175308926603402859e-01
2.169369241254820446e-01
2.162984470051574903e-01
2.158273110317884547e-01
2.152120385803062697e-01
2.146200732111655241e-01
2.140509600229829057e-01
2.135022727213560789e-01
2.131886309875615226e-01
2.126384853230778027e-01
2.121508388660919842e-01
2.116643335675090498e-01
2.112043926936304217e-01
2.108619121090808124e-01
2.104041422414169304e-01
2.099603025110025056e-01
2.095246651715159392e-01
2.091262744259025363e-01
2.087497092299880341e-01
2.083610088600718613e-01
2.079395709589774988e-01
2.075408944732826111e-01
2.071392002119394338e-01
2.067649761045548817e-01
2.063748437149208748e-01
2.059827582361742349e-01
2.056200895830287700e-01
2.052573935912986314e-01
2.048825055141703100e-01
2.044864542088628834e-01
2.041259477555226187e-01
2.037883166287040859e-01
2.034564515947711039e-01
2.031019366488152345e-01
2.028162444285251942e-01
2.025141970412875914e-01
2.022499903172644553e-01
2.019770818837605952e-01
2.016767500482500308e-01
2.014006571305389515e-01
2.011275497590931105e-01
2.008766730874750051e-01
2.006236981814764619e-01
2.004012100315888945e-01
2.001862787310994263e-01
1.999837935049144089e-01
1.997862446010199022e-01
1.996022118414804425e-01
1.994206263430611248e-01
1.992261649124713596e-01
1.990349578570621558e-01
1.988461550128837185e-01
1.986385363342287602e-01
1.984466162048615090e-01
1.982583856564113234e-01
1.980669534343384441e-01
1.978752887166692620e-01
1.976810669327887793e-01
1.974838609391223743e-01
1.972764583479177936e-01
1.970786962574563039e-01
1.968896935946610749e-01
1.966951825679498500e-01
1.964920432691441565e-01
1.963175917400542259e-01
1.961078186096301967e-01
1.959084295125612940e-01
1.957052790928457964e-01
2.033245805930766759e-01
1.983508464172091257e-01
1.951163648715864840e-01
1.924826080778960780e-01
1.905185970210207247e-01
1.887570917122931846e-01
1.871157000513714030e-01
1.858149662117134782e-01
1.843980059442014985e-01
1.832120610723503851e-01
1.821741298135807485e-01
1.810060567903108708e-01
1.800249813717513803e-01
1.791089508682088272e-01
1.783334350977869298e-01
1.775454886153599310e-01
1.767424419193914242e-01
1.758445225772923282e-01
1.751245779849333883e-01
1.743843797082716973e-01
1.737418863568973570e-01
1.730421244784581536e-01
1.724311622512327835e-01
1.717539824189442954e-01
1.710502954671291875e-01
1.704701686309722797e-01
1.698287629341942440e-01
1.691343420840088208e-01
1.684847923336422471e-01
1.677761540948269348e-01
1.672051972295891531e-01
1.665202802369452340e-01
1.658520965295752492e-01
1.651630785220784547e-01
1.644636060146727474e-01
1.639415495581102722e-01
1.633131633466650412e-01
1.626531315480488071e-01
1.620020484451124565e-01
1.614043181549209005e-01
1.609344931603151063e-01
1.602812842796828841e-01
1.596695526556576317e-01
1.590794416033682046e-01
1.585205981767171257e-01
1.581866544170273670e-01
1.576697863218570750e-01
1.571369860432404453e-01
1.566677629225976531e-01
1.561782540154360854e-01
1.557006864435599991e-01
1.552547347756639273e-01
1.548386620458746810e-01
1.544337265283554084e-01
1.540551582476982484e-01
1.536403533765264562e-01
1.532698331186589102e-01
1.528869631704165843e-01
1.524927585295428045e-01
1.520691443115148034e-01
1.516696936105559612e-01
1.512965667774436862e-01
1.509318609163612102e-01
1.505668204759172957e-01
1.502615215980989405e-01
1.499433868198885578e-01
1.496027415632846802e-01
1.492832769184760100e-01
1.489233996794600001e-01
1.486126257840403864e-01
1.482626390088540580e-01
1.479529243240106928e-01
1.476320118716454854e-01
1.473136541852020087e-01
1.469642893839270548e-01
1.466668446275370963e-01
1.463728001874813889e-01
1.460512145982865995e-01
1.457562048490094186e-01
1.454871859427045444e-01
1.452139869227905833e-01
1.449298557013819488e-01
1.446634096632418431e-01
1.444356316296436793e-01
1.442169982498367475e-01
1.439666436769115876e-01
1.436901004734448539e-01
1.434232142719357728e-01
1.431292491064874439e-01
1.428580636998224851e-01
1.425882086201663013e-01
1.423375433302966342e-01
1.421106541241418664e-01
1.419000942678768085e-01
1.416885470462458940e-01
1.414710004149762335e-01
1.412587168647107538e-01
1.410548323275476190e-01
1.408241871401361978e-01
1.406440191387981209e-01
