1.112010406084002097e-02
5.782251963424925312e-03
3.728329180186719122e-03
2.668738746589687134e-03
2.080561178023724971e-03
2.389229176739672469e-03
1.708823829744958228e-03
1.386097761837019882e-03
1.031929820321461589e-03
8.102923997077873764e-04
7.333267486273560348e-04
6.168239220991311679e-04
5.438805838365539215e-04
4.930561115835404391e-04
4.530576192484001528e-04
4.075964741567798984e-04
3.713019749102019801e-04
3.354597202094380145e-04
3.145635020021342689e-04
2.960444326682408348e-04
2.824574246429661451e-04
2.644282919130014581e-04
2.508025532975448812e-04
2.385681617249566519e-04
2.275711823123142052e-04
2.195996240993095948e-04
2.100294852484454067e-04
2.005354984074944787e-04
1.930458318333834304e-04
1.861177636400626362e-04
1.801106998934007036e-04
1.741468642920870327e-04
1.688545466195427540e-04
1.640738439102459780e-04
1.604130828931712874e-04
1.574872996713922661e-04
1.522508248555237427e-04
1.472990568396604879e-04
1.416661426976887435e-04
1.364252793431049854e-04
1.315709313624457055e-04
1.259207530351101666e-04
1.220629628069323504e-04
1.187272463133263740e-04
1.147644084719495571e-04
1.124776923759284147e-04
1.079464594912995417e-04
1.053842818397792363e-04
1.026879665910441309e-04
9.989815466522436493e-05
9.742598441392010011e-05
9.472322946022312820e-05
9.224900042185352829e-05
9.024067386188683987e-05
8.835701150260712948e-05
8.673269775702859745e-05
8.551870745556834684e-05
8.423381050413920456e-05
8.304993603780146528e-05
8.201482644771014422e-05
8.111834227667124415e-05
8.008727460980893964e-05
7.908585330888094470e-05
7.808199481299939290e-05
7.708789737315304260e-05
7.558444150745878012e-05
7.429700779745241864e-05
7.328648262294107168e-05
7.249064173462189595e-05
7.172699620762568022e-05
7.083721303060320780e-05
7.007097509215732569e-05
6.914194495843990079e-05
6.833977708075644265e-05
6.754032096570660251e-05
6.663673089989982483e-05
6.593997128214299137e-05
6.522299444810823114e-05
6.445604467672925628e-05
6.384410745299433148e-05
6.321997096371407263e-05
6.253609338738655432e-05
6.185661028402016320e-05
6.130327528906294064e-05
6.069908551208368390e-05
6.024052314211839635e-05
5.956448779386634235e-05
5.890515092749225079e-05
5.818142315309333924e-05
5.749545435951307121e-05
5.677011743353328228e-05
5.617860295731214764e-05
5.552364205758860425e-05
5.482067783395603813e-05
5.400523579580795720e-05
5.347496761680096440e-05
5.281152261556690426e-05
5.233892631285867899e-05
5.177806341793911771e-05
5.132020159790850902e-05
4.496825815000756935e-05
4.036894825136510813e-05
3.744288613322753744e-05
3.512119796846845278e-05
3.328815622616333703e-05
3.156614372865188022e-05
2.996020227638437094e-05
2.867238828751725389e-05
2.754921558451206467e-05
2.647339704132673559e-05
2.557550403095837011e-05
2.454116153984946066e-05
2.358147756799300459e-05
2.288582489616263626e-05
2.226321266350387578e-05
2.179390022590436618e-05
2.124632259762883292e-05
2.080799395673643519e-05
2.041806034117291864e-05
2.006872343537699426e-05
1.969577066798937256e-05
1.932234515575406098e-05
1.888827745692749899e-05
1.849516586891737801e-05
1.810911410483829527e-05
1.769030633444982972e-05
1.734041411021835553e-05
1.701909610355514135e-05
1.672904360966541421e-05
1.645598765414015428e-05
1.622612740417987448e-05
1.598373018511264996e-05
1.579005644303020127e-05
1.552622630381778735e-05
1.532014980687527103e-05
1.514585646184150907e-05
1.496724652660338057e-05
1.478229889758218484e-05
1.460494604157978237e-05
1.440642496229141275e-05
1.425648314389945936e-05
1.409549869044723349e-05
1.399923204031029010e-05
1.390277924627478808e-05
1.379910348159224710e-05
1.372283565057387633e-05
1.364160321875862684e-05
1.351443649630320982e-05
1.339896165167828098e-05
1.324093530422115595e-05
1.309136361721972562e-05
1.294349070623009459e-05
1.283972659520199797e-05
1.272491479177961156e-05
1.261531352409161221e-05
1.252446686478107976e-05
1.241122823810005917e-05
1.231882511088025478e-05
1.222009379788609594e-05
1.211851201908613454e-05
1.201433346777235584e-05
1.192797335691455873e-05
1.184981143961604211e-05
1.177198062744325937e-05
1.168120536702440530e-05
1.156985188628307177e-05
1.147669341081725993e-05
1.136707820586591628e-05
1.126589580539995617e-05
1.117256260528043499e-05
1.109972297598776897e-05
1.102895049244624509e-05
1.093913976265183678e-05
1.086764251024913460e-05
1.078835682988476986e-05
1.070125001591375033e-05
1.061854494184510460e-05
1.052042638817442495e-05
1.043938217812761980e-05
1.037567231849361543e-05
1.032651393779706837e-05
1.025851470209202874e-05
1.020404289194997699e-05
1.015418214675191321e-05
1.011012853468176363e-05
1.005912071538282230e-05
1.002041313737415005e-05
9.976237223223019871e-06
9.916570074870369262e-06
9.862167394552288652e-06
9.809646625700525155e-06
9.767801719117366458e-06
9.729223831030146436e-06
9.691033212115160729e-06
9.649764568962103782e-06
9.607130280322943630e-06
9.562131787647917212e-06
9.518876737675276937e-06
9.479968872359479542e-06
9.440729839248414876e-06
8.357725640850053767e-06
7.634669619903202190e-06
7.327612970144205011e-06
7.017168364285854492e-06
6.809458845312706230e-06
6.636089413228862699e-06
6.460960076063722365e-06
6.335376801701081930e-06
6.184413440896475186e-06
6.054776018015091658e-06
5.928848744280113469e-06
5.820204563792658005e-06
5.691819867827749861e-06
5.573336302943361176e-06
5.481347405001869667e-06
5.409971777641336380e-06
5.333511402725266365e-06
5.254594607677672177e-06
5.162419569831911773e-06
5.080336093375789387e-06
5.008752278954904405e-06
4.941105929621887164e-06
4.884216016863024338e-06
4.838915672867250404e-06
4.788657109984882208e-06
4.748288281025263685e-06
4.713186444871973400e-06
4.681069569193003233e-06
4.649573605032509328e-06
4.612809248051956785e-06
4.573399584693472958e-06
4.535540891160645116e-06
4.501477789438799296e-06
4.462057823146101343e-06
4.418032709354497532e-06
4.388974521576033267e-06
4.358432888409271430e-06
4.329247362741621871e-06
4.299264138946970766e-06
4.273987270069909713e-06
4.236049070016842501e-06
4.204705871865485103e-06
4.169609780700260953e-06
4.140506199623712432e-06
4.096182032529860502e-06
4.053799648644272361e-06
4.018788425986608949e-06
3.991963767209078674e-06
3.967042677141417235e-06
3.945533220203633048e-06
3.917481011796948755e-06
3.901679162341452387e-06
3.885753610915362450e-06
3.858288899679535191e-06
3.840485071699818265e-06
3.818474401819287267e-06
3.799514163794315761e-06
3.781646826297711499e-06
3.762996327188129541e-06
3.742199350313591406e-06
3.726507160415829176e-06
3.713163121004464529e-06
3.703550150804460868e-06
3.692736025293112308e-06
3.682501045859011878e-06
3.671016213501309177e-06
3.656702160335242374e-06
3.637266683493523161e-06
3.621816110014677373e-06
3.604442790279587958e-06
3.588809509500972480e-06
3.571369790623922897e-06
3.555686020869584147e-06
3.543416573695908410e-06
3.528466813328315870e-06
3.510575835603724016e-06
3.494773097872171307e-06
3.482790108242035471e-06
3.467120219277518474e-06
3.453745325905449476e-06
3.438457118927778766e-06
3.426212525264019244e-06
3.412427523156725797e-06
3.398209470322548211e-06
3.383241890966827314e-06
3.371607039401483300e-06
3.361916692273702962e-06
3.351760329145445106e-06
3.339204447984195826e-06
3.328029127654992830e-06
3.316679713505668017e-06
3.306493462721190766e-06
3.293919481951237661e-06
3.280894111484578367e-06
3.268637221630247732e-06
3.255060595342979171e-06
3.241830324968902694e-06
3.225802737998136183e-06
3.214038964278020301e-06
3.199563832352225015e-06
2.931088869449161611e-06
2.773561910469372411e-06
2.669062512212287585e-06
2.610264096901741969e-06
2.567214810013095449e-06
2.527328557183387364e-06
2.498348820993022393e-06
2.474089099542954163e-06
2.450070719785649140e-06
2.424373930689051256e-06
2.400907005468493564e-06
2.382972602785874441e-06
2.367894468544394922e-06
2.353399793146878670e-06
2.336868688226344931e-06
2.322522743988988700e-06
2.309297840839415010e-06
2.297675674735821858e-06
2.284499713036429636e-06
2.270879842325278094e-06
2.257949255002831701e-06
2.244419563352969620e-06
2.233016788858861725e-06
2.221880872922018155e-06
2.212225372400537632e-06
2.203643762499506863e-06
2.193468014076186017e-06
2.184615300850299352e-06
2.173676445417065088e-06
2.166165747359330069e-06
2.156946308088494087e-06
2.147378627144204869e-06
2.138587853937660002e-06
2.128656093478335512e-06
2.115108415353110684e-06
2.106406500164657841e-06
2.098663480418383452e-06
2.092208969929369510e-06
2.084085819936910339e-06
2.074792369659439055e-06
2.067854817308065494e-06
2.059356482304976366e-06
2.052702970938772364e-06
2.043434392292130677e-06
2.034570604670169987e-06
2.025775003274466419e-06
2.015033707760665404e-06
2.006082109727824020e-06
1.998429662477536450e-06
1.992053875391437246e-06
1.986891699850989062e-06
1.980448917173987361e-06
1.975245551620678126e-06
1.969558563599449337e-06
1.963637724638117117e-06
1.957679799188754519e-06
1.950767923310135423e-06
1.943091975441954139e-06
1.937170548165523953e-06
1.931198173084742124e-06
1.926275700078692359e-06
1.920096503151617801e-06
1.915017327207229730e-06
1.909139604802116220e-06
1.904722911877212252e-06
1.898218293953061000e-06
1.892177066404935209e-06
1.884712125321959737e-06
1.876687898707109566e-06
1.865983264300902385e-06
1.855604788055886675e-06
1.847665504587347810e-06
1.840646982581816097e-06
1.833382073813680150e-06
1.828479270554130355e-06
1.822627764547226110e-06
1.817517867370969597e-06
1.812226855145412153e-06
1.807031174587411022e-06
1.801892081449749536e-06
1.798066865716427630e-06
1.793783035324311403e-06
1.789010965988272948e-06
1.783753331299268792e-06
1.777775161280031155e-06
1.772862428757182949e-06
1.767258201705371871e-06
1.761933259131085831e-06
1.757178076322815662e-06
1.750371835187658252e-06
1.744397234738865888e-06
1.739471051221111756e-06
1.733209024209455684e-06
1.728555002121375682e-06
1.722581492711223307e-06
1.716140363183362681e-06
1.710957776589130839e-06
1.706277988443496562e-06
1.701769653021918125e-06
1.696345805630415913e-06
1.869839643766430346e-06
1.738909192504903296e-06
1.667268190805000127e-06
1.620273399655900318e-06
1.592037406590600202e-06
1.575597295594233034e-06
1.563145114024626717e-06
1.552294870201472473e-06
1.537722868322984524e-06
1.528306446469301917e-06
1.517603708584402958e-06
1.509293291288484610e-06
1.500165209355763953e-06
1.493288986340587105e-06
1.485822935957902683e-06
1.478272006557666150e-06
1.467706591841957341e-06
1.458013909515619034e-06
1.449973479977219291e-06
1.441481136444299968e-06
1.435003435918815276e-06
1.428727762432472461e-06
1.423789418740113645e-06
1.419057824526975616e-06
1.414729826635959928e-06
1.410378444424339817e-06
1.405825466516134021e-06
1.400930148049716909e-06
1.394961929800625125e-06
1.390472455922729312e-06
1.385255533570934988e-06
1.380217734721514410e-06
1.376014951137491405e-06
1.371779137443247853e-06
1.368104980728323544e-06
1.363649477339464303e-06
1.359268323318362653e-06
1.355065918038988066e-06
1.350543818493098273e-06
1.346543014985018334e-06
1.342423758960266905e-06
1.338099844528844400e-06
1.334695207283526688e-06
1.331243360395494731e-06
1.327671808079655637e-06
1.324044901758488868e-06
1.320881502362225754e-06
1.317092523269310675e-06
1.313234566237416566e-06
1.309586876989432486e-06
1.306183911444269270e-06
1.303112730172949176e-06
1.299808252213687463e-06
1.296711050168690284e-06
1.293663211219750263e-06
1.291171186465879028e-06
1.288506868018265586e-06
1.285491757109761573e-06
1.282478349782358938e-06
1.279347582993817399e-06
1.276629075961919305e-06
1.274013683133933886e-06
1.271160311640088106e-06
1.268211537130779361e-06
1.265183580888886665e-06
1.260654518655666638e-06
1.257088003208489111e-06
1.253717859581202716e-06
1.249689149360430094e-06
1.245569907096005450e-06
1.242189890892441013e-06
1.239215070199879829e-06
1.236069262474830788e-06
1.232673168939941811e-06
1.230441547664890951e-06
1.228339988507950791e-06
1.225882535834585639e-06
1.223259573545827392e-06
1.220274913799010350e-06
1.217650532192098098e-06
1.215112613773808149e-06
1.212672704916923681e-06
1.210016473986536517e-06
1.207887194807297610e-06
1.205618883666892482e-06
1.203181136999932078e-06
1.200778387971189616e-06
1.198401027463450534e-06
1.196509904048243643e-06
1.194503847077063098e-06
1.192268906364711288e-06
1.190309706466153056e-06
1.188157409327361179e-06
1.186303568055194150e-06
1.184433637915698927e-06
1.182301066280784799e-06
1.179292380005686527e-06
1.176927602067902265e-06
1.174256813794857902e-06
1.171592627050254648e-06
