9.651563157534718274e-01
9.451002635693258602e-01
9.162678017482580595e-01
8.940043458208747351e-01
8.800286978399175508e-01
8.635922832364849588e-01
8.552022146151099236e-01
8.458101869713797738e-01
8.368211750705403240e-01
8.276770149470598081e-01
8.198559090391820403e-01
8.144338069894048182e-01
8.090386067722655783e-01
8.034546130898728711e-01
7.989602347657405179e-01
7.945772989148247589e-01
7.904818949236345205e-01
7.861923652838808119e-01
7.824506823620492879e-01
7.701590707339435182e-01
7.603314865172058346e-01
7.561329075665810251e-01
7.527104350495686935e-01
7.369024474368148780e-01
7.328798431453332762e-01
7.299239763437754824e-01
7.281362348962474584e-01
7.247826673416680743e-01
7.213905440084255050e-01
7.192426483887411903e-01
7.174754169643651203e-01
7.151988853291314507e-01
7.129174297357739887e-01
7.117275725255408636e-01
7.085539540241507783e-01
7.059359259772070017e-01
7.038893351108440610e-01
7.022402820977212690e-01
7.004371723606217515e-01
6.980940616026891643e-01
6.968966665423265150e-01
6.942445029371284715e-01
6.901814126217132861e-01
6.874059716282748811e-01
6.849226609117435860e-01
6.804904348975443495e-01
6.771753325332618978e-01
6.761946934143818755e-01
6.751300675660720785e-01
6.743316739245023284e-01
6.734622228089827134e-01
6.725828388170799199e-01
6.717649135553838136e-01
6.710492849126525883e-01
6.700128602500277086e-01
6.685949072869191712e-01
6.674621908247252433e-01
6.667022807813715035e-01
6.657752847172369037e-01
6.648914525034773648e-01
6.640581217020951055e-01
6.633731718067980010e-01
6.626451245396736134e-01
6.619263777606763099e-01
6.612567479866420239e-01
6.605600790886108076e-01
6.588157367270842668e-01
6.574995001417810458e-01
6.566729426368448364e-01
6.559137368426912751e-01
6.548772487965839328e-01
6.539041509690636245e-01
6.527686388038491661e-01
6.517274250097507826e-01
6.509577199040873507e-01
6.501907176095175211e-01
6.495833960995001100e-01
6.489615528139057732e-01
6.484362985894021048e-01
6.477087534247826239e-01
6.465475351721263753e-01
6.456736455127898289e-01
6.441955953833053972e-01
6.422419792509698189e-01
6.410075182110228642e-01
6.397111478463343159e-01
6.342354022802280111e-01
6.293100652198562184e-01
6.282331834772775236e-01
6.274631197853669518e-01
6.266161991957202027e-01
6.255765335393520532e-01
6.250528084264617146e-01
6.246150980492432003e-01
6.240608870474753100e-01
6.233549251452205064e-01
6.227572427729517468e-01
6.218464136165428036e-01
6.210830213905855768e-01
6.206383611496611996e-01
6.200881260875119594e-01
6.195770833788644127e-01
6.190745921559490661e-01
6.185936628937050985e-01
6.180394664323294318e-01
6.175424199088385135e-01
6.162279748361760845e-01
6.149854604387494650e-01
6.141495958109678410e-01
6.132022702348811638e-01
6.127373875402625236e-01
6.122405365594983939e-01
6.119153391161173960e-01
6.115214849326954250e-01
6.111321706671148934e-01
6.107601308861938527e-01
6.103347389995534833e-01
6.099262999432534249e-01
6.094238038188927176e-01
6.089410188482079489e-01
6.076028135956317300e-01
6.063745354726136627e-01
6.059324531378228462e-01
6.052524899406428460e-01
6.047788321894299601e-01
6.041978699778336459e-01
6.036648447739431100e-01
6.033389363286569829e-01
6.029492672953840060e-01
6.025087465133797116e-01
6.020225273723814885e-01
6.015383292988911723e-01
6.009759445028638458e-01
6.004146492316257966e-01
5.998632480477622542e-01
5.993113926547452008e-01
5.986989125522573785e-01
5.980321915107682518e-01
5.976277337641024978e-01
5.972675587911090433e-01
5.969044020332852085e-01
5.964957449198535766e-01
5.959175768512622318e-01
5.950529237633617186e-01
5.945593064287431062e-01
5.939179640499293589e-01
5.935093747805445519e-01
5.930168865670929490e-01
5.926443068729709829e-01
5.922719215876952603e-01
5.916285497627111756e-01
5.912712795913940278e-01
5.909248286814500206e-01
5.906228066675011101e-01
5.903149175690424189e-01
5.899377064589779174e-01
5.894078832258585754e-01
5.887172765522585838e-01
5.883046514887937395e-01
5.879792842317169699e-01
5.875642272049946824e-01
5.871824721067785413e-01
5.868429876010000656e-01
5.865485504577863107e-01
5.859955019766001083e-01
5.854235763428449202e-01
5.847720382890987390e-01
5.842283586708406640e-01
5.838576236101142847e-01
5.834895227469325540e-01
5.831944214157659401e-01
5.827981124100123367e-01
5.824312333359208393e-01
5.820216837191253267e-01
5.816515584799631933e-01
5.812681423631265165e-01
5.808949678886677903e-01
5.803478740349056197e-01
5.799689856201702964e-01
5.796692800126277412e-01
5.793796006868457971e-01
5.787295365707686434e-01
5.782453138204010079e-01
5.779094263945220300e-01
5.775117162991969533e-01
5.771735705914550207e-01
5.767351635517393715e-01
5.763012798446064400e-01
5.759260649609678762e-01
5.756242785032629206e-01
5.752721094605058871e-01
5.749331715219527794e-01
5.747154997009968902e-01
5.744699219573556892e-01
5.741038819769497259e-01
5.737167157669496032e-01
5.734542856541992029e-01
5.728891034651175662e-01
5.724396005946649213e-01
5.721543046517985065e-01
5.718653267348728919e-01
5.713441112050567927e-01
5.708807361973676775e-01
5.705347230082390420e-01
5.702280939192994058e-01
5.699962224860827265e-01
5.696964148859002819e-01
5.693154707757994704e-01
5.689889210118722618e-01
5.687595099503369722e-01
5.685273575784406397e-01
5.682763669041008825e-01
5.680214716806744057e-01
5.677849175018293559e-01
5.675563274536447045e-01
5.671976967307384987e-01
5.668821572980697887e-01
5.648509260192544623e-01
5.630308489740614153e-01
5.613072550421277507e-01
5.601557530829829323e-01
5.590636630004208740e-01
5.581601601836173598e-01
5.578595864664958048e-01
5.576467239622097116e-01
5.573125232213901326e-01
5.570016660651109230e-01
5.567976192880169650e-01
5.564882257003588295e-01
5.562372624649434272e-01
5.560088154662710114e-01
5.557904609107444660e-01
5.555896996518554509e-01
5.553126007641810968e-01
5.550735136468559761e-01
5.545339666285196145e-01
5.540347396514404554e-01
5.534662594558256155e-01
5.529402237832949929e-01
5.526138852311253125e-01
5.523022527555665473e-01
5.520730126736054233e-01
5.518361734359981119e-01
5.515918273074605915e-01
5.513445474643072775e-01
5.511593618912685733e-01
5.509664633057252958e-01
5.507136380199577630e-01
5.505124769032175847e-01
5.498843085744953285e-01
5.490733772122237122e-01
5.484727405165756853e-01
5.479413079016878241e-01
5.470663495365878370e-01
5.462742044758226445e-01
5.457525962172861123e-01
5.452325838747229536e-01
5.450006423648595666e-01
5.447836057594058756e-01
5.442173034405235477e-01
5.436645301900726590e-01
5.426817492928152076e-01
5.407930782623202592e-01
5.405498129673657060e-01
5.403131664534099876e-01
5.401341222266509146e-01
5.399100541785222251e-01
5.397328031334693854e-01
5.394104137584229131e-01
5.391214995822654066e-01
5.389629344180482118e-01
5.387719359711484746e-01
5.385731868112865195e-01
5.383412931953134306e-01
5.380512270890932536e-01
5.378378996198924789e-01
5.374879841172345296e-01
5.371810902042580826e-01
5.369820497835172679e-01
5.367139979468580346e-01
5.363361334565410754e-01
5.361303245138502316e-01
5.359571374800197185e-01
5.357369312464282940e-01
5.355566328842988888e-01
5.353506862313596182e-01
5.351093024898109229e-01
5.349136776423278894e-01
5.346518277137971564e-01
5.343727487114598995e-01
5.340876245554219137e-01
5.338285435206908680e-01
5.336294615121341955e-01
5.332676936289412195e-01
5.329215055182084937e-01
5.326439659990638287e-01
5.323817543631942373e-01
5.318810244545276733e-01
5.314128128864551437e-01
5.310695830927794070e-01
5.306473467602625949e-01
5.303728002178175194e-01
5.300715000366383878e-01
5.293317608314609402e-01
5.287571965547475106e-01
5.283459918734276783e-01
5.280362439678785158e-01
5.271130929951369781e-01
5.264408406950779051e-01
5.260651056050774654e-01
5.257181240592480043e-01
5.254330679206593580e-01
5.251494811193448964e-01
5.248236612898640185e-01
5.245283561626874480e-01
5.240952725532687095e-01
5.237691704981698448e-01
5.234476742470622890e-01
5.231281985363498421e-01
5.228231020419104036e-01
5.223483927687109230e-01
5.217259429386311709e-01
5.209714788045003431e-01
5.207629343085211637e-01
5.205748425341457652e-01
5.203033642702202810e-01
5.200358454490678906e-01
5.197248372178587816e-01
5.193520919643808131e-01
5.191461607997466254e-01
5.188208692431902636e-01
5.185986058353508898e-01
5.183856859337728773e-01
5.181760504927961364e-01
5.179340336242924669e-01
5.177255598474638232e-01
5.175171761038073193e-01
5.173153049192892317e-01
5.168702213227762687e-01
5.163915473244649057e-01
5.161090910419589006e-01
5.158186715074845052e-01
5.152107403350200121e-01
5.141571342784263532e-01
5.136692218051803760e-01
5.126651730478913871e-01
5.118977958496805369e-01
5.108824654025199141e-01
5.100283607113467177e-01
5.092199675483826127e-01
5.089574493207221773e-01
5.087481586670378197e-01
5.085806990965933139e-01
5.083974242153532774e-01
5.082020860469070866e-01
5.079508222191232436e-01
5.077184269443171249e-01
5.074938046660290025e-01
5.072794912571617632e-01
5.070874093509025737e-01
5.067637817280374879e-01
5.064874302016095786e-01
5.057920828945343672e-01
5.051925120778564260e-01
5.049017231164227848e-01
5.045915715701984050e-01
5.042986426362641161e-01
5.039856623528159441e-01
5.037481557477220262e-01
5.035570543856898729e-01
5.031602980565019756e-01
5.027602159350345046e-01
5.022231467085204182e-01
5.017056745734755907e-01
5.014627028689303545e-01
5.011053783458806477e-01
5.007766145499066290e-01
5.004161092219482354e-01
4.999099965529450462e-01
4.994412143433336615e-01
4.975957589353925958e-01
4.959531699007616590e-01
4.951742018137334500e-01
4.942719630710481482e-01
4.939111561971845088e-01
4.935378378414473910e-01
4.933445651556458977e-01
4.931533783059931508e-01
4.928811697772244038e-01
4.926629127988887413e-01
4.924755276106663748e-01
4.922313939242531355e-01
4.920316497592012173e-01
4.918134526950290186e-01
4.914681111923543955e-01
4.912896831922333174e-01
4.911116571670220976e-01
4.909274991610360628e-01
4.907503490683071679e-01
4.905827849039227084e-01
4.903937563070108197e-01
4.902333687650297644e-01
4.900953020916292147e-01
4.899661148640075403e-01
4.897851230053299476e-01
4.896178525590290098e-01
4.894910315390167965e-01
4.892339446724229823e-01
4.889541407026676278e-01
4.888144764834804201e-01
4.883102668454384343e-01
4.877679612176186730e-01
4.875857301652835596e-01
4.873481559761010939e-01
4.871623956087468565e-01
4.868594238723479295e-01
4.864531051155692731e-01
4.862722204846109952e-01
4.860889442202135369e-01
4.858298864565285813e-01
4.856196382835316627e-01
4.852990902186652411e-01
4.849043839757881114e-01
4.846026998848430578e-01
4.843156513040738909e-01
4.840295146784621694e-01
4.837522513391787626e-01
4.834273733029748610e-01
4.831671667700596084e-01
4.829891968010929792e-01
4.827908090802922048e-01
4.825893457035826395e-01
4.822905808399917116e-01
4.820342585255548706e-01
4.815470058510744056e-01
4.810622076961657556e-01
4.806330603659872414e-01
4.802773645878746223e-01
4.800131084534776660e-01
4.797324710729772290e-01
4.794766531561013845e-01
4.792122252135362359e-01
4.789483076984994425e-01
4.786700030319859245e-01
4.780551624199435023e-01
4.774406185777246847e-01
4.770729749001386133e-01
4.767849881330842865e-01
4.760366100442821602e-01
4.754801036091197974e-01
4.752397688811862420e-01
4.750132904467727069e-01
4.748009388074450055e-01
4.745817820734342662e-01
4.744114888371714356e-01
4.742614561945311946e-01
4.740948994787941295e-01
4.739338425962372758e-01
4.737619416555773899e-01
4.736173318628909557e-01
4.734641444124954579e-01
4.732994900131863858e-01
4.731098049391125882e-01
4.729496912148812293e-01
4.727899939119104555e-01
4.725605761741787370e-01
4.724063193266673233e-01
4.722235223578994390e-01
4.720268616409148410e-01
4.718971968321249988e-01
4.717725570680160185e-01
4.715362993329777486e-01
4.712813810940865711e-01
4.711810545711267451e-01
4.710161878133775626e-01
4.708353072491578417e-01
4.703358026745330100e-01
4.698524090483464088e-01
4.694759333473805252e-01
4.687800943980880430e-01
4.678526363352963346e-01
4.662983190942794343e-01
4.656818617717179420e-01
4.651136041807747423e-01
4.649874854545483771e-01
4.647938467219943082e-01
4.646824697014034777e-01
4.645717528716015732e-01
4.644723366806993159e-01
4.643676082109468584e-01
4.642679171474873301e-01
4.641200923626346841e-01
4.639878899573848248e-01
4.638513488364230386e-01
4.637503663148406785e-01
4.636232378453186698e-01
4.635013569812593270e-01
4.634028474858670199e-01
4.629805595025583420e-01
4.626372517220409541e-01
