3.153111684838501294e-02
1.287891434117293711e-02
7.793709695972993873e-03
5.647661926697125287e-03
4.523505421484842401e-03
5.063620112428566904e-03
3.982430728124204504e-03
3.422766514992164628e-03
3.001691207699633875e-03
2.627320369021385327e-03
2.400465598733483429e-03
2.142229514369125686e-03
1.909227193072479114e-03
1.704750534348784072e-03
1.541017812115915526e-03
1.480337088277913597e-03
1.345909784343766102e-03
1.271103648598352750e-03
1.220261368699761739e-03
1.150979470256335933e-03
1.121569742062171254e-03
1.059702548529805818e-03
1.004995807182307820e-03
9.520594137367849579e-04
9.133516316961222403e-04
8.848254740867752622e-04
8.329788055985878990e-04
7.973334088934472090e-04
7.681029816401551205e-04
7.322522107731954145e-04
7.230517453716572450e-04
6.900879786702522958e-04
6.595311590086742675e-04
6.410062890881258963e-04
6.153087536508551137e-04
6.183552737485202826e-04
5.996350622730963484e-04
5.891956499863620824e-04
5.803945254504731983e-04
5.655547967914096663e-04
5.551985771752479364e-04
5.410495452400416365e-04
5.252616602033967916e-04
5.094956015756809797e-04
4.957260105907631198e-04
4.928457215401632315e-04
4.801577317618332475e-04
4.739889324269948843e-04
4.693802604413784604e-04
4.626932616563424498e-04
4.560878876769776987e-04
4.474526999279791121e-04
4.360148304359548954e-04
4.291971502059320877e-04
4.209984705102517012e-04
4.119793044378125047e-04
4.020648632489221518e-04
3.890418015210095207e-04
3.783356928779590435e-04
3.695340928658533836e-04
3.610344607967543636e-04
3.533248591390374940e-04
3.466209225986413220e-04
3.389755898400764527e-04
3.312983114019332634e-04
3.240673038513391491e-04
3.168691047054980744e-04
3.112209179398152696e-04
3.070068347569990057e-04
3.026396750429480808e-04
2.990400680010860818e-04
2.955824019643366702e-04
2.916977679952410742e-04
2.882660058561225744e-04
2.852108643293843658e-04
2.803775302380129503e-04
2.767814180951201890e-04
2.732333639235653326e-04
2.693999924644404644e-04
2.660747415219260974e-04
2.623551839286342364e-04
2.589250352374421606e-04
2.569518146643816358e-04
2.541016136428490032e-04
2.513920481351576653e-04
2.483056787997414477e-04
2.454097674916919255e-04
2.429998772940181477e-04
2.403694801970119167e-04
2.384936151869098179e-04
2.369777781841430513e-04
2.354371979530034517e-04
2.339422307038567116e-04
2.326328081569909042e-04
2.313372472843402733e-04
2.301567063053433645e-04
2.289478347921658833e-04
2.278006918908633493e-04
2.265690216645658715e-04
2.254441312498791207e-04
2.247107660406418440e-04
2.043902630835746055e-04
1.919863656379154539e-04
1.807547101249769533e-04
1.697890744207378524e-04
1.618992198782596590e-04
1.542637634236756995e-04
1.481722548060940205e-04
1.420104998795731501e-04
1.379449517762129434e-04
1.338461480544518285e-04
1.300400364058048523e-04
1.264754353576292309e-04
1.224572310847938479e-04
1.190677819720746344e-04
1.157174283548794569e-04
1.128055456303907108e-04
1.103253828186466810e-04
1.074767831101441809e-04
1.050928324699983201e-04
1.029039586448496330e-04
1.004500520800751721e-04
9.800135445335654387e-05
9.579095090296967639e-05
9.380857588392045956e-05
9.198286824245474028e-05
9.017269075650185997e-05
8.849026287222260749e-05
8.704205039350372585e-05
8.579578565561543592e-05
8.459733977882428829e-05
8.318364695652931656e-05
8.214987420216169896e-05
8.114735015252218524e-05
7.996832987383163725e-05
7.859421532927349555e-05
7.738624879181991685e-05
7.626766354956130561e-05
7.537477696885812133e-05
7.433986905838885900e-05
7.363070476125278623e-05
7.280025288328634053e-05
7.204718504337418816e-05
7.142639386048176226e-05
7.068613714708034792e-05
6.997073859423127637e-05
6.915710910997916469e-05
6.837190284619590309e-05
6.774377676795985458e-05
6.704022133463892572e-05
6.634372588336548513e-05
6.570194749515866647e-05
6.516303324216623474e-05
6.461602761901593999e-05
6.398995955620253489e-05
6.340471593106306828e-05
6.286830754069659883e-05
6.237869556060922295e-05
6.198443725067584681e-05
6.155580234865698573e-05
6.102479932910182030e-05
6.048679361447599853e-05
5.994649782592901079e-05
5.943013453628101284e-05
5.892868767500303735e-05
5.857540543326347348e-05
5.818588127429143625e-05
5.781660801205251303e-05
5.751212341222941137e-05
5.720756092829243117e-05
5.686764338005621100e-05
5.655443573344219447e-05
5.616954307294265132e-05
5.584485682229235921e-05
5.546106030528704620e-05
5.507511307568560527e-05
5.473373105030980541e-05
5.427099073957126156e-05
5.384710894779744700e-05
5.350367728395380033e-05
5.302849518345032989e-05
5.261450687818782082e-05
5.229090798898639611e-05
5.189995118210714419e-05
5.160421982598515598e-05
5.132422209708456420e-05
5.099774763924343576e-05
5.057899752678689644e-05
5.023099886047649367e-05
5.001602673569186360e-05
4.981756546822875418e-05
4.957186766697166104e-05
4.937455818249288086e-05
4.918312566373118396e-05
4.901493742008122492e-05
4.881417460504938987e-05
4.860636269800443102e-05
4.841019653748618833e-05
4.818481137824995883e-05
4.798600428724391769e-05
1.353470679411408219e-04
1.039111799682105155e-04
8.977307387123773593e-05
7.789059797994584832e-05
7.074300327762491302e-05
6.575715302076171195e-05
6.255673183757050001e-05
5.951577032147980318e-05
5.598967223395847606e-05
5.280513216372489694e-05
5.017318188899473993e-05
4.803429726453137808e-05
4.582743702972945604e-05
4.436453981601533786e-05
4.307447280084459885e-05
4.194047075349336480e-05
4.101719686162839555e-05
4.012025903576155205e-05
3.891717274311663874e-05
3.795674816902902955e-05
3.703157278352836953e-05
3.615078653951304271e-05
3.528040924033243233e-05
3.452229516343244519e-05
3.373960996806036488e-05
3.303862540675699247e-05
3.248430473789927172e-05
3.188742398479003400e-05
3.136307434443208394e-05
3.091336645459941980e-05
3.037278369295966514e-05
2.992784435923427118e-05
2.946765232368863768e-05
2.897370985134533570e-05
2.849341597064519678e-05
2.809798585748741410e-05
2.761915602794721283e-05
2.714776186230275697e-05
2.672373742482589594e-05
2.630009858433287879e-05
2.601969609849998080e-05
2.572336749610749685e-05
2.542126095346991879e-05
2.513851653903926244e-05
2.485762431202676108e-05
2.459427112604878891e-05
2.428655748058451672e-05
2.402242124887363122e-05
2.375272613952745978e-05
2.349582267416639399e-05
2.319072677543079840e-05
2.293272030182248053e-05
2.265557653757647484e-05
2.243508111085574131e-05
2.223461046216872785e-05
2.206343514175336111e-05
2.188655088404552711e-05
2.170212383641968173e-05
2.150970129371099310e-05
2.133862093909635250e-05
2.113867198242161822e-05
2.099726536523979095e-05
2.082949569222218632e-05
2.067814393088839798e-05
2.047793157361576429e-05
2.028394097092166000e-05
2.008983163452720739e-05
1.991395797920781908e-05
1.972880096831058244e-05
1.954555678794108722e-05
1.936856204117894269e-05
1.916930334396168686e-05
1.898310421597361030e-05
1.881328522591145321e-05
1.865877898754481846e-05
1.851702030034128849e-05
1.836646463278149871e-05
1.821605274371350345e-05
1.808094377011138751e-05
1.795054347308622198e-05
1.783321874326683709e-05
1.773670607599733647e-05
1.760970571927434659e-05
1.750783776911178083e-05
1.740882126552411650e-05
1.729553529667727735e-05
1.717804215413686096e-05
1.706869279410099731e-05
1.698111814543500986e-05
1.689297963671375667e-05
1.679356388021006912e-05
1.668524614579514618e-05
1.656410767628618093e-05
1.645847058485496548e-05
1.637163459414521364e-05
1.628743369437257819e-05
1.620595473880458078e-05
1.612231099796496256e-05
1.603861365704861201e-05
1.597837600527422721e-05
2.120972032969469705e-04
1.501268856297979239e-04
1.210682255231035153e-04
9.940901529376969215e-05
8.606730566291884578e-05
7.441345071072150532e-05
7.004363459352874689e-05
6.603224673919449962e-05
6.226694254591962595e-05
5.787313042281136475e-05
5.277596317193455216e-05
4.915308665747276440e-05
4.641826321139031402e-05
4.433677730007045688e-05
4.253344900383471713e-05
4.028606862709792824e-05
3.836809762720551673e-05
3.691901179731103599e-05
3.504412193777208651e-05
3.357297126074193456e-05
3.219451506385323909e-05
3.065267831391373598e-05
2.895290066658946283e-05
2.761704297223541296e-05
2.653801305872365032e-05
2.556094416220998564e-05
2.466480764176069978e-05
2.361484407915627584e-05
2.242548353599712374e-05
2.129510747128254662e-05
2.025527523541635218e-05
1.929719004719401764e-05
1.854601723492310542e-05
1.789549740596660163e-05
1.725736556406701487e-05
1.674307924201365896e-05
1.626019382301651536e-05
1.581866346735011386e-05
1.546490177705612433e-05
1.514004216897209775e-05
1.485386877496377845e-05
1.458091250818785970e-05
1.424327711803229130e-05
1.395765506385091103e-05
1.370194976711179972e-05
1.341334775751930943e-05
1.319127992001819959e-05
1.299445003542263045e-05
1.283917074506185617e-05
1.269140496282131888e-05
1.253060103485477661e-05
1.238926564964205216e-05
1.225080617616237626e-05
1.209925089614206532e-05
1.195018346890939417e-05
1.182526283631610969e-05
1.166056721494746954e-05
1.152468403845113808e-05
1.138161065033671327e-05
1.124467266005203792e-05
1.112642985260211101e-05
1.097229321438358069e-05
1.084370606492683278e-05
1.070897132082812254e-05
1.059876615797589801e-05
1.049265638799243527e-05
1.039960561740154600e-05
1.031726841128472945e-05
1.022223905385222382e-05
1.014058461886022194e-05
1.005415381436515906e-05
1.000400713132934334e-05
9.946082202591990449e-06
9.890330826155578566e-06
9.831506862684608796e-06
9.771731879328937720e-06
9.702465494746999460e-06
9.639426644773775682e-06
9.580221527725171204e-06
9.518272622820315827e-06
9.433648231911932533e-06
9.341981936314315498e-06
9.244036523339584359e-06
9.159991198613468707e-06
9.068758615131117110e-06
8.962015869314902061e-06
8.877169775803221490e-06
8.803221927964358312e-06
8.722278646101447601e-06
8.639624660609321970e-06
8.552333723916267605e-06
8.477259799562370261e-06
8.403372819361722517e-06
8.330546193199551931e-06
8.245160592646856660e-06
8.162142345691668404e-06
8.082007064769711628e-06
8.012092555998017533e-06
7.950614965990914754e-06
7.886793631281385092e-06
2.938999551075314478e-04
1.906437018581309101e-04
1.425644251193347264e-04
1.162942372814145773e-04
1.010881713160071348e-04
8.580456510021840331e-05
7.650922161120575428e-05
6.845261121276304754e-05
6.077227231768541005e-05
5.490791363868064904e-05
4.888090970934238111e-05
4.494431276576054470e-05
4.184180774638022771e-05
3.950339739087990493e-05
3.721157931096452843e-05
3.486502407464621986e-05
3.301818856000821208e-05
3.120406959758930337e-05
2.930251075942815142e-05
2.784247067911173622e-05
2.623786269848419619e-05
2.494375507736688505e-05
2.371062912767394593e-05
2.246520365421923371e-05
2.150462968632223528e-05
2.061010400225260825e-05
1.977188715854362973e-05
1.898714259782331276e-05
1.834506365349076760e-05
1.763738394034748222e-05
1.690670826064787110e-05
1.634453080167937568e-05
1.582670359188170415e-05
1.534601030612972058e-05
1.491812380057600727e-05
1.455733500331659759e-05
1.423639810982104301e-05
1.394770023734871860e-05
1.366427842049625272e-05
1.339283238035924621e-05
1.315605810146736702e-05
1.289997354438813073e-05
1.267093423993550501e-05
1.235482581346209649e-05
1.209884055198730873e-05
1.182165757036929945e-05
1.156068730043826184e-05
1.132661531202486271e-05
1.115838858586226108e-05
1.094352241712667190e-05
1.076868519537204026e-05
1.056680363751527868e-05
1.039728681404845557e-05
1.022084026214767107e-05
9.987703369775579728e-06
9.734018375463279326e-06
9.514305411577552747e-06
9.343027277658988146e-06
9.152730569211515861e-06
8.992299073975477651e-06
8.859550586206305840e-06
8.723884766302763066e-06
8.589249498880298101e-06
8.498106140762900381e-06
8.376719123576204120e-06
8.283997561778487392e-06
8.181779353191643873e-06
8.076412143282171220e-06
7.967684483534249624e-06
7.853168900194846261e-06
7.744179111426877966e-06
7.656408743380468704e-06
7.558146122982971485e-06
7.458890890051874470e-06
7.361672192341808387e-06
7.265869572525789264e-06
7.164338475196753130e-06
7.067469814760745353e-06
6.976232394529626616e-06
6.889914003923517443e-06
6.808647306628792995e-06
6.740462868600995785e-06
6.687732023212976433e-06
6.634484169336182536e-06
6.588565774987201281e-06
6.547501747648551187e-06
6.502967921615135052e-06
6.446290604990991089e-06
6.401127709460965534e-06
6.357478231054869131e-06
6.316521468520487296e-06
6.255184417919004027e-06
6.207021185238832918e-06
6.155513236887198323e-06
6.108396423410725514e-06
6.053681004973325848e-06
6.000599763150741238e-06
5.952289998984581030e-06
5.910355334227036336e-06
5.866857624765391799e-06
