9.787737580313463637e-01
9.080493114175448577e-01
8.161048076013710517e-01
7.583626561022273060e-01
6.421515987294549310e-01
5.688497340907070488e-01
5.327892468072877863e-01
5.158175530898495564e-01
5.042623773675269927e-01
4.998007643901270503e-01
4.909101151711297573e-01
4.856533898364414625e-01
4.840390224977367817e-01
4.820291645438647965e-01
4.812602254246157174e-01
4.799409061329635295e-01
4.792127969656552744e-01
4.785502746422585219e-01
4.775704164366680882e-01
4.768059727046408680e-01
4.753759414161189412e-01
4.743906276888117945e-01
4.714688934319894997e-01
4.699859161536796837e-01
4.602173464632144939e-01
4.563786102845886483e-01
4.548827625378228934e-01
4.543658257829157332e-01
4.541059491466991060e-01
4.537889623573547748e-01
4.533489747968290628e-01
4.528430607261683116e-01
4.523710420210220184e-01
4.520171208166706700e-01
4.517201234022581446e-01
4.512596894866757191e-01
4.507959363251440865e-01
4.506202375894198808e-01
4.504447031528571732e-01
4.500129695643620975e-01
4.495914228948358349e-01
4.493133887383804481e-01
4.490012211779288442e-01
4.487793904575680393e-01
4.483061284446279715e-01
4.478020101793240837e-01
4.476862910058506118e-01
4.419894003924290105e-01
4.391872571880256482e-01
4.391154315488887128e-01
4.324332825644888745e-01
4.282316795190303504e-01
4.272009949977998988e-01
4.266120570910836296e-01
4.263256799823546550e-01
4.259190126185571912e-01
4.252133429058375658e-01
4.246510147280886938e-01
4.245011769954196157e-01
4.243704933083748410e-01
4.211155177905639979e-01
4.188374711532317773e-01
4.178853980277080216e-01
4.170300340994527732e-01
4.164978522840457331e-01
4.162690766304414924e-01
4.161580939369362575e-01
4.123850568781691761e-01
4.079416368453278596e-01
4.075133807188004997e-01
4.074153105501068239e-01
4.066810642525239827e-01
4.060376969169987027e-01
4.058312181192493817e-01
4.057342654907376556e-01
4.055219787320905600e-01
4.049454631647700920e-01
4.045207633312108420e-01
3.936822162269908998e-01
3.857660133503097999e-01
3.854136750865161942e-01
3.851038085439590919e-01
3.848736725403978931e-01
3.846612290026206193e-01
3.845019263116526975e-01
3.843376478453829903e-01
3.841549141686305679e-01
3.839321918801014144e-01
3.837712650620986321e-01
3.836186927941400149e-01
3.835083796033230685e-01
3.834034876219363230e-01
3.832797596415436492e-01
3.829902081267463898e-01
3.828042180535984329e-01
3.827079487941696945e-01
3.826067366618255416e-01
3.825025992234762362e-01
3.824181525649942848e-01
3.821868351409644649e-01
3.819463316114951601e-01
3.790108840144028046e-01
3.768533485273528050e-01
3.763359876733823883e-01
3.761400784419816623e-01
3.760458361698734153e-01
3.759559481582087082e-01
3.641187741730257943e-01
3.636766429218454832e-01
3.633906795190968153e-01
3.631850764822103228e-01
3.630572727061772142e-01
3.630305886592603559e-01
3.626367586197041248e-01
3.616062883131460071e-01
3.611007901532016784e-01
3.606456549735554407e-01
3.605020570832119242e-01
3.603074140445428619e-01
3.602154890643871066e-01
3.601625594860090596e-01
3.600815344928158801e-01
3.599163819483713334e-01
3.598080663274694224e-01
3.597616256471259932e-01
3.596482826094038465e-01
3.579878354361856752e-01
3.567909979978518553e-01
3.565180719178025481e-01
3.563659480961733905e-01
3.562024272079303278e-01
3.561097208231155387e-01
3.560721836257221273e-01
3.560421176177023805e-01
3.560205405168803683e-01
3.559798592591436051e-01
3.559363878000299519e-01
3.558919302107058646e-01
3.479080237652392160e-01
3.455632888543639369e-01
3.452774734678263902e-01
3.451294013201339772e-01
3.450765013988864593e-01
3.450271001700472850e-01
3.449862150902991975e-01
3.444169904987220421e-01
3.441524777632213872e-01
3.441016970383807272e-01
3.440715328436611542e-01
3.440498373866785475e-01
3.439877631108421152e-01
3.439396083166808005e-01
3.438781714434692161e-01
3.438199796457555579e-01
3.437452274295127452e-01
3.437069611629868238e-01
3.436835932809552130e-01
3.436304639134886152e-01
3.435922314568598535e-01
3.435768262223755642e-01
3.435422307524786945e-01
3.427347030954978058e-01
3.419904856342823041e-01
3.419566886561277164e-01
3.418834691362267475e-01
3.418115017273193335e-01
3.418019510624054624e-01
3.416794826519605754e-01
3.415743679219714335e-01
3.412024622704723509e-01
3.409040527441557500e-01
3.408429508922808937e-01
3.408186189544846201e-01
3.408014802042834135e-01
3.407914735161317044e-01
3.407394798666974478e-01
3.406592493261406673e-01
3.406216288768376121e-01
3.405845427845701212e-01
3.405518278775589991e-01
3.405266326500274721e-01
3.404757327603428751e-01
3.404341137504103276e-01
3.404186897430086511e-01
3.399900290395874158e-01
3.396544299554843382e-01
3.396117531940521239e-01
3.395688003399146004e-01
3.395441870093588443e-01
3.391634039361388075e-01
3.388782564417481269e-01
3.388040140153627533e-01
3.387062730318839421e-01
3.386290023262628068e-01
3.386005430458064458e-01
3.385747695864479989e-01
3.364304394346830374e-01
3.343452849134871951e-01
3.338813643043616053e-01
3.338418470972416841e-01
3.338220281161262681e-01
3.338072228254393425e-01
3.337932025714595019e-01
3.337697355457584503e-01
3.337613356606821680e-01
3.337460148857974707e-01
3.337224558712481581e-01
3.337077907303001023e-01
3.336972492079445241e-01
3.336459523822412065e-01
3.336170903192494652e-01
3.336083190628000295e-01
3.335978121740529323e-01
3.335720366253879243e-01
3.335507311558746912e-01
3.335426842450766594e-01
3.330724365624073702e-01
3.328365492006882254e-01
3.328318884927235488e-01
3.328152725343942464e-01
3.318006373751081761e-01
3.309225941197884713e-01
3.308956615285518765e-01
3.308807769748399741e-01
3.308737014744160265e-01
3.308550711298074432e-01
3.308381960887023521e-01
3.308339485675605984e-01
3.307260343966658134e-01
3.305361654449109343e-01
3.305012007427751142e-01
3.304837675161065857e-01
3.304653091914836471e-01
3.303886108112978892e-01
3.303383744672811484e-01
3.303351707563992323e-01
3.302882694188271628e-01
3.302400001259787610e-01
3.302364522262635771e-01
3.302132085924537885e-01
3.301892242193923965e-01
3.301644669412159838e-01
3.301510247392042685e-01
3.301307900701799802e-01
3.301075244915753215e-01
3.300986254363356132e-01
3.300910641237670418e-01
3.299901776384112084e-01
3.298963617394425341e-01
3.298756206602935781e-01
3.298575343431139895e-01
3.298513973064877702e-01
3.298301379348069773e-01
3.298168335850769628e-01
3.298139235338863329e-01
3.292645643633959618e-01
3.287982536410570811e-01
3.286807939529482470e-01
3.285579625331344067e-01
3.279956127351247308e-01
3.278760424135916396e-01
3.274922174093952143e-01
3.274867708973634439e-01
3.274697413519994105e-01
3.274560847011426246e-01
3.271677404925333876e-01
3.269468148991849787e-01
3.269226659930542511e-01
3.269010016004215147e-01
3.268875727517435159e-01
3.268373089539474141e-01
3.267907959115388117e-01
3.267854568258404813e-01
3.267561105082538719e-01
3.267328691899086812e-01
3.267296104793529499e-01
3.267214967546451243e-01
3.266649256689629910e-01
3.266095107738544168e-01
3.266048350144027945e-01
3.265917738787797453e-01
3.265771950561659476e-01
3.265655746762873290e-01
3.265554075708050896e-01
3.265483399389098040e-01
3.264623143235000913e-01
3.263807628884061174e-01
3.263728623899085912e-01
3.263708322770548786e-01
3.263681398069961381e-01
3.238172215572089341e-01
3.226159197980491555e-01
3.224717204474146226e-01
3.224161603077320692e-01
3.223952048018712269e-01
3.223148996415716172e-01
3.222956233926780878e-01
3.222197836445488406e-01
3.222041826152926003e-01
3.221895328828345284e-01
3.221730308113071040e-01
3.221637175510082551e-01
3.221610542652459941e-01
3.221568914020924712e-01
3.218629733404645421e-01
3.217602643173773647e-01
3.216558395610608634e-01
3.216211961765614857e-01
3.214974580609695209e-01
3.213072907242131016e-01
3.211261362080181647e-01
3.211156550230761519e-01
3.211018861120395473e-01
3.210896685010718454e-01
3.197699508040349192e-01
3.191321063462515539e-01
3.180513347090004328e-01
3.179439800688803608e-01
3.178905815802450796e-01
3.178542981169693027e-01
3.178348449659983421e-01
3.178107038622117742e-01
3.177906878159090787e-01
3.174829018218304766e-01
3.172564174548765936e-01
3.171665714333894437e-01
3.171459006039590856e-01
3.171340882748470702e-01
3.171193903321523067e-01
3.171079114145790023e-01
3.170969635746694881e-01
3.170893744339984832e-01
3.170857723149700380e-01
3.170251293085596389e-01
3.169714933340028185e-01
3.168574610305840422e-01
3.167383514875677930e-01
3.167191203488675666e-01
3.167102893524547103e-01
3.166813294862490524e-01
3.166670839346601429e-01
3.166577492664259252e-01
3.166502793031100160e-01
3.166417778036260122e-01
3.166034812469543103e-01
3.165825484340830109e-01
3.165788726581095780e-01
3.165768934735874729e-01
3.160300185807316531e-01
3.155224569337420348e-01
3.154714052682504599e-01
3.154584046143115716e-01
3.154483712606687140e-01
3.154368424072870880e-01
3.154354951128474083e-01
3.154292074430538051e-01
3.154235940293138585e-01
3.154201890682586384e-01
3.154155176204975763e-01
3.151355954430560269e-01
3.148661484409345790e-01
3.147535098821399036e-01
3.147325689470035215e-01
3.147206655156004063e-01
3.147102869819878856e-01
3.146720622524472599e-01
3.145837024592815223e-01
3.145217848211487310e-01
3.145168881393082816e-01
3.144795412376885646e-01
3.144748284939596350e-01
3.144636133705547287e-01
3.143214069502652808e-01
3.142689852264660133e-01
3.142182686562672855e-01
3.141999447812556245e-01
3.141614346354122400e-01
3.141475083668590629e-01
3.141024573333162651e-01
3.140628945798172311e-01
3.140545548722568081e-01
3.140404343111160013e-01
3.140352888512182861e-01
3.140318323340004492e-01
3.140108676913158092e-01
3.140016112464329434e-01
3.139961897816198610e-01
3.133323709289059233e-01
3.126455364177228580e-01
3.124553009520543156e-01
3.124089823642825503e-01
3.123683244719538399e-01
3.123626404764884845e-01
3.123533308580300760e-01
3.123481313522795122e-01
3.123125088910517211e-01
3.122767425536592256e-01
3.122662573427542054e-01
3.122624678957418021e-01
3.122505397902610169e-01
3.122455888634803056e-01
3.122370823777767535e-01
3.122298409679099551e-01
3.122213291612083719e-01
3.122171731432117903e-01
3.122115462475846814e-01
3.121673888241889849e-01
3.121248112636029193e-01
3.120836433051034642e-01
3.120382348750769252e-01
3.118442425588862643e-01
3.116805771490110399e-01
3.116414884684508557e-01
3.116349810608271542e-01
3.116313308430330720e-01
3.116295950034688178e-01
3.113216813803066363e-01
3.111110989021859119e-01
3.110990046619615534e-01
3.110827271560536178e-01
3.110161673295830376e-01
3.110009390792170536e-01
3.109994780977484718e-01
3.109657258558511383e-01
3.109421040852898277e-01
3.109260246065352895e-01
3.109173658398280971e-01
3.109093167389858081e-01
3.108987555453640583e-01
3.108912004536964480e-01
3.108834130588163380e-01
3.108764688381754904e-01
3.108372798361501155e-01
3.107965890704275647e-01
3.107956239496605932e-01
3.088191594093541714e-01
3.079889039682353613e-01
3.079713743780714275e-01
3.079615791374177847e-01
3.079520719420431596e-01
3.079474786246123585e-01
3.079419647280966510e-01
3.079203876620554836e-01
3.079071668356556657e-01
3.079040876152698836e-01
3.078893912905008579e-01
3.078825971484131507e-01
3.078730865419544993e-01
3.078671289142465017e-01
3.078618489712647288e-01
3.078511138189953811e-01
3.078439364559789615e-01
3.078399153955098666e-01
3.078346176295100323e-01
3.078258432554804025e-01
3.078159545523912466e-01
3.078130113978383986e-01
3.077978644830716703e-01
3.077847917319200821e-01
3.077743498330680616e-01
3.076013890712009924e-01
3.074945016537178333e-01
3.074900607489931548e-01
3.074880390316189205e-01
3.074849842923614851e-01
3.074832373878687575e-01
3.074809684003639298e-01
3.074760649672144130e-01
3.032669545911725884e-01
3.028309152451498787e-01
3.028208215630586730e-01
3.028175842664901918e-01
3.028044026511486631e-01
3.027899495549150610e-01
3.027785395672348834e-01
3.027672346497228273e-01
3.027558740679638372e-01
3.026731436847321932e-01
3.026033950440291109e-01
3.026019739809753251e-01
3.025884677674716694e-01
3.025707088007695278e-01
3.025640229334387588e-01
3.025309780225992617e-01
3.024961760417519407e-01
3.024908863005598136e-01
3.024861587738987279e-01
3.022814451078595921e-01
3.020970258011199672e-01
3.020883551089475483e-01
3.020813154694068081e-01
3.020760550856705917e-01
3.020614596377732552e-01
3.020451748944461001e-01
3.020331097999197634e-01
3.020188729984240039e-01
3.006641856530932189e-01
2.998666481478109991e-01
2.998613533268106313e-01
2.998582960034626432e-01
