1.699114393785594868e-01
8.689092073941344363e-02
5.999253468069588174e-02
4.621887046269233107e-02
3.927371408511794171e-02
3.470401633377140360e-02
3.001142305916752739e-02
2.664512231429258873e-02
2.373910638492693348e-02
2.182546545724510165e-02
2.023385787660066451e-02
1.849274265882829699e-02
1.702247737869402172e-02
1.580827968068120384e-02
1.464842362979136905e-02
1.424955326894260590e-02
1.339929578907698461e-02
1.270352498489766592e-02
1.211150395748982443e-02
1.155169705074251575e-02
1.120803044793389908e-02
1.074332752574789530e-02
1.031082482257264857e-02
9.859622491185320026e-03
9.493069609004868917e-03
9.221946819603176956e-03
8.911724778962962917e-03
8.550211467833669643e-03
8.241192068963960893e-03
7.963597997511910956e-03
7.756595272697233527e-03
7.541455984790409670e-03
7.327858743565640078e-03
7.106734788348560879e-03
6.904422378669249072e-03
6.821584198820777878e-03
6.634175315466376947e-03
6.451874773442980472e-03
6.291625347073258497e-03
6.134427399487754964e-03
6.116832205884984407e-03
5.970994917484513144e-03
5.852308322475040236e-03
5.726944804285050324e-03
5.611345485440596796e-03
5.601314451811483658e-03
5.481285239202130996e-03
5.366101311643278748e-03
5.270572330347099779e-03
5.168542043838293167e-03
5.055805323149410897e-03
4.954026870899017228e-03
4.859462017344505329e-03
4.788800854191931772e-03
4.701902787892645215e-03
4.623912785330528026e-03
4.537763919582400891e-03
4.463388460624723685e-03
4.396910109849143204e-03
4.330222126807000554e-03
4.263051347077463464e-03
4.203740980463748465e-03
4.151925404217430247e-03
4.103452784107977820e-03
4.054845550591486096e-03
4.012632509232583536e-03
3.963776723063558265e-03
3.920429269353119250e-03
3.870584434849408482e-03
3.827059630213971563e-03
3.784537690726118373e-03
3.738981757082063435e-03
3.697100107396177494e-03
3.650287300525322833e-03
3.604751396672010999e-03
3.566105147817820020e-03
3.522601113807949814e-03
3.485233990695616596e-03
3.444966855084942350e-03
3.403866720778089307e-03
3.369453572762640819e-03
3.337038926053428022e-03
3.303867250218446051e-03
3.272992557038599450e-03
3.241511548884438206e-03
3.214924326707114567e-03
3.186864504164567923e-03
3.162230957392228679e-03
3.133304372771414381e-03
3.105219645741076704e-03
3.077806569199202300e-03
3.053484381241378717e-03
3.023886341552193147e-03
3.001022525824053027e-03
2.975878956251060484e-03
2.951163160582707425e-03
2.928079148335525819e-03
2.902097887583260979e-03
2.877382313109533470e-03
2.860750474489465959e-03
3.797113367333234107e-03
3.044898010537800542e-03
2.659967431490058154e-03
2.447705760059673292e-03
2.290482734346256915e-03
2.209253059255611700e-03
2.123535137294270316e-03
2.065185773017967543e-03
2.008518453997605938e-03
1.952245528676707469e-03
1.906544102199553108e-03
1.862219741013810236e-03
1.818991146028334878e-03
1.782711824399665695e-03
1.747967400365440030e-03
1.721598754575808486e-03
1.695334449571567637e-03
1.665780949371852135e-03
1.640116704022619339e-03
1.606742208601533595e-03
1.574213291592301608e-03
1.543506338737414248e-03
1.511251673910666117e-03
1.481621120948101167e-03
1.453704070013051670e-03
1.425859192637806338e-03
1.396573667892324691e-03
1.370745027941372559e-03
1.350727196889868909e-03
1.331874154333076953e-03
1.315709299942333099e-03
1.296563618160663425e-03
1.277564128116750412e-03
1.258826876590410935e-03
1.237812912084332133e-03
1.214396998244666147e-03
1.191446766921876567e-03
1.173646145762839710e-03
1.158111525250828371e-03
1.144818046212019809e-03
1.132746202824769797e-03
1.119288239892611819e-03
1.104608861065948773e-03
1.090020586300088695e-03
1.077778644501736858e-03
1.066586402022092709e-03
1.052989407215492281e-03
1.041531524709258952e-03
1.030236561774623477e-03
1.016760241537689605e-03
1.005375349325074918e-03
9.950139490228074920e-04
9.851491444346929891e-04
9.748267697385552648e-04
9.652343852553541296e-04
9.547228595527025314e-04
9.444993319286484239e-04
9.341770659367523797e-04
9.242987600471730316e-04
9.152171615474933349e-04
9.063113738006342481e-04
8.979196671623890886e-04
8.905669450111991471e-04
8.828734642758750712e-04
8.745701354251368947e-04
8.672281331415973007e-04
8.591459804280109818e-04
8.504551988811354796e-04
8.424712125340771615e-04
8.340795696516644297e-04
8.266033534343871989e-04
8.182344322927242270e-04
8.122561901029543441e-04
8.048464107937367126e-04
7.981806718841760132e-04
7.915494096134396366e-04
7.857114383465957017e-04
7.792674073093975185e-04
7.737715539324372749e-04
7.678051503223777942e-04
7.613740126045382816e-04
7.543837315482106436e-04
7.484459440351842610e-04
7.417625455142571158e-04
7.350156339910828267e-04
7.296427504201247671e-04
7.246846712412471176e-04
7.208450056605233882e-04
7.156603495647138879e-04
7.107030902874443253e-04
7.058293632006547129e-04
7.000164256054964033e-04
6.950526492562981778e-04
6.902888255175853357e-04
6.856518268898439353e-04
6.815474210133607965e-04
6.773499251771110787e-04
6.719583005597530362e-04
6.666986406158897276e-04
6.612155538402490979e-04
3.877611467143870887e-03
2.267011700816752486e-03
1.507155184085418390e-03
1.179414039742765876e-03
9.796598432683053560e-04
8.541979789246431773e-04
7.660370454637043186e-04
6.950099116691700737e-04
6.381523756339912631e-04
5.927869455616720240e-04
5.561330700330151906e-04
5.237510426208114283e-04
5.011708500447452060e-04
4.746342683471421785e-04
4.534455424882444501e-04
4.300069690177842291e-04
4.098246844139674877e-04
3.883480782497098827e-04
3.714747413126111785e-04
3.542419350286376179e-04
3.387807727794118649e-04
3.252164856817806797e-04
3.124825906856823813e-04
2.984259249435201617e-04
2.871989531798988448e-04
2.765758225049505829e-04
2.641641579404524921e-04
2.535328407740904295e-04
2.440764980945725850e-04
2.341869315102160188e-04
2.251030499458241856e-04
2.159298592546386448e-04
2.078905276251649301e-04
1.993708674232760945e-04
1.917277193632159569e-04
1.850355610444936929e-04
1.767850329631279096e-04
1.697987358058105441e-04
1.642687265794792739e-04
1.590231048678721428e-04
1.523004756772261938e-04
1.463071561846605352e-04
1.403360542850765080e-04
1.344995328576411230e-04
1.296876567973092415e-04
1.257944917632049546e-04
1.221690213827286925e-04
1.185271486834100786e-04
1.149077150400080278e-04
1.107934815333259303e-04
1.074986212743444359e-04
1.033619576138449121e-04
9.936566043385264757e-05
9.579545492265163277e-05
9.261784031323003501e-05
8.955352797087296856e-05
8.652666823128826051e-05
8.344846779032759690e-05
8.031665148830933966e-05
7.788311728255893542e-05
7.504706248017912671e-05
7.223233726030350171e-05
6.947204200585874038e-05
6.691282043689780745e-05
6.484614019191727453e-05
6.232711816040709227e-05
6.004597424609748403e-05
5.769602302252550033e-05
5.596432677934882799e-05
5.405906009637011927e-05
5.229218087266091755e-05
5.068515517924885894e-05
4.904374930748338184e-05
4.717010040694238096e-05
4.550076290480977527e-05
4.390422000699822035e-05
4.241500926608576208e-05
4.108445441525838715e-05
3.986779825219237020e-05
3.873030742403416320e-05
3.745870745419228697e-05
3.628438726224738953e-05
3.512572798462527263e-05
3.385621063569722763e-05
3.288130257787880780e-05
3.192157973868398784e-05
3.098932206611518220e-05
3.004988109720508404e-05
2.911084653537981037e-05
2.814807470294731131e-05
2.727536785660192539e-05
2.643342961005405985e-05
2.556541951377490471e-05
2.480218066713092478e-05
2.397346768856586946e-05
2.319990269333456354e-05
2.245250205184814817e-05
2.168657987995555522e-05
2.094454872525276437e-05
2.026878691521018179e-05
3.075974859461185363e-03
1.548814896376418107e-03
1.022277491529727331e-03
7.440615576889057607e-04
5.812015977164022460e-04
4.752314016149018750e-04
3.932946999158240075e-04
3.343048798552550088e-04
2.762596068883679552e-04
2.341265698858416430e-04
2.050282126314785080e-04
1.786054099638632604e-04
1.560367945104162741e-04
1.349712714330134956e-04
1.196014401108181599e-04
1.050597070511971164e-04
9.341664737862947836e-05
8.220537875894891756e-05
7.347463215459057754e-05
6.519228313637537016e-05
5.783426513733751597e-05
5.171056954272861678e-05
4.638740040248575931e-05
4.077832595135062201e-05
3.625187392244698457e-05
3.224702819774699864e-05
2.923287129703187941e-05
2.611523169613808506e-05
2.355371398283651323e-05
2.135636444228098684e-05
1.924361281288099152e-05
1.728240675123686720e-05
1.553819121343280921e-05
1.398665281046344474e-05
1.253999102777460227e-05
1.131675320727186708e-05
1.024933746811661042e-05
9.418448384987112367e-06
8.674065548358895965e-06
7.915669562440639026e-06
7.238543120588231301e-06
6.708501927550047228e-06
6.078157239483163782e-06
5.499109838065345952e-06
4.948347795537110757e-06
4.543053150928604184e-06
4.203167060065595283e-06
3.796321076960353867e-06
3.447940605114291288e-06
3.202751534575731485e-06
2.947996847203153737e-06
2.685619749522862135e-06
2.412550000931919929e-06
2.184511388713801676e-06
1.995516726020804505e-06
1.824660684431196496e-06
1.668921216481398373e-06
1.497809907902303247e-06
1.365727563065996825e-06
1.249588911195018300e-06
1.138992051100700451e-06
1.033521965070664452e-06
9.393154946081102936e-07
8.498223652338105528e-07
7.707196443287654501e-07
6.935323165149287201e-07
6.280279814703608113e-07
5.673754722759833734e-07
5.153593007314646510e-07
4.725700581958955342e-07
4.293751788153116450e-07
3.845294521494009288e-07
3.479418480827742410e-07
3.133018734902782319e-07
2.830020006463581715e-07
2.508142052593865431e-07
2.269820225056200796e-07
2.056984154217338034e-07
1.851582084381172400e-07
1.658614365714736465e-07
1.493499038060437949e-07
1.351885970654298286e-07
1.208831484504659043e-07
1.079023106779476035e-07
9.631321236780953701e-08
8.507869072393841771e-08
7.558999361679826660e-08
6.715183212690132879e-08
5.984715647874440144e-08
5.375234118121374236e-08
4.792470706385615613e-08
4.387851850736332266e-08
3.969319349517351754e-08
3.588168822037801112e-08
3.219791061182076447e-08
2.886264003747424256e-08
2.621843225906978385e-08
2.328381713972549269e-08
2.107059078299937953e-08
1.866188500144546340e-08
5.230874837330931962e-03
3.649198817419309522e-03
2.787125215947632711e-03
2.144150837974517516e-03
1.690840577304512232e-03
1.323421007086747828e-03
1.062399289826013995e-03
8.477436327835258592e-04
6.744792783783366222e-04
5.610451508099117924e-04
4.752129267504400911e-04
3.885321001168798197e-04
3.230490952106002578e-04
2.715611582577188033e-04
2.309586984208219834e-04
1.956487602898299887e-04
1.672723886796121436e-04
1.415981907295611817e-04
1.201643020960339761e-04
1.053535679369251829e-04
8.992522515684565931e-05
7.661481629268952526e-05
6.516348590549226043e-05
5.462119480335308618e-05
4.741492401106916002e-05
4.061880224428230664e-05
3.541913652975746439e-05
3.092843225502409809e-05
2.619678284817296930e-05
2.213970139901595097e-05
1.852395153687749857e-05
1.559330234381250702e-05
1.370904578078340891e-05
1.178132659654117918e-05
1.012569251707298730e-05
8.556935870778885830e-06
7.592868446454485549e-06
6.530573555260552090e-06
5.559552192398807994e-06
4.828469868379577468e-06
4.315474530655783235e-06
3.626073197225659285e-06
3.167090788358206176e-06
2.771299498106297260e-06
2.351653713384011267e-06
2.053986746413388222e-06
1.766958608051528794e-06
1.521806685088245572e-06
1.297638440817499632e-06
1.153374976119343033e-06
1.008063174032335021e-06
8.774258016503411544e-07
7.863731529213917649e-07
6.916224140168331556e-07
6.164079264921756865e-07
5.445513008598263144e-07
4.727118398695557680e-07
4.136004221098505316e-07
3.566816797957129059e-07
3.159878292581061579e-07
2.786461275343133098e-07
2.431840734367159890e-07
2.076109100388145798e-07
1.785932345047932471e-07
1.507209375122417454e-07
1.281042025976428217e-07
1.131170410689366197e-07
1.002524540804151201e-07
8.722795553719401345e-08
7.489318664957734557e-08
6.542151564401908421e-08
5.715815228205764711e-08
5.026023840622430709e-08
4.194500393251913900e-08
3.609348167716937903e-08
3.071676403659259152e-08
3.071676403659259814e-08
3.071676403659259152e-08
3.071676403659259152e-08
3.071676403659259152e-08
3.071676403659259814e-08
3.071676403659259152e-08
3.071676403659259152e-08
3.071676403659259152e-08
3.071676403659259152e-08
3.071676403659259152e-08
3.071676403659259814e-08
3.071676403659259152e-08
3.071676403659259152e-08
3.071676403659259152e-08
3.071676403659259152e-08
3.071676403659259152e-08
3.071676403659259814e-08
3.071676403659259152e-08
3.071676403659259152e-08
3.071676403659259152e-08
3.071676403659259152e-08
3.071676403659259152e-08
3.071676403659259152e-08
3.071676403659259152e-08
