9.907501953630017955e-01
9.768975456792532430e-01
9.637163183226293839e-01
9.480972517679480127e-01
9.109419230671059742e-01
8.866027064441740491e-01
8.573623734851457678e-01
8.437745583360465318e-01
8.340851865709600910e-01
8.248401535163731868e-01
8.122359636669170824e-01
8.022222296372129025e-01
7.931282753248158901e-01
7.874607967984180723e-01
7.823792132379244757e-01
7.785494791435233486e-01
7.759025726012933610e-01
7.735867353341798758e-01
7.715436584410336751e-01
7.694365675666234861e-01
7.675069313716169628e-01
7.657276807519782791e-01
7.642613013151946522e-01
7.626329765827053464e-01
7.606155665590603743e-01
7.568280173182253545e-01
7.530534303963477560e-01
7.523648787212159350e-01
7.518801206902463452e-01
7.487835788990960806e-01
7.466707171161750534e-01
7.451027218696162358e-01
7.440715278839304947e-01
7.433288276238748660e-01
7.426979747347667304e-01
7.392169504776268107e-01
7.370795377491979883e-01
7.368159808849815695e-01
7.364896014203746732e-01
7.361969404434250963e-01
7.317596977356688459e-01
7.284306626227835535e-01
7.281867114148953268e-01
7.264699929613142038e-01
7.251174788540873939e-01
7.237389108167409102e-01
7.225883234323507986e-01
7.210442563314197750e-01
7.201136448483210772e-01
7.194070862261605637e-01
7.192582413546438902e-01
7.190430803723930619e-01
7.167997451840810719e-01
7.156700639818723841e-01
7.155555076368248502e-01
7.149334695138888085e-01
7.143839634753808010e-01
7.138349869218718613e-01
7.135227096728675722e-01
7.126062922148538314e-01
7.116569085301576170e-01
7.113743985004861159e-01
7.111917618251220041e-01
7.111382862097924695e-01
7.111015563345387536e-01
7.110652767889839021e-01
7.110128716685240047e-01
7.107660507433279928e-01
7.105921758777294928e-01
7.105123835810730482e-01
7.104357816846532669e-01
7.101805744692583078e-01
7.095992062457572302e-01
7.095470496985127884e-01
7.094911784931156040e-01
7.093742944396392858e-01
7.092619347825874776e-01
7.092277789831606949e-01
7.091766126032335027e-01
7.091459043546579633e-01
7.091096881944376484e-01
7.090632892624785244e-01
7.089940487835921790e-01
7.089505227527983511e-01
7.031541231571012407e-01
7.019088286028000168e-01
7.016262881032179211e-01
7.013905540146005979e-01
7.013281468137281260e-01
7.013109730926554430e-01
7.011466766667250328e-01
7.010393018049317915e-01
7.010147440972982480e-01
7.009899065356272052e-01
7.009688538918977807e-01
7.009623629500945086e-01
7.009430553674600439e-01
7.008903674092330505e-01
7.008493000157064445e-01
7.008199626449024278e-01
7.007841222242873203e-01
7.005704600848591257e-01
7.004039380467106390e-01
7.003853264885185892e-01
7.002862978326839238e-01
7.002149347828143799e-01
7.002021550102685010e-01
6.997229232204877913e-01
6.991839948694625884e-01
6.991243947735138464e-01
6.990731921767443513e-01
6.990408342893911220e-01
6.990268211957975097e-01
6.990168632379720748e-01
6.990084658324683398e-01
6.989946555993741262e-01
6.989841413132845682e-01
6.989719786533048485e-01
6.989577739013357327e-01
6.989497568997395938e-01
6.989347586947389779e-01
6.989124090352427654e-01
6.988966503872693359e-01
6.988896368881046817e-01
6.988822925370493655e-01
6.987984774104292196e-01
6.987480056874123546e-01
6.987209218543426470e-01
6.986971280279418162e-01
6.986906683979808852e-01
6.986816114738678696e-01
6.986750417518862166e-01
6.986635115233328364e-01
6.986533765899806125e-01
6.986122078698422388e-01
6.981672588895394549e-01
6.980797762701569376e-01
6.980707144722819724e-01
6.980593737046590919e-01
6.980511898461058129e-01
6.980438722809576557e-01
6.980339221182209064e-01
6.980204929862660057e-01
6.980096040421300829e-01
6.979589358826263634e-01
6.960994049239673798e-01
6.947506221862521647e-01
6.947326428570803625e-01
6.947260312891754275e-01
6.947207700777180417e-01
6.947170978782044592e-01
6.946555904694513561e-01
6.945965851964209792e-01
6.945774230615552325e-01
6.945657657531002505e-01
6.945204112920100314e-01
6.944793074591102400e-01
6.944770408294417274e-01
6.944335736100720746e-01
6.943896840005056026e-01
6.943790557760886051e-01
6.931439358880500112e-01
6.925649149421146955e-01
6.924375551326715783e-01
6.923114767041470552e-01
6.922713630568870791e-01
6.922603610120734441e-01
6.922481956285957416e-01
6.922278086463521385e-01
6.922092355435300881e-01
6.922050217006217032e-01
6.921987542848717645e-01
6.918890523251080005e-01
6.916586089114430402e-01
6.916519182310137959e-01
6.916468638150513604e-01
6.916444414199617308e-01
6.916293319309007037e-01
6.916149750681669373e-01
6.916088462105964840e-01
6.915834812746591842e-01
6.915662698152575949e-01
6.915478296152410831e-01
6.915298706721997313e-01
6.915277450041263929e-01
6.915223005184740757e-01
6.915171698936954936e-01
6.915150515314464341e-01
6.915084520113532474e-01
6.915023450262764992e-01
6.915001186633069619e-01
6.914957552120375439e-01
6.906136886463383195e-01
6.899512214383880515e-01
6.899444413548532218e-01
6.899414740169683702e-01
6.899367135056517775e-01
6.899066255957098104e-01
6.898887136249242102e-01
6.898868676901426245e-01
6.898851307384579190e-01
6.898436623752445263e-01
6.898159582908405252e-01
6.898086536868071050e-01
6.898017836566104899e-01
6.897985854924000293e-01
6.897810815302618526e-01
6.897589073077181610e-01
6.897532075826362519e-01
6.897399556195830117e-01
6.897349725535513176e-01
6.897326684448453760e-01
6.897297370754751356e-01
6.897262110425020909e-01
6.897217193790625700e-01
6.887874411808517783e-01
6.877925710194213726e-01
6.877854027825742733e-01
6.877787864165920695e-01
6.877461225342144102e-01
6.877126765144159215e-01
6.877054764054378877e-01
6.876981548416389867e-01
6.876919930716265394e-01
6.876878451198689124e-01
6.876848684319553096e-01
6.876710633573726028e-01
6.876524207420446899e-01
6.876471494172592402e-01
6.876405526514134392e-01
6.876340077423570563e-01
6.876250575700657564e-01
6.876180771043682860e-01
6.876085148878734454e-01
6.875990401858496082e-01
6.875930036905564258e-01
6.875892781509456153e-01
6.875370505110163233e-01
6.874880441645994100e-01
6.874820191958477267e-01
6.874485565989928437e-01
6.874166676761230832e-01
6.874141890284127809e-01
6.873928519206270460e-01
6.873696435095294488e-01
6.873532248499784059e-01
6.873426828163480273e-01
6.873393775462455224e-01
6.873373355563251463e-01
6.873354706955762117e-01
6.871861754918977550e-01
6.869488993114032382e-01
6.869410323360544135e-01
6.857046726708260209e-01
6.853549174324339299e-01
6.851179681120984633e-01
6.850421851560167807e-01
6.850161545316371114e-01
6.850051371920965471e-01
6.849933627670421465e-01
6.849878711384147500e-01
6.849660681075164792e-01
6.849562642934189372e-01
6.849492304824602584e-01
6.846449335426203486e-01
6.846127603288715280e-01
6.846048640762073534e-01
6.845977308187739530e-01
6.845915210221343861e-01
6.845455036809603433e-01
6.845147568160157014e-01
6.844877851104508304e-01
6.844713106497004595e-01
6.844665556386043681e-01
6.844624125816134441e-01
6.844600898103077036e-01
6.844579575737687049e-01
6.844547013904758170e-01
6.844457274906556865e-01
6.844406692594163788e-01
6.844321239074995233e-01
6.844233631380612914e-01
6.844201241849199313e-01
6.844184240845517797e-01
6.844140897192038109e-01
6.844077820411719193e-01
6.844051173114702458e-01
6.844027022814699324e-01
6.844003576799042587e-01
6.843751757790464962e-01
6.843552308664283546e-01
6.843539212450365783e-01
6.843514105378789569e-01
6.843497407898827545e-01
6.843469726087655358e-01
6.843428548842402925e-01
6.843412174691395622e-01
6.843368752948459921e-01
6.843324757004162207e-01
6.837981510293801302e-01
6.836713583295950247e-01
6.836603748245997370e-01
6.836582378246922609e-01
6.836524512120478736e-01
6.836423148256861593e-01
6.836346624691304052e-01
6.836322625424187116e-01
6.836307927671346762e-01
6.836013979223294346e-01
6.835732766903122037e-01
6.835680404196536886e-01
6.833285388194275667e-01
6.833189087239602832e-01
6.833114866281562172e-01
6.833076842115705096e-01
6.832955876084108038e-01
6.832859897277684391e-01
6.832821029679723157e-01
6.832715600834969871e-01
6.832666205938766613e-01
6.832650223307275006e-01
6.832510678673061610e-01
6.832421957120844436e-01
6.832351159094863791e-01
6.832311847093092139e-01
6.832278636707773689e-01
6.829558288152522971e-01
6.827331443396692512e-01
6.827277455199487477e-01
6.827242252995333605e-01
6.827198221552041035e-01
6.827162904773987906e-01
6.827148678242367374e-01
6.826951183435789883e-01
6.826763833637068402e-01
6.826748068514040257e-01
6.826736766879587526e-01
6.826723198206378074e-01
6.826702082762018398e-01
6.826689004337451738e-01
6.826671543101824335e-01
6.826655444953292351e-01
6.826255486086787450e-01
6.825911157472912549e-01
6.825885027546269024e-01
6.825856463556777554e-01
6.825830503444495490e-01
6.825673249173430657e-01
6.825579607252789671e-01
6.825551792766351156e-01
6.825526512739464868e-01
6.825513767598013759e-01
6.825501595059940696e-01
6.825484252520830353e-01
6.825448489232440741e-01
6.825427504194983008e-01
6.825408665763542659e-01
6.825386435677425201e-01
6.825363922105309733e-01
6.825342513646612819e-01
6.825315577972134173e-01
6.825290878831949959e-01
6.825275243407890047e-01
6.825265935827780073e-01
6.817559285333126828e-01
6.811849397415944418e-01
6.811804949844662005e-01
6.811748246780094940e-01
6.811711890405135472e-01
6.811633946218198510e-01
6.811593748136582915e-01
6.811313472823107285e-01
6.811241312814407811e-01
6.811146207291954857e-01
6.811081185657936743e-01
6.811037050451176356e-01
6.811002659182820995e-01
6.810979703600936741e-01
6.810971622456273300e-01
6.810963713779994988e-01
6.810956179112661601e-01
6.809810770524111767e-01
6.808878292399495047e-01
6.808794663237829337e-01
6.808735705843803609e-01
6.808720343019835086e-01
6.808247620603548045e-01
6.808113634804674463e-01
6.808023011212960274e-01
6.807953130470020264e-01
6.807760876785111659e-01
6.807699609139314934e-01
6.807689672873455944e-01
6.807661970058206391e-01
6.807641485876353427e-01
6.807624909865042095e-01
6.807612264778392097e-01
6.807599908825862078e-01
6.807583928761105074e-01
6.807539852089843357e-01
6.807499025788710245e-01
6.807489435293644364e-01
6.807474044110704003e-01
6.807464926160633478e-01
6.806885748378376233e-01
6.806624411153079368e-01
6.806466803382246189e-01
6.806301638485889871e-01
6.806261165304834382e-01
6.806243898678052684e-01
6.806225566667185589e-01
6.802670493444245015e-01
6.801859000684883361e-01
6.801471280811758335e-01
6.800907885894198479e-01
6.800755583583867336e-01
6.800367787268438713e-01
6.800161608271413360e-01
6.799997461878527494e-01
6.799872630399793616e-01
6.799534057710029389e-01
6.799398196931960570e-01
6.799339650423275039e-01
6.799293080956123614e-01
6.799266094746606592e-01
6.799242687422573095e-01
6.799228675977199154e-01
6.799215217309979575e-01
6.799203954503058034e-01
6.799190940254816740e-01
6.798705413183185886e-01
6.798304045695204856e-01
6.798252510703344242e-01
6.798219906544727964e-01
6.798025109210278361e-01
6.797969778955214037e-01
6.797948384884887618e-01
6.797942958153165849e-01
6.797907685184445548e-01
6.797876269336300403e-01
6.797870316252367928e-01
6.797850203385210621e-01
6.797837382947510276e-01
6.797828819881571727e-01
6.797621839487929529e-01
6.797400951247360990e-01
6.797374393444776119e-01
6.797362647121458767e-01
6.797350623828534166e-01
6.797335646360700423e-01
6.797327795733922873e-01
6.797262713205167728e-01
6.797198664952585068e-01
6.797181652097448179e-01
6.797169378441756393e-01
6.797164414869116822e-01
6.797114274375525289e-01
6.797017416430385373e-01
6.796961974233041159e-01
6.796951056659105150e-01
6.796937391600892386e-01
6.796931383034976459e-01
6.796908347528590744e-01
6.796896538182825021e-01
6.796874786895616971e-01
6.796851697484409538e-01
6.796776825969883529e-01
6.796740391423109484e-01
6.796688277140423562e-01
6.796645361300707178e-01
6.796627771634524695e-01
6.796597333642301342e-01
6.796387553824373429e-01
6.796255317232333670e-01
6.796235002883881382e-01
6.796187097286771062e-01
6.796127864242085259e-01
6.796091738989730180e-01
6.796055690655139481e-01
6.796049759211221231e-01
6.787877193202090931e-01
6.781647971581262757e-01
6.781071048557480996e-01
6.781041770244767841e-01
6.781028259169179506e-01
6.779905265548279436e-01
6.779260126046301460e-01
6.779159937202938746e-01
6.778976466144818191e-01
6.778647655869078914e-01
6.778621840399186027e-01
6.778595734207718548e-01
6.778577167615209564e-01
6.778559867871275513e-01
6.778543469597638760e-01
6.778527347877715270e-01
6.778509181651488635e-01
6.777943999325692914e-01
6.777900493833792783e-01
6.777648138233037800e-01
