2.211983884277518575e-02
1.081785072519774078e-02
7.236659814457161756e-03
5.675883788320993176e-03
4.589296204990025475e-03
3.751368858350496733e-03
3.175770635802222137e-03
2.758394672956354220e-03
2.414132381414192154e-03
2.135305704995209015e-03
1.882987752849942355e-03
1.679334521862704517e-03
1.514796281521907460e-03
1.387312514268603100e-03
1.291302800439330951e-03
1.215291306933738045e-03
1.141789665331268419e-03
1.063146411282578363e-03
9.942493119305918173e-04
9.285202294213010287e-04
8.891112600983220498e-04
8.422330831098596635e-04
8.024198086024311770e-04
7.650687223162462450e-04
7.398944601827063408e-04
7.176891209580840226e-04
6.797779031540213037e-04
6.390710719386958390e-04
6.095822424754564943e-04
5.825135366532362786e-04
5.625323436504714968e-04
5.368887626152483083e-04
5.162021192252922927e-04
5.011667233442119399e-04
4.874658649013603523e-04
4.804312454275764502e-04
4.655452182990727633e-04
4.541882374459211701e-04
4.429472019650465336e-04
4.314410097120737202e-04
4.262080331642972321e-04
4.151675208256089635e-04
4.060970638033636459e-04
3.957549027734187435e-04
3.879042033936940903e-04
3.840920705112529183e-04
3.759047457939508315e-04
3.679109677371682251e-04
3.618317740296108178e-04
3.536258624695337691e-04
3.464410635210266130e-04
3.389360587350722753e-04
3.306800008635807711e-04
3.230770622131322258e-04
3.149147096343726001e-04
3.054936818346406114e-04
2.966900716218813386e-04
2.872477782292902782e-04
2.798420580146070971e-04
2.736501227716860033e-04
2.681454418139344654e-04
2.631509800966643896e-04
2.575766652510910054e-04
2.532252888888531493e-04
2.482116199171069859e-04
2.424307019472134032e-04
2.368291329905648551e-04
2.316179793006131109e-04
2.273330899650850508e-04
2.233466156454922129e-04
2.192968963136335931e-04
2.161362177135288105e-04
2.131246219690326746e-04
2.101059255413343914e-04
2.075987538987696926e-04
2.052553474513665595e-04
2.022099094447796176e-04
1.998706966801471071e-04
1.978444849662286864e-04
1.952347628529203945e-04
1.927030189070881496e-04
1.904053852739675591e-04
1.878436514349681808e-04
1.854307984553596553e-04
1.831283100179590707e-04
1.810363548399739249e-04
1.784737345581795384e-04
1.750908301088303942e-04
1.727227485360977065e-04
1.703907833171954770e-04
1.681549203140628895e-04
1.662957644941903982e-04
1.644218247801067776e-04
1.628439330441664237e-04
1.613088594835042594e-04
1.596088270936373607e-04
1.580394351374508747e-04
1.564615161286961429e-04
1.549786920684375572e-04
1.536998107191124281e-04
1.402608439428328698e-04
1.355114046344452509e-04
1.309084633471952483e-04
1.265822539485466551e-04
1.226966082353184672e-04
1.192312777129981438e-04
1.161964586787779801e-04
1.139459826858001855e-04
1.116636950296324439e-04
1.092660676407843789e-04
1.071766518822442891e-04
1.054033177801419024e-04
1.039495168871314889e-04
1.026655380919849173e-04
1.015136421036204523e-04
1.001721381859787483e-04
9.902581356306325300e-05
9.810016014949377689e-05
9.724832053384764802e-05
9.622816828555228299e-05
9.551819825642049271e-05
9.489069294491400870e-05
9.421917754133319787e-05
9.347983465616700716e-05
9.282742305414150698e-05
9.217234047309289988e-05
9.157888760406462556e-05
9.102226969464088425e-05
9.047470211376094473e-05
8.993607782906829135e-05
8.936988105661539182e-05
8.879343906644173465e-05
8.820574818899116294e-05
8.746773299076852643e-05
8.682778945165185096e-05
8.620057766152312958e-05
8.565478354096377721e-05
8.519983849289934890e-05
8.480926505140608284e-05
8.443859900950155366e-05
8.402017879635182741e-05
8.356698257983342123e-05
8.305254822999860623e-05
8.248932337822349357e-05
8.198864833965778694e-05
8.143179364826837478e-05
8.089789525623814230e-05
8.037455279516749688e-05
7.983105598696089175e-05
7.932555513796432851e-05
7.881988507906818745e-05
7.827766915494393509e-05
7.772176937826572420e-05
7.716260288532897132e-05
7.661964381432573735e-05
7.609503358915001173e-05
7.552571232300252333e-05
7.487031710763511960e-05
7.433753087995069377e-05
7.385800649808196275e-05
7.333203727241304284e-05
7.287997490576168769e-05
7.239836367314499111e-05
7.189482638961056397e-05
7.139880740836515214e-05
7.085919765434079115e-05
7.044332085536655712e-05
6.993528856664043192e-05
6.952852128092173729e-05
6.907730714830127546e-05
6.863124093754416788e-05
6.822139736693067023e-05
6.788595127260154804e-05
6.754829746184635791e-05
6.720774487244048382e-05
6.688323585051232753e-05
6.649887411665102285e-05
6.616929982559452384e-05
6.587781137356549547e-05
6.557398459985218787e-05
6.533791626096950979e-05
6.511212661908821644e-05
6.487647585128542493e-05
6.458288350113130345e-05
6.432490088710553190e-05
6.405900351466146676e-05
6.381195260035679392e-05
6.350917862135450139e-05
6.321111440965339735e-05
6.290744376116453272e-05
6.251203395055718271e-05
6.218940173024955424e-05
6.188490923245293796e-05
6.161517101726195537e-05
6.128906353388124256e-05
6.103697427455787017e-05
6.081989330494756609e-05
6.056075296189802811e-05
6.033094383885632777e-05
6.010207073714545178e-05
5.975662380627567272e-05
5.881608645650349674e-05
5.815220276842850741e-05
5.761302558399728114e-05
5.711781348387538358e-05
5.665251349921417064e-05
5.624549461302703673e-05
5.595171837357260997e-05
5.568993077286663967e-05
5.543809428723288796e-05
5.515457698015439669e-05
5.490433841641833017e-05
5.467018955324993756e-05
5.446181864392570540e-05
5.425683374329244026e-05
5.406135757486429981e-05
5.387230915650295779e-05
5.370426845675979198e-05
5.357118295644304489e-05
5.344118212272551611e-05
5.328517091686937104e-05
5.315548259148505217e-05
5.302292464226569601e-05
5.287373735687538013e-05
5.274910492445325326e-05
5.264162498090235064e-05
5.251756295039184736e-05
5.239420180882511040e-05
5.227805367008148455e-05
5.215931237155953362e-05
5.204051579363846893e-05
5.190710844744473933e-05
5.177264875193730121e-05
5.165510735993273788e-05
5.153849325366401498e-05
5.140375602894669741e-05
5.127034679992062427e-05
5.112238414364337073e-05
5.097473806314297464e-05
5.080535771889129121e-05
5.063672664501844248e-05
5.047064024837824293e-05
5.032896552239261807e-05
5.020606709703144934e-05
5.008919474043634963e-05
4.994014053109618607e-05
4.980145626852872998e-05
4.968625326217933368e-05
4.956165606756626285e-05
4.941793772499142496e-05
4.928721549042410660e-05
4.914909871441541913e-05
4.899748004723058933e-05
4.884548734680758047e-05
4.868427815893064576e-05
4.849608296954488793e-05
4.830601688390613976e-05
4.811870347462661663e-05
4.790961416254806658e-05
4.770697785913118614e-05
4.750192302486898517e-05
4.728306720103417398e-05
4.707118215757610227e-05
4.685736063311360438e-05
4.661369862141035163e-05
4.634610212641808728e-05
4.607463700493126540e-05
4.581674844383594285e-05
4.557190953347480900e-05
4.534920086051469915e-05
4.511961697360716551e-05
4.490373008155742497e-05
4.472882125676187168e-05
4.452251120097466998e-05
4.430177750982706455e-05
4.405946135217923062e-05
4.381331693456992621e-05
4.357514932405862692e-05
4.332276506166091764e-05
4.309758385767125993e-05
4.289079453824785508e-05
4.271888173372790108e-05
4.254173567051076812e-05
4.238442462541327431e-05
4.222417567011558078e-05
4.204475326453093641e-05
4.181939416587067925e-05
4.160781346289715008e-05
4.142885270060048096e-05
4.124387603171031244e-05
4.105721312357198946e-05
4.088856035323622289e-05
4.070940991265998074e-05
4.051821359877842227e-05
4.036566423511349014e-05
4.022333155531039877e-05
4.009854289966908970e-05
3.996517480603226021e-05
3.982969206841680335e-05
3.970314062932279846e-05
3.925239555958433090e-05
3.890761976160986285e-05
3.870580074754954896e-05
3.853141442000830038e-05
3.836953755100797010e-05
3.821627929858571185e-05
3.805544376916303242e-05
3.793341945231266347e-05
3.783080328410464755e-05
3.774664154990554709e-05
3.766151901514743985e-05
3.758714300679533431e-05
3.752137449727431897e-05
3.745287909648607635e-05
3.737899426110514913e-05
3.729960685766229683e-05
3.721441515988822444e-05
3.714343203251628875e-05
3.708103719430755639e-05
3.701927080056785485e-05
3.695861782430226450e-05
3.689672991600980947e-05
3.683520879667302132e-05
3.678408152232399221e-05
3.672153129237345457e-05
3.666356790724777630e-05
3.660828693403871625e-05
3.654994147098577140e-05
3.649007501804599267e-05
3.642329739299083517e-05
3.636136700042001679e-05
3.629197193568722867e-05
3.623299300172347934e-05
3.617013111847951884e-05
3.610559245168911487e-05
3.604596424965221573e-05
3.599424657085748978e-05
3.593481196856355097e-05
3.587321653382789636e-05
3.580495537834087649e-05
3.572694147288865929e-05
3.564032657283700087e-05
3.557498089884792049e-05
3.550772389560723251e-05
3.542767980219358668e-05
3.535286040086762799e-05
3.529500811466896421e-05
3.524130426445994422e-05
3.518717823843605513e-05
3.513381713286201579e-05
3.507983683641660995e-05
3.502137381732902912e-05
3.496446950104329418e-05
3.490768506321976448e-05
3.484240134629507487e-05
3.476889200358346087e-05
3.469933796951654351e-05
3.463169575129163632e-05
3.456574448915377545e-05
3.450410484333217711e-05
3.444245012469363535e-05
3.438703758500296194e-05
3.430993319706152929e-05
3.422229058535236249e-05
3.413293343305479310e-05
3.404949979267863681e-05
3.396527141823537792e-05
3.387031602621243443e-05
3.376581783960184015e-05
3.367069350086583868e-05
3.358061516688304386e-05
3.349026632025721510e-05
3.337813971257059853e-05
3.328787793878151032e-05
3.319185256281759970e-05
3.311354251985090179e-05
3.302900040334798054e-05
3.294058452203674995e-05
3.285214846879224278e-05
3.275157406339370981e-05
3.264334199786220528e-05
3.253881576314469670e-05
3.243409910073672612e-05
3.232874552591641175e-05
3.222040871441472928e-05
3.210666896060069338e-05
3.198108419633416058e-05
3.187235435823782378e-05
3.174836803374611274e-05
3.160328480867963323e-05
3.143487143824857228e-05
3.127254999789481747e-05
3.114842622138429116e-05
3.102705978167130527e-05
3.089500528629744974e-05
3.075225866644140844e-05
3.062628951472038546e-05
3.047976605041654227e-05
3.035991759483428482e-05
3.023500371908526216e-05
2.982495053950937527e-05
2.961424022160493509e-05
2.949630457705428545e-05
2.940829245832018914e-05
2.933896723504057506e-05
2.927583470096561694e-05
2.920844878356176091e-05
2.915200263748923763e-05
2.908957170089873791e-05
2.903692825908373587e-05
2.898355330292137704e-05
2.893536709251117044e-05
2.889670702401268929e-05
2.885665586000852429e-05
2.881797341238290352e-05
2.878005312920128348e-05
2.874094867384690614e-05
2.870130908753032182e-05
2.866239102838651073e-05
2.862853619840548803e-05
2.859264009869074354e-05
2.856663508658150317e-05
2.853872157821619855e-05
2.851070602124427516e-05
2.847898346814917367e-05
2.844665522588713953e-05
2.841335625900556286e-05
2.838198660722632437e-05
2.835210335718185479e-05
2.831580797669484668e-05
2.828267318577563897e-05
2.823750157194694402e-05
2.819954110459954854e-05
2.816108931353153956e-05
2.812634225993102690e-05
2.808881607213917193e-05
2.805633919918381017e-05
2.802191081766666143e-05
2.799266958303692045e-05
2.796302560114966880e-05
2.793482828024331261e-05
2.790491385457471516e-05
2.787622641619962377e-05
2.784447480568803210e-05
2.781480148602523454e-05
2.778109921655572432e-05
2.774827782812717224e-05
2.770957701957625299e-05
2.767051505244765309e-05
2.763882358855762465e-05
2.760864214533055220e-05
2.757530025647498320e-05
2.753642736881709168e-05
2.750495220111549529e-05
2.746927049057870735e-05
2.743148090301178110e-05
2.739184635187592794e-05
2.734666527449668432e-05
2.729043833830553114e-05
2.724016390675441056e-05
2.718263859262250211e-05
2.712009846194220048e-05
2.705996535906136195e-05
2.699828827366280545e-05
2.694058096541125601e-05
2.688264017174056011e-05
2.681732934453768256e-05
2.675133014328859744e-05
2.669568634462153210e-05
2.663061456280879928e-05
2.658102580826459841e-05
2.652047644490628726e-05
2.646460694647445984e-05
2.638849274301493774e-05
2.632611644799849290e-05
2.626126423697608170e-05
2.619815028257147112e-05
2.612236414231888643e-05
2.603901862530273907e-05
2.596518455674660396e-05
2.590757426585186618e-05
2.585600422855921534e-05
2.580024592326384287e-05
2.573572222265221735e-05
2.566561114924642651e-05
2.560118321835288800e-05
2.551654384113646260e-05
2.544933462667600137e-05
2.537474800474848785e-05
2.529324793030877691e-05
2.521257274942633874e-05
2.513820549383181564e-05
2.506346785544870872e-05
2.497868571547924465e-05
2.488731225766490607e-05
2.481912387217843541e-05
2.471547117291344285e-05
2.464092844596954483e-05
2.455823895578151383e-05
2.447882277400379637e-05
