9.219675350913596190e-02
3.699548294442514540e-02
2.428199532061519131e-02
1.720301161061621106e-02
1.345122517949327509e-02
1.815377084030579680e-02
1.273518892113908486e-02
9.903262889258964558e-03
8.132578485822305678e-03
6.923452755909292704e-03
7.386716143867573005e-03
6.248319565798646225e-03
5.544084128682272641e-03
4.941870980789749880e-03
4.548125065417372992e-03
4.438645364938135010e-03
3.921964419923296662e-03
3.583817527936664429e-03
3.326357885765596992e-03
3.106256184898318392e-03
3.342983775718334077e-03
2.960880756477546772e-03
2.806205685085713403e-03
2.717000336807678332e-03
2.623125337732808756e-03
2.558572272488831255e-03
2.427120938514201742e-03
2.323135551965462963e-03
2.184423693741855636e-03
2.059102801195761799e-03
2.065189014427647705e-03
1.907747042727806755e-03
1.822256332821088577e-03
1.760665925173581642e-03
1.697943773931434065e-03
1.701670177063638887e-03
1.631601112565365984e-03
1.604402060395237637e-03
1.576422480045676453e-03
1.541248057031836122e-03
1.512475770667505610e-03
1.465009642219787956e-03
1.415572159807443244e-03
1.358494841360125905e-03
1.305230324787059982e-03
1.317384302063914900e-03
1.258767905806303924e-03
1.223174413012009625e-03
1.195499401681255356e-03
1.174687137215029917e-03
1.153531509408593173e-03
1.132076403815934339e-03
1.111472982484669643e-03
1.084050873876775010e-03
1.055288226098925319e-03
1.034921859101921825e-03
1.016142325836920423e-03
1.001085444881042895e-03
9.888249701475969322e-04
9.766153464380957806e-04
9.612942382596639671e-04
9.428094840855700967e-04
9.262147417153496947e-04
9.090183030279522756e-04
8.956546567229636217e-04
8.828102537299497427e-04
8.688168136701009256e-04
8.529698777357759597e-04
8.379528340735795068e-04
8.236688236873459254e-04
8.081910154898060399e-04
7.956191402451810420e-04
7.857920193322628965e-04
7.765326022707411168e-04
7.680544251677285002e-04
7.601325329769310956e-04
7.523881004628072289e-04
7.455559608674495846e-04
7.387953653435881630e-04
7.324125446470052241e-04
7.259871696194526930e-04
7.200682853901357091e-04
7.124430525430320953e-04
7.057044784671835484e-04
6.985323361401866212e-04
6.902793585058846155e-04
6.815702108671256761e-04
6.715344526472802247e-04
6.621071717313404062e-04
6.534710407073056684e-04
6.451415917135773417e-04
6.353570815352559999e-04
6.272492974743428722e-04
6.184544662716139280e-04
6.118122797232652650e-04
6.057809209700820881e-04
5.998403632066613917e-04
5.945446122483162999e-04
5.881490562578329693e-04
5.825089659138461134e-04
6.525377813668420141e-04
5.846369043637837616e-04
5.399281794916151048e-04
5.057395646019369846e-04
4.747131115395665166e-04
4.507591391899344385e-04
4.291142129961702601e-04
4.095494125768111399e-04
3.930031069343134596e-04
3.766150234863562636e-04
3.649702449513415967e-04
3.524645031336367824e-04
3.408006460827194863e-04
3.310723261181008578e-04
3.222208777561684371e-04
3.141421197827769609e-04
3.061386121430032946e-04
2.987131577840686724e-04
2.904929590663423984e-04
2.832278954593057626e-04
2.776870636955033932e-04
2.707951215061216231e-04
2.645453201449303503e-04
2.586009532194244519e-04
2.529431455714568466e-04
2.484995679116944038e-04
2.439781022929562787e-04
2.387324775725971273e-04
2.334444761942649246e-04
2.291648512789937382e-04
2.253906602774713246e-04
2.215681582060279259e-04
2.179734413730549073e-04
2.142801749704932959e-04
2.107244169270960346e-04
2.078075827660060904e-04
2.044558791823979788e-04
2.012257385808803730e-04
1.980931515335707007e-04
1.952173486956440258e-04
1.932665525911980763e-04
1.909813800016326520e-04
1.889688833790755342e-04
1.865587907892381268e-04
1.841340006891202790e-04
1.822205430965879384e-04
1.800316560725459926e-04
1.779794665695223950e-04
1.761821180875978749e-04
1.743761104621970731e-04
1.728818968270823514e-04
1.709933170871483752e-04
1.691902564248466050e-04
1.670013521845505478e-04
1.644539951004592604e-04
1.626546602096967588e-04
1.610673204627748143e-04
1.596626106752183777e-04
1.582577707878272814e-04
1.567102937428859811e-04
1.552444987212372876e-04
1.538496622431061210e-04
1.523681792441493375e-04
1.507615275418173475e-04
1.491953830316738669e-04
1.477725699765221508e-04
1.462827038314273235e-04
1.450286005494313458e-04
1.436760038140879594e-04
1.424708949101030088e-04
1.413638343216620048e-04
1.401940900326704260e-04
1.393028098639405060e-04
1.384589512174439721e-04
1.375829220488581348e-04
1.367949824847360151e-04
1.359046316163309927e-04
1.346906072811719906e-04
1.336222177046078835e-04
1.326932863157111555e-04
1.317742631568075183e-04
1.307349426090459378e-04
1.296877685759746125e-04
1.286885150759945634e-04
1.278763222838866914e-04
1.269817531390321464e-04
1.261900632612452376e-04
1.254582665751472414e-04
1.248280334107071214e-04
1.241101351636377447e-04
1.233914254460574374e-04
1.224361836350090456e-04
1.215689044150558801e-04
1.207212160627366972e-04
1.198360571082001091e-04
1.189015909286956710e-04
1.180921811009479522e-04
1.172880573073698473e-04
1.166692593962646038e-04
1.159316024598023269e-04
3.553080574059652155e-04
2.681215437299407545e-04
2.153015223031193109e-04
1.844955652278830135e-04
1.638364428067224906e-04
1.488522846529857703e-04
1.382452897440291728e-04
1.296162889168640526e-04
1.222690340619391326e-04
1.159638133272525393e-04
1.114742307441785491e-04
1.071656149276664394e-04
1.037464408725215876e-04
1.004005048692768249e-04
9.739620449250196608e-05
9.472197675500904470e-05
9.220886764390943252e-05
9.006455617444426495e-05
8.771653043325328158e-05
8.557435526923989368e-05
8.366142853656716410e-05
8.196434667404866995e-05
8.033208359088306522e-05
7.897521485472578924e-05
7.758512829274958938e-05
7.645820050220470201e-05
7.516981539947839097e-05
7.402224927046325610e-05
7.270456052970111923e-05
7.153568339141418955e-05
7.059750160263068982e-05
6.954356781147797947e-05
6.861397312195862623e-05
6.751917683887488490e-05
6.655774752250334929e-05
6.573801885650510225e-05
6.469597333008798542e-05
6.360612261224524080e-05
6.264764547604277168e-05
6.180659757185622601e-05
6.109307574306407571e-05
6.022356844184998303e-05
5.936263747130828260e-05
5.848690141879597944e-05
5.762428853605782163e-05
5.700179987334680256e-05
5.633362826809841859e-05
5.567568822740474470e-05
5.504988367684248275e-05
5.441997718901452242e-05
5.388302851288955133e-05
5.331911834902266188e-05
5.270360670570681233e-05
5.213464445544015700e-05
5.158822792832648275e-05
5.103601501172699324e-05
5.056129345862675576e-05
5.007320119059729008e-05
4.956985124583052386e-05
4.910678173695868154e-05
4.866270575757427182e-05
4.820577631210896718e-05
4.779325147652410167e-05
4.740786741370142204e-05
4.702770583487113034e-05
4.662637011398828923e-05
4.627015390502299227e-05
4.594603287055904790e-05
4.559814625024220184e-05
4.522782903453463800e-05
4.478219836419349877e-05
4.438040996022726321e-05
4.397877585292280585e-05
4.363723873105542091e-05
4.329949526984602911e-05
4.297597555273698907e-05
4.268210602430365776e-05
4.240770322749759172e-05
4.213990503024193565e-05
4.183487501364475193e-05
4.157049913830646200e-05
4.130346231159821147e-05
4.102959836373097613e-05
4.074729622354019852e-05
4.046669789037698702e-05
4.019823711170900088e-05
3.993014371034849761e-05
3.967050606290363685e-05
3.944219308661892488e-05
3.923554641088801859e-05
3.901623531444817791e-05
3.874489772572898021e-05
3.848450361967941302e-05
3.826238861499986076e-05
3.804526752639368305e-05
3.780475980455577179e-05
3.758965073504253373e-05
3.739360765539382974e-05
3.717093569838058530e-05
3.694764396091470020e-05
6.315898744566005550e-04
4.190766937072870862e-04
3.137431779010335393e-04
2.472007621008829345e-04
2.123737365001338235e-04
1.813348585242454379e-04
1.596880731273585860e-04
1.437980294544927129e-04
1.318950095750969919e-04
1.222121465877918603e-04
1.135495266767487288e-04
1.072267482932617383e-04
1.021422014351070509e-04
9.801773112902686176e-05
9.414122976569861952e-05
9.032467978060304862e-05
8.648040014000099324e-05
8.241810197928464547e-05
7.897140598429579629e-05
7.521402813715081430e-05
7.099678232989979198e-05
6.685415992231805778e-05
6.314926116885242861e-05
5.906304356920359720e-05
5.571382713438883350e-05
5.223899475742906144e-05
4.968475198601298332e-05
4.719502410993865960e-05
4.493220261772615492e-05
4.296634343955517112e-05
4.111276896183690922e-05
3.945714988605252905e-05
3.802683219142878954e-05
3.677879538635682037e-05
3.556808844435570982e-05
3.447431521768469997e-05
3.355365538484804454e-05
3.269267487913087635e-05
3.184734222875454656e-05
3.109998920733626434e-05
3.039179062811270664e-05
2.970785320949877851e-05
2.906589246326003924e-05
2.845674435657295445e-05
2.790410329014733214e-05
2.742093469057114221e-05
2.679052786188988914e-05
2.627706359601342720e-05
2.572928153497320826e-05
2.527774025178011633e-05
2.479931779316751130e-05
2.441357041210333225e-05
2.402899596334598638e-05
2.366167808808300425e-05
2.330492731441584662e-05
2.296036842635010416e-05
2.262881904232247340e-05
2.232127242429453028e-05
2.198186318086708669e-05
2.165277971961867989e-05
2.134896657344697573e-05
2.109870950184053934e-05
2.085308232709704227e-05
2.060540268141396701e-05
2.038469815427685242e-05
2.016666662380507276e-05
1.994968704407734574e-05
1.970290589717566909e-05
1.948297901734739624e-05
1.927929493164993658e-05
1.906004643576205906e-05
1.886222937866313792e-05
1.868084418817882785e-05
1.850087426720464074e-05
1.832653121743455315e-05
1.811804490457493319e-05
1.796584318580965789e-05
1.782066689565131771e-05
1.764526505578051401e-05
1.746788524289463759e-05
1.731615558783002902e-05
1.715102878263621936e-05
1.697346575110541257e-05
1.679737541990572575e-05
1.664669175780708927e-05
1.647059695710916156e-05
1.630512672826189447e-05
1.617233125896412068e-05
1.603887640371570719e-05
1.590496968118819187e-05
1.577361903950585335e-05
1.564340653122084954e-05
1.552227412756395568e-05
1.539731912529776657e-05
1.527665082679125066e-05
1.517148443916987787e-05
1.507399311354744916e-05
1.498696121171937560e-05
1.490143148048722946e-05
1.481691419156148023e-05
9.126926985342809781e-04
5.436765845634066764e-04
3.740391985940748885e-04
2.765320847072329962e-04
2.195348590503225109e-04
1.877066844727363513e-04
1.564970716801253933e-04
1.349207988718403048e-04
1.195390679453957105e-04
1.080590413450368810e-04
9.885523515611044647e-05
9.051411019504390708e-05
8.346787329555818821e-05
7.649985280965428916e-05
7.106736236410398960e-05
6.538216723774183505e-05
6.129634275985331392e-05
5.807156117494014197e-05
5.481846360748718051e-05
5.138551513348056681e-05
4.847626911758221745e-05
4.586688031156749496e-05
4.349630015515855230e-05
4.123675110839200488e-05
3.917376492042243214e-05
3.732623138233964738e-05
3.553673824828969588e-05
3.379461336655533636e-05
3.207551948034369731e-05
3.070527660320810298e-05
2.936549726136162506e-05
2.813933057192518627e-05
2.712855161433743399e-05
2.616402966836474527e-05
2.507158918059433501e-05
2.402885743893553138e-05
2.308991527183593747e-05
2.221115212655714124e-05
2.148719170060569953e-05
2.075101177235342870e-05
2.012980341358064823e-05
1.957845009843864773e-05
1.900641385551531516e-05
1.845809704606447108e-05
1.796134539377530715e-05
1.747246702542155827e-05
1.704913363532004303e-05
1.657472812632976227e-05
1.614982489843463828e-05
1.576179842942078790e-05
1.541572733124227916e-05
1.509557011225046081e-05
1.477817697788734837e-05
1.449091797179588286e-05
1.426574000900348324e-05
1.402161631306829534e-05
1.376517829060673622e-05
1.355760996932836721e-05
1.335313386421489662e-05
1.314609188912812805e-05
1.296936810005163574e-05
1.279188883725298199e-05
1.258790010869236915e-05
1.241477024133462975e-05
1.225280678790461507e-05
1.209368750529897195e-05
1.194378551388983031e-05
1.176365464317129507e-05
1.158662401870036564e-05
1.144036160555860905e-05
1.129095180903734819e-05
1.112919106024891870e-05
1.099299339331966991e-05
1.086531229087874107e-05
1.075619748768106650e-05
1.063262384783229570e-05
1.049495454948024701e-05
1.036487297900642812e-05
1.026453249932474225e-05
1.015703203450711128e-05
1.002545050963397867e-05
9.901414341761292047e-06
9.776681309688901839e-06
9.659107654925223836e-06
9.533707030570986784e-06
9.418292296711349389e-06
9.296847050036830551e-06
9.204142586972694309e-06
9.109308674296250714e-06
9.016050349288164156e-06
8.922139019771138657e-06
8.824113690461113976e-06
8.740320253121660693e-06
8.659682221055997408e-06
8.576806780931162181e-06
8.491735153373002271e-06
8.399295618170180119e-06
8.303456645721053267e-06
8.196156283557635991e-06
8.110970477878391257e-06
