6.602933812261051472e-01
4.981201842636726052e-01
4.086160063102362572e-01
3.579548995960036284e-01
3.245160798050641393e-01
3.347895267094500027e-01
3.015714695704747594e-01
2.793873090368121925e-01
2.643561180274272560e-01
2.525048930011782877e-01
2.591899051443087854e-01
2.461050652209365031e-01
2.365343681425429445e-01
2.280528587889016912e-01
2.206236996040636389e-01
2.208472368985001655e-01
2.141536024073632805e-01
2.087058437462677163e-01
2.038210261106749022e-01
1.996301214402163293e-01
2.024823854262625400e-01
1.977521806067766563e-01
1.936783595146295556e-01
1.908028182410298201e-01
1.882493834099445984e-01
1.891351275198157600e-01
1.864177237264766918e-01
1.839638064611055779e-01
1.818129569118960287e-01
1.793753720616403369e-01
1.808875339324530762e-01
1.782027037868231523e-01
1.762529281385586677e-01
1.746861133708457470e-01
1.732468319880642316e-01
1.748110418781932129e-01
1.728252903669547647e-01
1.714255678895140467e-01
1.701405620101810456e-01
1.687454333931486250e-01
1.686058361515891946e-01
1.668878519078927924e-01
1.656183050321304306e-01
1.644182275291047324e-01
1.632852704639899122e-01
1.650828640626298693e-01
1.631328091135382519e-01
1.620198065484974304e-01
1.611900127107294689e-01
1.604062653349476453e-01
1.596882318342517371e-01
1.589443603787622228e-01
1.580565867925335100e-01
1.573100215083544362e-01
1.565723460150247326e-01
1.558050280759986916e-01
1.550964941986171519e-01
1.542498030291388489e-01
1.535194496361655392e-01
1.528854616787282683e-01
1.522582674835052108e-01
1.516004277465649586e-01
1.510285838591343965e-01
1.504614081538314940e-01
1.499181488658105632e-01
1.494324770955992032e-01
1.489985569933028609e-01
1.485958834933665262e-01
1.482019795412149454e-01
1.477927613444745547e-01
1.474409719477955960e-01
1.471009014194803455e-01
1.467229296326848786e-01
1.463985227455965321e-01
1.460364061457127272e-01
1.456810146517735216e-01
1.453424195696102761e-01
1.450459594396767693e-01
1.447161345670717469e-01
1.443673457434867524e-01
1.440338118777251819e-01
1.437308016683578882e-01
1.434121786653115849e-01
1.431391506373271005e-01
1.428653997813471854e-01
1.426147255605781095e-01
1.423544463181128927e-01
1.420781460000843377e-01
1.417974904738191488e-01
1.415325666507828428e-01
1.412865308368188855e-01
1.410569573278717126e-01
1.408054892046765039e-01
1.405679209845549782e-01
1.403118346622252155e-01
1.400721312682262354e-01
1.398439140955574089e-01
1.396263458643243194e-01
1.394016073036756787e-01
1.391796545043361144e-01
1.210133787519984960e-01
1.107515717402193928e-01
1.039643789764158610e-01
9.934399427763590529e-02
9.562610569677293393e-02
9.300185657971911379e-02
9.026235547620804767e-02
8.774551304710871691e-02
8.563313595845961634e-02
8.372139058826816305e-02
8.265179065018529725e-02
8.108252957388641102e-02
7.973074195469767589e-02
7.845076117432833729e-02
7.724803933102962483e-02
7.704913205527516573e-02
7.571041782370006856e-02
7.467079105358129243e-02
7.355304579890757644e-02
7.255746264550071156e-02
7.224868689387632659e-02
7.128212340072868913e-02
7.048303089241235442e-02
6.961768002969606628e-02
6.881213070329811332e-02
6.887769444173823252e-02
6.795890711692671726e-02
6.726595553889140600e-02
6.658360489326499432e-02
6.587658567753948424e-02
6.632219063906379108e-02
6.546138134387741170e-02
6.491057090899436666e-02
6.440999420708778955e-02
6.388381120255919032e-02
6.444424436510644283e-02
6.362287283819649530e-02
6.313112366463394243e-02
6.268977533042409400e-02
6.223862733266748160e-02
6.248222890693404252e-02
6.204282179559991034e-02
6.173975653082873494e-02
6.131974087876550933e-02
6.086042200063852825e-02
6.078381418204605036e-02
6.027732805432807484e-02
5.989516756798479030e-02
5.961606133124250362e-02
5.931373641928860962e-02
5.899891631359237276e-02
5.871707874715317160e-02
5.845500914224617539e-02
5.821138228557880268e-02
5.793920217854810206e-02
5.764435148542706999e-02
5.740504174384676583e-02
5.718493236380261385e-02
5.694435989472254600e-02
5.672000281714888181e-02
5.649239717755296514e-02
5.623130833541596652e-02
5.599344496575087149e-02
5.580331862605569099e-02
5.558567176183940722e-02
5.538243463017296364e-02
5.518847796135852718e-02
5.497506637699682563e-02
5.478308525117205063e-02
5.458342980205228845e-02
5.440079700784843791e-02
5.420183862072604913e-02
5.403351317430193229e-02
5.385718583824573163e-02
5.367884699552380456e-02
5.351176876751048694e-02
5.335395179921946507e-02
5.319883900831194612e-02
5.303856468350405529e-02
5.288574453853136376e-02
5.272908540282098683e-02
5.259311956176877106e-02
5.245222869865644177e-02
5.232769706399572479e-02
5.219846973487466540e-02
5.207178770667986872e-02
5.195203364034869931e-02
5.183537828149038101e-02
5.171456980790554298e-02
5.159498640020847293e-02
5.148950756470836720e-02
5.138140791875252938e-02
5.127354043100009612e-02
5.117971118725040541e-02
5.108049921948453614e-02
5.097253901985304009e-02
5.086843560116707796e-02
5.077002737632459184e-02
5.068048021368529166e-02
5.057471499136931975e-02
5.308909414045018260e-02
4.824737973712549949e-02
4.503334843695577100e-02
4.271419646870751319e-02
4.087698335151457307e-02
3.902921281991257596e-02
3.713273428300493950e-02
3.547648512554334860e-02
3.415634670374143728e-02
3.293743495660340220e-02
3.214662160011948905e-02
3.109347213698428550e-02
3.005421436632998641e-02
2.903947719629168880e-02
2.808555008565258998e-02
2.751812470058491097e-02
2.662744111826908025e-02
2.591104638309631863e-02
2.504786107317550498e-02
2.433631381391812565e-02
2.411092662643635198e-02
2.337174925559907385e-02
2.275720497055136807e-02
2.214707954090307934e-02
2.156043156129862359e-02
2.147639569828704159e-02
2.088604373650081864e-02
2.046142928711942519e-02
2.004598202897235615e-02
1.962362177794860565e-02
1.953814425800147817e-02
1.904572619997262767e-02
1.859486954444783055e-02
1.809487019928929241e-02
1.770319114091011697e-02
1.799089769446142809e-02
1.752364927238020745e-02
1.726832675370051917e-02
1.701493435333712584e-02
1.670593291688460269e-02
1.650631668519593476e-02
1.617637276574993010e-02
1.586372424477697565e-02
1.546975930975834010e-02
1.515332521891445128e-02
1.539389492922214019e-02
1.500848588231918843e-02
1.477916799695229780e-02
1.461267509538262052e-02
1.445102106550439497e-02
1.427112627835115492e-02
1.408492255022387833e-02
1.386020641598998369e-02
1.361440792164323073e-02
1.340344429793986943e-02
1.317815279363839832e-02
1.294690586243634270e-02
1.267569250135370737e-02
1.241292336107275782e-02
1.218798615908896731e-02
1.198729593945130345e-02
1.181429565888041967e-02
1.165355105091375396e-02
1.148419258440224432e-02
1.131437369104097181e-02
1.115303305293440829e-02
1.099106729955522457e-02
1.081357398055047409e-02
1.063381242462403155e-02
1.047034276510804343e-02
1.029764519646595572e-02
1.013675767358112288e-02
9.993876100510626359e-03
9.848604465162686533e-03
9.731669899827731507e-03
9.595127016534510042e-03
9.467210046556493244e-03
9.355472608815956076e-03
9.251961756419067526e-03
9.158770046745012480e-03
9.064559983364663814e-03
8.978017018171321681e-03
8.895354865516798271e-03
8.805921014949319101e-03
8.719628973611715655e-03
8.623994236741082745e-03
8.536630538128623172e-03
8.444760735554305772e-03
8.348305482423159021e-03
8.247853043615641783e-03
8.152703169267050756e-03
8.056429614358715310e-03
7.976053700930107668e-03
7.891187789543448877e-03
7.817847204208043868e-03
7.741245958087861548e-03
7.664754916690343610e-03
7.592538150768992147e-03
7.526049515183169496e-03
7.455084776052579680e-03
3.578441173482553583e-02
2.718411734302326674e-02
2.177805449259210060e-02
1.795013509898395546e-02
1.602655999795758734e-02
1.437951567354762462e-02
1.243014428449596906e-02
1.090126587187184061e-02
9.733952050276070342e-03
8.690286649980422107e-03
8.128870455389855879e-03
7.519873994290147447e-03
7.003563845043714667e-03
6.524438923181856073e-03
6.074851719478547955e-03
5.756109583361004173e-03
5.359833337052712608e-03
4.983297826415007854e-03
4.651025247276802804e-03
4.367237774869646254e-03
4.142116853021010105e-03
3.889566286896875731e-03
3.644538296752331593e-03
3.431671580907423146e-03
3.233205451566788149e-03
3.045590670993849822e-03
2.857355756025563992e-03
2.688508093244961275e-03
2.547230135263835443e-03
2.407300098571694014e-03
2.293508443236333579e-03
2.139411832301185788e-03
2.009951838892818764e-03
1.904199123770314609e-03
1.800649309622535162e-03
1.742308031343891813e-03
1.654795256898755227e-03
1.568220998261142963e-03
1.485616903051941969e-03
1.405554659035330263e-03
1.363348149867478791e-03
1.300187732868524071e-03
1.234772296341439752e-03
1.169441939247991679e-03
1.118935678337277129e-03
1.090502607567195694e-03
1.038815275527582961e-03
9.977106998228927378e-04
9.548548338194356869e-04
9.101254908385112384e-04
8.755996983558470177e-04
8.387567985900268612e-04
8.020841654000141060e-04
7.645009830499928513e-04
7.304271214715842746e-04
7.011835977185414083e-04
6.727004671498934552e-04
6.471572353762699995e-04
6.200802158647089873e-04
5.929431135687085463e-04
5.661275967548042454e-04
5.391712332493662921e-04
5.119158656093243925e-04
4.922259817593022157e-04
4.735588388347049390e-04
4.564976813470368318e-04
4.403589984144329578e-04
4.254489024012086452e-04
4.106398902912534489e-04
3.986935383289367521e-04
3.879754453869699109e-04
3.796199149736213764e-04
3.712204897554075749e-04
3.624223936345510552e-04
3.551091939307281296e-04
3.469621969077175375e-04
3.399720951842927024e-04
3.329513929378083263e-04
3.266398374250870529e-04
3.211248211274885921e-04
3.150623764948906158e-04
3.085699621722284673e-04
3.028892500440158540e-04
2.982171006786101235e-04
2.946100583500514073e-04
2.897441978867033169e-04
2.850268884601642357e-04
2.803099582313792431e-04
2.760485382539750116e-04
2.713006398625969159e-04
2.672244721511402217e-04
2.632036908214752135e-04
2.600789503743819063e-04
2.569482798937505991e-04
2.539877542860874264e-04
2.515456056768888967e-04
2.489862973232573546e-04
2.465238675339421017e-04
2.440132392474877706e-04
2.417446701049894096e-04
1.098107221148842960e-01
9.436799213658808583e-02
8.378258635224702933e-02
7.776783217217136945e-02
7.100619052046699964e-02
6.825653208620985346e-02
6.579189132706161902e-02
6.292227016049499466e-02
6.034172318108252386e-02
5.980377435200058545e-02
5.938360856895693457e-02
5.885989640951001106e-02
5.865636204394519826e-02
5.843999660559773268e-02
5.814824393843248673e-02
5.545538783445670000e-02
5.512657001550188424e-02
5.452959061752778169e-02
5.396081564329954089e-02
5.336211615268250663e-02
5.217573714268333718e-02
5.091211411362984302e-02
4.841090821282620360e-02
4.716029875247627901e-02
4.486328835680352539e-02
4.398877080917622251e-02
4.230717490939817083e-02
4.138819815672220570e-02
4.012568585202485466e-02
3.916900916418573214e-02
3.898301123232704446e-02
3.878127396155837958e-02
3.841124224455590846e-02
3.827316402821480390e-02
3.801699535967620336e-02
3.746084813958180243e-02
3.649956382115688430e-02
3.579220597247829982e-02
3.559777106983732370e-02
3.503858983728431326e-02
3.503863569564316660e-02
3.454468830325119894e-02
3.364334816815806040e-02
3.297675757260821322e-02
3.235044808092627650e-02
3.207390750351721970e-02
3.133859122816688714e-02
3.110966437497519541e-02
3.077047233666926895e-02
3.030813938421390852e-02
2.962750378621802766e-02
2.919348433804587820e-02
2.858011982627887276e-02
2.814205974615021852e-02
2.751594022076164769e-02
2.717221103938648533e-02
2.684908832085383321e-02
2.675656540285772933e-02
2.651339433694970341e-02
2.613553976127921952e-02
2.589032983275797034e-02
2.532485541514436361e-02
2.516655330993498516e-02
2.489643312335592870e-02
2.462709694277716646e-02
2.450970603296729125e-02
2.439064253788525080e-02
2.430770135771663162e-02
2.414238676747577222e-02
2.401876930726032366e-02
2.385629353982637174e-02
2.362933294413550184e-02
2.344983668956632239e-02
2.333440763089773481e-02
2.314129046589546990e-02
2.297236376583520340e-02
2.286477694904519992e-02
2.272910045007511121e-02
2.255865794490050438e-02
2.239350968606024575e-02
2.223294085335911566e-02
2.199747678684605551e-02
2.169560315674540912e-02
2.162103941174129546e-02
2.112534608219854282e-02
2.098346651519812645e-02
2.065096907235271229e-02
2.029323662221147948e-02
2.021841460680246297e-02
2.006508676248122333e-02
1.999519104601698433e-02
1.994055252261604100e-02
1.971902544920553849e-02
1.955090060337665372e-02
1.951497526526186493e-02
1.928999944629649493e-02
1.901909193688211194e-02
1.895191317825641042e-02
1.886770335346607541e-02
1.877360302402450096e-02
