9.833982373489783546e-01
9.695989424445827787e-01
9.606491697102491623e-01
9.413207184009544370e-01
9.249925501557207941e-01
9.131333807264009339e-01
9.038381872192307043e-01
8.945186027533598150e-01
8.897198898276917900e-01
8.763619332173153698e-01
8.676929662917387542e-01
8.613977472312935868e-01
8.527230344328283751e-01
8.441678611579486180e-01
8.290437346607630875e-01
8.220912768706866158e-01
8.144258996125204320e-01
8.077161351593962202e-01
8.019895416147471146e-01
7.973119613128013539e-01
7.933783070858758668e-01
7.895477060688100845e-01
7.863317107789967730e-01
7.834364535472089219e-01
7.784707342297990662e-01
7.731180330000517742e-01
7.688654931554214089e-01
7.644457731535850842e-01
7.604800144853516297e-01
7.563910230518600120e-01
7.522128984774042459e-01
7.409700964181951122e-01
7.339033530417069517e-01
7.272654299845896508e-01
7.220619813747282123e-01
7.178204461903472389e-01
7.146569458995681856e-01
7.117251271374395172e-01
7.090642896614600676e-01
7.067181014177204013e-01
7.044892672849826232e-01
7.023435967342996911e-01
7.004098091627559697e-01
6.986255717793237174e-01
6.969785148269880271e-01
6.952255857827263075e-01
6.931828505274255647e-01
6.905679528432452363e-01
6.884100787276323796e-01
6.869289603269979061e-01
6.849767964156570077e-01
6.800595898463819289e-01
6.761227495218861128e-01
6.748612430376489391e-01
6.733068486999218560e-01
6.722944952689700049e-01
6.710782849901799629e-01
6.699241600679847197e-01
6.688281705107027575e-01
6.679152833929056232e-01
6.664055371078200229e-01
6.649500033979844904e-01
6.637451976420427613e-01
6.624845740839835351e-01
6.615058935073550028e-01
6.596509119994115045e-01
6.572731960529158979e-01
6.560189695772518093e-01
6.550458370784640882e-01
6.538871003621564704e-01
6.529748419988815611e-01
6.519461165333428898e-01
6.508663477917905338e-01
6.499322409372489950e-01
6.490877932387831839e-01
6.482756612113951267e-01
6.472720831678959730e-01
6.462203047005992129e-01
6.453266079884983908e-01
6.443897244339575892e-01
6.432018390552313170e-01
6.422655036647374471e-01
6.411499262146457268e-01
6.400514727879188515e-01
6.390223270669082023e-01
6.381139257121765107e-01
6.352049276166377156e-01
6.330531877172997923e-01
6.309346732976552907e-01
6.289376383907752111e-01
6.273033727564414352e-01
6.255460980555769268e-01
6.237715197178055337e-01
6.218198283993120468e-01
6.203880845513547460e-01
6.189908033084030592e-01
6.177130325940261013e-01
6.163054672913763632e-01
6.150215506331501158e-01
6.131783892757949328e-01
6.111043478966302622e-01
6.095561301971312851e-01
6.085665002227595988e-01
6.072409506004874391e-01
6.056827979383760940e-01
6.041996489552049487e-01
6.028393897835971904e-01
6.014304615442573887e-01
5.999649749162540013e-01
5.987302520161764674e-01
5.975803807403021750e-01
5.933995324206152722e-01
5.902111138677239577e-01
5.889216742670069227e-01
5.873911595087371040e-01
5.859854366801775516e-01
5.847135503777318721e-01
5.834356284151706040e-01
5.822040641844633546e-01
5.810166787940930222e-01
5.800349211818806028e-01
5.788523128385456573e-01
5.778667522410736446e-01
5.770071027857567314e-01
5.755214930049259436e-01
5.739904621506409788e-01
5.727559921241750507e-01
5.715283397481926153e-01
5.699356891391180735e-01
5.682072910714125458e-01
5.639613423365406053e-01
5.599311457603232123e-01
5.419334587459653241e-01
5.360024695157975527e-01
5.345948479730047165e-01
5.333639418752954553e-01
5.320841078399366486e-01
5.309255297476597191e-01
5.300926685207526523e-01
5.291905368649783004e-01
5.284887077244795339e-01
5.276937817047120394e-01
5.270114114556717633e-01
5.262641832117243013e-01
5.254123069500876708e-01
5.244055032983758746e-01
5.235302496000495687e-01
5.214415951556806705e-01
5.200531473323305454e-01
5.194362568936694569e-01
5.188073693301180622e-01
5.181061858888423854e-01
5.163454601639703156e-01
5.150449317776463198e-01
5.127810136862520629e-01
5.109213991307485214e-01
5.100641313875704519e-01
5.089613946730680016e-01
5.080738985813625375e-01
5.073912710053611885e-01
5.067514077894699209e-01
5.060844953111555133e-01
5.050149621859628679e-01
5.040420313934440566e-01
5.033062839851866199e-01
5.025348023288602750e-01
5.019034822094816661e-01
5.012158200182434964e-01
5.004189651627721780e-01
4.997897567307771904e-01
4.990737659736811938e-01
4.982363609693396533e-01
4.974003740160056197e-01
4.964886904156053382e-01
4.955580639519737707e-01
4.947187349145830138e-01
4.941016099508492299e-01
4.935732351096300263e-01
4.930298819225490403e-01
4.922805483076928001e-01
4.901617808005066523e-01
4.886015022022994758e-01
4.878831080197476022e-01
4.870893385595018166e-01
4.860236735232663641e-01
4.848304249441050540e-01
4.840160654869465895e-01
4.832775374584171169e-01
4.827739387438947927e-01
4.821190890540841267e-01
4.798241755261407615e-01
4.773703211468514063e-01
4.755073049246850148e-01
4.737293383060935947e-01
4.722223342462571472e-01
4.707770193136701642e-01
4.702546472283511414e-01
4.696594463409792808e-01
4.692183886648477742e-01
4.685252993398732468e-01
4.680141910138750361e-01
4.673780996281741706e-01
4.668458206280577394e-01
4.664117241554874282e-01
4.659239528614581016e-01
4.653932122976134900e-01
4.647188759149795123e-01
4.642288705526905201e-01
4.634699020055961238e-01
4.626871327858019800e-01
4.619689738518601985e-01
4.614478635717617627e-01
4.610484287680550741e-01
4.606622363707523204e-01
4.602688869108277347e-01
4.598079220533737299e-01
4.593909892048958499e-01
4.590169393718778190e-01
4.585822781544034998e-01
4.582153518095851141e-01
4.575641904329615928e-01
4.568590655179904925e-01
4.555233773423124077e-01
4.546508993387020636e-01
4.542318234416256595e-01
4.538642054570728446e-01
4.534675397839087463e-01
4.528627615149692920e-01
4.523929958987089051e-01
4.520476622571251157e-01
4.516971688109785443e-01
4.512519002522861755e-01
4.508493006516497981e-01
4.499989193678877175e-01
4.491508779578045618e-01
4.485714422128252998e-01
4.478381415450114478e-01
4.473047855361305669e-01
4.469229625743195711e-01
4.465853450536194647e-01
4.462465918288648359e-01
4.457722727646501459e-01
4.452627401005688212e-01
4.448299267804417534e-01
4.439097154929500522e-01
4.430409238466055388e-01
4.423650004930367308e-01
4.416429150490206457e-01
4.408912422533076692e-01
4.400861329955583767e-01
4.393570867568948324e-01
4.386016131734982171e-01
4.373404204678114082e-01
4.361401786017362059e-01
4.348277151073593472e-01
4.336390037103329820e-01
4.323692018449769581e-01
4.312463105494063753e-01
4.308659526438186615e-01
4.304506337376874936e-01
4.298272834738768311e-01
4.292903497522583822e-01
4.289350012963575876e-01
4.284403555131970354e-01
4.279247742839469848e-01
4.269791942113719818e-01
4.260188477090466885e-01
4.256071527188297621e-01
4.252601614512244166e-01
4.249007542963184614e-01
4.245415226794638230e-01
4.238634275935685425e-01
4.232370880786172629e-01
4.212442076899100551e-01
4.194894632319319805e-01
4.187274166693731314e-01
4.180953930870187629e-01
4.172543951164337517e-01
4.164117974035542180e-01
4.160506565466263185e-01
4.156392339583804274e-01
4.151678196768077145e-01
4.147390029198455563e-01
4.143834596476799748e-01
4.140531466138204220e-01
4.137385470663683673e-01
4.132548472304005127e-01
4.128327343484540779e-01
4.123409435374777443e-01
4.119474640557235223e-01
4.114978104445615181e-01
4.111073556129781204e-01
4.107204223107546182e-01
4.103486979412724889e-01
4.099809995997874545e-01
4.095975484877480421e-01
4.081100072982172811e-01
4.069485652800735598e-01
4.066665257098172614e-01
4.063538260995190332e-01
4.060228492105503184e-01
4.055992077535394702e-01
4.052324496974084589e-01
4.047033900678118634e-01
4.041938972745716119e-01
4.037921915209001789e-01
4.034499983180647731e-01
4.030115959203700027e-01
4.024900566882815833e-01
4.021483995333381412e-01
4.018768178318487538e-01
4.015724231546816680e-01
4.012512099964744561e-01
4.008560618170280976e-01
4.000219572136992641e-01
3.992286739468115520e-01
3.987334360595803928e-01
3.981339885251867772e-01
3.976516104569741139e-01
3.973707826562838941e-01
3.969681155447952747e-01
3.966053199057602563e-01
3.962836317041981138e-01
3.959425415065745413e-01
3.954265182016699076e-01
3.948872359718557656e-01
3.938419384106392473e-01
3.928835532259747354e-01
3.921653384953776023e-01
3.912888011254586629e-01
3.909118567162224167e-01
3.904670504634349948e-01
3.899889829289860943e-01
3.895826151958737826e-01
3.892292995913362308e-01
3.887272719690439415e-01
3.883487327675030909e-01
3.880462165928001417e-01
3.876495622084361048e-01
3.873030556174038574e-01
3.869628281863997099e-01
3.866908006742987292e-01
3.863276911804927605e-01
3.856230610383615809e-01
3.849756274418737467e-01
3.845705812009487801e-01
3.841805729361693067e-01
3.837923477276556916e-01
3.833926667480123673e-01
3.824853374871566292e-01
3.815461205445927484e-01
3.812646959444729866e-01
3.806231354295688263e-01
3.799980467212610846e-01
3.796957014997260349e-01
3.793727802723508291e-01
3.789540890083529234e-01
3.785056327246175689e-01
3.778918163325015733e-01
3.773223959818219897e-01
3.770315886415459006e-01
3.767632099653779876e-01
3.765120739107047365e-01
3.759017073937003794e-01
3.754630919896151386e-01
3.744161629151120940e-01
3.729195651688373414e-01
3.707442987814215107e-01
3.686492937414948545e-01
3.682317653097789134e-01
3.676305579619235653e-01
3.672073484972889768e-01
3.668751988986465040e-01
3.665500176613793459e-01
3.662609467613869851e-01
3.659951432174211039e-01
3.657377692933780344e-01
3.654762646338946541e-01
3.652278402063308116e-01
3.648504134678944855e-01
3.645299771629740282e-01
3.642894868177093404e-01
3.639526353511851609e-01
3.636248955786845483e-01
3.632677035787741926e-01
3.629262577178575255e-01
3.626447917912756780e-01
3.623277059064626271e-01
3.620371479788701552e-01
3.617143016271740508e-01
3.614413440291092128e-01
3.612425741917027477e-01
3.610476628359946538e-01
3.608249907062032746e-01
3.605604412302169104e-01
3.601954526538612145e-01
3.598745007928405570e-01
3.591902414352424189e-01
3.585981904098526352e-01
3.582973261751049021e-01
3.579252622300399533e-01
3.576275616291873516e-01
3.574295283060022199e-01
3.571905768495090006e-01
3.569555774069085863e-01
3.567548444562563259e-01
3.558445376387104897e-01
3.545044112170827599e-01
3.534728300765884734e-01
3.524981019850641495e-01
3.492499748729982478e-01
3.449101750445703329e-01
3.446044183213861634e-01
3.443890542735439375e-01
3.439903129512357771e-01
3.436562879738264686e-01
3.431192631424571649e-01
3.426000992792229694e-01
3.423460658040342608e-01
3.420712167503535683e-01
3.418212033166619923e-01
3.415884524684115742e-01
3.412515522039547000e-01
3.409699227234999075e-01
3.406998514861557248e-01
3.404292566386773466e-01
3.402414701031937772e-01
3.400436530739415208e-01
3.398612891039390349e-01
3.394254467818762500e-01
3.383653813281848333e-01
3.381482920631150302e-01
3.379566253540648990e-01
3.377711708540079294e-01
3.375298424421607213e-01
3.373028439878012485e-01
3.370852396398567596e-01
3.368622430123805467e-01
3.366594578306136287e-01
3.344756414048237758e-01
3.323689907858441983e-01
3.317913699964822327e-01
3.311716114562656132e-01
3.308714448164468691e-01
3.305143662338998478e-01
3.303443094212452080e-01
3.301907858483267844e-01
3.298571504451872638e-01
3.294682403675448512e-01
3.292799246667202917e-01
3.290938295139474445e-01
3.288760448759172061e-01
3.286058014004799022e-01
3.283067063734972368e-01
3.280628310999071928e-01
3.275602440663934467e-01
3.270687164532039559e-01
3.266754079577315339e-01
3.261730013337962863e-01
3.259337573368472629e-01
3.256948476461748454e-01
3.251999512479740728e-01
3.246909009237819999e-01
3.244042769251893610e-01
3.241468136365520669e-01
3.236645212728634924e-01
3.230723123928951890e-01
3.226535496584506668e-01
3.222575241465662765e-01
3.217823690785591717e-01
3.213102456803940132e-01
3.211279011091870972e-01
3.209402424206697635e-01
3.207716219705772920e-01
3.206218703770523648e-01
3.204661018201426237e-01
3.202357905476478361e-01
3.200022274965751423e-01
3.196934034244499068e-01
3.194767475581404281e-01
3.192143785815257928e-01
3.190205179004189096e-01
3.188425781535825787e-01
3.185756205190264922e-01
3.183935460041752985e-01
3.182338041688778096e-01
3.180874751392621658e-01
3.179021545275263483e-01
3.176766835474402195e-01
3.174688118907390555e-01
3.171904861275369192e-01
3.170562469426630448e-01
3.168984258728695380e-01
3.167576272215073541e-01
3.163964668002590130e-01
3.160807208954296565e-01
3.157293331071720499e-01
3.154646206013145271e-01
3.153058710642493989e-01
3.151474223552236942e-01
