8.816937889071503331e-01
7.872773737212291900e-01
7.200238204274476139e-01
6.700434384536000376e-01
6.352184143855558185e-01
6.501056012196146927e-01
6.207613032693889421e-01
6.002300540959800701e-01
5.813685640921650855e-01
5.650146530915901577e-01
5.765741953745441295e-01
5.652222263062255392e-01
5.569908247331420981e-01
5.491399591321014517e-01
5.423363744520779406e-01
5.443693139914889123e-01
5.380870714432641755e-01
5.317757574753965155e-01
5.266502295019277469e-01
5.213230139372587724e-01
5.440789079312237098e-01
5.323802133567526740e-01
5.232272293355002546e-01
5.170835430154072654e-01
5.121160658756153117e-01
5.130532435334336228e-01
5.078022361655645245e-01
5.037271487594598973e-01
5.003389709818064635e-01
4.968847028804130317e-01
4.984473870586051403e-01
4.952943981374360316e-01
4.928811007663119192e-01
4.903661420349366695e-01
4.880606315931536598e-01
4.885344566988805148e-01
4.865836892584278761e-01
4.848176880399575062e-01
4.830119684189474460e-01
4.815489458006116386e-01
4.820773879819352237e-01
4.804850903816054175e-01
4.790791146365738218e-01
4.777415152178414171e-01
4.763942166435227721e-01
4.776889450761784284e-01
4.755518337067227153e-01
4.741703008123656082e-01
4.727900515824677852e-01
4.714404636619332067e-01
4.701466720028886770e-01
4.688606970548615527e-01
4.676588162611310939e-01
4.662511136209825380e-01
4.650319144090687140e-01
4.639101478930375277e-01
4.626962710989067085e-01
4.616509617035400859e-01
4.606111982784156789e-01
4.595536428359840997e-01
4.586801611236179799e-01
4.577104801229296416e-01
4.567430087899056468e-01
4.557408903857658733e-01
4.548658236566794355e-01
4.540786207428043064e-01
4.532951628844520409e-01
4.525132507724351494e-01
4.517199990717189473e-01
4.508685464987770564e-01
4.501453271492156794e-01
4.494541924154683010e-01
4.487832593812607351e-01
4.481429480190793901e-01
4.475341078887553614e-01
4.468854877174038842e-01
4.463165377875127904e-01
4.457324073544032816e-01
4.452393073703516668e-01
4.447067212036701633e-01
4.442068665976443564e-01
4.437612248332287734e-01
4.433935158159825751e-01
4.430150944961549486e-01
4.426281107322659336e-01
4.422587634799847178e-01
4.419163723631059915e-01
4.416045408150182650e-01
4.413045484329730650e-01
4.409929995382401713e-01
4.407549620616083574e-01
4.404913650690193694e-01
4.402647748352607193e-01
4.400227230504759612e-01
4.398163184950828475e-01
4.396647891953728293e-01
4.394793814361243056e-01
4.393364142113828641e-01
4.391846051330808853e-01
4.390390254001027004e-01
4.203231226876208426e-01
3.939483276474872731e-01
3.747689404227183552e-01
3.590826262742118358e-01
3.458505313105622592e-01
3.373082533636733715e-01
3.279053031212998959e-01
3.199864917952218724e-01
3.124676688283956616e-01
3.058631560862539178e-01
3.027979844201354465e-01
2.970905484549815068e-01
2.919714792484655042e-01
2.864156678117260046e-01
2.809999166492047618e-01
2.780109386273988403e-01
2.735396420903228876e-01
2.691928598031299025e-01
2.647955262038492186e-01
2.609996455431202733e-01
2.597368320051138824e-01
2.557780773084730730e-01
2.522578526850885461e-01
2.490304594647561598e-01
2.460021134080611627e-01
2.462682807289457432e-01
2.430315513696027774e-01
2.401437442308412273e-01
2.373220349118711214e-01
2.340887138519343047e-01
2.341949772373214389e-01
2.310402703009220848e-01
2.285130114187955697e-01
2.257677080183010665e-01
2.231448566590049087e-01
2.275680300030726855e-01
2.239629557884818267e-01
2.214387059468852781e-01
2.188808539815817467e-01
2.165367092046708575e-01
2.338739892966957001e-01
2.263707624285550279e-01
2.223986589224687671e-01
2.190880615736864045e-01
2.157883612416877928e-01
2.171895766993000576e-01
2.139602070554590674e-01
2.107761071806188158e-01
2.084571729347514391e-01
2.060488492930744320e-01
2.041338870870182676e-01
2.020648416447302087e-01
1.998843113489013057e-01
1.980822197581324218e-01
1.961551049717102091e-01
1.945362405688818297e-01
1.927586508283856137e-01
1.911569299278034761e-01
1.896418118059366720e-01
1.880664899574684690e-01
1.867481419286481925e-01
1.854760904815439815e-01
1.841757125707815801e-01
1.830803859223244234e-01
1.819740853247132639e-01
1.809606907112986385e-01
1.798054047609161654e-01
1.787556787886943888e-01
1.777165315372397913e-01
1.765997519206403132e-01
1.755079541339085725e-01
1.745627796531425413e-01
1.735503653377895028e-01
1.724913564474220562e-01
1.716114395518704150e-01
1.707857883604836646e-01
1.698992994096083786e-01
1.690554937562245563e-01
1.682555510268685106e-01
1.672874738880761880e-01
1.664982565611300425e-01
1.657299126158433278e-01
1.648234915434043102e-01
1.639359454063018806e-01
1.629824082241318750e-01
1.621557040780710612e-01
1.613163500928787297e-01
1.606623686401097151e-01
1.600249763007478565e-01
1.594144765215764481e-01
1.586661079310557609e-01
1.580205162793225926e-01
1.573551074587646037e-01
1.567136768916325695e-01
1.561153494987907175e-01
1.555147577053033192e-01
1.549875610344337296e-01
1.544683375567060535e-01
1.539262411603745939e-01
1.534083561222827352e-01
1.726267896207399899e-01
1.546109849175276996e-01
1.438525610510051622e-01
1.352506994938841856e-01
1.288894248542423182e-01
1.234960444308854238e-01
1.170766770769827436e-01
1.115799831957197535e-01
1.071421877521791383e-01
1.035464970475477725e-01
1.007343709678847898e-01
9.667917458872211933e-02
9.275339075579064341e-02
8.905026820294088818e-02
8.567989012742434352e-02
8.271041593374051093e-02
7.944207116329332630e-02
7.638241141234511367e-02
7.341601252355996199e-02
7.074851230361366150e-02
6.984307234650299900e-02
6.700867520109966835e-02
6.458520294827710395e-02
6.266728105331567655e-02
6.050159686672480081e-02
5.933771166254204338e-02
5.750606436105821367e-02
5.590514509494661638e-02
5.405908713639467206e-02
5.241325985063607917e-02
5.167155183471285051e-02
5.007347365473651529e-02
4.855408123955934352e-02
4.720664968517562787e-02
4.585308854066053735e-02
4.581848877084667565e-02
4.439465223917656023e-02
4.329510907224539545e-02
4.200508426308705023e-02
4.114635682280141232e-02
4.070301874055824026e-02
3.997214009320532863e-02
3.906451482464474295e-02
3.789480693945518341e-02
3.687682230895364399e-02
3.638250497803868083e-02
3.548211717056434095e-02
3.462274437184042347e-02
3.381023380932935557e-02
3.302636501031555594e-02
3.224612705096720211e-02
3.148183967210250317e-02
3.086419034195599098e-02
3.020323353579500852e-02
2.957899340990673490e-02
2.906288830376948726e-02
2.856054074823566671e-02
2.802129939374137582e-02
2.749677290199470728e-02
2.702519469921363382e-02
2.660432091217218575e-02
2.612832900247171949e-02
2.564079470347702117e-02
2.518312371616052148e-02
2.473875755686633787e-02
2.429193475676929767e-02
2.384633562174063443e-02
2.339757033023778798e-02
2.292706700891233157e-02
2.243796124376928533e-02
2.206234530560268262e-02
2.163491657799881257e-02
2.125321487881729268e-02
2.093009125536032106e-02
2.055304861787713225e-02
2.015106196750842196e-02
1.979122752810279912e-02
1.939754465734233949e-02
1.904538441169508628e-02
1.872033337786305554e-02
1.838377937568016693e-02
1.806638639718373060e-02
1.774500163607052941e-02
1.746713026500780475e-02
1.718870727531504605e-02
1.691843269996960372e-02
1.667679162962051875e-02
1.641204136875012987e-02
1.617852926652963916e-02
1.592299715356032194e-02
1.568831887948707662e-02
1.547614529516105376e-02
1.523990220351504818e-02
1.499285957108273566e-02
1.473930336913979559e-02
1.453445364432640052e-02
1.432707030966430366e-02
1.413838998826093783e-02
1.394622811074466666e-02
1.377796719548872104e-02
1.220962422576747225e-01
9.012094497656195080e-02
7.427142975389762480e-02
6.402705543099765362e-02
5.577057529428526561e-02
5.251607101129009830e-02
4.741630165697435090e-02
4.357224727988094626e-02
4.000723826941227773e-02
3.708926371690637880e-02
3.396640296164626233e-02
3.069670307207057747e-02
2.769956464780325839e-02
2.530642295381294732e-02
2.319974057202944806e-02
2.176688544206127271e-02
1.984031973337528967e-02
1.827690036737198223e-02
1.675960959957546390e-02
1.533354096237731293e-02
1.426847459213279393e-02
1.313938428112759738e-02
1.224059856065025723e-02
1.129420081895552049e-02
1.051857814607695674e-02
1.056205553448954192e-02
9.653852464033961522e-03
8.946766902716746933e-03
8.380792583841287571e-03
7.848575259617804681e-03
7.701936836586928577e-03
7.118014796528767188e-03
6.588955501796021040e-03
6.156184755978711363e-03
5.725260886711957577e-03
5.551931097838189340e-03
5.183438093259030988e-03
4.798341756264234634e-03
4.435317768409585346e-03
4.131005305552203424e-03
3.957075505011405959e-03
3.717555645875160204e-03
3.476040597779127533e-03
3.255925984751206585e-03
2.993108856516812303e-03
2.817625743208322826e-03
2.611127109288543472e-03
2.448457514104402516e-03
2.282816517430261410e-03
2.145255737359975587e-03
1.996582676972262320e-03
1.874095020854304712e-03
1.752452426864718098e-03
1.653110228995639894e-03
1.550961829312612512e-03
1.465689017627364683e-03
1.368604230353790557e-03
1.279484969659395533e-03
1.200330774221861638e-03
1.122872835351496328e-03
1.050583400809015000e-03
9.769955426404701351e-04
9.119165999523072639e-04
8.631642826099532664e-04
8.122281655822883488e-04
7.518644451790656861e-04
7.021018869085482363e-04
6.540521626914613416e-04
6.027610829076368625e-04
5.614428896773404750e-04
5.268114287757673549e-04
4.996635965647840258e-04
4.752592763675822052e-04
4.505547144255577581e-04
4.228853192382572086e-04
3.934375366529089678e-04
3.663481992584935042e-04
3.450010169379688217e-04
3.186727760340240839e-04
3.000924712945096705e-04
2.842490312287400075e-04
2.699061701393424889e-04
2.555182532222081103e-04
2.425573878302537945e-04
2.298883498777716712e-04
2.179588180739690294e-04
2.037942864869012125e-04
1.931370358682316069e-04
1.824155219774676857e-04
1.704053075266949652e-04
1.608733886957398093e-04
1.530320554283238447e-04
1.440378793134964631e-04
1.347527075217958437e-04
1.250437585908714905e-04
1.149647308517533765e-04
1.094732502056854079e-04
1.044897424192745580e-04
9.800265073820491339e-05
9.229921687593823385e-05
7.417041248537874221e-02
4.844662673779856488e-02
3.491146621858464555e-02
2.704821926217436390e-02
2.130905593973710446e-02
1.773884302234807891e-02
1.437568239282690022e-02
1.197782794868531078e-02
1.000986990158504557e-02
8.497696269013862297e-03
7.870362053825265963e-03
6.741284610331110469e-03
5.838603339432742699e-03
5.128316096767623379e-03
4.444047697058836448e-03
3.922972599259092266e-03
3.429738216857670594e-03
3.008823283959743185e-03
2.593919237010723199e-03
2.213549379481190814e-03
1.931640338789199478e-03
1.651170071729058221e-03
1.410094722659448532e-03
1.187943479848925466e-03
1.013327166035311866e-03
8.847975894067284944e-04
7.631370592679940449e-04
6.622078946250072647e-04
5.707078254782338867e-04
4.973325962575070877e-04
4.457638804390347828e-04
3.959099205111720138e-04
3.498353077515000656e-04
3.034659206937943116e-04
2.636285766018206696e-04
2.275800995309059098e-04
1.959449911499790186e-04
1.669837369542952199e-04
1.438487825566210892e-04
1.225712349876473446e-04
1.084201131820060533e-04
9.519879430348655608e-05
8.240606381960553502e-05
7.172897822677493530e-05
6.288760063405891062e-05
5.701681716820477082e-05
4.918380506143498994e-05
4.126072619313581155e-05
3.523152738533391251e-05
2.984877401326766671e-05
2.543163728686597652e-05
2.173784355698179301e-05
1.885892754760316205e-05
1.618501341353854471e-05
1.382505422134713596e-05
1.187852405765892576e-05
1.035915130503355238e-05
8.993745989181570649e-06
7.742111477980609174e-06
6.785738790368651177e-06
5.853363093302604633e-06
4.981505156227896902e-06
4.224221851795257953e-06
3.650535675395860800e-06
3.100602393981886637e-06
2.658033303438981181e-06
2.252004808747259526e-06
1.936819962496338883e-06
1.656475161364241045e-06
1.429886417473645604e-06
1.245607086545965316e-06
1.071374229946617161e-06
9.328306194985641135e-07
8.007881056384731804e-07
6.898833923304818192e-07
5.894311082044959885e-07
5.052985859954996189e-07
4.352256696275131087e-07
3.782695904223941087e-07
3.213868004772304661e-07
2.698443716346527897e-07
2.271810559809454041e-07
1.942147937785482283e-07
1.665483327194344252e-07
1.447757294643948347e-07
1.266573973965628576e-07
1.101459452719560327e-07
9.399013247884696757e-08
8.049039551411034479e-08
7.815475641786149872e-08
7.815475641786149872e-08
7.815475641786149872e-08
7.815475641786149872e-08
7.815475641786149872e-08
7.815475641786149872e-08
7.815475641786149872e-08
7.815475641786149872e-08
7.815475641786149872e-08
7.815475641786149872e-08
7.815475641786149872e-08
