1.960952596985135743e-01
9.934953746802757668e-02
6.916684921265875419e-02
5.438024743423163637e-02
4.590045171936422974e-02
8.355320458364587366e-02
6.205686447649174514e-02
5.337638006607180879e-02
4.524311343297041099e-02
3.921292214872547366e-02
4.194469172294735398e-02
3.642238842992439468e-02
3.417469831829499094e-02
3.192432644577809092e-02
2.987524183581222875e-02
3.429970018635326856e-02
2.971890035924271145e-02
2.805278024163890271e-02
2.658423938569570710e-02
2.540846220907234596e-02
2.525727866851626424e-02
2.388696848832244299e-02
2.280856885019937746e-02
2.166833834762935118e-02
2.062358230766311168e-02
2.070728782011688543e-02
1.997223054070430825e-02
1.952192680441271200e-02
1.910120726815852168e-02
1.861096940047726397e-02
1.989298590269190231e-02
1.887145425597075779e-02
1.826612940700257648e-02
1.782881467268469106e-02
1.744776911803175984e-02
2.110192403335714451e-02
1.899081234390105274e-02
1.812635408694710654e-02
1.784834256619229065e-02
1.758542598703036891e-02
1.785779698045661737e-02
1.742342854807263364e-02
1.725916501002163622e-02
1.710210496050237200e-02
1.679854887326130003e-02
1.806433863872373979e-02
1.716795992381021582e-02
1.676550539944439075e-02
1.662605788869168585e-02
1.647526133666223774e-02
1.634939521552063874e-02
1.616759510846759243e-02
1.592851928707155265e-02
1.568065049731662969e-02
1.549863042072177101e-02
1.532857352186038115e-02
1.519031875862497660e-02
1.505967111740036737e-02
1.493814129252203464e-02
1.479468201814102685e-02
1.468142484714310761e-02
1.455930807379798159e-02
1.448067898379149301e-02
1.440959733706359547e-02
1.432770533111561197e-02
1.423173197167378057e-02
1.411141563980665599e-02
1.401378369265989313e-02
1.392645223645811413e-02
1.386168200966388792e-02
1.379222718662216282e-02
1.372358228923778803e-02
1.362789238492484109e-02
1.354902413912439582e-02
1.346516683539098619e-02
1.336815698011267935e-02
1.324288691558986493e-02
1.312838392890721372e-02
1.301945795378177395e-02
1.289204583260202160e-02
1.278076989197632352e-02
1.264483658802766607e-02
1.253335668700000620e-02
1.241496452548492176e-02
1.230472750867712267e-02
1.221062009605397222e-02
1.212441829780539805e-02
1.204608271913778020e-02
1.195910091025765599e-02
1.187845787431575373e-02
1.179415217803580010e-02
1.171341981265069596e-02
1.165501493087908909e-02
1.160122303512703054e-02
1.155452920746162168e-02
1.151081540835875890e-02
1.146438963864598350e-02
1.141457641169647298e-02
1.137119275643411372e-02
1.131811162577717536e-02
8.969860508137262808e-03
7.623025623846717627e-03
6.820107529207863027e-03
6.223207566946806907e-03
5.824875546960836190e-03
5.546502983809958008e-03
5.353435972007339338e-03
5.159016152437466939e-03
5.000857978993716001e-03
4.841185098764398155e-03
4.696658839412395751e-03
4.555328357094795555e-03
4.446964929280227720e-03
4.349013197460930950e-03
4.248467856328943214e-03
4.200688403179765780e-03
4.123524383469799257e-03
4.049143140003730670e-03
3.988165591656199840e-03
3.924260359248047704e-03
3.900359296723425722e-03
3.844311402619747433e-03
3.789738058079455268e-03
3.722039038397932740e-03
3.656508206524420983e-03
3.642536443034333216e-03
3.595736816897521400e-03
3.549086202125218380e-03
3.507452160008530610e-03
3.465118797799945135e-03
3.459382811829124320e-03
3.424011318113445550e-03
3.393390137358027331e-03
3.359453722064252666e-03
3.330516184303878528e-03
3.306914353192616420e-03
3.273834465910670927e-03
3.243842616943915912e-03
3.219140860499307769e-03
3.197166449876905677e-03
3.181782065718972551e-03
3.158144458838074622e-03
3.138961821402359333e-03
3.120403902010067659e-03
3.100512330856461732e-03
3.094220292105937485e-03
3.074606465119424873e-03
3.059645574599179595e-03
3.041637660272969793e-03
3.023055021378882358e-03
3.005449115311290345e-03
2.987578492330406326e-03
2.968863748385262152e-03
2.951984141697255436e-03
2.935207991152351606e-03
2.919325568652035574e-03
2.905792408910974883e-03
2.890996428784728921e-03
2.877790057527329984e-03
2.864221704249217664e-03
2.850098428160524524e-03
2.835416907834335375e-03
2.821372106005905819e-03
2.806828903120543554e-03
2.793611454117348857e-03
2.777579967667799261e-03
2.763698987685919792e-03
2.748603475740812700e-03
2.735115305553393120e-03
2.721829192796284842e-03
2.709019037839252575e-03
2.696598616547804701e-03
2.683484354711411588e-03
2.671473846398827057e-03
2.660039936093027205e-03
2.647995545948620723e-03
2.635636789041782661e-03
2.624488088554499578e-03
2.616022119975755858e-03
2.608027921855779821e-03
2.600437593944601548e-03
2.593836435548074575e-03
2.586615082903017358e-03
2.578745360634786266e-03
2.571004500548100362e-03
2.562254606579539556e-03
2.554650487285482687e-03
2.546493235296196089e-03
2.539197360532475817e-03
2.532930504011497979e-03
2.524892490227909417e-03
2.517271616639925932e-03
2.509600685403341573e-03
2.500456222790736240e-03
2.490776459216618392e-03
2.480463827208118435e-03
2.470167187652190337e-03
2.460376687384760452e-03
2.451844907911035747e-03
2.443699010437170790e-03
2.081878440422395282e-03
1.845270893146370647e-03
1.707877581598390114e-03
1.615826505187467925e-03
1.545757008473038060e-03
1.480631602978809075e-03
1.426525138455947113e-03
1.386208651461623247e-03
1.351893483543331305e-03
1.324964735123907583e-03
1.297017732182227743e-03
1.268378613169574487e-03
1.243004756408483402e-03
1.221231461993637496e-03
1.200010891143866868e-03
1.179484159690363538e-03
1.160495218173301143e-03
1.143546443273614054e-03
1.127605393918429616e-03
1.110956624551795446e-03
1.096569234730573883e-03
1.081664139141991525e-03
1.068033956866731166e-03
1.054758745816350776e-03
1.043143264968345941e-03
1.033813311587064923e-03
1.023271437979105750e-03
1.014402790628598583e-03
1.006141190195343309e-03
9.987977871931770155e-04
9.936410738648170093e-04
9.862972609696923822e-04
9.796396363036695074e-04
9.717589657219465049e-04
9.646380868652490188e-04
9.597622792239634670e-04
9.536475399191717212e-04
9.473548405803526888e-04
9.411351411051547492e-04
9.355041325261470456e-04
9.310541217683322409e-04
9.259186690270491136e-04
9.206055227859090851e-04
9.152575857009260683e-04
9.104932912208911098e-04
9.086429252296652137e-04
9.038333810348830530e-04
8.994601348927188864e-04
8.947211954934758057e-04
8.899238725289522305e-04
8.860261590206323186e-04
8.816733634169170294e-04
8.775954195189579867e-04
8.735697982646410589e-04
8.697159454338818617e-04
8.660993122620629439e-04
8.621207553721627883e-04
8.582230249274229450e-04
8.545304659756950338e-04
8.508273375705895005e-04
8.468143791263319864e-04
8.424495123476647253e-04
8.379761270749133510e-04
8.338124161880588071e-04
8.300506175271586771e-04
8.267130312320371092e-04
8.230963777235342487e-04
8.198671640585403556e-04
8.163070503614348059e-04
8.123507170569424550e-04
8.084027552372904067e-04
8.050148938080196230e-04
8.018590005078314424e-04
7.992610374919448821e-04
7.965451424784303781e-04
7.939495018278832413e-04
7.913586660848113659e-04
7.889707855021923198e-04
7.866600716232648345e-04
7.845932717625769479e-04
7.825505469254690188e-04
7.805465956868912160e-04
7.787928705394274844e-04
7.763296046027207261e-04
7.741518302368372278e-04
7.724310454172773248e-04
7.706549469975906537e-04
7.690502220754502237e-04
7.672852915678315478e-04
7.654922579126283155e-04
7.639059591261243868e-04
7.620942987902677539e-04
7.604822897612621181e-04
7.585719898509661521e-04
7.567436580955253823e-04
7.548102307495048631e-04
7.527618922440292145e-04
7.510329699810416697e-04
7.492450656859323335e-04
7.474365937103089746e-04
6.811622134753297746e-04
6.152259738802173068e-04
5.819555767890511938e-04
5.624704542749996974e-04
5.455395361922766098e-04
5.316716326708667041e-04
5.202623914245804249e-04
5.107412278276970237e-04
5.025659386327475464e-04
4.948104985723289712e-04
4.881007206176387410e-04
4.818194240975520281e-04
4.760878347876309319e-04
4.715180156738012674e-04
4.672156585555419048e-04
4.633115622189476089e-04
4.593845532617634613e-04
4.560378919278603024e-04
4.525077283414369626e-04
4.490487946244885653e-04
4.458948137845399279e-04
4.434857196529678330e-04
4.410208081118723164e-04
4.386095845416788561e-04
4.360937664294735707e-04
4.339124726580434032e-04
4.315827604952973402e-04
4.294965116976021190e-04
4.275314755469980304e-04
4.257915039384972851e-04
4.238972269461918846e-04
4.222636481666058698e-04
4.208356979833271063e-04
4.192312919436277452e-04
4.177928604044993301e-04
4.163155737408081192e-04
4.151057396382708546e-04
4.140136488647604466e-04
4.131501596842933354e-04
4.121893288841766540e-04
4.112623093503280894e-04
4.104213765097140918e-04
4.095248110417181917e-04
4.086494245706580059e-04
4.076995637530831979e-04
4.069057854464331486e-04
4.060167457249811524e-04
4.052154539615972651e-04
4.044699554901835760e-04
4.035335243010734502e-04
4.025638072826382948e-04
4.016614127926940040e-04
4.007280249714768611e-04
3.998254296534650698e-04
3.989205583775189547e-04
3.980970439194211397e-04
3.972995568388197293e-04
3.963738096457537557e-04
3.955990057794051711e-04
3.947428473399804171e-04
3.939536910948529492e-04
3.931322361605135924e-04
3.922146445846999021e-04
3.913864958100917910e-04
3.905491598442021282e-04
3.898216564972406236e-04
3.890778185319239239e-04
3.883618125008287607e-04
3.876236348544483340e-04
3.869274647503741617e-04
3.862554755152432370e-04
3.856324424557551500e-04
3.849815950729521289e-04
3.842067857158547924e-04
3.834454478064456238e-04
3.828159631548988268e-04
3.821651697989375085e-04
3.815446186701400115e-04
3.809133787660971306e-04
3.802604107717692957e-04
3.796334488536214145e-04
3.789152262885414125e-04
3.782259422955597142e-04
3.775728535427658270e-04
3.769355487403754676e-04
3.763302097757596667e-04
3.757361736827874400e-04
3.751131338449148044e-04
3.744755096053311682e-04
3.738328002751693151e-04
3.732695204554539281e-04
3.727003840935928206e-04
3.720940466749900503e-04
3.713996866152846068e-04
3.706122994181351238e-04
3.698252059173751148e-04
3.690945562057055575e-04
3.683843230308273767e-04
3.676054947215767624e-04
3.669236777595531892e-04
6.355541733515223529e-04
5.391443273307786662e-04
4.787999613921222375e-04
4.516332057567012319e-04
4.325512787186640740e-04
4.164652254538214965e-04
4.031629378648371020e-04
3.907201853583605502e-04
3.812516160866883243e-04
3.722783922855868021e-04
3.632894776130184545e-04
3.559062790754517302e-04
3.495807415158599420e-04
3.435888076693785660e-04
3.380020366803630186e-04
3.331934474184957188e-04
3.291355942501665295e-04
3.252972096349241110e-04
3.216677428809034214e-04
3.185921757662133532e-04
3.152227775809961045e-04
3.122895435834412712e-04
3.098312848052307182e-04
3.075154611785845915e-04
3.052498571172534243e-04
3.032048717689175311e-04
3.012518407563555332e-04
2.996693459542336510e-04
2.980186787871374923e-04
2.964126545424032632e-04
2.948642485797339872e-04
2.935829439902709029e-04
2.924190325143257384e-04
2.912888308047972526e-04
2.901057472581781613e-04
2.890079451871716194e-04
2.879960225331106298e-04
2.869842047991515979e-04
2.861049973892007678e-04
2.853408226741311585e-04
2.846062186100573217e-04
2.839580970072042520e-04
2.833432138472884295e-04
2.827721774869604407e-04
2.822038666216556443e-04
2.816968496474087525e-04
2.812005206460161592e-04
2.806995200139488704e-04
2.801586224685357241e-04
2.796702976368228323e-04
2.791998508886829123e-04
2.786463430803564028e-04
2.781019312950652614e-04
2.776003268230124721e-04
2.771069341091174213e-04
2.766297025738244462e-04
2.761772291947608353e-04
2.757129108523334506e-04
2.752755533689635087e-04
2.748510550160665196e-04
2.744944029967672145e-04
2.741155320582308206e-04
2.736979020039709103e-04
2.732553235782581263e-04
2.728690417679146673e-04
2.725661207956319256e-04
2.722417325172479742e-04
2.719218068948305749e-04
2.715448263898401042e-04
2.711678052202434568e-04
2.707928235594740944e-04
2.703837929588576096e-04
2.700259608044327229e-04
2.696551326752581420e-04
2.693180494792495267e-04
2.689282633196169630e-04
2.685618734164239895e-04
2.682155386627406391e-04
2.679015707454247938e-04
2.675228186592954827e-04
2.671382473691794371e-04
2.668017644207015381e-04
2.664941800263111735e-04
2.661821309075189899e-04
2.658222766442903517e-04
2.654112728229416577e-04
2.650951213589859798e-04
2.647584338009067919e-04
2.644189425720734404e-04
2.640975769242999210e-04
2.638043143999728771e-04
2.634571316662239122e-04
2.631077772531245466e-04
2.627942959808645513e-04
2.624205912341484701e-04
2.620681059180883315e-04
2.616992742793382309e-04
2.613301566448723054e-04
2.609259017880702293e-04
2.605744620357371057e-04
