8.614067317617132291e-01
7.999565778783972458e-01
7.691416286225379872e-01
7.521749053887731851e-01
7.408403911184894275e-01
7.592620155982073848e-01
7.485268098812093429e-01
7.418804557364863106e-01
7.376382605349630639e-01
7.347390042936287058e-01
7.496445894527274945e-01
7.423489129316640511e-01
7.373843760073763853e-01
7.342350060677450552e-01
7.319973223526072825e-01
7.513803047727728446e-01
7.400658784802722767e-01
7.352903249434940003e-01
7.317696960791675309e-01
7.286403098676627055e-01
7.296236894036485232e-01
7.270596915622372647e-01
7.251853061287409918e-01
7.235230922675091048e-01
7.222290733136039753e-01
7.308160396036704753e-01
7.265816271315571617e-01
7.244966831324065604e-01
7.232976677713818248e-01
7.221690811081216133e-01
7.275352945624988799e-01
7.247291310223915595e-01
7.232881412307836655e-01
7.222829481480664837e-01
7.212466588067247830e-01
7.273083119955029430e-01
7.256185932168567332e-01
7.247993512178095843e-01
7.240209544130944419e-01
7.230593825941969977e-01
7.219531926829734214e-01
7.207404947881285162e-01
7.198041662173690902e-01
7.189230808924248484e-01
7.180687283257393139e-01
7.286057426771325174e-01
7.259698812023042125e-01
7.248931999201815302e-01
7.240298191282036333e-01
7.228478055413389836e-01
7.217814065800229884e-01
7.207082176954429098e-01
7.199656452370319926e-01
7.194628223564509817e-01
7.191050778113803332e-01
7.186917523098068639e-01
7.181887637111903366e-01
7.176019218133514732e-01
7.169352771880449504e-01
7.161933294971714048e-01
7.155033135565473934e-01
7.147960467599675516e-01
7.142668820410402741e-01
7.137953554303188008e-01
7.134149900078561313e-01
7.129961425473119174e-01
7.125818286802222401e-01
7.122308604951492761e-01
7.118714470052576182e-01
7.115926075259784156e-01
7.113535568313080759e-01
7.111117592649277563e-01
7.108329733704210618e-01
7.106391722968012914e-01
7.104571130560093373e-01
7.103124437325204488e-01
7.101611405040140212e-01
7.100008616427966324e-01
7.098652222270017687e-01
7.097378747422031786e-01
7.096146164030144865e-01
7.095174733274594026e-01
7.094000456942912702e-01
7.092956291217321629e-01
7.091663383227575501e-01
7.090562944706990667e-01
7.089600772408497509e-01
7.088733784912764069e-01
7.087695973508032488e-01
7.087029626903744717e-01
7.086312540927002246e-01
7.085414430603189651e-01
7.084749279570168312e-01
7.084064154948931380e-01
7.083489779848755052e-01
7.082924234554052179e-01
7.082245151496476820e-01
7.081313762224448194e-01
7.080348668257407940e-01
7.079574165566445698e-01
6.897071035445748732e-01
6.800283410503583648e-01
6.720348158075100109e-01
6.664431652096795000e-01
6.608240519885421049e-01
6.585341875041100801e-01
6.552707798330427158e-01
6.520632706732507611e-01
6.491686125608725488e-01
6.466602515831222364e-01
6.455686131703608499e-01
6.433117923084498146e-01
6.413350168764073711e-01
6.396119215660586166e-01
6.376977387236935080e-01
6.369629605701564445e-01
6.354079111602766172e-01
6.344433604393920900e-01
6.333903562959626310e-01
6.325576403895132316e-01
6.319845162468877842e-01
6.305666386341162166e-01
6.292800956074033891e-01
6.282599463825907504e-01
6.273711170342856080e-01
6.279113866384596898e-01
6.268827742721900798e-01
6.261423580331829664e-01
6.257014237405011947e-01
6.252241957823541085e-01
6.258780767212065443e-01
6.248972600601294669e-01
6.240693233728960010e-01
6.233192807826754001e-01
6.226301602989817718e-01
6.225954805969272643e-01
6.219639086707502429e-01
6.214372591400461054e-01
6.209193983250739235e-01
6.204668646573365809e-01
6.204222149132865294e-01
6.199172742053522533e-01
6.194002876703987859e-01
6.189730403839522888e-01
6.185431930350127061e-01
6.186610513514875231e-01
6.182326506472154426e-01
6.178907904412085372e-01
6.176129850674657584e-01
6.173165324221825401e-01
6.170272257409860073e-01
6.167417191824072775e-01
6.164601057153715757e-01
6.161545453279557716e-01
6.158800464165108401e-01
6.154605083852280334e-01
6.151057229041514418e-01
6.147926288371893255e-01
6.144493452849348891e-01
6.141055283468128678e-01
6.137571570714330793e-01
6.134822681348672813e-01
6.131912405001667121e-01
6.129251723484044900e-01
6.126779721865476258e-01
6.124332847677402825e-01
6.121606512621119434e-01
6.118598370256639329e-01
6.115518688432565186e-01
6.113054633438643748e-01
6.110672027363110992e-01
6.108505972926918659e-01
6.105328225253638941e-01
6.102593862160198279e-01
6.100432559312745084e-01
6.098551088084447347e-01
6.096681326375233967e-01
6.095068137369462624e-01
6.093749794730300984e-01
6.092396753310438395e-01
6.091182443128106971e-01
6.090238663791536222e-01
6.089059361474189469e-01
6.088154139122803343e-01
6.087240828492208600e-01
6.086324410702432797e-01
6.085328963485676645e-01
6.084032379151071979e-01
6.082544925939802338e-01
6.080924090886816735e-01
6.079476385542345040e-01
6.078318600115608650e-01
6.077156033717644457e-01
6.076033841197910901e-01
6.074947165740689492e-01
6.073987337720133661e-01
6.073108899795814919e-01
6.072187888867396355e-01
6.071319897669223975e-01
6.070498186744857083e-01
6.054728714946862045e-01
5.989560134919160728e-01
5.953058160672832777e-01
5.923361896517859160e-01
5.898133996296630599e-01
5.881300110423908212e-01
5.863212548890723852e-01
5.845235259486276647e-01
5.827571709403073230e-01
5.812628006748695730e-01
5.802436174555090087e-01
5.784434997156981950e-01
5.766783879713538452e-01
5.749465687811700088e-01
5.734510983989703492e-01
5.727691381412836069e-01
5.713552287268558461e-01
5.701233354292010169e-01
5.690939013765853316e-01
5.681607407193848269e-01
5.680626367390577691e-01
5.672319199253071931e-01
5.664446005433114717e-01
5.656216967675760099e-01
5.649022604042499562e-01
5.650727686115100123e-01
5.643769314695090689e-01
5.636615581877406633e-01
5.629083261629336254e-01
5.620931057653932861e-01
5.624835719038898674e-01
5.614480481854553506e-01
5.605699455394462793e-01
5.596107147400657400e-01
5.586636712535546501e-01
5.586936629481507044e-01
5.577912370434094935e-01
5.570425754985353084e-01
5.562717403974605235e-01
5.554420703296696349e-01
5.569291128697440030e-01
5.560612287959185718e-01
5.553221015699204566e-01
5.546989843419147803e-01
5.539322278651427345e-01
5.543198096482626624e-01
5.534914228947004355e-01
5.526654506583603688e-01
5.518485252049729617e-01
5.512030447323652549e-01
5.506324967087367073e-01
5.501104531756946248e-01
5.495236195331997253e-01
5.490834925882788209e-01
5.487489847686721767e-01
5.484094531670810069e-01
5.481296869344918221e-01
5.478882966830606049e-01
5.476221565354320031e-01
5.473760031440000340e-01
5.470900125496350741e-01
5.467132659972102626e-01
5.462218319285264689e-01
5.458468699066573171e-01
5.455447937152020366e-01
5.452553328777346442e-01
5.448061289557324383e-01
5.443830089534035244e-01
5.440333999147815014e-01
5.435955193587146406e-01
5.432336730278052306e-01
5.428828297213065257e-01
5.424668571170752074e-01
5.420383120806268051e-01
5.416225547860178402e-01
5.412408450671343241e-01
5.408748934096293537e-01
5.405867951403661165e-01
5.402471326001063723e-01
5.398706691057201246e-01
5.395008140408265040e-01
5.389799645482559187e-01
5.386511604133656927e-01
5.383302575062423045e-01
5.380204338651765061e-01
5.376929475520857427e-01
5.374609330437198906e-01
5.372502722934474617e-01
5.370101151787702864e-01
5.367829169564355407e-01
5.365157644443928620e-01
5.362631763006319163e-01
5.359942984495029705e-01
5.356978846253380722e-01
5.353856542696511234e-01
5.351460766458749907e-01
5.349026150210981490e-01
5.346789456525895545e-01
5.343342806882696028e-01
5.340082868758939671e-01
5.622378909546309478e-01
5.512853021692718514e-01
5.487556082564271076e-01
5.463181019660384719e-01
5.452206885758782429e-01
5.452536020447342757e-01
5.428046259650667338e-01
5.418110294007764116e-01
5.403481197619839360e-01
5.393410241393121751e-01
5.386596382832836705e-01
5.329756883869315454e-01
5.305756545307526162e-01
5.290580546491597813e-01
5.278502545658606548e-01
5.287349008626898161e-01
5.284216530288852187e-01
5.281239189706542492e-01
5.278240404594964907e-01
5.274000542903899413e-01
5.271786465804405575e-01
5.269287131839063276e-01
5.265688625209290485e-01
5.263801511349381901e-01
5.262226661752535950e-01
5.262261898416729089e-01
5.260406017919259103e-01
5.258066728720938166e-01
5.256441963290749975e-01
5.255013579916227862e-01
5.253552524821599734e-01
5.252248195966287003e-01
5.249361728293440166e-01
5.244918645830812798e-01
5.243128537913632758e-01
5.243797299121986111e-01
5.242527019943857836e-01
5.241671404533996270e-01
5.237200516423559105e-01
5.234648463339249824e-01
5.232133658940975041e-01
5.231239418662751994e-01
5.229247431905936772e-01
5.226498121552440868e-01
5.222753132364541528e-01
5.220910156572063920e-01
5.215762286479470600e-01
5.206824972233234927e-01
5.204868984977106816e-01
5.202039854074969050e-01
5.201312476853874323e-01
5.199370537747454168e-01
5.197369596482804832e-01
5.195016730810152472e-01
5.193089790622216206e-01
5.192187414006474988e-01
5.191182008482618793e-01
5.189508667907682948e-01
5.186870087507909899e-01
5.183963728318736752e-01
5.181495212816963347e-01
5.180241719448195337e-01
5.178350820376699248e-01
5.176469892593033029e-01
5.174226744626393426e-01
5.172421583762694119e-01
5.169488320328763375e-01
5.165755305233922234e-01
5.162532651859634836e-01
5.159381969103432608e-01
5.155994608065254114e-01
5.152257035603047264e-01
5.149699815238492073e-01
5.148941098711429243e-01
5.147162744300268766e-01
5.144835882944176486e-01
5.144183388225048725e-01
5.142681484420438265e-01
5.141451023219479888e-01
5.139869840939463863e-01
5.138961433857696104e-01
5.137501367826331489e-01
5.136537926409074917e-01
5.135887679873490930e-01
5.134342185814284587e-01
5.132902192071377989e-01
5.131954198669986811e-01
5.130294229439259501e-01
5.129501752614803456e-01
5.128343446263737837e-01
5.127498031178615578e-01
5.125701452853801410e-01
5.124879695364095156e-01
5.124290554034127698e-01
5.122022873982000624e-01
5.120517800592980784e-01
5.119513829672209804e-01
5.118629659897735440e-01
5.116005674565169414e-01
5.114756082391204162e-01
5.288319756843569142e-01
5.213944205153887568e-01
5.176638933066196602e-01
5.147394640080564798e-01
5.123531909374282600e-01
5.091024656370168877e-01
5.059450216072158835e-01
5.034104160663617211e-01
5.013135091159043322e-01
4.993110565087760522e-01
4.974650308470967008e-01
4.955953350979779293e-01
4.934340952066372243e-01
4.917648320215929902e-01
4.899801187624638343e-01
4.886535591742059426e-01
4.871962084510880198e-01
4.857725472377690812e-01
4.842967528496675000e-01
4.830365107339679165e-01
4.823235852845781380e-01
4.812660193990864199e-01
4.801510767533628821e-01
4.790597329303240559e-01
4.777490544136784312e-01
4.771893085303337556e-01
4.763030851031700985e-01
4.756139757244397526e-01
4.749078348117583004e-01
4.743438454358447354e-01
4.738926660857623596e-01
4.731436529872209973e-01
4.724343761068703906e-01
4.717868925181417650e-01
4.712166693124879013e-01
4.707433534751732651e-01
4.699877917189486665e-01
4.694817122447314528e-01
4.688854188141054480e-01
4.683405337715787486e-01
4.682654888757374900e-01
4.680827714128634742e-01
4.676741098025539722e-01
4.674289949489643936e-01
4.671363031893349671e-01
4.671793694805226882e-01
4.668681886190981789e-01
4.664831144150690667e-01
4.660595966136354407e-01
4.658490377978034558e-01
4.656115215358668791e-01
4.652875282689727943e-01
4.650068235760104196e-01
4.647440473807299410e-01
4.645900005097269858e-01
4.644300815038028829e-01
4.641919041587282968e-01
4.640166774345662049e-01
4.636916965381270850e-01
4.633611980538768771e-01
4.630687522922820598e-01
4.626957742054052525e-01
4.624540165530962588e-01
4.621782020487731901e-01
4.620155440081956666e-01
4.617594424867549896e-01
4.613711424317381571e-01
4.610849987219664547e-01
4.607920326302394898e-01
4.604870096655502842e-01
4.603648037736929322e-01
4.602535030949616024e-01
4.600992791922377534e-01
4.597976504971019174e-01
4.595498970641903602e-01
4.593345488416031297e-01
4.591057347615985496e-01
4.588916454424424862e-01
4.585599616055587302e-01
4.582529866000813468e-01
4.581303889417848718e-01
4.579015440120117741e-01
4.576633879913629688e-01
4.575112836009614381e-01
4.573247055075319034e-01
4.572507159348921379e-01
4.570927999793651386e-01
4.566759500214128131e-01
4.562804846493008770e-01
4.561327295846490104e-01
4.559858183737803827e-01
4.558155931898748570e-01
4.556908301234622871e-01
4.555667645885317918e-01
4.554224818230764860e-01
4.552219613376719543e-01
4.551017349901093634e-01
4.548377798721561227e-01
4.544012244038910242e-01
4.540094837759423019e-01
