3.066032833159975102e-01
2.229208472057677970e-01
1.951180026471677487e-01
1.771828936017381395e-01
1.712142868183388345e-01
1.690698007748329124e-01
1.627979272763531438e-01
1.488126708637783346e-01
1.345844038222956118e-01
1.272742212763018910e-01
1.219452797002778949e-01
1.158758180698896550e-01
1.108417807685441042e-01
1.072973521756150489e-01
1.042540423808115124e-01
1.010250982329781028e-01
9.936221268336253853e-02
9.852546113663181171e-02
9.805803252233316614e-02
9.764003063228028634e-02
9.737448401829738864e-02
9.708838820347863441e-02
9.689615628453696061e-02
9.677359583426042855e-02
9.660451765842338612e-02
9.660596195501100492e-02
9.649386654626482263e-02
9.637939141386618613e-02
9.630121701502682152e-02
9.619041606688626123e-02
9.627616288547549694e-02
9.609495145635361946e-02
9.593553778891761308e-02
9.571245831763443290e-02
9.540371489759447154e-02
9.518683590476567646e-02
9.479574566118098566e-02
9.445785882143370449e-02
9.416447257635171542e-02
9.391224926760792513e-02
9.368797177977680746e-02
9.350415378885339190e-02
9.330532308742053860e-02
9.313275599926118531e-02
9.298695626552702653e-02
9.303192080502431516e-02
9.291874379180356525e-02
9.279849698976243288e-02
9.267368623742665290e-02
9.254327027146452833e-02
9.243111894908392911e-02
9.232688044033603159e-02
9.224328637540574194e-02
9.214838888445450737e-02
9.209716945245124964e-02
9.205558703020368105e-02
9.202675798217942182e-02
9.198663550818343693e-02
9.194097160484127063e-02
9.187938257518438179e-02
9.183193676172143882e-02
9.178833873999232840e-02
9.173865015414643664e-02
9.169375645710423073e-02
9.163363618300074398e-02
9.160220526318223200e-02
9.158055322507967222e-02
9.156118567619761506e-02
9.153986845566089436e-02
9.152449595582540232e-02
9.151697383272565378e-02
9.150957598484030231e-02
9.149903112309296094e-02
9.148439456397797209e-02
9.146414089476737064e-02
9.144444277773743079e-02
9.143114693846549068e-02
9.141504782248288663e-02
9.139768437063668094e-02
9.137801119416004425e-02
9.135780144893690391e-02
9.133903994465387977e-02
9.131819672790751630e-02
9.130165656537551910e-02
9.128524171171815971e-02
9.127466373918854958e-02
9.126404365308027344e-02
9.125487584537270158e-02
9.124694824233278712e-02
9.123882421761372874e-02
9.123138815954492942e-02
9.122260963423457769e-02
9.120955956290699440e-02
9.119612416878025707e-02
9.117840756621443943e-02
9.116195681486370661e-02
9.114647090793528972e-02
9.113525542893868847e-02
9.112560740172272189e-02
9.111275803070392754e-02
8.946767375302831782e-02
8.891381423044125709e-02
8.873785068528486364e-02
8.863066233572572394e-02
8.851349259755750265e-02
8.840760252411664077e-02
8.829781939947600744e-02
8.813679134601988541e-02
8.793880138754621434e-02
8.775484955542145471e-02
8.778906224743200648e-02
8.772904345465215581e-02
8.766523001960360717e-02
8.761731850519847986e-02
8.757334478858262716e-02
8.757667482020600747e-02
8.754053759239892318e-02
8.750973098145094220e-02
8.748907475032192960e-02
8.747247026459595287e-02
8.749475634622770615e-02
8.747763516574165454e-02
8.745934082476244931e-02
8.744223506719903116e-02
8.742119230474530711e-02
8.744467607714079271e-02
8.740594674255008911e-02
8.737321038669031148e-02
8.734293161644567094e-02
8.732084136623481652e-02
8.734591896826293667e-02
8.731256491763837724e-02
8.728304540738396344e-02
8.726148158532422150e-02
8.724204350093239801e-02
8.725121657580031664e-02
8.723334700460093349e-02
8.721860283181097351e-02
8.720693602485796170e-02
8.719746249674170668e-02
8.718863067374130194e-02
8.717700875368446234e-02
8.716773985470038788e-02
8.715150324947210092e-02
8.713976290536450120e-02
8.715646310111557771e-02
8.714260284189373484e-02
8.713061884268145929e-02
8.711827980153455386e-02
8.710777658492356579e-02
8.709616808132430998e-02
8.708464013847362628e-02
8.707172790231439141e-02
8.705922992396673832e-02
8.704419741132184141e-02
8.702400752007410922e-02
8.700220591977349260e-02
8.697479771168020735e-02
8.694941342179543509e-02
8.692980942267426736e-02
8.690601489726174078e-02
8.688103332270033508e-02
8.685429883520782990e-02
8.682273301294719803e-02
8.678623526801335086e-02
8.675424702584229320e-02
8.672778063763936229e-02
8.670300672154915289e-02
8.668233689021603849e-02
8.666438739391907342e-02
8.664627992614180874e-02
8.663378169433125220e-02
8.661806126208219936e-02
8.660216515206656251e-02
8.658575388058556421e-02
8.657036630017725387e-02
8.655878218555757009e-02
8.654842072216105409e-02
8.653887718669237006e-02
8.652782092118969925e-02
8.651730722583376998e-02
8.650647770986102936e-02
8.649662669897147105e-02
8.648836098013037987e-02
8.648203338632139137e-02
8.647511739563948363e-02
8.646841607395389095e-02
8.646093604148742673e-02
8.645416583626400198e-02
8.644664877340386966e-02
8.644162562616015955e-02
8.643519022274746832e-02
8.642876801158380640e-02
8.642093450774930574e-02
8.641454717638580307e-02
8.640706515422630352e-02
8.640011686117307632e-02
8.639256823204068125e-02
8.638592798340138934e-02
8.637868186480474053e-02
8.585162762838523254e-02
8.550373598776676853e-02
8.529565176530254367e-02
8.513341074029454059e-02
8.502045758337838099e-02
8.500146302883193616e-02
8.491390387317655775e-02
8.485225956904123013e-02
8.476964802259603915e-02
8.461906084272992346e-02
8.458955191888686831e-02
8.451379627374693004e-02
8.446163944721450656e-02
8.440921789054699198e-02
8.435558469952517124e-02
8.433622835400327034e-02
8.426354826099008433e-02
8.421541013978414703e-02
8.417645108944035726e-02
8.414373864419125160e-02
8.414118809140183619e-02
8.411543136474146365e-02
8.409155409217787536e-02
8.406316585130171881e-02
8.403734319817614262e-02
8.403345427081730656e-02
8.401825547608048061e-02
8.400326515790058901e-02
8.398861604715622542e-02
8.397439222488081723e-02
8.396703537250445326e-02
8.394994064635016850e-02
8.392835042180211980e-02
8.390924880968236854e-02
8.389185011804375924e-02
8.388305843949625529e-02
8.386578265727134829e-02
8.384903870055032682e-02
8.383038484012592106e-02
8.381489423647689452e-02
8.381684943201406224e-02
8.379970717375248568e-02
8.377959539957323398e-02
8.375604975442653422e-02
8.374061532959301002e-02
8.374429658538158627e-02
8.373309676748638686e-02
8.372146868578357604e-02
8.371092550487686801e-02
8.370193610026652187e-02
8.369094762548008604e-02
8.368109840878945604e-02
8.367183883233113295e-02
8.366305669175365389e-02
8.365459541943301436e-02
8.364640951117445489e-02
8.363734630209294918e-02
8.362834367782219502e-02
8.361858844514737099e-02
8.360979506618279600e-02
8.360390865847334985e-02
8.359585501644690997e-02
8.358825912687856130e-02
8.358218084664234548e-02
8.357366548767604375e-02
8.356429163807170546e-02
8.355512711954260485e-02
8.354526868891094804e-02
8.353474168950274226e-02
8.352475555232359572e-02
8.351167350000861245e-02
8.350129998680415333e-02
8.349217277357523503e-02
8.348295243188220971e-02
8.347421339968422171e-02
8.346463489134962888e-02
8.345586184040400257e-02
8.344658073170650725e-02
8.343750360093608875e-02
8.342795770991172366e-02
8.341613876118669779e-02
8.340574611989050313e-02
8.339813144815315382e-02
8.338820606576247130e-02
8.337972282973488136e-02
8.337166165179707433e-02
8.336167901211713471e-02
8.335138336339707743e-02
8.334073152430089559e-02
8.333362319834337895e-02
8.332695937273515430e-02
8.331966926723806399e-02
8.331316195889433562e-02
8.330530394299118235e-02
8.329952973945711769e-02
8.329220440559254035e-02
8.328365215412859845e-02
8.327385785648125371e-02
8.326470090080077824e-02
8.325237226969976756e-02
8.329438146452436409e-02
8.300818186639943863e-02
8.269684543757359341e-02
8.242113577869411567e-02
8.213904241446304266e-02
8.200774297399687773e-02
8.188445786213981170e-02
8.180443230899425711e-02
8.175328218814621739e-02
8.169905906722552125e-02
8.167709776688464318e-02
8.159615672344154580e-02
8.149739304046990651e-02
8.142016222174675022e-02
8.134486683194616652e-02
8.131918700942590561e-02
8.126201155255596831e-02
8.119338602601958166e-02
8.113875413639902445e-02
8.106716220915484439e-02
8.106918866354680120e-02
8.100612706474709379e-02
8.094623799189441804e-02
8.089530584431178784e-02
8.084430376670113938e-02
8.082831816507747569e-02
8.078385399815203594e-02
8.074750564922965335e-02
8.071262053051199425e-02
8.067604990728644010e-02
8.065875648095711947e-02
8.061689065638026619e-02
8.058497534669809004e-02
8.054420986583411823e-02
8.050928370014402702e-02
8.049912831917224731e-02
8.046348734604316655e-02
8.042886037188459736e-02
8.039695224588072620e-02
8.036453964601979194e-02
8.036217920167894324e-02
8.032266885749912710e-02
8.028852597427681148e-02
8.025403546651371789e-02
8.022622202006608749e-02
8.024447977337942350e-02
8.021969543111874545e-02
8.019441330758057818e-02
8.016980093198562696e-02
8.014716349486591951e-02
8.012659896282603444e-02
8.010213946881161728e-02
8.007653026859749834e-02
8.005200355306309190e-02
8.002928338235636152e-02
8.000821634442294161e-02
7.998608725923460339e-02
7.996515418737899783e-02
7.994545088320614834e-02
7.992701749826461310e-02
7.991002587761997233e-02
7.989160007039944333e-02
7.987486916435065920e-02
7.985969358936870210e-02
7.984324450971973242e-02
7.982806486204716001e-02
7.981405950793274418e-02
7.980041098381353282e-02
7.978575612393090655e-02
7.977111669509680258e-02
7.975768532770910468e-02
7.974602883267040143e-02
7.972929581133920973e-02
7.971217324107919555e-02
7.969374537980418449e-02
7.967414662554012095e-02
7.965514638500290068e-02
7.964043918703317404e-02
7.962941945451056103e-02
7.961490274246138532e-02
7.960445521168853233e-02
7.959346362104649519e-02
7.958099455072226158e-02
7.956874209717600122e-02
7.955703632219381094e-02
7.954531336533014751e-02
7.953420553424224437e-02
7.952284359216087173e-02
7.951116356333243207e-02
7.950274167509029100e-02
7.949218487175473136e-02
7.948141695211127788e-02
7.947356316253595399e-02
7.946489936058789838e-02
7.945746950853292689e-02
7.944911157793094203e-02
7.944002364653023063e-02
7.942925109934896588e-02
7.942164080362869305e-02
7.941284201983496438e-02
7.950322050056503331e-02
7.933117676437019539e-02
7.915878956677455114e-02
7.898300772199809416e-02
7.886177272766066448e-02
7.882066688202762905e-02
7.875101877505313874e-02
7.868789000369709463e-02
7.860670632587578310e-02
7.852925908201924265e-02
7.849263396666941728e-02
7.841261284453998615e-02
7.836337312971651536e-02
7.832502155971560187e-02
7.828358706210160334e-02
7.829405563210807550e-02
7.825282285913563729e-02
7.821302475023118872e-02
7.817713267123284349e-02
7.813529180456146861e-02
7.814369928366757256e-02
7.811009770489217574e-02
7.807973098792951594e-02
7.803391263423353763e-02
7.799353785997001354e-02
7.795070506708121072e-02
7.791528791754250005e-02
7.787104121386079214e-02
7.783715537568987319e-02
7.780082268397391088e-02
7.778666854487066573e-02
7.775438253139141387e-02
7.772489555371489556e-02
7.769514690014030223e-02
7.766528830910483794e-02
7.765870583752924883e-02
7.762880123541843203e-02
7.760398359312740968e-02
7.757557696353101218e-02
7.754945215238137624e-02
7.755256734215631997e-02
7.752062063953915616e-02
7.749838302784864408e-02
7.747961706455634701e-02
7.745530230802398497e-02
7.747092374696114281e-02
7.745080057860836975e-02
7.743387545480481804e-02
7.741756259494017578e-02
7.740153000032862218e-02
7.738644032795086170e-02
7.736792781716246570e-02
7.734828461032350333e-02
7.732559611485227691e-02
7.730650686550584461e-02
7.728662150647075402e-02
7.726829394426847075e-02
7.724821699751677206e-02
7.722899714999156839e-02
7.721259152298237671e-02
7.719367796693521466e-02
7.717711758862381977e-02
7.715944750718718714e-02
7.714064566610388807e-02
7.711503208858551395e-02
7.709038302359652595e-02
7.706868469120499443e-02
7.705264625200813899e-02
7.703023933995957473e-02
7.701140916520197999e-02
7.699603606984999071e-02
7.698095745810737411e-02
7.696709563029452417e-02
7.695357781360663563e-02
7.693749308506681039e-02
7.691918366236921711e-02
7.690411926025235434e-02
7.688957686522041035e-02
7.687365355302488990e-02
7.686313421566386139e-02
7.685302296257946753e-02
7.683966077442870579e-02
7.682544832770644982e-02
7.681004371029971634e-02
7.678938773295940212e-02
7.677116085918662958e-02
7.674555028570269333e-02
7.671955420808455883e-02
7.669463979694947364e-02
7.666272045149932768e-02
7.663832283717895988e-02
7.661090030687037200e-02
7.657896339329074709e-02
7.654978419528832290e-02
7.651238201060349409e-02
7.647484988398119132e-02
7.643700282947250846e-02
7.640897994825535111e-02
7.638466248931069513e-02
7.636049946963734125e-02
