1.834258372745749821e-01
1.098108783318563625e-01
9.100872272243379357e-02
8.082973023964246106e-02
7.512763188589952068e-02
7.521609530282116762e-02
6.923862819096714138e-02
6.491303620241760386e-02
6.172208643698088443e-02
5.907076288060671143e-02
5.621721858883106659e-02
5.120024183339404178e-02
4.610145349498491474e-02
4.297040510351672615e-02
4.080933253977142572e-02
3.953229759906123908e-02
3.758353313064648205e-02
3.581987323684875796e-02
3.460322723174180659e-02
3.361153664815958592e-02
3.302618794568066424e-02
3.226857532162692721e-02
3.152171879452404096e-02
3.082262303004799225e-02
3.020021209913919744e-02
3.010614390482482111e-02
2.931421100945883276e-02
2.867693644758605512e-02
2.830683104578535919e-02
2.796109571662373436e-02
2.793982271950334884e-02
2.756441603561967865e-02
2.732064374138575003e-02
2.710012819865705719e-02
2.689137523974330021e-02
2.681908769381377913e-02
2.660676870501099342e-02
2.640578908496849300e-02
2.626771114227733489e-02
2.615982178881180384e-02
2.609534808129984271e-02
2.598095523937443696e-02
2.586407708775951414e-02
2.576678848217007697e-02
2.564958468887452991e-02
2.560287140409006623e-02
2.549650134284258546e-02
2.540065819364437441e-02
2.530967424532432758e-02
2.521386491618587619e-02
2.511650878951213889e-02
2.503313887808809174e-02
2.496409454198794675e-02
2.490427246176547121e-02
2.485725349857429226e-02
2.481907178228652533e-02
2.477633611265791028e-02
2.472695516350112421e-02
2.469216565692681706e-02
2.465628867614886449e-02
2.460703632977780109e-02
2.455846477081986140e-02
2.450593308657438019e-02
2.445238902774429096e-02
2.441110167607701484e-02
2.437838949582237305e-02
2.434263064981852590e-02
2.428689205112561506e-02
2.425065434289668670e-02
2.421542605933878906e-02
2.418052952985525611e-02
2.414475208983500251e-02
2.410129460326449966e-02
2.407258769970364171e-02
2.403997762523902085e-02
2.401878102743704516e-02
2.399412326152736835e-02
2.396259336257974132e-02
2.393845103267223592e-02
2.390849972675987770e-02
2.387238892183432201e-02
2.384177078383321532e-02
2.381321306715383779e-02
2.378507690222171275e-02
2.376231615669047864e-02
2.373552316351339522e-02
2.371247911658251953e-02
2.369304446509202730e-02
2.367772908093563472e-02
2.365291422807893479e-02
2.363179612980415706e-02
2.360728544223050437e-02
2.359185686790355244e-02
2.356851168912550004e-02
2.354617439813368532e-02
2.351823422918692882e-02
2.350093901943026836e-02
2.348949648242861996e-02
2.347280677392341378e-02
2.345580983748419765e-02
2.313486663657387740e-02
2.284646955701721133e-02
2.265604503811710635e-02
2.252830038079108727e-02
2.243163056960490592e-02
2.231885142782516832e-02
2.224896590370607774e-02
2.218943652374121348e-02
2.212597280424068169e-02
2.206929844135696941e-02
2.200994089249181870e-02
2.196671245570355410e-02
2.191606612490330785e-02
2.187763451370089082e-02
2.184630624820642353e-02
2.180696821188398901e-02
2.176524412270154987e-02
2.172301577935399283e-02
2.167937364597724223e-02
2.163703868695644739e-02
2.160739206038955751e-02
2.156981932354333498e-02
2.153428993767797159e-02
2.150024269318094594e-02
2.146609292233894392e-02
2.144697147971256351e-02
2.140870038321836602e-02
2.137675808081976672e-02
2.134377619817161634e-02
2.131816029879677471e-02
2.130272185773786006e-02
2.127708117058488974e-02
2.125395752506942584e-02
2.122498942620184084e-02
2.119792789448010639e-02
2.118715592735634021e-02
2.116663530159426654e-02
2.114952528144741981e-02
2.113151110352649159e-02
2.111530662295533697e-02
2.111152184037748750e-02
2.109201655477293755e-02
2.107547875984625008e-02
2.105843821492132603e-02
2.103626661137785250e-02
2.102877179830443116e-02
2.100795036956649986e-02
2.098179688133549117e-02
2.095200758475244604e-02
2.092701899292929990e-02
2.090750465339479350e-02
2.088348004757937040e-02
2.086113482683232129e-02
2.083676005975903037e-02
2.081198635628829161e-02
2.078331837557994763e-02
2.075577044130635582e-02
2.072742149563171904e-02
2.069783031689074668e-02
2.066678245767052807e-02
2.063394482797902343e-02
2.060227272173512439e-02
2.056997557463335902e-02
2.052957870273226793e-02
2.048960015097913562e-02
2.045182226878969334e-02
2.040327453550421638e-02
2.036568138619564844e-02
2.032826829719168102e-02
2.028938715676794485e-02
2.024407698862908112e-02
2.021159652480284535e-02
2.018061367167316156e-02
2.014259548589192664e-02
2.009247737027847897e-02
2.005084390729269805e-02
2.001931834961460585e-02
1.998497002735662165e-02
1.993891911275602960e-02
1.989919866884509725e-02
1.986639890746816003e-02
1.982933104330364057e-02
1.979983569430988910e-02
1.976564610365736871e-02
1.973727645547456583e-02
1.970632032875451606e-02
1.967700483310351467e-02
1.964232491791538526e-02
1.960033421967562889e-02
1.956316230178949817e-02
1.953280019787546548e-02
1.950510613661697937e-02
1.947265694362627572e-02
1.945460919302476402e-02
1.943254704224695734e-02
1.940887387246655396e-02
1.938122644030617139e-02
1.935756431716873643e-02
1.933371711887505937e-02
1.931296131108318007e-02
1.931567753496644252e-02
1.903100615176385804e-02
1.883676399717863076e-02
1.871877906391711255e-02
1.859899845094913420e-02
1.853036071547264213e-02
1.844308993265054986e-02
1.836733816849112078e-02
1.828896340984950686e-02
1.822093317193602263e-02
1.816776299857679813e-02
1.810960604971445856e-02
1.805500505174856621e-02
1.800791063770916176e-02
1.795943313044305947e-02
1.793131844100062655e-02
1.788679286524668885e-02
1.784782225516980472e-02
1.781160589120741808e-02
1.776822243313096530e-02
1.779234708795813732e-02
1.774383379374062236e-02
1.769670332774276461e-02
1.764912276650628525e-02
1.760199524903106189e-02
1.768307972145182969e-02
1.763757636157971265e-02
1.760100660613900594e-02
1.756304956290533070e-02
1.752834566920426565e-02
1.755977731885242227e-02
1.752326454571501158e-02
1.749530676513692817e-02
1.746644374077544262e-02
1.744473985557488255e-02
1.744310982069345942e-02
1.741662152716840634e-02
1.739087386558721762e-02
1.736900997558936399e-02
1.735078714453333615e-02
1.737153517454220059e-02
1.735233443954008192e-02
1.733571836697177931e-02
1.731927672057351555e-02
1.730252297615130636e-02
1.729620357695988569e-02
1.727956551555422798e-02
1.726662699631607151e-02
1.725492099088297981e-02
1.724169252577888514e-02
1.723094433423678906e-02
1.722005256834004128e-02
1.720635472457986495e-02
1.719587509576195675e-02
1.718140724484773854e-02
1.717037023674282403e-02
1.715727523251903835e-02
1.714596986744405804e-02
1.713628946930676952e-02
1.712529062261332335e-02
1.711476567943012381e-02
1.710380659954208876e-02
1.709600761263361385e-02
1.708683829389348249e-02
1.707816849660762082e-02
1.706736016092788577e-02
1.705651681187523097e-02
1.704517747624860122e-02
1.703351525789182849e-02
1.702269664421864406e-02
1.700930014376839453e-02
1.699785803997153760e-02
1.698590293397288578e-02
1.697475910681160369e-02
1.696354844159746189e-02
1.695350822007645614e-02
1.694374091580184635e-02
1.693419990726220681e-02
1.692670128600535021e-02
1.691851866618564182e-02
1.691137841703076530e-02
1.690416661613711874e-02
1.689769088033011776e-02
1.689308474301773333e-02
1.688703826418566298e-02
1.688205520144754959e-02
1.687792546707637259e-02
1.687408610647985266e-02
1.686955152971111524e-02
1.686572940086192643e-02
1.686245223543865815e-02
1.685841804171480524e-02
1.685471605901362607e-02
1.685129660308841426e-02
1.684798277933369573e-02
1.684504227525651307e-02
1.684132852120483193e-02
1.683775467779078175e-02
1.683362135809286439e-02
1.682943370313219264e-02
1.969397425065922205e-02
1.819478964248137307e-02
1.763779118990684361e-02
1.729573825620283820e-02
1.702740838388464018e-02
1.691463014500029644e-02
1.674023284988572502e-02
1.662066407131309806e-02
1.649172260854771255e-02
1.639511837435380856e-02
1.632173073548334741e-02
1.624457246868883306e-02
1.617926549949876350e-02
1.611673680943158035e-02
1.606272286668392058e-02
1.604959818503143981e-02
1.600930932411307600e-02
1.597377495419992355e-02
1.594027738841914330e-02
1.590880851940705554e-02
1.590722144647080394e-02
1.587443084229950285e-02
1.584173772450842010e-02
1.581034496547504414e-02
1.578782223013361005e-02
1.577972479837168665e-02
1.575185997600580048e-02
1.573091603926119603e-02
1.571113201068127102e-02
1.569222758576045360e-02
1.571431379165374315e-02
1.568902602117348832e-02
1.566829417779788680e-02
1.564954402321722116e-02
1.563223871850678154e-02
1.563401380690648823e-02
1.561298019547310498e-02
1.559652740392332079e-02
1.557942716331837778e-02
1.556070424159424793e-02
1.556054903276606581e-02
1.554199399685283513e-02
1.552595950326039580e-02
1.550892443404907478e-02
1.549076658244111747e-02
1.549007121620081008e-02
1.547385682023686045e-02
1.545868159800435973e-02
1.544087721102576673e-02
1.542391988115984595e-02
1.540924923203741345e-02
1.539603744666140361e-02
1.538076683009933880e-02
1.536908980269528074e-02
1.535817030307824391e-02
1.534607242569669891e-02
1.533475664431931985e-02
1.532382558691994419e-02
1.531201071541768433e-02
1.530058638174214107e-02
1.529039433371620627e-02
1.528109688275494649e-02
1.527116606517981388e-02
1.526251191140341572e-02
1.525471063484743796e-02
1.524617833923013963e-02
1.523919975193094647e-02
1.523207224397631933e-02
1.522598893789165950e-02
1.522132390263058153e-02
1.521707164756003032e-02
1.521278324435392480e-02
1.520702430800088475e-02
1.520200826068726294e-02
1.519727881664919948e-02
1.519319989431873984e-02
1.518915097493716074e-02
1.518374215070166303e-02
1.517905004103279297e-02
1.517424604428643797e-02
1.516951587869986608e-02
1.516477804345799617e-02
1.516061574486001449e-02
1.515680680609567295e-02
1.515258590036012293e-02
1.514803925118108144e-02
1.514348200292049348e-02
1.513896562041768500e-02
1.513486682986752568e-02
1.513023109436931538e-02
1.512534312935872455e-02
1.512081007400700901e-02
1.511677844767404105e-02
1.511225993599762431e-02
1.510881655830802368e-02
1.510539607076560355e-02
1.510184838368367269e-02
1.509884290679716287e-02
1.509561058276023826e-02
1.509252800960987802e-02
1.594240664603025978e-02
1.544364066872327274e-02
1.518773619561119941e-02
1.501674174315893208e-02
1.489397905134936910e-02
1.487419061944445474e-02
1.479207254042895492e-02
1.471013781714441276e-02
1.464502390437115442e-02
1.459196002085163917e-02
1.457151302965605834e-02
1.453155543429721953e-02
1.449274863852023816e-02
1.445855932448525220e-02
1.442630346707612227e-02
1.441614950614275407e-02
1.438891144250882895e-02
1.436560303341751811e-02
1.434063187805765388e-02
1.431732288698709700e-02
1.432265918592505113e-02
1.430285307168882060e-02
1.428250163730229727e-02
1.426528465804643639e-02
1.424639717831255314e-02
1.426191307783315938e-02
1.424279884699183353e-02
1.422583949698374636e-02
1.420907462498567642e-02
1.419283663027561850e-02
1.421182243645914729e-02
1.419239694086263381e-02
1.417745585946012486e-02
1.416442856867051146e-02
1.415152425771264849e-02
1.416752356994390762e-02
1.415198321249834350e-02
1.413795688221390970e-02
1.412719022259490906e-02
1.411839465920401195e-02
1.413176161550974523e-02
1.411034211242149020e-02
1.409619834965010303e-02
1.408160972458805983e-02
1.406802372355374364e-02
1.409217799024562422e-02
1.406237411392851668e-02
1.404467598184890899e-02
1.402826694074613134e-02
1.401122644677360064e-02
1.399267901480382575e-02
1.397700732719535377e-02
1.396333640879430377e-02
1.394686505441104091e-02
1.393400211057541256e-02
1.392079142285332881e-02
1.390538812378613182e-02
1.389247629116421336e-02
1.387836908708892786e-02
1.386267985848947497e-02
1.384971825302679267e-02
1.383252959613822178e-02
1.381877857872760781e-02
1.380551988925637734e-02
1.379265693031865060e-02
1.378014984008071528e-02
1.376977826297779046e-02
1.376048428939617360e-02
1.375075779147038636e-02
1.374156720484424887e-02
1.373402363135711388e-02
1.372610556145678791e-02
1.371841423600426470e-02
1.371126229321772798e-02
1.370412976201530394e-02
1.369687383080427610e-02
1.368739644844978350e-02
1.368115337305691667e-02
1.367353059522473727e-02
1.366656459684811691e-02
1.366016886516070727e-02
1.365418500884718785e-02
1.364828792686793857e-02
1.364231916134431635e-02
1.363679496703472209e-02
1.363133493034944695e-02
1.362625091712922273e-02
1.362119322413231012e-02
1.361574320734175968e-02
1.361150608941222480e-02
1.360790684817628736e-02
1.360393233703007659e-02
1.359993814021183411e-02
1.359632691903865480e-02
1.359149175173193606e-02
1.358826277766481128e-02
1.358356005170396376e-02
1.357998067674750196e-02
1.357642729336364616e-02
1.357277604765081379e-02
