2.335799616682150137e-01
8.057288297482088912e-02
5.815712950823732907e-02
3.330171504914709174e-02
2.215274922650265280e-02
1.694178202726475888e-02
1.425734044758586450e-02
1.172015395397564205e-02
9.636266860496395595e-03
8.675110298537137485e-03
6.290091552266323209e-03
5.673882830104103395e-03
5.245227644679511039e-03
4.821461886186451454e-03
4.294826228242806451e-03
3.851819756666957206e-03
3.593276190592637875e-03
3.372430786611197231e-03
3.181107660104337802e-03
3.023801673222093964e-03
2.887205611691589634e-03
2.763243424602781616e-03
2.654652259581430970e-03
2.550832695300056518e-03
2.458834033099427299e-03
2.293748048730845281e-03
2.093141056031924945e-03
2.013646782143203081e-03
1.951593369235537709e-03
1.885470881194970276e-03
1.794849856205417383e-03
1.708535919118652673e-03
1.641587585955867285e-03
1.579930682618110047e-03
1.538555922071255548e-03
1.501978472011771416e-03
1.448033081003291143e-03
1.388638213211399689e-03
1.347375810628195477e-03
1.314342940890130375e-03
1.271777819550739966e-03
1.241330532287310273e-03
1.189100518643827981e-03
1.141939752339318900e-03
1.113585984148602725e-03
1.089965169382262804e-03
1.053533237239641721e-03
9.969301434084704670e-04
9.573890545068118292e-04
9.025453212572039302e-04
8.772697541915127012e-04
8.571926663497582508e-04
8.171194376521185871e-04
7.785965988888599422e-04
7.707069512680375569e-04
7.618502664412308461e-04
7.508384338953192879e-04
7.404265366968827656e-04
7.295695755734391778e-04
7.191100789386813477e-04
7.002514186894263784e-04
6.835767698585678209e-04
6.757472837033712135e-04
6.639731215611024322e-04
6.530600307766248587e-04
6.465121391226470162e-04
6.393846640560455060e-04
6.330750850994272668e-04
6.228560475210125980e-04
6.146475551457829256e-04
5.719789433605459343e-04
5.332270563669296200e-04
5.279731294175670983e-04
5.211849737384529908e-04
5.159899044273809788e-04
5.113949527312455431e-04
5.071206550440258672e-04
5.032154375821467317e-04
4.989881496958947999e-04
4.953141058826273811e-04
4.911535619243519168e-04
4.851972134956367339e-04
4.799111874552511574e-04
4.733811888709525011e-04
4.677360226760044208e-04
4.636985180703650546e-04
4.591036881982599746e-04
4.446273672926223251e-04
4.327686378248598643e-04
4.238367260333383477e-04
4.164335302462988703e-04
4.072625581674747287e-04
3.993470890363839346e-04
3.866418825135207169e-04
3.793885812192137425e-04
3.736122220219610917e-04
3.678375671467642126e-04
3.642824201806512925e-04
3.605574793317076372e-04
3.463854527851048179e-04
3.332259192021446662e-04
3.305411391677330613e-04
3.285868009170212498e-04
3.264700329532099136e-04
3.242254807071244223e-04
3.219421388646793330e-04
3.171180490601876838e-04
3.132913679984914270e-04
3.111788921393022741e-04
3.093039725774185335e-04
3.071254022407596870e-04
3.052506041319640929e-04
3.037206878607059480e-04
3.016879430918891153e-04
2.997388702159812200e-04
2.983132675803382866e-04
2.965613039010556694e-04
2.949428535697947297e-04
2.936078686723274118e-04
2.922598925166248508e-04
2.906842202331132510e-04
2.890991834506252060e-04
2.870507541878880423e-04
2.847215885574540619e-04
2.743440053484956140e-04
2.649583125742402878e-04
2.590410648887504080e-04
2.532658600960964175e-04
2.512130399475244230e-04
2.492725346664594705e-04
2.477840223901132261e-04
2.458172096891134660e-04
2.443761750509966806e-04
2.431684368097127361e-04
2.420968729846714978e-04
2.411404692940774335e-04
2.397031786761119566e-04
2.383411603191895785e-04
2.374697162581436156e-04
2.364959590884930369e-04
2.353502550085890079e-04
2.338251781589258495e-04
2.328561414735114078e-04
2.319523981054018931e-04
2.310663655857228950e-04
2.301393327690145736e-04
2.285930735429443292e-04
2.273062370435728760e-04
2.263108936906092208e-04
2.252943566822170887e-04
2.239388822616109054e-04
2.228542162699281859e-04
2.214069674774708590e-04
2.199501771758457787e-04
2.173985224763760144e-04
2.162239777729217985e-04
2.154324865900903981e-04
2.145802166518942825e-04
2.135231818245677128e-04
2.125868436132448674e-04
2.118169256980216607e-04
2.104866638566529348e-04
2.089156126949419021e-04
2.077168452762095019e-04
2.064525692378158547e-04
2.051991004161431316e-04
2.037259295809773843e-04
2.025373084154682968e-04
2.012746595236799294e-04
2.004178008629135723e-04
1.995714944505845654e-04
1.988058667235958121e-04
1.749640110642582884e-04
1.571155503933732277e-04
1.562110443220610079e-04
1.553078540554743273e-04
1.546492729615591203e-04
1.538484176532327666e-04
1.533416150995047856e-04
1.530054790202053136e-04
1.525722521782448546e-04
1.521106546354645758e-04
1.517760967402594985e-04
1.513417018777856143e-04
1.509324396557753525e-04
1.503265685084410311e-04
1.497486658472678151e-04
1.489660141562709598e-04
1.483110212364041657e-04
1.478543921041649168e-04
1.473507526890471342e-04
1.468734138810763579e-04
1.463383717607978532e-04
1.459793785965705633e-04
1.454552433672754244e-04
1.449713725420597875e-04
1.443781865781784636e-04
1.438193902164666964e-04
1.433928140066099727e-04
1.430180539090691492e-04
1.427208285884016561e-04
1.423250448472461460e-04
1.419353526773330456e-04
1.413827725143442513e-04
1.409367818215475320e-04
1.404458405811214198e-04
1.399477164418301447e-04
1.394090829782180531e-04
1.388994638234447392e-04
1.385801908817064826e-04
1.382144115972482295e-04
1.379072849772431579e-04
1.376136124081069989e-04
1.371397503580080036e-04
1.366255222383712549e-04
1.358572088601594705e-04
1.345201355758453429e-04
1.337013025083626922e-04
1.328222157749171090e-04
1.319616034707532602e-04
1.313668945306739285e-04
1.307828514401294972e-04
1.304558580412149807e-04
1.299077881630151198e-04
1.294656495306016077e-04
1.291056357692850552e-04
1.287055777385741394e-04
1.283755925357240625e-04
1.268821916083290660e-04
1.258403502711152009e-04
1.254637500815892082e-04
1.250328477065801617e-04
1.246871702809176561e-04
1.243723965960022492e-04
1.239389681220768409e-04
1.235000449602154213e-04
1.230385024299068526e-04
1.226824086376239172e-04
1.220388653255832415e-04
1.207884641883473969e-04
1.202962074283823741e-04
1.192614521359629828e-04
1.182744813244506193e-04
1.178513270030013036e-04
1.173996934773075934e-04
1.168102074648844660e-04
1.161540413477505133e-04
1.143574916993651326e-04
1.124035586710593799e-04
1.119558181493248941e-04
1.115036890531847830e-04
1.101193937576021471e-04
1.085693628835776353e-04
1.081280229475772208e-04
1.077689217710501972e-04
1.073537504754813743e-04
1.069081270249461717e-04
1.066246094132033327e-04
1.061327752389847485e-04
1.057935301005194240e-04
1.037102418824673380e-04
9.871064678573805414e-05
9.825534022458816733e-05
9.799003774580835268e-05
9.775853549925237113e-05
9.742170643287430298e-05
9.710015158680745310e-05
9.693481443857889185e-05
9.675296091306757895e-05
9.657691096886148016e-05
9.625580127318642508e-05
9.599738076994149250e-05
9.581655818339062758e-05
9.562235599189538627e-05
9.546495409726059452e-05
9.530484509794584079e-05
9.513642253404011042e-05
9.498720980775162033e-05
9.479165696461505446e-05
9.460945222490419978e-05
9.446348763230781717e-05
9.430343715621165618e-05
9.412875626410032478e-05
9.395214310716846064e-05
9.377035919778186159e-05
9.363099128451928238e-05
9.178867964879104571e-05
8.990144929993363503e-05
8.951195641147715980e-05
8.915393066394982746e-05
8.874947942395271304e-05
8.832862150622856066e-05
8.814562303328794227e-05
8.797615391976572623e-05
8.783983527551094534e-05
8.769880946574103143e-05
8.746183484728666045e-05
8.721990451202577791e-05
8.658588997860609566e-05
8.604614617289458494e-05
8.528952363636066100e-05
8.448768384604411525e-05
8.431633909232957055e-05
8.412908921533614854e-05
8.401711300756120008e-05
8.389668772960413856e-05
8.376439860485782680e-05
8.362296007124160276e-05
8.342669545673409546e-05
8.323023104144875047e-05
8.310553004663315615e-05
8.299168102779872175e-05
8.283962935408150155e-05
8.250585330843519306e-05
8.219687559060298966e-05
8.194576414190678953e-05
8.174750886404949166e-05
8.159059331852874417e-05
8.143067774543737939e-05
8.129634012053849296e-05
8.117173211184023978e-05
8.104272115984927267e-05
8.081684298756029738e-05
8.055335436171413876e-05
7.982890792158758430e-05
7.909377386829437989e-05
7.845473414195597197e-05
7.775737548457369865e-05
7.748287161208616412e-05
7.721629120792620896e-05
7.708032086361585604e-05
7.695146781794870200e-05
7.682723078872229520e-05
7.664322157199590364e-05
7.652865260856604724e-05
7.638796941236528114e-05
7.621358610356018608e-05
7.600289879692248985e-05
7.588127631849172930e-05
7.573038576247122374e-05
7.559891839130472688e-05
7.549410161257491406e-05
7.536693743725215598e-05
7.526186466961631285e-05
7.513232148931002518e-05
7.500271674157323531e-05
7.487444698895251297e-05
7.474736293900711656e-05
7.462827974312219882e-05
7.444792916714418666e-05
7.428829690522244439e-05
7.417119079338944769e-05
7.405604796655264257e-05
7.388384615031819863e-05
7.375451148905628161e-05
7.364863417391281615e-05
7.354092383734975010e-05
7.344274454068705732e-05
7.325702195827758323e-05
7.307398807771330019e-05
7.299304671463070966e-05
7.289561534166846075e-05
7.278209954138920544e-05
7.269127919738859627e-05
7.258951960139185312e-05
7.243973643995697874e-05
7.225226445140589494e-05
7.211824631762798630e-05
7.195446166432339734e-05
7.180963994240134672e-05
7.169177471008437487e-05
7.158330460937316168e-05
7.137082633321800002e-05
7.118154984677674702e-05
7.100860005058210703e-05
7.080959370634553978e-05
7.056630209983799922e-05
7.035637796535516928e-05
6.979653723901634271e-05
6.893262817467338060e-05
6.848806148296344043e-05
6.799940745592675684e-05
6.776801514316636258e-05
6.755341180912997738e-05
6.745112184949898489e-05
6.734226681805877005e-05
6.720917457042107962e-05
6.710071670844448258e-05
6.677471564134022247e-05
6.645175475209955497e-05
6.614570020704667970e-05
6.581734430000521030e-05
6.545115097057559368e-05
6.517929091671802308e-05
6.500896415887463125e-05
6.477972952437032698e-05
6.470039410520471586e-05
6.463066978536871111e-05
6.455982989887100866e-05
6.448090588827532865e-05
6.440152049317007116e-05
6.432049484608571926e-05
6.424197878145296531e-05
6.416799505466032956e-05
6.407821831657637031e-05
6.400789415035895073e-05
6.392030057842576745e-05
6.384236293646815415e-05
6.370636961394633170e-05
6.359018108964858593e-05
6.350705669221167577e-05
6.343147707178169311e-05
6.335014112823973177e-05
6.327445028993757058e-05
6.316750862752627306e-05
6.304238699580677608e-05
6.296250823002052556e-05
6.289051432434730152e-05
6.281960034055033919e-05
6.274105570545367877e-05
6.266287595603172627e-05
6.259533880907441677e-05
6.244692728427057317e-05
6.230324241844575320e-05
6.214980932870137794e-05
6.202016717420844223e-05
6.187832696632037147e-05
6.174291797944704769e-05
6.160706466316714957e-05
6.147227625024317737e-05
6.135181168612825222e-05
6.122132323427979838e-05
6.075783807608695731e-05
6.026576651311881232e-05
6.005350187810171560e-05
5.982827090291565020e-05
5.968791572094343562e-05
5.950583759184145276e-05
5.933799108827532290e-05
5.916041794412976729e-05
5.895219408694058459e-05
5.871896249176294897e-05
5.853670931872166861e-05
5.821137262114426942e-05
5.799918148162569849e-05
5.786447561550159328e-05
5.773936457214987110e-05
5.759001526388381453e-05
5.743075002526755761e-05
5.727604786318079053e-05
5.722412470019069770e-05
5.713938400722819297e-05
5.704180094193322432e-05
5.694158371959399153e-05
5.682926325719293533e-05
5.675406633115715263e-05
5.667371142050891300e-05
5.659122972499300996e-05
5.650249466905734572e-05
5.641839040928243163e-05
5.635041288209120851e-05
5.627831303897684628e-05
5.620647812960835116e-05
5.588799263226805079e-05
5.565992591315191955e-05
5.559509601073279658e-05
5.551510748511741120e-05
5.544407441248631115e-05
5.537934792495304839e-05
5.530757077664409270e-05
5.524150225117963303e-05
5.516851969307383732e-05
5.510282163381202800e-05
5.504947666513806628e-05
5.494597649762758047e-05
5.485607037238668106e-05
5.479434665270082499e-05
5.470525628112812692e-05
5.460962464287661978e-05
5.454905549004219003e-05
5.449410073169842436e-05
5.444292033386991648e-05
5.438220692602315951e-05
5.431737849823863284e-05
5.425667873398351023e-05
5.418989985681609472e-05
5.413306116955317879e-05
5.406680718144453489e-05
5.368045691736429692e-05
5.331007369648975701e-05
5.316946143578544744e-05
5.301497890378559767e-05
5.260737404690155874e-05
5.224207952674124998e-05
5.192562121340724780e-05
5.163169727061385440e-05
5.137535445696861375e-05
5.112492361145398094e-05
5.107259055951880993e-05
5.102176052973131240e-05
