9.480218630580774519e-01
9.379916823216322141e-01
9.308861699882283736e-01
9.260341120522619374e-01
9.236085153460543706e-01
9.315563803945813293e-01
9.289388384540568921e-01
9.258835970631272838e-01
9.237775869297841780e-01
9.225919956929320431e-01
9.247546333273992669e-01
9.234473097063403690e-01
9.219829704439285178e-01
9.203417536770538421e-01
9.192317827661691254e-01
9.227087401748712558e-01
9.209663216967380883e-01
9.195903697450501513e-01
9.186607807390974045e-01
9.179430661376253298e-01
9.202026975223269734e-01
9.191292138626349084e-01
9.183803944993654822e-01
9.178676103335452474e-01
9.173903401192700091e-01
9.196547085854710479e-01
9.184902846505504925e-01
9.175273633158701481e-01
9.167809061905854984e-01
9.161631703283209527e-01
9.195733106730922257e-01
9.189071368546518626e-01
9.174785157999074681e-01
9.166862383616385390e-01
9.161247679779497277e-01
9.191308786120258034e-01
9.176823889169412052e-01
9.169255036723455987e-01
9.162873440167010886e-01
9.158403123506901888e-01
9.190816107795071188e-01
9.182456102601008752e-01
9.174736068641836662e-01
9.168603374502715120e-01
9.166069124131237533e-01
9.200330642942085024e-01
9.190002287634815303e-01
9.183134541961962549e-01
9.175407990253208190e-01
9.168345772769598279e-01
9.163428956958882265e-01
9.160543325803919279e-01
9.158322307666509898e-01
9.155950456337953458e-01
9.153680091857686607e-01
9.152420470514446293e-01
9.151267636381400505e-01
9.149985480147588834e-01
9.148675275631484860e-01
9.147557273954789459e-01
9.146662987781913889e-01
9.145973550702487520e-01
9.145098379611672490e-01
9.143979939360092901e-01
9.143008460464784326e-01
9.142039273831786828e-01
9.141078184378815807e-01
9.139815286727387411e-01
9.139160150602341215e-01
9.138103681226762420e-01
9.137321246562283283e-01
9.136589751708034113e-01
9.135839747349290274e-01
9.135260455947112890e-01
9.134598029731028079e-01
9.133947392059884596e-01
9.133359742786734126e-01
9.132811774271567540e-01
9.132294537107078503e-01
9.131683981202537437e-01
9.131161527162983127e-01
9.130656658413774940e-01
9.129633145317856968e-01
9.128629235774124995e-01
9.127251582193942614e-01
9.126000834645672244e-01
9.124752723517588482e-01
9.123758188718209539e-01
9.122791397148113379e-01
9.121082258157244826e-01
9.119066247801265179e-01
9.117546016191951930e-01
9.116636607113282054e-01
9.116028082020055656e-01
9.115415042386681987e-01
9.114850154798161963e-01
9.114159492979375665e-01
9.113509954337184471e-01
9.112849483918141757e-01
9.112059791933819763e-01
8.987791439251062720e-01
8.940453693242206290e-01
8.920064506538848415e-01
8.904496930054196513e-01
8.890266198094427530e-01
8.880801397047299872e-01
8.874003492836984863e-01
8.865535440851207705e-01
8.859587661065821962e-01
8.852291167057210197e-01
8.845690535028990498e-01
8.835704898824944253e-01
8.828283125114951835e-01
8.819111680439395418e-01
8.808298831328527090e-01
8.801330557193364212e-01
8.792138310163148951e-01
8.782278853540385066e-01
8.775614804338033315e-01
8.770544376780368134e-01
8.767678940881462601e-01
8.762576559718375790e-01
8.757691367874003152e-01
8.750819089687695840e-01
8.738139387300155603e-01
8.730909731022017395e-01
8.718230019989164914e-01
8.707149217087895021e-01
8.699953349526943214e-01
8.694155392290561224e-01
8.693053863919749658e-01
8.689612752164658227e-01
8.685549405635026865e-01
8.680972836459032171e-01
8.677161168035663064e-01
8.673978964910501466e-01
8.665933384786118632e-01
8.658947436186709146e-01
8.652804520444393743e-01
8.645986607045645922e-01
8.645905472621217003e-01
8.641094310743877571e-01
8.636878563227153860e-01
8.633004886477088080e-01
8.628039990802797155e-01
8.628576268144549921e-01
8.625167950965206831e-01
8.621966751741261259e-01
8.618613961753315289e-01
8.615312214697606885e-01
8.611094781981811774e-01
8.607583781086218799e-01
8.603311816818509650e-01
8.598684464601731303e-01
8.594020929574925916e-01
8.589669914848715448e-01
8.585361541102121130e-01
8.581636359243873802e-01
8.579118188702660186e-01
8.576324781338103831e-01
8.574022209414062790e-01
8.571378764899066915e-01
8.568361485292351754e-01
8.564866991329169732e-01
8.562567455714016340e-01
8.560254985833379848e-01
8.557693383965404577e-01
8.554967757508201709e-01
8.552032970916855215e-01
8.549872373894367161e-01
8.548006168565243090e-01
8.546099754716321995e-01
8.544246322797641735e-01
8.542286106037897397e-01
8.539857218699924424e-01
8.537193327089243056e-01
8.534999884334476539e-01
8.533441438739010065e-01
8.531780846984656774e-01
8.530212010549806934e-01
8.528740139872034165e-01
8.527147893842345061e-01
8.525541543985984960e-01
8.524214812956204534e-01
8.522528675180813806e-01
8.520956935774613994e-01
8.519475560579886642e-01
8.518255587093936931e-01
8.516786583389847065e-01
8.515263299458092350e-01
8.513844120750485578e-01
8.512384176972881411e-01
8.511164373235327041e-01
8.509434764283727581e-01
8.507695767903713513e-01
8.505753329009064778e-01
8.503851072943594547e-01
8.501666098499426338e-01
8.499820536985767117e-01
8.497870999692284100e-01
8.463173234748266882e-01
8.430406769624479990e-01
8.406824800353059901e-01
8.385211377790615650e-01
8.370277342769264495e-01
8.359026372753933787e-01
8.350149839758380654e-01
8.342494901318625589e-01
8.335470812119172290e-01
8.329070598770382805e-01
8.324762808418438853e-01
8.320253543073735658e-01
8.314920863001085127e-01
8.310433962587937540e-01
8.306790639979173552e-01
8.303193212835734416e-01
8.299683506926103238e-01
8.296526125157448472e-01
8.293110704681926348e-01
8.289881065702274787e-01
8.286776316471432535e-01
8.283724388591048315e-01
8.280923135311879513e-01
8.278037931256219117e-01
8.274762415091361234e-01
8.271101653240294782e-01
8.267521617205607631e-01
8.263625328248893620e-01
8.259942746338415631e-01
8.256729051657468732e-01
8.253136015623085964e-01
8.249758647722813532e-01
8.246679268916009553e-01
8.243544084603763311e-01
8.240392021400404499e-01
8.237773173277471717e-01
8.235206947183589810e-01
8.232583526933687779e-01
8.229833610905092911e-01
8.226146637199569511e-01
8.222320869490925555e-01
8.219029090501909218e-01
8.216184158788905068e-01
8.213532240360614800e-01
8.211068242159735853e-01
8.209602461195260048e-01
8.208131252435153513e-01
8.206699948804233591e-01
8.204860738905865869e-01
8.203228433999878444e-01
8.201729991555080090e-01
8.200104504869221156e-01
8.198355820376144187e-01
8.196672717268698172e-01
8.195011536062158930e-01
8.193252104217249032e-01
8.191426468889366763e-01
8.189539028695792533e-01
8.187576700869020341e-01
8.185496939623019275e-01
8.183274301818553864e-01
8.180763921673779304e-01
8.178730431066301154e-01
8.176889613064958207e-01
8.175234245498240737e-01
8.173395827294915872e-01
8.171782732937216132e-01
8.170165707198235872e-01
8.168372808239100502e-01
8.166575413658572202e-01
8.164989338969694810e-01
8.163449423307624908e-01
8.161869061742407228e-01
8.160134105565887142e-01
8.158520660267066793e-01
8.156865774731578700e-01
8.155375390998015339e-01
8.153934914150879898e-01
8.152738168895025117e-01
8.151402001048793089e-01
8.149987436383481221e-01
8.148155586911147719e-01
8.146645736125411874e-01
8.144783069134918785e-01
8.142996163830085177e-01
8.141357694774226106e-01
8.139627371606175110e-01
8.137764887912448675e-01
8.135703372194172944e-01
8.133289013153315317e-01
8.130413763389003901e-01
8.128050204964042402e-01
8.126159660318141853e-01
8.124213677404519274e-01
8.122684839857288175e-01
8.121116821877024661e-01
8.119795096418780389e-01
8.118522013307798435e-01
8.117520253229447702e-01
8.116400243315768925e-01
8.105345888781758656e-01
8.073945119266292547e-01
8.046308321346382630e-01
8.027007775987223814e-01
8.012892060733284305e-01
7.998672077965568450e-01
7.988034285524208133e-01
7.980189253186659171e-01
7.973072581054291286e-01
7.967329044055490028e-01
7.961961480550295844e-01
7.955951297283453405e-01
7.950739265739905637e-01
7.945254819568492444e-01
7.940941632323385013e-01
7.936360476338911729e-01
7.932035561280476044e-01
7.926853658036481232e-01
7.922307610935369615e-01
7.917287850879479727e-01
7.913299688097367168e-01
7.909361475227969507e-01
7.904983275190095027e-01
7.901112905437441825e-01
7.897557762096066858e-01
7.894627737120665234e-01
7.891146707558193141e-01
7.887805768229910752e-01
7.884630292895679071e-01
7.881349808310283978e-01
7.878084196183967602e-01
7.875149706292516871e-01
7.871559364243929657e-01
7.868084813995930293e-01
7.864814939774065206e-01
7.861627959725144832e-01
7.858639881444098307e-01
7.855994091112810107e-01
7.853262320749034853e-01
7.850536652036758101e-01
7.847885225693708167e-01
7.845008140304967625e-01
7.842751364723626883e-01
7.840191486572083424e-01
7.837287791011952054e-01
7.834024119878910675e-01
7.831655148340714856e-01
7.830040609630924964e-01
7.828289902598223327e-01
7.826568583507580446e-01
7.824555141568143579e-01
7.822825295859938688e-01
7.821218585738417550e-01
7.819379824370308318e-01
7.817033252307703517e-01
7.814864628069640995e-01
7.812284140554918155e-01
7.809553390767063341e-01
7.807432994078169486e-01
7.805317498616903826e-01
7.803778509880096026e-01
7.801877950222052549e-01
7.800065773416559045e-01
7.798502102810463965e-01
7.796399222707323107e-01
7.794246725296244405e-01
7.791729190713139186e-01
7.789057223543579545e-01
7.787207449836446305e-01
7.785639035338164371e-01
7.784059157106008042e-01
7.782978758843812628e-01
7.781951076025708236e-01
7.780770934824533525e-01
7.779323178947495920e-01
7.778245002896002624e-01
7.776859967858711364e-01
7.775498018892887941e-01
7.774041954075159300e-01
7.772068681615026398e-01
7.770378748778075106e-01
7.768475445960431047e-01
7.766332728959313147e-01
7.763183652485015074e-01
7.760520079221596701e-01
7.757319572158151155e-01
7.754325642134874963e-01
7.751658726495562757e-01
7.748452796102951456e-01
7.745883587420795413e-01
7.742980230276351739e-01
7.740669993031646934e-01
7.737540259689652533e-01
7.734040388244641795e-01
7.731127837809228520e-01
7.728244723039955355e-01
7.725119565662764698e-01
7.722288021205268027e-01
7.720024192362222593e-01
7.717995883000265955e-01
7.743429277394703325e-01
7.713059918614922905e-01
7.683843071057159246e-01
7.668114298500331438e-01
7.652063201471899223e-01
7.638494700798754700e-01
7.624683595360082222e-01
7.613664641825067525e-01
7.603362932904084159e-01
7.593492109162899295e-01
7.586271022581818624e-01
7.581352718198359764e-01
7.574621910625271015e-01
7.568572081843801813e-01
7.562363940493541659e-01
7.556596193506247561e-01
7.550854110641322947e-01
7.544682261976103366e-01
7.539034582715289368e-01
7.533727936861318586e-01
7.529787816325693717e-01
7.524987678496609655e-01
7.520642510298146677e-01
7.517154036247649662e-01
7.513429851259924019e-01
7.510889296929060821e-01
7.507983717144307567e-01
7.505045737893600855e-01
7.501629218128476051e-01
7.498406665646504266e-01
7.495541371775231720e-01
7.492188013567027127e-01
7.488794436892129980e-01
7.485400917067267512e-01
7.482636895600758287e-01
7.479468092124699208e-01
7.477374214083150061e-01
7.474862526406219621e-01
7.472520116195890960e-01
7.469921625843989332e-01
7.467502607197051834e-01
7.464502440964633223e-01
7.461632420217686468e-01
7.458794798388406200e-01
7.455259873323955011e-01
7.452237783564114038e-01
7.449397086396621903e-01
7.446641581443311786e-01
7.444496491138392624e-01
7.442703525085618832e-01
7.441090488400415870e-01
7.439142110307472855e-01
7.436810414847090378e-01
7.434487786247347962e-01
7.432206106028446113e-01
7.429553743960126688e-01
7.427372462552860322e-01
7.425093503147431884e-01
7.423086405874651517e-01
7.420750326496967642e-01
7.418340693854790224e-01
7.415785687074557542e-01
7.412655943780577239e-01
7.409790756202192519e-01
7.406848018794627286e-01
7.403794104913757890e-01
7.400931610496418456e-01
7.397463179874189665e-01
7.392955444729096826e-01
7.388548079559761339e-01
7.384554805726712967e-01
7.379811694436876346e-01
7.375883220129867412e-01
7.372099013746106211e-01
7.368524295928002843e-01
7.365615667595069027e-01
7.362115453242134011e-01
7.358845737609054360e-01
7.355922057734655128e-01
7.353431537061383416e-01
7.350366095418205958e-01
7.347543998389802766e-01
7.345304434681996231e-01
7.343064701879046252e-01
7.340508605229215666e-01
7.338103813869520931e-01
7.335698687691633024e-01
7.333546567374880087e-01
7.331216568269803835e-01
7.328991787907179756e-01
7.326603432712021080e-01
7.324286574091261048e-01
7.322080464959020984e-01
7.319706995683854522e-01
7.317602396678557497e-01
7.315678702898352759e-01
7.314055108053065801e-01
7.312156419164624888e-01
7.310138576767659657e-01
7.308461770516790912e-01
