6.791727419727038306e-01
5.368744335779093158e-01
4.606445849115457514e-01
4.116493829747184252e-01
3.781487423222345545e-01
4.045139385466210991e-01
3.689864479854615409e-01
3.470306323254257475e-01
3.317088862045300957e-01
3.153052911401064140e-01
3.137452114177819995e-01
2.946879096806269138e-01
2.845488996676651672e-01
2.751352187309734076e-01
2.691537596311693870e-01
2.691111932523436723e-01
2.644989572230032060e-01
2.608418802448784768e-01
2.577506253743759856e-01
2.557930028352994323e-01
2.591483078117715610e-01
2.554690673490228603e-01
2.535291787351249271e-01
2.512447712155478352e-01
2.493340347424894132e-01
2.525330087528208645e-01
2.500745198667367331e-01
2.477699803550869051e-01
2.462624158269314800e-01
2.448330952111625047e-01
2.518860679258755897e-01
2.465876960312963773e-01
2.438680475646682611e-01
2.424558606476249489e-01
2.414358340875446818e-01
2.469373861392739622e-01
2.422862173321342905e-01
2.399877812516319209e-01
2.382170659561284876e-01
2.367010806241408860e-01
2.403603827335661636e-01
2.380077241851420167e-01
2.365967710470816554e-01
2.352922690775749726e-01
2.345404643481489027e-01
2.351808955044931149e-01
2.339710451955097359e-01
2.332226908780314079e-01
2.325163560211058189e-01
2.317557687857327020e-01
2.310927252359124828e-01
2.305481266939148621e-01
2.300399706702377645e-01
2.295094649115755892e-01
2.292004978005431348e-01
2.288278779779703564e-01
2.284880850113605311e-01
2.280342225005482781e-01
2.275947334273343559e-01
2.271955120096657843e-01
2.268456532075849019e-01
2.265415834731184241e-01
2.262777388423168334e-01
2.259915264821865666e-01
2.258001443202612424e-01
2.255719742400624783e-01
2.253180556189987305e-01
2.250540910045020493e-01
2.247478558310316565e-01
2.243583587137401580e-01
2.240139170160050930e-01
2.236037160210411490e-01
2.232885005590659611e-01
2.229977816480510078e-01
2.225912619696724659e-01
2.220774524053112098e-01
2.215284478704822313e-01
2.208857526176407349e-01
2.202346782146138715e-01
2.195115787009126740e-01
2.188996534661441784e-01
2.183773529296385296e-01
2.178174600156646823e-01
2.171758391127167620e-01
2.166878670402746510e-01
2.162386966443675118e-01
2.158383864933135499e-01
2.154787860843405123e-01
2.151763712533611705e-01
2.148657054864735183e-01
2.145698485592587024e-01
2.143025181445731564e-01
2.141216773951645502e-01
2.139636344597864448e-01
2.138096097020144859e-01
2.136155889243125661e-01
2.134019511379338652e-01
2.132548140765712363e-01
2.130796862109599621e-01
2.128176749179000182e-01
1.983346280278116269e-01
1.901582613677974265e-01
1.839227538595674116e-01
1.790871844831321558e-01
1.738480961669671143e-01
1.703660067092445940e-01
1.675181321454619898e-01
1.656326511841356985e-01
1.630370403754126674e-01
1.609924463215524071e-01
1.613638587789625600e-01
1.595992738814486223e-01
1.583369865175090763e-01
1.571325067732508018e-01
1.560664873892256832e-01
1.558437675245531451e-01
1.543397849510493303e-01
1.532472299692159701e-01
1.524396755367022072e-01
1.516451975458566470e-01
1.522664097619815804e-01
1.513649179084034513e-01
1.504907817663905800e-01
1.498547510961168727e-01
1.490366366883646709e-01
1.489951449822880802e-01
1.480441029925005647e-01
1.475159742272711405e-01
1.468595859172043550e-01
1.463489264870974083e-01
1.470209455234162965e-01
1.464740726046665498e-01
1.461119506569553417e-01
1.458105686118870425e-01
1.455039089310327938e-01
1.456793369572564334e-01
1.451888590849977900e-01
1.447765826587925908e-01
1.443760145038775478e-01
1.440242045562986350e-01
1.452814418443405531e-01
1.443532524170136055e-01
1.438231962882986492e-01
1.434879890724070350e-01
1.432516604384936054e-01
1.442631163383084891e-01
1.436095598580118538e-01
1.432610674351015301e-01
1.428040628833051884e-01
1.424884683795853146e-01
1.422475302252564355e-01
1.418707977816731358e-01
1.415198860152661053e-01
1.412971085743551514e-01
1.410711931484334158e-01
1.408815698444809417e-01
1.407078947381888157e-01
1.405566116926183773e-01
1.403463331865905661e-01
1.400843364652506196e-01
1.399112469973576856e-01
1.397853716034262173e-01
1.396680585013343190e-01
1.395596279053128441e-01
1.394815207598328333e-01
1.394047950881428799e-01
1.393328718883649897e-01
1.392634707304571950e-01
1.391937879989139093e-01
1.391272929480994736e-01
1.390643054221150365e-01
1.390018866905890771e-01
1.389536437951493786e-01
1.388964159568588652e-01
1.388471657505253309e-01
1.387975881226876929e-01
1.387319040429272066e-01
1.386732533737932982e-01
1.386271647171892774e-01
1.385747315418304204e-01
1.385249801869491149e-01
1.384734527137314875e-01
1.384065622704138410e-01
1.383560014350832257e-01
1.382849203526099746e-01
1.382384424643718634e-01
1.381757094077405712e-01
1.381192468628162917e-01
1.380507115322640865e-01
1.379725337899286308e-01
1.378969652287868053e-01
1.378322099428766490e-01
1.377833027857241210e-01
1.377361728040338851e-01
1.376722741311399156e-01
1.376057522429750546e-01
1.375442197080314621e-01
1.374770892680343970e-01
1.373979445074257344e-01
1.373024943818951515e-01
1.363620761509718171e-01
1.330835554374894814e-01
1.309823688823046062e-01
1.293464107697970822e-01
1.278793038753125721e-01
1.267849682690067870e-01
1.259516821065660153e-01
1.250180220953310550e-01
1.241072754299077235e-01
1.230666062588366971e-01
1.224469840433342893e-01
1.215219726403817951e-01
1.206291286258038414e-01
1.197974648775765871e-01
1.190288805423404400e-01
1.184659507254830768e-01
1.177074147742457055e-01
1.168861444297060320e-01
1.161269510580277692e-01
1.152659934542873271e-01
1.157689556387521274e-01
1.151035253248735429e-01
1.143124236112170455e-01
1.137349366108122567e-01
1.132377368516833543e-01
1.134599862704017692e-01
1.126920400929871391e-01
1.120158170415179177e-01
1.113453100932251805e-01
1.108389432496115351e-01
1.113975524827189173e-01
1.108115280446209383e-01
1.103778916468301785e-01
1.099247789189115448e-01
1.096236152531877145e-01
1.097877080935348165e-01
1.093501072421487197e-01
1.090413023586920688e-01
1.087964220105625129e-01
1.085192586519642954e-01
1.088370561399135128e-01
1.084042619646527483e-01
1.080653250587492037e-01
1.078157627965816712e-01
1.075982681350483861e-01
1.079821897651708218e-01
1.076782076066325894e-01
1.073931962438492288e-01
1.071834323205975437e-01
1.069689457764041590e-01
1.067861261495646613e-01
1.065198252439110982e-01
1.062752597668407961e-01
1.060477230692864897e-01
1.057703971331217102e-01
1.055689514803821727e-01
1.053789859015884234e-01
1.051673822336221253e-01
1.049960775036434257e-01
1.048214874549776437e-01
1.046785334000169404e-01
1.045525324952999158e-01
1.043969719821528780e-01
1.042693435298812782e-01
1.041403663232419174e-01
1.040235116105253654e-01
1.038963546288550199e-01
1.037771560074570026e-01
1.036574644884013935e-01
1.035561374650367655e-01
1.034557438302871196e-01
1.033488123516021623e-01
1.032613709759159087e-01
1.031849523754421044e-01
1.030983939658783460e-01
1.030009575755829465e-01
1.029249024979361077e-01
1.028454467254402288e-01
1.027630099856228080e-01
1.026801401662424118e-01
1.026097922032476462e-01
1.025442231041721053e-01
1.024762047229591522e-01
1.024157281933013725e-01
1.023553068089754214e-01
1.022921887943149810e-01
1.022421095504137123e-01
1.021792506298480202e-01
1.021246068808442514e-01
1.020762050016111172e-01
1.020390330798885553e-01
1.020047174837383358e-01
1.019723499177202786e-01
1.019385076145252478e-01
1.018928071910703281e-01
1.018473734335381131e-01
1.017912936918800443e-01
1.017383438377908317e-01
1.016878334629020691e-01
1.016392768398221985e-01
1.041491262486973074e-01
1.019955451901599780e-01
1.008849710894392099e-01
9.994282341552915283e-02
9.918915726904398156e-02
9.865093190137526336e-02
9.796321369619109820e-02
9.731424535543833909e-02
9.665211951289685854e-02
9.618865129890086241e-02
9.627452401018454786e-02
9.596103835467845178e-02
9.559208888266135240e-02
9.524489185264209401e-02
9.494797818707936821e-02
9.487969979336252635e-02
9.453121363929381515e-02
9.418108374865205579e-02
9.384597360492706597e-02
9.357156262004173719e-02
9.363931339641236307e-02
9.337325778728014503e-02
9.312471324610457901e-02
9.286885557093975396e-02
9.264587975215284044e-02
9.254569895080960729e-02
9.228633541098107962e-02
9.201638054116860477e-02
9.174052073678330699e-02
9.153470164090796168e-02
9.162765080973556131e-02
9.138621257119260155e-02
9.117160236081366109e-02
9.101085547442049062e-02
9.086009359799941676e-02
9.096802282151898733e-02
9.079710594782273991e-02
9.066307429478316637e-02
9.051499573389412689e-02
9.037142152240752735e-02
9.039754818932523028e-02
9.023496471104366923e-02
9.009084531559440057e-02
8.993206652564418591e-02
8.978619670009545251e-02
9.005287568212252958e-02
8.990215725891380349e-02
8.973637439634235546e-02
8.959155036821858653e-02
8.944768990976145751e-02
8.929275565815134041e-02
8.916798208337665954e-02
8.905882551462500352e-02
8.894192123790253812e-02
8.882685859452819910e-02
8.872235849763147886e-02
8.860153309094770391e-02
8.848346559829492475e-02
8.838066362188905234e-02
8.828671449107119984e-02
8.818776260734341454e-02
8.808625143971901550e-02
8.798703364774668190e-02
8.788639281576722528e-02
8.779902175441310630e-02
8.771761416780680942e-02
8.763050711878558885e-02
8.755215370106973760e-02
8.746183478359506602e-02
8.738367484367791371e-02
8.728408398215260766e-02
8.721271792185066041e-02
8.713739002074884221e-02
8.706417187063129892e-02
8.699798099117159178e-02
8.693488866695280037e-02
8.685860933558682551e-02
8.676687339640756780e-02
8.668748044431801025e-02
8.661364608682202426e-02
8.654190632274995354e-02
8.648376351333021683e-02
8.644111581674585043e-02
8.639390778865430054e-02
8.633577867119132665e-02
8.627438207274970572e-02
8.620705537186043599e-02
8.614267783302780035e-02
8.607081739899984096e-02
8.601015526458877236e-02
8.594304969897875734e-02
8.589259692090003839e-02
8.584056262861800013e-02
8.578997861093243249e-02
8.573803449444233893e-02
8.568344807851345502e-02
8.562532929499314105e-02
8.557105877386561588e-02
8.552382764337961019e-02
8.547241308452351027e-02
8.869878520067160654e-02
8.700233005141895515e-02
8.589996624980128503e-02
8.505387452742720067e-02
8.420063409158116963e-02
8.353822021556153721e-02
8.285894578447930425e-02
8.234085863511039771e-02
8.191059424436232528e-02
8.139856553371019321e-02
8.102871775374238805e-02
8.068591646692463426e-02
8.037372777417262082e-02
8.005072308200006370e-02
7.973037722757439494e-02
7.945885011627804029e-02
7.919667899903520825e-02
7.891958332107729124e-02
7.867724619653540530e-02
7.843915283146574158e-02
7.830993411648447255e-02
7.806845705058360063e-02
7.780172468941777553e-02
7.755654561267892599e-02
7.728182382155301955e-02
7.705995668947816790e-02
7.683453973532421155e-02
7.660381771306608301e-02
7.642924397898340216e-02
7.626598291626744686e-02
7.618572646218457756e-02
7.601509329858106845e-02
7.583047263827472073e-02
7.566318538923381964e-02
7.551421148126886973e-02
7.550279224957427704e-02
7.534032353497233103e-02
7.516590198644441945e-02
7.498624087624165824e-02
7.485323244458909342e-02
7.478111520143806978e-02
7.461389693203780704e-02
7.446481936630225396e-02
7.433653427582456730e-02
7.419631363730991302e-02
7.419173931247899367e-02
7.405232958494732676e-02
7.393332708479349868e-02
7.382040670640473146e-02
7.370636235751597265e-02
7.359574305488529589e-02
7.350212992678212265e-02
7.343123293081510461e-02
7.334545389680993677e-02
7.323775760811207514e-02
7.315241048806075952e-02
7.305678908341778355e-02
7.298042143982710894e-02
7.287517649022384747e-02
7.278127322331234828e-02
7.270374893176997921e-02
7.260239529796314040e-02
7.252399546977295053e-02
7.244557080142165206e-02
7.237407403942056061e-02
7.230282554282367602e-02
7.223330477829902063e-02
7.216093042009201486e-02
7.210478257094084242e-02
7.204762313251783512e-02
7.198194831458372411e-02
7.192244987340624951e-02
7.185649220471643228e-02
7.178912894145345058e-02
7.172511917289166317e-02
7.166761519462258589e-02
7.160557206559496624e-02
7.155924734642382656e-02
7.149755653816915191e-02
7.144465140190818520e-02
7.139327422807943690e-02
7.134179451317547438e-02
7.129767079109161632e-02
7.124956693248590822e-02
7.120360319768800905e-02
7.114338757349102094e-02
7.108997038095740684e-02
7.103591757096119896e-02
7.097717887271541570e-02
7.091933490966816078e-02
7.087724979812508319e-02
7.082372686680765694e-02
7.077104119972582597e-02
7.073516696803698600e-02
7.069606286086825564e-02
7.065782446742475964e-02
7.061469840342055049e-02
7.057216266167451457e-02
7.053635397291076192e-02
7.049696444843620013e-02
