2.542419406883655517e-02
7.637464867369605885e-03
4.314925662149743726e-03
3.079844906938337349e-03
1.761555257935012910e-03
1.220281198618430006e-03
8.711351882538624636e-04
6.523979872725694509e-04
5.137650085601721140e-04
4.234289778074886768e-04
3.607517188592912418e-04
2.859393063684053911e-04
2.358483038771316104e-04
1.972534344515024869e-04
1.547830996211637473e-04
1.358409144919775328e-04
1.267633920505871503e-04
1.159247623941328883e-04
1.014150845876365275e-04
9.243672297463260165e-05
8.328458100342096295e-05
7.522350709399287598e-05
6.899289457964360409e-05
6.299402066015803291e-05
5.957384492258773975e-05
5.681487417564945198e-05
5.422661699690040153e-05
4.934836972826958890e-05
4.666554679192080429e-05
3.952785057790156531e-05
3.461650214586523499e-05
3.380816484381967102e-05
3.239254018635745485e-05
3.165522180687569683e-05
3.059819146118212798e-05
2.969520970984051276e-05
2.798707464103019154e-05
2.672340551044107430e-05
2.558970852989618023e-05
2.481757189945186075e-05
2.427383329897567256e-05
2.379893690325791882e-05
2.344841884827628649e-05
2.301305503539798647e-05
2.270743995491886170e-05
2.231168557598294368e-05
2.199178102461112481e-05
2.151545863802479538e-05
2.105666424020941557e-05
2.024020939489289361e-05
1.906524132924049755e-05
1.860710524259194418e-05
1.817680245343481301e-05
1.796056881315041091e-05
1.777681250865372208e-05
1.753600381192403233e-05
1.699251187355993930e-05
1.660909820012569394e-05
1.619244137171135903e-05
1.568774472272004659e-05
1.547199729670065103e-05
1.517831614406939838e-05
1.493801653635274159e-05
1.479903891057545217e-05
1.454683399491359668e-05
1.431914979967889326e-05
1.414114621490543179e-05
1.397392890496323144e-05
1.358384782673465192e-05
1.314544702395498599e-05
1.292391103907584753e-05
1.275595642464815791e-05
1.244440099274338748e-05
1.228090429416495472e-05
1.202492293556824701e-05
1.179153727673968741e-05
1.171117689280834241e-05
1.133921041916663975e-05
1.099995525376444038e-05
1.091739429799235736e-05
1.071338431772724508e-05
1.056058228813072796e-05
1.037018174813680144e-05
1.020160061683259822e-05
9.746285009923162903e-06
9.375045091754004387e-06
9.273474667541608038e-06
9.190794108422562257e-06
9.138544835480306593e-06
9.070350077937853166e-06
9.003559697234231175e-06
8.945777418881116708e-06
8.904504533754537235e-06
8.666946730080847473e-06
8.452021582990624802e-06
8.185347957618334486e-06
7.985328696606793577e-06
7.872348124573529051e-06
7.789243138230280618e-06
7.713293552736593216e-06
7.622484130671188166e-06
7.494132172760545149e-06
7.467589885749004052e-06
7.263680128646194161e-06
7.081539620019669825e-06
7.019491175575185504e-06
6.974885944515316806e-06
6.949128116417848994e-06
6.924641194422593932e-06
6.896383763859410026e-06
6.847830650516299521e-06
6.795982968094615139e-06
6.747091287447436265e-06
6.692016093033933285e-06
6.636641285323899322e-06
6.602349242156687530e-06
6.528414955777872892e-06
6.462666287747128135e-06
6.349698275057341745e-06
6.238858331279714244e-06
6.213986927613754821e-06
6.167927934191720573e-06
6.132005234434005327e-06
6.107842758473409769e-06
6.081604691297071083e-06
6.036061769647791552e-06
5.997837843836621790e-06
5.891211405751525110e-06
5.791505739327829820e-06
5.765133392424395778e-06
5.738965020429809272e-06
5.718323560819192534e-06
5.696176374873701613e-06
5.674910860974654218e-06
5.647891323061517178e-06
5.629824983683306104e-06
5.600195818309322930e-06
5.582014966550097456e-06
5.440157630797529651e-06
5.303863398112955813e-06
5.279590383704330530e-06
5.260260774863413363e-06
5.169465201129404283e-06
5.090904004812259232e-06
5.075739194573997847e-06
5.023907967207080156e-06
4.975021592905154006e-06
4.961099381164364208e-06
4.946653259368436003e-06
4.924258602431392167e-06
4.895961938212568851e-06
4.854192517756305452e-06
4.815917920120737472e-06
4.793059122158246564e-06
4.762505258753645816e-06
4.740644948304080566e-06
4.730164487757034502e-06
4.697135333362543280e-06
4.663282288359060668e-06
4.650842407408635584e-06
4.633101681238977864e-06
4.610357425600538711e-06
4.584988550681229118e-06
4.571244437368009244e-06
4.558235457142360844e-06
4.549785089741631190e-06
4.523349516286297143e-06
4.494510259964989025e-06
4.479744096949544626e-06
4.470342726010273221e-06
4.457272337490132653e-06
4.443949945246052210e-06
4.429494011775726417e-06
4.412243437636143550e-06
4.403081806785038286e-06
4.357505014358858187e-06
4.309626127015388694e-06
4.293891363607092857e-06
4.281407012020835973e-06
4.246864881433328427e-06
4.222645827092829232e-06
4.211829822576937889e-06
4.202795064273172899e-06
4.185102341499419820e-06
4.158785000961319403e-06
4.143274087176112038e-06
4.129228577850167820e-06
4.104558717004424596e-06
4.077482093995828343e-06
4.070306688096103862e-06
4.054073746119219167e-06
4.030464061047049042e-06
4.015777428443223137e-06
4.007259358434532883e-06
3.990948312445460666e-06
3.973752331082794879e-06
3.953923980771881341e-06
3.928128060068282992e-06
3.916163424468373825e-06
3.906140778177602559e-06
3.897457692191691821e-06
3.881673967324588683e-06
3.871280512847882658e-06
3.863332468115903295e-06
3.855199499418138596e-06
3.847288170314915482e-06
3.839940100421465441e-06
3.825843709620017020e-06
3.810354446087502426e-06
3.770787354385639320e-06
3.732390760294024177e-06
3.718439734796702863e-06
3.709695505759973133e-06
3.688262523605172867e-06
3.670851227518378316e-06
3.610326570407053549e-06
3.573348449804574617e-06
3.543692758537026766e-06
3.526889978622228628e-06
3.515625171222215912e-06
3.505298662769359330e-06
3.493439342322076730e-06
3.482682827188108428e-06
3.476907345634538613e-06
3.470665430312142475e-06
3.461441709210366995e-06
3.450609504248712385e-06
3.439619084306194202e-06
3.432210512151836960e-06
3.407526536013613197e-06
3.386473445432238179e-06
3.371353581899867570e-06
3.359699987578896886e-06
3.351259296785733749e-06
3.340751377591669844e-06
3.334307845486631408e-06
3.327582472164746283e-06
3.322401156445602973e-06
3.311730885002259570e-06
3.300642629141322525e-06
3.279170576449810784e-06
3.258903846787453941e-06
3.244926950012739145e-06
3.235583825205577938e-06
3.230889783363498421e-06
3.223036724127257080e-06
3.213426715653280981e-06
3.204438820455303900e-06
3.196273222596421582e-06
3.185776498528258594e-06
3.182061187399525025e-06
3.176286925000872746e-06
3.172215010776369135e-06
3.163089205367511460e-06
3.156013479092665215e-06
3.149518810993778361e-06
3.139892659263743135e-06
3.132260975648729889e-06
3.127149365651244583e-06
3.122882198139011873e-06
3.119498870457371406e-06
3.110287263466999503e-06
3.103093671006221461e-06
3.092929616960418821e-06
3.084281298103448112e-06
3.079661084765764581e-06
3.073756592423622130e-06
3.070091860030354863e-06
3.055917408126256062e-06
3.041905584847476767e-06
3.031486388632802085e-06
3.024627367896470532e-06
3.020300771095244253e-06
3.012983410910994899e-06
3.006532242912261892e-06
3.002231552747865217e-06
2.995410753413404685e-06
2.987118289648241002e-06
2.980957193265727750e-06
2.963592693629761325e-06
2.947429558305056171e-06
2.943304892536010293e-06
2.937663523392353473e-06
2.933380051984925993e-06
2.928654131867990832e-06
2.925332672000546874e-06
2.911154710219491652e-06
2.895525377606734041e-06
2.876881169565498382e-06
2.860474318319240984e-06
2.850949405160364573e-06
2.842794109753835007e-06
2.834017569947731173e-06
2.828332095629586618e-06
2.824713290988381957e-06
2.814345665457031711e-06
2.804368743192557275e-06
2.786628641699351224e-06
2.772158478105812891e-06
2.767415334960875343e-06
2.760187057057365108e-06
2.754804659263342051e-06
2.750867303971721993e-06
2.746782606056501240e-06
2.742137391053933739e-06
2.738279897782930265e-06
2.735314900046347671e-06
2.730643067169520311e-06
2.720552899380052434e-06
2.709766496344332756e-06
2.704445728461327775e-06
2.698866449273080308e-06
2.696430255817959690e-06
2.686630876122203156e-06
2.675036425773026943e-06
2.669017073940112316e-06
2.663122916699262203e-06
2.652809032309538005e-06
2.645163931856678769e-06
2.641724572323973409e-06
2.637501097892229575e-06
2.634173170548677020e-06
2.631363441021565208e-06
2.627491437444730840e-06
2.623527709102417707e-06
2.621183707987193471e-06
2.607474820035679307e-06
2.593951399852492554e-06
2.589238911147499283e-06
2.585741552878856011e-06
2.582388757627723645e-06
2.579659321550145124e-06
2.570857431218554066e-06
2.560101109819836368e-06
2.554242291148840874e-06
2.548221909490565246e-06
2.545059828757068266e-06
2.537912861909388808e-06
2.528977988483511009e-06
2.521800465871265324e-06
2.516210170517028896e-06
2.514234227712455680e-06
2.511954688961875583e-06
2.506966348035887299e-06
2.502224758296039891e-06
2.497741288877824803e-06
2.493603425645287247e-06
2.483404187802199769e-06
2.473414065602617348e-06
2.464474917765203040e-06
2.454466139904151825e-06
2.448206171000074708e-06
2.444519680728582462e-06
2.439866621637616830e-06
2.435808859023162634e-06
2.433487722327032443e-06
2.428958929828740787e-06
2.425709085339562535e-06
2.421835359650879902e-06
2.418842696308421542e-06
2.415287667688493186e-06
2.411828833027868039e-06
2.405189345402821406e-06
2.400635616891087939e-06
2.396382877717463670e-06
2.393116253190174982e-06
2.391319749422066185e-06
2.388948602371489194e-06
2.384639611226497261e-06
2.381812158526729620e-06
2.373945796800407538e-06
2.362838484177752306e-06
2.360009012891386065e-06
2.356556318443672639e-06
2.351341458853467518e-06
2.347215496456740961e-06
2.344087683518386315e-06
2.342028644059471367e-06
2.340224782193114575e-06
2.337652236966454888e-06
2.335290793757262556e-06
2.330654163994970046e-06
2.327065750771477801e-06
2.324608379761293895e-06
2.322248568002062922e-06
2.320098928842235729e-06
2.318088228985548620e-06
2.312673742754806879e-06
2.308655545019835408e-06
2.305348887148737893e-06
2.302684187429426134e-06
2.299926403892647739e-06
2.296643206705308228e-06
2.294321377820670038e-06
2.292126607561217030e-06
2.290439947187550334e-06
2.287412559903730194e-06
2.284758679172319805e-06
2.283132418871920754e-06
2.280464921403189096e-06
2.277873474268216745e-06
2.274831144370347914e-06
2.272177958893325745e-06
2.270261166626842970e-06
2.268241099813419137e-06
2.266602749226219789e-06
2.260950134575530713e-06
2.255662546276419608e-06
2.250338936487003787e-06
2.246192116170799083e-06
2.243837983296380477e-06
2.241707616515359576e-06
2.239926888856337665e-06
2.237400159951395246e-06
2.234991491053130075e-06
2.222118735411900011e-06
2.211859159675595306e-06
2.206790070124455364e-06
2.204179377813746721e-06
2.202407027115707719e-06
2.199429012715414891e-06
2.196037808447856977e-06
2.192968458498905523e-06
2.189890538545619843e-06
2.186719607093855737e-06
2.184582216387455829e-06
2.181560399411413246e-06
2.178667169932243841e-06
2.176198073814323621e-06
2.173483110357227632e-06
2.171476785684686216e-06
2.168784914399182071e-06
2.165602920007201547e-06
2.163316485812839583e-06
2.160250565154404388e-06
2.157059219133797370e-06
2.150301456652186324e-06
2.145435120786378776e-06
2.143354116617395209e-06
2.139736078541282252e-06
2.136108109378482118e-06
2.134052403643514921e-06
2.131081569129374723e-06
2.128003119368567946e-06
2.125429806293299060e-06
2.123597424347218138e-06
2.121267925351202233e-06
2.119270655142225029e-06
2.116041394142054799e-06
2.112917543344514483e-06
2.110624680323957828e-06
2.108471280533738559e-06
2.105890239465535117e-06
2.102090604194187775e-06
2.097575761933755246e-06
2.094394136160033029e-06
2.092806379107704955e-06
2.091296328959962358e-06
2.089668929864249663e-06
2.085122679697331259e-06
2.081095769838497898e-06
2.079172734432698649e-06
2.075777494190638302e-06
2.072995331580067642e-06
2.071551926936689786e-06
2.069405792897986937e-06
2.066985083804572098e-06
2.064668641581710006e-06
2.061215671827751563e-06
2.059266347148951088e-06
2.057792050702935044e-06
2.055526818545329693e-06
2.053627157126435612e-06
2.050838693088746590e-06
2.047520173666590894e-06
2.045663185068138641e-06
2.043908318260328300e-06
2.042361672594475684e-06
2.040973118195686342e-06
2.038712588903840046e-06
2.036822657153099564e-06
2.035301581709812271e-06
2.032959624846478908e-06
2.030841644186444631e-06
2.026630999758773498e-06
2.021940870632521316e-06
2.016987006696704507e-06
2.011559158060578325e-06
2.009174383356201179e-06
2.007351617372915759e-06
2.003197695933942704e-06
1.998508991815755104e-06
1.996221822406849627e-06
1.993512036935989289e-06
1.992411121044886580e-06
1.988711256554165669e-06
1.983806052046580777e-06
1.982147469528341223e-06
1.980189211070728994e-06
1.978902228846275118e-06
