8.519094113039205052e-02
3.726644331570426460e-02
2.476834665111701111e-02
1.796496285292715350e-02
1.320138653518703430e-02
1.079456940454068259e-02
8.987490728332818424e-03
7.522289854850311777e-03
6.378697204881516279e-03
5.376197445010932711e-03
4.763146697883976523e-03
4.228620182426670766e-03
3.828177687422185463e-03
3.491781585479573034e-03
3.237240392888906908e-03
3.068483951071381260e-03
2.880022317464564930e-03
2.682907851381913754e-03
2.525669486635163073e-03
2.363271427511074840e-03
2.213017605560616257e-03
2.106346713360213608e-03
2.026733431968567867e-03
1.936226160346852425e-03
1.862117262180419891e-03
1.792020755820520608e-03
1.718136030101435549e-03
1.654955432019648408e-03
1.601521342705955258e-03
1.541118846789538187e-03
1.474819009732301596e-03
1.416551325927479284e-03
1.347420783502145539e-03
1.303553787442634148e-03
1.260841356507715668e-03
1.229939408146159220e-03
1.184134677695123424e-03
1.150000798997895604e-03
1.120752038845608187e-03
1.082658690248327477e-03
1.055697237716504873e-03
1.029602726659328751e-03
9.902014368468868045e-04
9.620557784560867728e-04
9.416716166593728067e-04
9.224878490565073313e-04
9.012644151311083448e-04
8.761857184980952496e-04
8.565180284738823377e-04
8.328173689097235349e-04
8.080539675670510942e-04
7.856044848230782449e-04
7.666694697486772271e-04
7.495276929046081971e-04
7.333881071808553021e-04
7.195054390943416735e-04
7.039315399346488368e-04
6.936549146388055944e-04
6.824135935027116984e-04
6.708351537146055484e-04
6.604988090269086481e-04
6.478559007446327679e-04
6.338228804188561234e-04
6.193397244342496765e-04
6.042406193610278800e-04
5.912451994442553902e-04
5.817355779925485705e-04
5.724850821256536812e-04
5.613103586545858253e-04
5.522460593922162405e-04
5.425813696509608703e-04
5.285203872072056315e-04
5.183781117723865964e-04
5.091749631840878677e-04
4.919637077426082181e-04
4.804062983308789972e-04
4.646285456683696717e-04
4.568326572937733438e-04
4.489501221002860885e-04
4.401726350880672185e-04
4.331107420490690066e-04
4.257979383859659939e-04
4.172705811863090071e-04
4.102867724550798758e-04
4.033168581963024598e-04
3.970297267049171315e-04
3.893944380080273555e-04
3.842147776623136318e-04
3.794108752180236528e-04
3.760628948994389274e-04
3.712827939546913935e-04
3.652276007927447959e-04
3.584750381822539344e-04
3.525708989667437855e-04
3.453998797478129872e-04
3.397765098890489187e-04
3.356392685646727146e-04
3.316428490466543201e-04
3.276893502689951637e-04
3.228526965863842148e-04
1.854619675659777318e-03
1.295476845877701483e-03
9.844343973035942809e-04
7.194149646253835111e-04
5.925656779774539926e-04
4.827912400726092458e-04
4.152384817418085109e-04
3.779250294162920859e-04
3.488000464157490327e-04
3.224022056778610892e-04
3.086223910531420579e-04
2.942594239218091715e-04
2.821715542619429888e-04
2.727409386723545740e-04
2.625617358915928565e-04
2.480280992774494520e-04
2.404858865547598336e-04
2.343513383779322480e-04
2.283532570472953825e-04
2.230197933871257187e-04
2.185912341257351512e-04
2.128378555185455278e-04
2.087285485593628760e-04
2.047929228863475028e-04
2.016228766494748703e-04
1.989769968734855744e-04
1.962665222120388373e-04
1.934577485101394100e-04
1.903231237377633357e-04
1.872285288292058528e-04
1.854648702053300613e-04
1.831944187796640173e-04
1.809476928280781799e-04
1.792108517231219490e-04
1.773582651027586117e-04
1.759921578894495123e-04
1.748039940503097716e-04
1.731486823756625971e-04
1.720190862136429760e-04
1.703108102397121704e-04
1.690272971406566230e-04
1.674119831658380084e-04
1.657687041942938625e-04
1.640610386796668237e-04
1.624036167581768483e-04
1.609330306351945076e-04
1.592478436934441030e-04
1.576201550157525929e-04
1.563610898137884214e-04
1.553443735077138482e-04
1.545995295327209234e-04
1.536758058351349570e-04
1.530422874582617189e-04
1.519395567220572314e-04
1.510952930899981696e-04
1.503733944330915267e-04
1.493098568685372822e-04
1.481153591386654626e-04
1.472567151689063692e-04
1.462721825364231222e-04
1.453084587830355404e-04
1.444024402331770516e-04
1.436243828024759623e-04
1.425467880284499080e-04
1.417702096189123629e-04
1.410612949496255111e-04
1.403182661847539065e-04
1.393310146845136129e-04
1.384982102447393439e-04
1.376946704494066043e-04
1.371840708424528008e-04
1.366481644251427282e-04
1.360747779450176482e-04
1.354386863321275917e-04
1.346126244857579098e-04
1.339990701208127366e-04
1.335116793497668737e-04
1.330897369113097231e-04
1.326826566265773446e-04
1.323329190810566824e-04
1.318395707481476598e-04
1.313057635038517392e-04
1.308921500192451477e-04
1.303422038399456077e-04
1.298464414088728897e-04
1.292315816934169824e-04
1.286148205823415907e-04
1.278635773315828011e-04
1.273766321802051384e-04
1.268111752723044582e-04
1.264985137596873340e-04
1.261469514974048953e-04
1.258801243214778705e-04
1.255982760765735886e-04
1.252201370942008433e-04
1.247794337305120019e-04
1.242693589421054075e-04
1.237875537582590411e-04
1.233327172350137354e-04
1.226764589048736308e-04
2.082658576126583758e-03
1.430600463874803340e-03
9.132339801240037160e-04
7.120619714178907326e-04
5.838769977735336000e-04
4.743731103886607162e-04
3.809355969628064418e-04
3.037188306973542416e-04
2.601200655414887095e-04
2.260728990049686808e-04
2.077047713851076880e-04
1.913659296115237808e-04
1.796351352522009969e-04
1.713384099559579256e-04
1.632674817400332887e-04
1.568322302088147443e-04
1.523828564911275656e-04
1.482279517911604420e-04
1.449603318457452945e-04
1.420127321120595696e-04
1.388565865928916921e-04
1.364680479464579969e-04
1.340341269529401829e-04
1.315903352578589149e-04
1.291964354105022911e-04
1.275419442298646839e-04
1.261739821193350085e-04
1.247442059534257651e-04
1.231743026430867627e-04
1.221956542695769570e-04
1.213115264095446347e-04
1.201859177684750567e-04
1.190966416451509651e-04
1.183373896143596166e-04
1.172745837995062577e-04
1.164886856976281808e-04
1.157309410796240098e-04
1.149386011165026602e-04
1.140759025849788109e-04
1.133451888454959288e-04
1.127883272818698096e-04
1.120690049856680340e-04
1.114855148535205556e-04
1.109145374442624225e-04
1.104299688029371479e-04
1.099575423262315755e-04
1.095534184957606689e-04
1.091513571083794197e-04
1.086167083672030348e-04
1.080942754936695696e-04
1.075507563441113090e-04
1.070436855454267531e-04
1.064964504011968666e-04
1.059651089584524419e-04
1.054230324302753808e-04
1.049753694513298844e-04
1.045590631979503041e-04
1.042603763396942387e-04
1.039695936929887528e-04
1.036225435543660864e-04
1.033278222830942848e-04
1.029937067802764165e-04
1.027079284076578040e-04
1.023068487177326825e-04
1.018168506660327069e-04
1.012073737737878353e-04
1.007356187047751876e-04
1.003119463141182078e-04
9.992344878530766156e-05
9.956088147525935027e-05
9.919234395549820626e-05
9.893883228936602766e-05
9.866734558172151942e-05
9.837963700041452131e-05
9.811528196749021451e-05
9.785923662817187665e-05
9.759374016830879052e-05
9.726268753901743649e-05
9.693132792871056436e-05
9.666749148701252084e-05
9.637491668122488741e-05
9.605627247427993125e-05
9.571887708679444940e-05
9.532522809396899147e-05
9.492980739834036357e-05
9.460038013169231371e-05
9.419049100701605613e-05
9.376310006416976276e-05
9.342491227774162238e-05
9.301559132084372019e-05
9.261043803104228788e-05
9.227270715771882989e-05
9.186104259281137850e-05
9.145432208091823284e-05
9.103846569309376570e-05
9.062934577742537163e-05
9.024580308744471757e-05
8.991864262661315298e-05
8.970083706463368388e-05
8.933711627598818884e-05
2.144633764915326347e-03
1.953145385393166046e-03
1.756697553946384629e-03
1.598578021154264343e-03
1.466173176715482827e-03
1.434364349163370130e-03
1.373060833993046013e-03
1.326063486083950589e-03
1.298638580698809096e-03
1.227620671675741081e-03
1.208510476697730214e-03
1.135013337456169816e-03
1.105698456693446959e-03
1.087942756427635752e-03
1.052729255726866844e-03
9.340066696326062299e-04
7.696826598160034236e-04
6.410275266253013778e-04
5.475497172825136974e-04
4.730265097966704618e-04
4.226230923144921056e-04
3.663350874229827207e-04
3.123500590438975681e-04
2.705136113247929284e-04
2.395649206569384340e-04
2.214281281190862984e-04
2.062935915718449751e-04
1.939917223099595046e-04
1.808225659862749621e-04
1.724641226939421855e-04
1.648971882785213038e-04
1.583513323757714528e-04
1.542825009788879290e-04
1.506777556883569637e-04
1.471807168355246517e-04
1.437943664383919853e-04
1.407240652181143052e-04
1.377637543130828910e-04
1.351438991740445245e-04
1.322846583139044836e-04
1.295899925284900553e-04
1.273271734066830244e-04
1.247805576089183028e-04
1.223993217826689021e-04
1.203672335056925189e-04
1.188858813438196460e-04
1.174425740036963856e-04
1.162291741843043242e-04
1.147875610753710840e-04
1.135675177812132150e-04
1.122506115494550558e-04
1.110118970004961362e-04
1.098744237592461028e-04
1.086014951307732405e-04
1.074469680799310117e-04
1.062662781255445426e-04
1.052145785402719630e-04
1.043183694581814824e-04
1.035232124972662208e-04
1.026939564701970990e-04
1.019824014114743051e-04
1.011717373515122427e-04
1.004097681660836059e-04
9.976189527783965185e-05
9.906887939473999155e-05
9.858574063193198281e-05
9.793006209709743536e-05
9.737321897022321068e-05
9.696309927483832264e-05
9.650787346757279601e-05
9.588815617703163512e-05
9.535274708240324239e-05
9.488924957415197287e-05
9.427804965494373873e-05
9.382281037432948687e-05
9.343356748801720155e-05
9.304274164708435711e-05
9.254275410944250320e-05
9.205594426578668163e-05
9.164945888508805292e-05
9.124586484094579053e-05
9.087691840972473743e-05
9.051276913923227434e-05
9.018229780681383473e-05
8.975521163930069962e-05
8.935575695847834828e-05
8.890842839567086246e-05
8.857240493593399175e-05
8.827036070279706498e-05
8.796329934310019138e-05
8.772893256024022273e-05
8.752025011060651717e-05
8.732892857994043996e-05
8.713388271001656579e-05
8.695532743977310054e-05
8.675560873781066619e-05
8.651947535300022409e-05
8.629993646671809012e-05
8.613656937968163071e-05
8.599102092949072228e-05
8.439871980267282109e-03
7.122433192798626085e-03
5.882398074594040634e-03
4.403569354220952456e-03
3.721607146154201629e-03
2.816542311096110682e-03
2.628622680152630127e-03
2.316937140528187427e-03
2.169985381479673948e-03
2.006926204345578241e-03
1.739169883565741667e-03
1.538524031273949240e-03
1.367349819526605774e-03
1.209554166620115546e-03
1.098865798600241576e-03
1.004716607489868855e-03
9.156478922729828322e-04
8.431443386391803806e-04
7.793720502793187585e-04
7.281419584576752802e-04
6.828441356124938331e-04
6.373434504544125533e-04
5.757469361153711189e-04
5.248636999229993119e-04
4.899215376271834821e-04
4.707892801564286496e-04
4.440365830420959148e-04
4.235484501818561395e-04
4.079882710005721595e-04
3.912494186787346200e-04
3.832644997135332163e-04
3.695226759750962686e-04
3.544450244981275921e-04
3.391281714689379622e-04
3.301702530271020020e-04
3.238660838148946599e-04
3.129689483429426975e-04
3.026948643453576562e-04
2.949223687508255353e-04
2.857618448455813962e-04
2.831006126544387334e-04
2.764274821761875827e-04
2.695583242475380363e-04
2.634903903194820980e-04
2.581249583350089891e-04
2.548862095881509375e-04
2.504483700758941491e-04
2.461125618980052748e-04
2.424858543152961523e-04
2.384095005488200039e-04
2.351779358086805889e-04
2.308245506243598259e-04
2.267367642266756276e-04
2.233606027405819218e-04
2.209110446299010521e-04
2.179787968677028380e-04
2.150748584143255917e-04
2.122658909141530807e-04
2.099138850424949062e-04
2.069115481146476345e-04
2.036573074654358072e-04
2.014174480298753654e-04
1.990857159873676971e-04
1.967913334346967980e-04
1.948894502543775751e-04
1.924936078157424410e-04
1.896124531648556025e-04
1.874249516761727083e-04
1.849964877383737118e-04
1.828279188710156696e-04
1.803752462792265114e-04
1.784427349659387595e-04
1.764793229105230028e-04
1.749749720561193220e-04
1.734830996475254393e-04
1.717270768161927746e-04
1.700354682505867364e-04
1.685970121626857200e-04
1.669532409399817642e-04
1.654853690120519725e-04
1.640551449253499603e-04
1.627164347179022247e-04
1.615756276598686973e-04
1.603816846786194862e-04
1.592614447736045622e-04
1.582094211503628502e-04
1.573617915241812271e-04
1.566201987057268957e-04
1.558346187357231784e-04
1.550969490294411540e-04
1.543110841664280524e-04
1.533673773718490581e-04
1.526614044170298472e-04
1.517125925999616152e-04
1.510830071554974301e-04
1.502765543712373066e-04
1.495818095409243707e-04
1.487816803367159838e-04
1.478238438039839039e-04
1.467909659809700951e-04
