6.662964975291104652e-01
4.687911440135186791e-01
3.752289649232827262e-01
3.069025525900741513e-01
2.751251827615003309e-01
3.098643367915381308e-01
2.483576370731642724e-01
2.021943346574334999e-01
1.660741192893920026e-01
1.472936778734504903e-01
1.464661394445613551e-01
1.266962994578692825e-01
1.166098800013752324e-01
1.076328143712133589e-01
9.938852500004931312e-02
1.008484626946310053e-01
9.205109494611918297e-02
8.688419185609286277e-02
8.146072286202327151e-02
7.641208441230062931e-02
7.821175685428764790e-02
7.280250711403220276e-02
6.954506965198643809e-02
6.597337362348996981e-02
6.228727655640174665e-02
6.289435046478750180e-02
5.994713382505362925e-02
5.768125038672581445e-02
5.584840861281601537e-02
5.356850061261519275e-02
5.465097338498020596e-02
5.248571787266868155e-02
5.116907902433567856e-02
4.997235248397081941e-02
4.879877162867347212e-02
4.909073741512309796e-02
4.706324198849236307e-02
4.548914040212279075e-02
4.416866423269374953e-02
4.295740163310720477e-02
4.537380696676614200e-02
4.341793532077008883e-02
4.207409450117359506e-02
4.097404417225308793e-02
4.013619137628345740e-02
4.088527304800966544e-02
3.942719632720514261e-02
3.854514798443128831e-02
3.770634274396537228e-02
3.696141277550826776e-02
3.628239236341953416e-02
3.565004114089321413e-02
3.506501296039797599e-02
3.468438249841412913e-02
3.429623235862432756e-02
3.395131677085148209e-02
3.360134611622180717e-02
3.309373175941569128e-02
3.251670453883668405e-02
3.212541093831108169e-02
3.156337477420768922e-02
3.098955257059363144e-02
3.045354344635062965e-02
2.996046960562833913e-02
2.948191231213540334e-02
2.893676137793144837e-02
2.849987178228035462e-02
2.814479494811933033e-02
2.765951627715357297e-02
2.722844165140466191e-02
2.684028061745023092e-02
2.646969013082030656e-02
2.607418179537640199e-02
2.567894319312315557e-02
2.532846841949552841e-02
2.497616131136118009e-02
2.458621443499773435e-02
2.424705483933352335e-02
2.400182053676746391e-02
2.372011277260714993e-02
2.343891763354077895e-02
2.317878078376416420e-02
2.296177445455610186e-02
2.270275543845453464e-02
2.240330742560479871e-02
2.217288553972803292e-02
2.194599319637926399e-02
2.177743019337300551e-02
2.158210980772263740e-02
2.132825895266674682e-02
2.112130976154827366e-02
2.087292040398652099e-02
2.064419198451298426e-02
2.045920816830499450e-02
2.024428214994207498e-02
2.005449498456434929e-02
1.987511337039502002e-02
1.972665584184632795e-02
1.956721642191401253e-02
1.939618053400473871e-02
1.960904988002807117e-02
1.833797054347411151e-02
1.717442627890502019e-02
1.617235566887106207e-02
1.530938248544480400e-02
1.450016723771811560e-02
1.381243658935133074e-02
1.320172364104277470e-02
1.259023838262863029e-02
1.211142827415178161e-02
1.170500232669613623e-02
1.131306153271158590e-02
1.099761827021024548e-02
1.070523267174534540e-02
1.038667264132947347e-02
1.017464456754768251e-02
9.894139053135407244e-03
9.658292730784206331e-03
9.386063730963215349e-03
9.130647921721012431e-03
8.948363152696606204e-03
8.696972494799443468e-03
8.489876045499793536e-03
8.309185874513716832e-03
8.107738651377217540e-03
7.981865984498282690e-03
7.792254884413733415e-03
7.634457664330045711e-03
7.490317463180503309e-03
7.365376754337874150e-03
7.278008112973832419e-03
7.137864955245290695e-03
6.982621230259489047e-03
6.840313748119662349e-03
6.689962131681799831e-03
6.609840927603562177e-03
6.475350235265063883e-03
6.362048282980060747e-03
6.246147003761780454e-03
6.113820684991710767e-03
6.083128422484435603e-03
5.979159477600868092e-03
5.878318145982508632e-03
5.798950469543124632e-03
5.690189941657695406e-03
5.660246445889621086e-03
5.558926638176268399e-03
5.464538659520722444e-03
5.379261945544764646e-03
5.307076917062268986e-03
5.214048412365620590e-03
5.136896935176670648e-03
5.044746842014802626e-03
4.959631210340529651e-03
4.890557431365984836e-03
4.818143827398434914e-03
4.762558772252976046e-03
4.693148805599556966e-03
4.632604089605192425e-03
4.596188274461104201e-03
4.544589708144868186e-03
4.487723278250608204e-03
4.426254692131044444e-03
4.373419994902314964e-03
4.320727459342533529e-03
4.265852928638911960e-03
4.214919980477224715e-03
4.167321064717149047e-03
4.119204057496508864e-03
4.066675408164494021e-03
4.021550811883225184e-03
3.981531610970095655e-03
3.937360639335239255e-03
3.893628003372690254e-03
3.846012501455836272e-03
3.810715058035512269e-03
3.770057074463299945e-03
3.736528870900264910e-03
3.698780223410413036e-03
3.660234107202110527e-03
3.625374931551239143e-03
3.586813759756520611e-03
3.555499536477371367e-03
3.529777785142981881e-03
3.501452355341532624e-03
3.470382935829845628e-03
3.440054020485739522e-03
3.408049059957753840e-03
3.374527735338311938e-03
3.345906643698527694e-03
3.312665103131628031e-03
3.276738659208463817e-03
3.245360031119175030e-03
3.213604195388379201e-03
3.184109985520650402e-03
3.154303867366898152e-03
3.121591385433395652e-03
3.091683918700701035e-03
3.061360671499396835e-03
3.031271842288557790e-03
4.557972188010716783e-03
3.927464123009746788e-03
3.589461686763273807e-03
3.407926001040032567e-03
3.248056500596825311e-03
3.134012809470950161e-03
3.022718703238283337e-03
2.932255104228341167e-03
2.835373434820919261e-03
2.760715550774518398e-03
2.703258283816858953e-03
2.639530250571889801e-03
2.571810718614628635e-03
2.490752540105738069e-03
2.422537958459177691e-03
2.370474583135496506e-03
2.307717866475749585e-03
2.251693148717501345e-03
2.201932930838064809e-03
2.151766252420050408e-03
2.118087913958908823e-03
2.070402601557646844e-03
2.022843185001198685e-03
1.979648419406649686e-03
1.935175408160740582e-03
1.910181803089585446e-03
1.868891145226866685e-03
1.833516162285895755e-03
1.801522164592809713e-03
1.770106012325824412e-03
1.742265227802662153e-03
1.707224801812165299e-03
1.677185982549734590e-03
1.653520021283294041e-03
1.626240195873449122e-03
1.603129029965874412e-03
1.569822827503318053e-03
1.540262832035292802e-03
1.511392006850703238e-03
1.486367107816176283e-03
1.471434110977298945e-03
1.447864736134561172e-03
1.427840732326273940e-03
1.407336134597423618e-03
1.390256012197391838e-03
1.377124611211117062e-03
1.358317571605060538e-03
1.341043396817975060e-03
1.321631640813750999e-03
1.304150551850241733e-03
1.285625323340113240e-03
1.265111107418968222e-03
1.245068956825358744e-03
1.226987825277724761e-03
1.208063951118312686e-03
1.192580941680294014e-03
1.176431749167796727e-03
1.159773813901902265e-03
1.142975282565301303e-03
1.128469134634943385e-03
1.111741557513732086e-03
1.098192171842967812e-03
1.084044937526409090e-03
1.070340520372273186e-03
1.057250918119379164e-03
1.047210523026532265e-03
1.033412856473581772e-03
1.022365362156978574e-03
1.013173271768074216e-03
1.002550381512263026e-03
9.924028936020247091e-04
9.825026389045420170e-04
9.726663950822388030e-04
9.626861055950536750e-04
9.526434948678145663e-04
9.419242779088141419e-04
9.305715912494564495e-04
9.222444116437353897e-04
9.135965091108528939e-04
9.063916385821940572e-04
8.961467920670849975e-04
8.885524066717277866e-04
8.809197872002969996e-04
8.715396381823234525e-04
8.632404718384706745e-04
8.557748484813107199e-04
8.478682720437472238e-04
8.397253557404709768e-04
8.318410343219417120e-04
8.252499596978024685e-04
8.183708735238078794e-04
8.134345077522619257e-04
8.055150004231999153e-04
7.962532105651578878e-04
7.888925317545072025e-04
7.813104477073058111e-04
7.760907676546602210e-04
7.709106403279769246e-04
7.646510915268482558e-04
7.590867836968601904e-04
1.961029306893315866e-03
1.491059562750728920e-03
1.298429873252532384e-03
1.182575327728286295e-03
1.097995767611720762e-03
1.034590867230487671e-03
9.801027183338455878e-04
9.399187400140906774e-04
9.048419479185398646e-04
8.753942701202979161e-04
8.551284180275330830e-04
8.285395444469844479e-04
8.042903820200649270e-04
7.832413913659120675e-04
7.635932267095832003e-04
7.460545478826739177e-04
7.295894193591681565e-04
7.112871896594994857e-04
6.967200508999912096e-04
6.845315136787292684e-04
6.739452702485067455e-04
6.619126069626864520e-04
6.494610615885369450e-04
6.376427970346941086e-04
6.251467865689393569e-04
6.145145710506116693e-04
6.021705810511728506e-04
5.900682299583260518e-04
5.803327703606322996e-04
5.715783800764650873e-04
5.638608673756933089e-04
5.540652016957761444e-04
5.450953040512007729e-04
5.338756092841602952e-04
5.230942038634153963e-04
5.156721229829838282e-04
5.063516247616230148e-04
4.972848474055857702e-04
4.896715445911204714e-04
4.810943128720267877e-04
4.754287066778579030e-04
4.674751881838108930e-04
4.608881660650141800e-04
4.537015573162181707e-04
4.464598323827761116e-04
4.404242870862040628e-04
4.337989369575144462e-04
4.282744763460294879e-04
4.236429360307703701e-04
4.194606595192128685e-04
4.151607840923386130e-04
4.110449209321577393e-04
4.056842846488905186e-04
4.000562637703382329e-04
3.949650814450467217e-04
3.893839358212697961e-04
3.844036827628857377e-04
3.804870890934764025e-04
3.763202495138269466e-04
3.730530207081081688e-04
3.692931883841279886e-04
3.658224854976469898e-04
3.611075717538993223e-04
3.571950815956968176e-04
3.531644165168636921e-04
3.497582138084746493e-04
3.468354055341081751e-04
3.441865487875013507e-04
3.416914009384871415e-04
3.391662176805870549e-04
3.363798736901217547e-04
3.338044446138773358e-04
3.316519541880818731e-04
3.294395029650256409e-04
3.269506385201623676e-04
3.246157263864018149e-04
3.224290535740640209e-04
3.201558666334394635e-04
3.178979511158454611e-04
3.156225043032287285e-04
3.128918251451357955e-04
3.096966801915294410e-04
3.065111987722806243e-04
3.031416632809249656e-04
2.997300702504596972e-04
2.965880628545886403e-04
2.934214298360310075e-04
2.903466944479991883e-04
2.875517377084391884e-04
2.846125948413738083e-04
2.818026543406933334e-04
2.791297312708385103e-04
2.765991007625921033e-04
2.743976686345300764e-04
2.724469323557622297e-04
2.700145532517138174e-04
2.678440737241690687e-04
2.663272013583676558e-04
2.644656666165868782e-04
2.623138087428732558e-04
8.968632102071186609e-04
6.784633575229924657e-04
5.854414260624877207e-04
5.230870002273751811e-04
4.753770947043258963e-04
4.413459691554907200e-04
4.142309771117014695e-04
3.921462663886879732e-04
3.742087925205920726e-04
3.595835072599149157e-04
3.458755882081445635e-04
3.339955988879025027e-04
3.222241407042847274e-04
3.134555036185235929e-04
3.047483721769319903e-04
2.976454565108668424e-04
2.905525421326447854e-04
2.836151201597157017e-04
2.775713473621785744e-04
2.716750079597183643e-04
2.656907427209465522e-04
2.600483756248534069e-04
2.560376474003376863e-04
2.513582560972648424e-04
2.463544327687403382e-04
2.429852802279238789e-04
2.390124900317474742e-04
2.349791059520801590e-04
2.301708143832112310e-04
2.263024267402953657e-04
2.218944573622078531e-04
2.171477163371844481e-04
2.135636959723159398e-04
2.100624644117890364e-04
2.061882158734276119e-04
2.028875338347911617e-04
1.995375610495316325e-04
1.965497387486688917e-04
1.933217041541063490e-04
1.902042889608868722e-04
1.876079407864553389e-04
1.847275540472209524e-04
1.820613651479388400e-04
1.796449556120689305e-04
1.770923657747123354e-04
1.748560703767391663e-04
1.720476587864411581e-04
1.697764533592486429e-04
1.672138970699609711e-04
1.647549894849018666e-04
1.623825881940266387e-04
1.598335928443570875e-04
1.576866900963095860e-04
1.558985425715960675e-04
1.537461183079190049e-04
1.522215766628952967e-04
1.506437629761472419e-04
1.493436645765330428e-04
1.477184196905036205e-04
1.456185632713264191e-04
1.437876393431238367e-04
1.420109228476082583e-04
1.403981082291129207e-04
1.388421318326205274e-04
1.374900693258695756e-04
1.357981618295576922e-04
1.345510247552995421e-04
1.333665732472475189e-04
1.320928463846735240e-04
1.308592009911699035e-04
1.295093464124612260e-04
1.282844503489417799e-04
1.270383573019251064e-04
1.260221141809088894e-04
1.251139371060229271e-04
1.242551513531051880e-04
1.233136050467284884e-04
1.223929257192943819e-04
1.214059323475211215e-04
1.204910584093941652e-04
1.195452096949284354e-04
1.186772248770645089e-04
1.176818261905371408e-04
1.168008064962572894e-04
1.158406553787137575e-04
1.150913725406644682e-04
1.144426554433267563e-04
1.139536673125696073e-04
1.133815294976696592e-04
1.128177541094094806e-04
1.121069771315786804e-04
1.114396272602303714e-04
1.106900656222560141e-04
1.097906512380783880e-04
1.088578262580253831e-04
1.079757202200566169e-04
1.072714675928550574e-04
1.062497446764648119e-04
1.053974906944200543e-04
1.043600977812370566e-04
