8.254718873811786040e-01
7.608864507132737653e-01
7.319398269605078555e-01
7.168613688117644323e-01
7.049498920104467770e-01
7.202112990095642653e-01
7.100159443804018311e-01
7.026587887565022283e-01
6.960249829626650175e-01
6.905058301305049273e-01
6.952734378634026768e-01
6.907202851886371509e-01
6.874728197032931032e-01
6.848874884839473154e-01
6.824769821355242128e-01
6.929047496454053823e-01
6.851531260884375918e-01
6.815054619158880111e-01
6.787165395708516513e-01
6.770852893953454021e-01
6.838145449268613341e-01
6.784708481686896331e-01
6.762663746646102592e-01
6.750187464582283470e-01
6.740118962461006946e-01
6.786676474723699615e-01
6.753514827542284049e-01
6.737706639278729925e-01
6.728380375334465091e-01
6.721162020102133816e-01
6.747945587990159533e-01
6.716678906256775550e-01
6.704117612822201311e-01
6.696787762040240510e-01
6.690257536281893902e-01
6.745079538463074620e-01
6.702956207155342794e-01
6.687833619667906682e-01
6.678772840116747878e-01
6.673599658011030167e-01
6.718716256137483578e-01
6.696433662863596759e-01
6.685853556234444550e-01
6.679951417400715741e-01
6.675488337709269970e-01
6.688643409582106791e-01
6.675879082205996573e-01
6.671154875483640279e-01
6.667550432585223064e-01
6.663901294989734714e-01
6.661790037214175841e-01
6.660054320535377936e-01
6.658094492531766440e-01
6.654940742021497879e-01
6.652598504233452337e-01
6.651180994681434866e-01
6.649942398392506560e-01
6.648756796578734196e-01
6.647427927678305482e-01
6.646540343609522727e-01
6.645469309878765385e-01
6.644475458279585078e-01
6.643599001467567211e-01
6.642420508279337499e-01
6.641447214308762170e-01
6.640475007829773624e-01
6.639439196292007406e-01
6.638212567260933783e-01
6.636660708332187131e-01
6.635128005225713332e-01
6.633279597700710850e-01
6.631949910962047223e-01
6.630948728717264151e-01
6.630054294688672023e-01
6.629233332273263279e-01
6.627900037845788628e-01
6.627077131322167691e-01
6.626507448806915335e-01
6.625954320516408425e-01
6.625474933511341646e-01
6.624906974032984674e-01
6.624339607421197984e-01
6.623851206996674845e-01
6.623399539030264682e-01
6.622991704594827223e-01
6.622566621003309617e-01
6.622068826479245995e-01
6.621685816032041316e-01
6.621203709624458034e-01
6.620686013507605105e-01
6.620244198047511297e-01
6.619866374548393217e-01
6.619426283054030691e-01
6.618964096649837536e-01
6.618664169274914855e-01
6.618324686557828240e-01
6.618033529430751294e-01
6.617768897749363166e-01
6.617411143018239184e-01
6.617065484091756433e-01
6.428981013257929478e-01
6.331567268809927818e-01
6.233086672145337070e-01
6.167922597433713738e-01
6.122332886300826393e-01
6.089737796900478450e-01
6.060875271120633734e-01
6.033444616995738974e-01
5.998398378675920961e-01
5.967955732940075642e-01
5.937800641993189465e-01
5.908144253918146127e-01
5.880956523560491034e-01
5.855001146571796600e-01
5.826965925983422778e-01
5.830058392788616262e-01
5.803923991913935154e-01
5.780467366045765054e-01
5.758462018082922684e-01
5.742943725878562056e-01
5.740447838416197213e-01
5.724278092434436083e-01
5.713838799526441692e-01
5.704490714340847424e-01
5.694832923634778332e-01
5.701487258271581426e-01
5.688600516175433830e-01
5.680007584247247499e-01
5.672666329104412153e-01
5.666745191725296449e-01
5.672861414034769956e-01
5.661973646862507037e-01
5.650911497541983852e-01
5.642280195137678867e-01
5.636512800423212344e-01
5.658092967993197941e-01
5.648797647405843225e-01
5.642729061803158919e-01
5.637760757487375596e-01
5.633209683599231798e-01
5.639655801846671368e-01
5.633726884867040763e-01
5.629710053216501198e-01
5.625226199105772817e-01
5.621377135875355036e-01
5.630653590375525042e-01
5.622755855952246140e-01
5.616930501174794976e-01
5.612454338200565385e-01
5.609010537544253383e-01
5.605447429207602861e-01
5.602289535196594006e-01
5.599482610971666663e-01
5.597002972061203563e-01
5.594553214383517492e-01
5.591799371479164726e-01
5.588731058994687029e-01
5.586073080447377937e-01
5.583511510851394410e-01
5.581761180615040230e-01
5.580290906678382346e-01
5.578572901026384034e-01
5.576894730255859134e-01
5.575302599513543012e-01
5.573816624240944817e-01
5.572670272827413562e-01
5.571697781139967054e-01
5.570648321015849724e-01
5.569749893542518260e-01
5.568759961259797109e-01
5.567878250574553878e-01
5.566867398469975692e-01
5.565899719320926975e-01
5.565065689414187000e-01
5.564345370946329750e-01
5.563589221924390982e-01
5.562838856528239395e-01
5.562170006193724037e-01
5.561552015165404095e-01
5.560856867461094755e-01
5.560200939288847399e-01
5.559503038707662714e-01
5.558885056136073644e-01
5.558118504237161694e-01
5.557440858706340636e-01
5.556857040255123170e-01
5.556435631916954998e-01
5.556081808282271606e-01
5.555799708853784713e-01
5.555495211122214450e-01
5.555310655436024314e-01
5.555093733076765794e-01
5.554912977373385186e-01
5.554658432795127609e-01
5.554074337197202338e-01
5.553306346974457020e-01
5.552785873937154948e-01
5.552340616367223980e-01
5.551818057955358876e-01
5.551531660294847237e-01
5.555393059003087552e-01
5.497456275663846759e-01
5.447677901986822668e-01
5.413425652879514383e-01
5.385236456627224833e-01
5.364020158146368678e-01
5.342466546518899184e-01
5.325565142414545594e-01
5.310000952814869501e-01
5.298349313851795639e-01
5.287700423137486894e-01
5.276912315475341675e-01
5.263412847972185338e-01
5.252017027449782383e-01
5.238243376168317811e-01
5.266438084898421579e-01
5.256418071517418023e-01
5.249835818382686536e-01
5.241808832375973726e-01
5.232168638790050119e-01
5.226958890970556659e-01
5.216081015687252798e-01
5.208593684497343501e-01
5.200068271557217736e-01
5.191531230656859508e-01
5.192543355329574117e-01
5.184931774214470712e-01
5.176077709833148965e-01
5.169300796120405161e-01
5.163034056146773576e-01
5.156633691605650993e-01
5.150300540365101432e-01
5.144375048211339285e-01
5.139810538149218733e-01
5.134016723760250756e-01
5.132590297852187566e-01
5.128072938111513102e-01
5.124049833022908951e-01
5.119974946313500253e-01
5.117125363264956039e-01
5.115402904130674777e-01
5.110979438960171484e-01
5.106375380218892701e-01
5.101949189348840008e-01
5.098181221353466075e-01
5.099146900346743783e-01
5.095852705537233795e-01
5.092695060577693278e-01
5.088678982678050966e-01
5.083788563010355199e-01
5.079501845348054490e-01
5.075065188632136293e-01
5.071468074384866132e-01
5.068861319164512658e-01
5.066292526551409159e-01
5.063340765266708399e-01
5.060198919797124217e-01
5.057065743031931015e-01
5.053779064635989249e-01
5.050489441764153264e-01
5.047972455093786559e-01
5.045769541464628638e-01
5.043444377576499216e-01
5.040716097323919564e-01
5.038648303570683051e-01
5.035722394410303560e-01
5.033623743259451055e-01
5.030775560738368624e-01
5.028672880795805877e-01
5.026131331117226209e-01
5.024530886012399389e-01
5.021551458906710064e-01
5.020278655806283963e-01
5.018817511779500862e-01
5.017458006730489695e-01
5.016469267940671939e-01
5.015432802705396265e-01
5.013640813310554778e-01
5.011674980324311024e-01
5.010037339284549862e-01
5.008796205199452789e-01
5.007227836307673874e-01
5.005133561022371280e-01
5.003924708880742589e-01
5.002912783319077850e-01
5.001272388770083843e-01
4.999861967492150172e-01
4.998224023604206367e-01
4.997038404574141168e-01
4.995220566024543563e-01
4.993504635824944082e-01
4.991476049633967738e-01
4.989552801226973533e-01
4.987483699502566203e-01
4.985576469930496635e-01
4.983778998547866990e-01
4.982152403366897908e-01
4.980097930736472334e-01
4.978095965663748568e-01
4.977013659348266672e-01
5.211688343154994296e-01
5.123407111722716456e-01
5.074374134867550845e-01
5.050392790083247929e-01
5.044242181718872065e-01
4.983161852261920322e-01
4.900865919316847452e-01
4.841958957754263215e-01
4.792489791635612950e-01
4.752393707637895259e-01
4.727623221750718030e-01
4.698444427121644673e-01
4.673704553362189595e-01
4.651700183228824614e-01
4.629081336934156576e-01
4.622000906429590827e-01
4.597953789055385654e-01
4.578114506472417689e-01
4.560166244475355457e-01
4.543410751113721169e-01
4.532165215948108505e-01
4.517652651887221760e-01
4.498804922962956199e-01
4.483106619801442427e-01
4.470050472559437549e-01
4.475649879854047830e-01
4.465999971430219539e-01
4.455059213437110310e-01
4.445027849497925621e-01
4.435459202834876602e-01
4.445273854843391770e-01
4.440536433651690040e-01
4.436887501788068233e-01
4.434462734640332027e-01
4.431470809487946250e-01
4.434482648311429687e-01
4.429261761027945554e-01
4.423479217211931935e-01
4.418466753152047177e-01
4.414882191531596112e-01
4.414471758214751351e-01
4.406248421957441042e-01
4.396476878544657296e-01
4.387133668678474541e-01
4.379504114838533302e-01
4.385069811981874288e-01
4.372886538880807472e-01
4.363960450760757115e-01
4.356613753742051842e-01
4.350305924390290846e-01
4.343506495045615368e-01
4.337232610683856016e-01
4.331038313047766986e-01
4.323883782703179524e-01
4.316704916396652547e-01
4.311271446060641610e-01
4.306266742462233066e-01
4.302356865024788424e-01
4.298136797696461842e-01
4.294087342429085408e-01
4.289105868148652689e-01
4.284811587727166970e-01
4.280778856925987474e-01
4.276992999098497283e-01
4.273841543923546094e-01
4.270837328366183794e-01
4.267250947424231500e-01
4.264444916127662633e-01
4.261813627639487456e-01
4.259221638477571625e-01
4.256099196911667382e-01
4.252665570627999769e-01
4.249620052611305931e-01
4.245947045057138491e-01
4.241994512087062241e-01
4.239199919641951086e-01
4.235728663630820012e-01
4.233580271192655675e-01
4.231376315201154092e-01
4.229151032691729206e-01
4.226826413442906216e-01
4.224383772960160210e-01
4.221193272537661634e-01
4.218137287645409850e-01
4.215064597081858433e-01
4.212284981644021098e-01
4.209382890816281142e-01
4.206520287169673855e-01
4.203832246893534630e-01
4.201002541900991094e-01
4.198222355930860683e-01
4.195536401021605633e-01
4.192769007451020991e-01
4.189151503109582175e-01
4.185224348575560804e-01
4.182719727065145610e-01
4.180160013692487131e-01
4.178089143176850206e-01
4.175833534772343536e-01
4.173945657579847257e-01
4.366120704660031437e-01
4.270491611878640681e-01
4.215567589175224783e-01
4.172440408702022818e-01
4.134874333239843547e-01
4.166619051664491313e-01
4.132672007515311163e-01
4.108294766518160168e-01
4.085600737637173907e-01
4.062254878406093561e-01
4.051648600622584917e-01
4.033137716942590267e-01
4.014319984832727117e-01
3.996951490425532660e-01
3.980899749920578379e-01
4.017167909873314291e-01
3.994884679928930593e-01
3.977357509964632443e-01
3.962789611944834700e-01
3.950424960765603899e-01
3.986605651407587048e-01
3.964712057869279604e-01
3.947498826482989109e-01
3.933853007973341365e-01
3.918746106376134186e-01
3.947083801817553028e-01
3.922921509177132449e-01
3.906833142919428070e-01
3.894250776715415530e-01
3.882021364834720156e-01
3.895599941790529597e-01
3.880342897312524242e-01
3.866989939239179330e-01
3.853693162289005825e-01
3.842118193756078326e-01
3.852641687511207946e-01
3.841879196703008592e-01
3.832130187287531853e-01
3.823088630694199686e-01
3.814972105156709259e-01
3.816876212092076837e-01
3.803427590452245211e-01
3.793597178417192350e-01
3.784908718471329259e-01
3.776871123997921353e-01
3.782261818610982429e-01
3.774437147963796146e-01
3.766875135051961920e-01
3.760469135473188951e-01
3.752098693402199370e-01
3.744418889350014101e-01
3.737073034581798736e-01
3.730240435648701780e-01
3.723968151361791157e-01
3.717497848482018696e-01
3.711481335343658206e-01
3.705507035036624819e-01
3.699866070212448621e-01
3.694772900377835678e-01
3.689784222084064869e-01
3.684638738632037835e-01
3.679539391781553870e-01
3.675327858068271336e-01
3.670658913140354973e-01
3.666585053622498647e-01
3.662997736442051289e-01
3.659265646183768039e-01
3.655356983181579644e-01
3.651692243844770203e-01
3.648542668026869551e-01
3.644758232860322300e-01
3.641634469084864545e-01
3.638926362709311024e-01
3.636292015658020849e-01
3.633886683694774189e-01
3.631545777383416440e-01
3.629003797618449156e-01
3.626818640616547573e-01
3.624611083125204303e-01
3.622675180030867637e-01
3.620601505058966274e-01
3.618681141521227218e-01
3.616731035610166733e-01
3.614980884405418204e-01
3.613058626955733543e-01
3.611244725926144317e-01
3.609094925520124342e-01
3.607210989070726570e-01
3.605170649052479859e-01
3.603140289413958031e-01
3.600988467898058043e-01
3.599026878918217820e-01
3.597087959905783117e-01
3.595341618955948948e-01
3.593775767576546931e-01
3.592201138281955197e-01
3.590855612753350856e-01
3.589748383422609046e-01
3.588609593977841739e-01
3.587378864273367829e-01
