1.126046373693058156e-01
5.027020961048767056e-02
3.190593837047839276e-02
2.232307127204739491e-02
1.798585194409706850e-02
1.634543978282832627e-02
1.383105618858319549e-02
1.188748311484237423e-02
1.054475694156437743e-02
9.293533863204814574e-03
8.521892573788977798e-03
7.856626637188297152e-03
7.334904052660670692e-03
6.942842671958964450e-03
6.578655657535997098e-03
6.363602230738387051e-03
6.021040263587434938e-03
5.763203972755408938e-03
5.497256253734960837e-03
5.236811250109584155e-03
5.159453432140734264e-03
4.941836414613177790e-03
4.764209178903813791e-03
4.659280428533372868e-03
4.497953163615883709e-03
4.398534654776946155e-03
4.241837087331076436e-03
4.145006617753465260e-03
4.048696795216220196e-03
3.949767961005195421e-03
3.927472063738226063e-03
3.809892220329831689e-03
3.710186413803152634e-03
3.603783608352448004e-03
3.512276736278128683e-03
3.466053282558420861e-03
3.361509777790247077e-03
3.291744550134117608e-03
3.220138232817817102e-03
3.165650793218526774e-03
3.184710939217824058e-03
3.117088389843462263e-03
3.067984218799394563e-03
3.019122042012564820e-03
2.982720109575712555e-03
2.957146711775922830e-03
2.905596849426152553e-03
2.862903300461505911e-03
2.830880923403165592e-03
2.788991602598237581e-03
2.753613398074104303e-03
2.719592525811208653e-03
2.679300903747500358e-03
2.648369605254133514e-03
2.614467941351100461e-03
2.579800551850789606e-03
2.546167599789313923e-03
2.509062187628844157e-03
2.479805903721557948e-03
2.435140452832546768e-03
2.400358729488293128e-03
2.359341355069435268e-03
2.326474383762441346e-03
2.288691625672448996e-03
2.261194107525489171e-03
2.238961660905613472e-03
2.203327045348534106e-03
2.171302739778917332e-03
2.138824124652586537e-03
2.103961740022464860e-03
2.074285187011726782e-03
2.046882990967862324e-03
2.025790208783011682e-03
2.005223124369513374e-03
1.983115342922565048e-03
1.959926543356537137e-03
1.940712303191162533e-03
1.920158232818619786e-03
1.902682910827489544e-03
1.886106838254759466e-03
1.870260645903362154e-03
1.855325373454417247e-03
1.842119554286963034e-03
1.827678105993599429e-03
1.817563596867530782e-03
1.802239298718968583e-03
1.789830666575714180e-03
1.776982265455210415e-03
1.763263387294750463e-03
1.751677634666382695e-03
1.739646531229325577e-03
1.729261952504715458e-03
1.717265105542636417e-03
1.707377163766972145e-03
1.696478032283829434e-03
1.683560291553655745e-03
1.671294475477707155e-03
1.662599552983626619e-03
1.654761503844916128e-03
1.646358434555040065e-03
1.454520420686072077e-03
1.279449456568892713e-03
1.160574317159293340e-03
1.067460769168791486e-03
9.982030663723746346e-04
9.425325536216557290e-04
8.928899943717762263e-04
8.510318154811220056e-04
8.136674962860927481e-04
7.846325046668262918e-04
7.521376111999730643e-04
7.235285279128968574e-04
6.989830795534073991e-04
6.765592984530198646e-04
6.531800313240100674e-04
6.347272773983748560e-04
6.202949094119300597e-04
6.045326721346967139e-04
5.894256979803335532e-04
5.800274514523502158e-04
5.689769690050536146e-04
5.582636193006057295e-04
5.451664979090752212e-04
5.325497092051363493e-04
5.215972564438537285e-04
5.112392831761325288e-04
5.023972769706087959e-04
4.954842229135769487e-04
4.887895281053490550e-04
4.822472756967476504e-04
4.746990361177156194e-04
4.681310309926945161e-04
4.618955954676463643e-04
4.548213359145871089e-04
4.495426403523725676e-04
4.439817726612092959e-04
4.395371871144114115e-04
4.352780087291096005e-04
4.306488113370132535e-04
4.254000330787146124e-04
4.222862149277111150e-04
4.189154815194389694e-04
4.158672108194989511e-04
4.125350496679593680e-04
4.087642201033562139e-04
4.055329309995881924e-04
4.017543059782367689e-04
3.983375903039331942e-04
3.952738008448949242e-04
3.924372272841873850e-04
3.897978668953976382e-04
3.873393971952109115e-04
3.848563307160490993e-04
3.822188376652582080e-04
3.793916466887895683e-04
3.770827682232271035e-04
3.740358810992957844e-04
3.712088762781358148e-04
3.679602846032493002e-04
3.651657990653279346e-04
3.632446696193126698e-04
3.611511597372542791e-04
3.595341414941895784e-04
3.575123397984908196e-04
3.559581910495987988e-04
3.541491977180032114e-04
3.522076135253403924e-04
3.505710989068097595e-04
3.489667591961511284e-04
3.475207166962940341e-04
3.464224567203094511e-04
3.452776021742861917e-04
3.442449507220980047e-04
3.430291765848954267e-04
3.419858937887570896e-04
3.409218536199826394e-04
3.397411117908137059e-04
3.386255353010856348e-04
3.373203890481537757e-04
3.361839291372312817e-04
3.349565539923547806e-04
3.338010979507620283e-04
3.323786097855326504e-04
3.308595091087311634e-04
3.295453463356313333e-04
3.278228879233541660e-04
3.262557885809143940e-04
3.250693643966241905e-04
3.239429142660660895e-04
3.227466422738464150e-04
3.216528726735658596e-04
3.203705342581137662e-04
3.189937935069401143e-04
3.175162696779638256e-04
3.159348396064470582e-04
3.146653399696603846e-04
3.133539905806557438e-04
3.120439727940138748e-04
3.109100071797900365e-04
3.097772844816634990e-04
7.036462070525764103e-04
6.055379674087441088e-04
5.381732936359903859e-04
4.898802813752300197e-04
4.535158435359619303e-04
4.122865347448155830e-04
3.682892105876866629e-04
3.327990375264869055e-04
3.069317602930377075e-04
2.833779696259352285e-04
2.651282429015924488e-04
2.503204207460057464e-04
2.385115763982477964e-04
2.298269933901667616e-04
2.193582139451506947e-04
2.119882916222961937e-04
2.050096549193008402e-04
1.987112707329687740e-04
1.920178162687703782e-04
1.880634501540881911e-04
1.843449490546491545e-04
1.812448364245560558e-04
1.779885480949639366e-04
1.748794386215183825e-04
1.721773929320646000e-04
1.702168316571359239e-04
1.681803638937112580e-04
1.662393995299965620e-04
1.642491756419404644e-04
1.625378010126643524e-04
1.611213593654668458e-04
1.598255341078037427e-04
1.584583612575225873e-04
1.570816661157351034e-04
1.558220861695719796e-04
1.545065471562924431e-04
1.533288375744897383e-04
1.523372893470534262e-04
1.512032353956385103e-04
1.500712108450856605e-04
1.490145389587198776e-04
1.480081004036798735e-04
1.471045020800731615e-04
1.462767445416554134e-04
1.454293544102727557e-04
1.445224783603459191e-04
1.436748338714798350e-04
1.429616581601440492e-04
1.423149025441163679e-04
1.415206698590840682e-04
1.408884751540285737e-04
1.403197732789503627e-04
1.396523933318084864e-04
1.389543204741086743e-04
1.382759133630077984e-04
1.376107758750692487e-04
1.369149297427336726e-04
1.363185007445557023e-04
1.356856948270380818e-04
1.347954942305980698e-04
1.340290518864539553e-04
1.331964085056372253e-04
1.324826174985387214e-04
1.317866177461492390e-04
1.311683764539251635e-04
1.304216302386046889e-04
1.297509491436443861e-04
1.290588046072130063e-04
1.283854148219992449e-04
1.277784221339450365e-04
1.272164010020468178e-04
1.266930047202673778e-04
1.259383866922205613e-04
1.250810396048389708e-04
1.243335621257914342e-04
1.235586535680127912e-04
1.227593884221564533e-04
1.221321417441284269e-04
1.215653788752272179e-04
1.210523221281721649e-04
1.205903500917320892e-04
1.201458462691858408e-04
1.196261508601653662e-04
1.191534773053020828e-04
1.185928960938185381e-04
1.181235138209881381e-04
1.176839565433229209e-04
1.172674483795702624e-04
1.168263909083924707e-04
1.163862431473826331e-04
1.159781005365780656e-04
1.156089007825797203e-04
1.152651379221828994e-04
1.149274411236211982e-04
1.145531416187206287e-04
1.141763058706927054e-04
1.138304142616787523e-04
1.134306786740521544e-04
1.130612743338705960e-04
1.126733249720165243e-04
5.631601940887284285e-04
4.801970706151644560e-04
4.203249898386212475e-04
3.873765088022602921e-04
3.502703166136308401e-04
3.100727185063335270e-04
2.775787693325973611e-04
2.501360961845124271e-04
2.255546198692614591e-04
2.069018565528975425e-04
1.860631593305163748e-04
1.712561861232584899e-04
1.573297409759294018e-04
1.468792675705504747e-04
1.377158612643041566e-04
1.305863449373738838e-04
1.244235388654692253e-04
1.187698837152826063e-04
1.140774873766335433e-04
1.108550386206219406e-04
1.083199614522294401e-04
1.063036193763408399e-04
1.043192965752589142e-04
1.024420312171079656e-04
1.006342092550311485e-04
9.918965028587706874e-05
9.784448533727973119e-05
9.677276320697575493e-05
9.570288947776521853e-05
9.481084362071798299e-05
9.392626431715421823e-05
9.299375827907617595e-05
9.213076160808452819e-05
9.116411582912787475e-05
9.027774884151553315e-05
8.941549851724206433e-05
8.840787821943564605e-05
8.754846307659121534e-05
8.682397953516225676e-05
8.611760637403892784e-05
8.535401197621755355e-05
8.467267212450758538e-05
8.390808368399187546e-05
8.331282973475725182e-05
8.283237766664088974e-05
8.223951225768005055e-05
8.172296543084101245e-05
8.117154313619246039e-05
8.062741082042803600e-05
8.002758457127457693e-05
7.954630394489754417e-05
7.906596780305120324e-05
7.869460773968777357e-05
7.824990511971697171e-05
7.789126765695857145e-05
7.752399811917082002e-05
7.706473569548725707e-05
7.666124814344963930e-05
7.628386122815972528e-05
7.598617686344816323e-05
7.560808075007578678e-05
7.527377462672229982e-05
7.496294886494365354e-05
7.471484363395862038e-05
7.446886659865314083e-05
7.420957398235129333e-05
7.399797336965617414e-05
7.377428150509996721e-05
7.354767164197172687e-05
7.331366094468336387e-05
7.302100169271347869e-05
7.277689985686534131e-05
7.259481728112269128e-05
7.234245060348037048e-05
7.209291102518728257e-05
7.189273621536679585e-05
7.168151000386283826e-05
7.145801658142445834e-05
7.122669420330795544e-05
7.102502333936339259e-05
7.078676114702397212e-05
7.059085145053304482e-05
7.042094819275794603e-05
7.029351323734570219e-05
7.013667596179286778e-05
6.999791094375677465e-05
6.986018210262742311e-05
6.968915961918966794e-05
6.955382913334407099e-05
6.939691653019951104e-05
6.922928961418587496e-05
6.907476433353568212e-05
6.893966638372680308e-05
6.878178893321625911e-05
6.860374840446472374e-05
6.842942296851918234e-05
6.826395808324840460e-05
6.803616185870854855e-05
6.787133356006050096e-05
6.765830729858433314e-05
1.511491467400444093e-03
1.113765128491709527e-03
9.387052120711210455e-04
8.227616468459308550e-04
7.175021346280416410e-04
5.802731989111639807e-04
5.076178692518183407e-04
4.591674818438788871e-04
4.138918717557840948e-04
3.762920507523670119e-04
3.397164063925326881e-04
3.129859530352097226e-04
2.872449222077411916e-04
2.620899833273258330e-04
2.444243316293262438e-04
2.233745953171037250e-04
2.051183620070037839e-04
1.903705691803799470e-04
1.734289182979354619e-04
1.611846665144816887e-04
1.494188454211771953e-04
1.402791083773689720e-04
1.330868636397477764e-04
1.253941160918782972e-04
1.195819128221257543e-04
1.143297031831111410e-04
1.100260004231829798e-04
1.061140053938717717e-04
1.025567082695443444e-04
9.962356537555425314e-05
9.671488603896453843e-05
9.442177325054978163e-05
9.243344478514044162e-05
9.031550005163869229e-05
8.872029092778899824e-05
8.723296606508270160e-05
8.587527745905564980e-05
8.459505818229631432e-05
8.343480757263895702e-05
8.230136565193010433e-05
8.105969875011500409e-05
8.012593305332290088e-05
7.911654784457101118e-05
7.838785473464584728e-05
7.756267541648291552e-05
7.670854366213175027e-05
7.581619835983018270e-05
7.501641310298813852e-05
7.426798529156090390e-05
7.360451792913588092e-05
7.290639764656766091e-05
7.218906601118251886e-05
7.144171947998289782e-05
7.078916957367041584e-05
7.006471595543886785e-05
6.928793229238217207e-05
6.870119454643461765e-05
6.809744698415526429e-05
6.754881374430654140e-05
6.697272958159694101e-05
6.642265075284509265e-05
6.584881357968514533e-05
6.541803606009200835e-05
6.504708418321048099e-05
6.465923209819349389e-05
6.427375036424175616e-05
6.392970912881045865e-05
6.356920861509446526e-05
6.321526375291251960e-05
6.288723072171812116e-05
6.253300130761529040e-05
6.214632970171155425e-05
6.180394406827157381e-05
6.141358329785961479e-05
6.108456725418039558e-05
6.078985667928557860e-05
6.046006701106840020e-05
6.013401497410807806e-05
5.991346084732749667e-05
5.969412506545591094e-05
5.947654615888863373e-05
5.929030216115430249e-05
5.904841779766378964e-05
5.879239819502404140e-05
5.855241202263786166e-05
5.833433369381161763e-05
5.810373454690556254e-05
5.786224543019044899e-05
5.765375527128524958e-05
5.745094888266091528e-05
5.722249538730831157e-05
5.701305655482501628e-05
5.682869283996593284e-05
5.665548564656474370e-05
5.648300028549799222e-05
5.634609245460611720e-05
5.622298057946703554e-05
5.606878742672966807e-05
5.591625794957403857e-05
5.577583546277959959e-05
