9.789811335753413335e-01
4.504971352474224089e-01
1.747704810249599838e-01
1.008207690996336808e-01
7.642978449776567651e-02
6.462118795038257479e-02
5.758594249476866461e-02
4.875903807894418907e-02
4.276838230895396026e-02
3.384643507133205248e-02
2.993657999957492419e-02
2.520009351941892087e-02
2.237034917175872648e-02
2.019466856918030948e-02
1.843183374901409197e-02
1.671238803888449795e-02
1.565063682764770633e-02
1.444251273148793209e-02
1.337863746652550451e-02
1.285968903330349418e-02
1.189330025500298128e-02
1.138017382743623622e-02
1.108881042186655660e-02
1.077265757691338137e-02
1.050179390871171063e-02
1.024102442875929157e-02
1.004713466712790076e-02
9.871848228057665542e-03
9.719840617498655064e-03
9.508767371290190867e-03
9.312811667676277813e-03
9.093400990581691073e-03
8.905601363552556951e-03
8.728699283061115699e-03
8.510217715841931346e-03
8.297925644365154382e-03
8.120063267418514696e-03
7.992459680241006253e-03
7.866602973262182968e-03
7.722130106110126554e-03
7.590987286599187520e-03
7.470274972989686922e-03
7.320245490203972430e-03
7.121964171884643396e-03
6.958404376081885750e-03
6.810640541675017090e-03
6.674931458864847428e-03
6.575163007894607031e-03
6.485868457919125030e-03
6.379034784131069544e-03
6.303940408617737801e-03
6.208435117704886631e-03
6.117612482722522248e-03
6.031829679784331093e-03
5.945350391624619306e-03
5.249836081213503716e-03
4.716886315630343905e-03
4.570956831008951039e-03
4.470081922358190574e-03
4.338991234198786608e-03
4.223076565499832812e-03
4.165621573745731908e-03
4.083970140957018762e-03
4.022687666250391279e-03
3.958823567104143362e-03
3.901978799979110256e-03
3.863512172863496023e-03
3.824385318667592772e-03
3.773976677564920904e-03
3.734950962678595596e-03
3.694954288659695399e-03
3.658674894941840901e-03
3.596474713075638145e-03
3.544633575710515443e-03
3.499987186916490075e-03
3.464812838975080220e-03
3.391106220721638951e-03
3.319974510065494024e-03
2.924833385764840591e-03
2.688983025659479574e-03
2.605961399834514844e-03
2.538569826933512619e-03
2.476297661037711248e-03
2.419963245341171226e-03
2.383274409301122838e-03
2.343746329634257674e-03
2.324379980645788647e-03
2.302945194868280619e-03
2.284309244033401118e-03
2.249784927779930471e-03
2.225840136975056494e-03
2.200141135402545155e-03
2.174599935680794714e-03
2.156601424310517889e-03
2.137808541244383669e-03
2.117986582150413032e-03
2.098685269597960583e-03
2.082079560213939608e-03
2.065072398105889662e-03
2.049101622102029400e-03
2.034230118511335880e-03
2.018581358945544923e-03
2.000287821916597181e-03
1.983395483033942915e-03
1.958080458885234128e-03
1.935788541281482445e-03
1.916275063054867587e-03
1.894975250031468751e-03
1.877622284269108485e-03
1.863341665949082467e-03
1.831448158681543009e-03
1.794509168911906068e-03
1.765755035479901498e-03
1.739260987521937555e-03
1.694863271235336720e-03
1.650717775934480410e-03
1.621074615132916084e-03
1.594552690903192895e-03
1.557569764632837916e-03
1.522066486641550495e-03
1.468618466417535764e-03
1.431750680181056740e-03
1.374485164516059572e-03
1.329303394049126874e-03
1.319189674845073611e-03
1.313172468402083650e-03
1.304316568323734020e-03
1.297319848503513447e-03
1.289719749342795214e-03
1.283318076078254029e-03
1.274039396334489347e-03
1.265819563717795375e-03
1.260084816177393973e-03
1.255376750232728477e-03
1.247098776320637202e-03
1.239942817020868882e-03
1.234351885689497505e-03
1.228171236399876144e-03
1.216312554680760083e-03
1.203280488289901282e-03
1.189576368848474248e-03
1.176615842242098760e-03
1.170324583422799151e-03
1.162934455060410160e-03
1.157142030525079536e-03
1.151420754670889370e-03
1.143603163551023616e-03
1.136486549493884559e-03
1.131929544050431710e-03
1.125853182579761866e-03
1.121276673186585946e-03
1.116134302614736401e-03
1.111550224033551904e-03
1.107306558438564664e-03
1.103635852512418027e-03
1.098096249575211420e-03
1.093065223575639391e-03
1.082440783958892863e-03
1.072293872888512327e-03
1.062080249202392631e-03
1.053318919285882362e-03
1.048628281505618745e-03
1.043188416712867352e-03
1.039147039544262210e-03
1.035866846490349257e-03
1.033262973958331155e-03
1.028999146206825569e-03
1.025141547348121284e-03
1.022341026753520801e-03
1.018824868231836024e-03
1.015898818700893642e-03
1.013141619170011658e-03
1.007852853053444126e-03
1.003097995065919523e-03
9.995172023631072877e-04
9.965809063324545646e-04
9.938950896141128533e-04
9.912931012823998633e-04
9.853012420319767675e-04
9.796105745080376133e-04
9.766526695424455201e-04
9.739089761122731500e-04
9.664383324862781122e-04
9.588938990017228329e-04
9.533777877705530441e-04
9.475849599856272457e-04
9.422237456934059573e-04
9.369650458649678550e-04
9.336244557287458421e-04
9.296410596273942074e-04
9.255385162458344391e-04
9.214550270864485960e-04
9.174583833399964751e-04
9.149104260847666517e-04
9.099773237604392127e-04
9.055913507559302383e-04
8.958458488767670957e-04
8.870330948805698343e-04
8.812571433678631364e-04
8.750898217724932711e-04
8.717477019613017759e-04
8.683085780413112497e-04
8.643330802805092436e-04
8.608726342112881348e-04
8.579824769556939875e-04
8.544817076424870679e-04
8.505858300152592706e-04
8.470839845860105889e-04
8.403102359251354760e-04
8.340772040013992323e-04
8.252156855050652752e-04
8.184101812560854372e-04
8.097811842129905421e-04
8.012088907923980464e-04
7.852468016885532937e-04
7.712987278142112565e-04
7.598151986733389044e-04
7.505444910243931449e-04
7.486774135081600062e-04
7.472175110959695813e-04
7.458256095087044488e-04
7.443823785564555266e-04
7.427978948976559888e-04
7.413014049561262317e-04
7.397530791317078087e-04
7.381592265455038781e-04
7.362594107076557773e-04
7.343350574886179467e-04
7.322723434177356126e-04
7.297289732087247800e-04
7.283071099817866765e-04
7.242478478287200103e-04
7.183999938508912235e-04
7.165791921000103353e-04
7.147024305363137422e-04
7.072208383296234345e-04
6.999494626086082702e-04
6.892502640645677137e-04
6.774925445187222374e-04
6.744030790714634210e-04
6.712972993480285228e-04
6.638331531665732409e-04
6.576497229123204509e-04
6.546648096967858620e-04
6.522704815119305215e-04
6.505496533024834492e-04
6.492090450526233998e-04
6.479518377313396105e-04
6.467390314830589060e-04
6.458207891867262431e-04
6.447995980684358575e-04
6.439346109938501100e-04
6.419612755525322097e-04
6.401497364355825592e-04
6.387597800639792595e-04
6.376559713534436357e-04
6.360876764343765264e-04
6.307837172786238608e-04
6.265506834204164193e-04
6.236236868085036399e-04
6.206296276754829158e-04
6.194484366331133281e-04
6.181381035907702491e-04
6.169030597402374140e-04
6.159110726190503322e-04
6.149292884011434146e-04
6.137919704559593320e-04
6.126136695004912036e-04
6.114309706926012149e-04
6.104565471810976304e-04
6.092647651885094379e-04
6.083211131192058346e-04
6.061670450926590027e-04
6.042566742983623276e-04
6.029501291468112928e-04
6.018641976366611831e-04
5.991684841705700306e-04
5.975297782707418700e-04
5.953792072971240664e-04
5.927125022446097383e-04
5.907426022247305904e-04
5.887200185374987264e-04
5.868462410034418382e-04
5.853924031478045364e-04
5.837057626322734224e-04
5.822591577833170209e-04
5.814243450040995978e-04
5.804998917039930336e-04
5.796665592351052214e-04
5.788810862481546171e-04
5.776671763473972127e-04
5.763461481509261387e-04
5.752175069622965159e-04
5.739822564409901955e-04
5.729869247254914307e-04
5.719511058797223206e-04
5.709454420095162307e-04
5.696507576545832736e-04
5.686186589503281234e-04
5.678284173012243226e-04
5.669650833858106299e-04
5.646103517575707742e-04
5.620811252619610423e-04
5.599842057295684964e-04
5.582802571155542990e-04
5.567825268460901067e-04
5.552329819536286652e-04
5.533322663412622170e-04
5.516921960511651053e-04
5.503566087422160323e-04
5.489646629397789031e-04
5.480157519034257020e-04
5.465287495740662376e-04
5.451373629848235225e-04
5.440580865199202846e-04
5.431874139013700888e-04
5.419164440452137188e-04
5.409335118157206166e-04
5.399526277897185493e-04
5.388170217381187121e-04
5.381006416734106018e-04
5.372419314615094199e-04
5.365338579448850108e-04
5.355232060851230222e-04
5.345380418141696234e-04
5.332236916176318585e-04
5.320669115346870169e-04
5.312445702510814336e-04
5.303873818608285506e-04
5.295605967119331120e-04
5.285622300430638069e-04
5.278726189182406364e-04
5.270946037901831941e-04
5.260538560556183869e-04
5.250199334885104988e-04
5.202851450226160914e-04
5.169629810531769978e-04
5.158481451850332241e-04
5.146793762840650875e-04
5.138026509688644770e-04
5.123747966448723677e-04
5.113624720598456547e-04
5.096823155721450383e-04
5.086015820797543151e-04
5.077257451983287120e-04
5.068153217287066966e-04
5.060449233986504935e-04
5.051794005768849450e-04
5.041410565001253757e-04
5.033612414678579911e-04
5.024726888068223535e-04
5.016456838533478631e-04
5.007552929151880619e-04
4.998678294992405392e-04
4.990128130842464826e-04
4.982205381853223270e-04
4.975738005241747957e-04
4.969051205476631740e-04
4.960540831596499606e-04
4.952911699889099096e-04
4.943036903575788021e-04
4.933541461560609883e-04
4.924029248765483596e-04
4.914271777693782206e-04
4.904644656204759038e-04
4.894390839972688175e-04
4.878224895752347420e-04
4.864114198938615042e-04
4.853524068614116786e-04
4.842146080084563085e-04
4.833301633068477765e-04
4.824494096331782638e-04
4.817182497583161454e-04
4.805805423149927006e-04
4.797030539298652372e-04
4.790764067434968398e-04
4.783988468403428001e-04
4.773689866277629288e-04
4.765241639198966248e-04
4.757682885472796597e-04
4.751872458408300769e-04
4.744970288507094130e-04
4.738611815710249342e-04
4.731806982477146590e-04
4.724463145172146366e-04
4.717329247399685080e-04
4.711670586220533213e-04
4.700135064152989378e-04
4.691554818280237312e-04
4.686187091373993194e-04
4.679935891339460441e-04
4.674609714269388353e-04
4.668555578422966222e-04
4.662885984768403293e-04
4.656925072524448271e-04
4.652498616868571118e-04
4.647680560298871706e-04
4.642606727813112155e-04
4.637434896843871369e-04
4.631778805401365199e-04
4.625640909193864925e-04
4.615587980560659893e-04
4.607453137908655051e-04
4.602063556488944539e-04
4.595632236499510074e-04
4.584826020669736609e-04
4.575465908167985606e-04
4.567749926975867990e-04
4.560851272613776594e-04
4.546425314583736220e-04
4.533750203794425474e-04
4.511856228379702697e-04
4.496447087233459809e-04
4.478066677162894065e-04
4.460165757973590453e-04
4.435814689736332773e-04
4.411915115015335774e-04
4.387633625530120264e-04
4.366289866125033325e-04
4.313359270503301949e-04
4.278079296510881990e-04
4.272326917393002178e-04
4.266637384115438557e-04
4.259344256304069417e-04
4.253591367878467740e-04
4.247805559441968017e-04
4.242952953777650422e-04
4.232262367442818016e-04
4.222210555919417708e-04
4.216916649341196721e-04
4.210751419718374196e-04
4.205374783467521441e-04
4.198461478746606280e-04
4.191782314392217138e-04
4.185358836256634061e-04
4.178470434319993157e-04
4.168176799675890067e-04
4.158959611104582569e-04
4.150001057734096208e-04
4.141480610858446951e-04
4.126698643277548241e-04
4.112312948319405662e-04
4.099001218201463528e-04
4.085997752602779534e-04
4.013692822937315751e-04
3.952481163674534956e-04
3.945862736812094152e-04
3.940873576119783292e-04
3.933257230661059379e-04
3.926615225428977188e-04
3.917235443385280996e-04
3.907628934364398040e-04
3.895637610287636587e-04
3.884469363777753132e-04
3.877884043554743641e-04
3.870304545293122588e-04
3.862255028191990611e-04
3.853799012293275864e-04
3.843917411675725599e-04
3.834094864124777072e-04
3.827963876885971803e-04
3.823138387545416345e-04
3.816575845611774398e-04
3.810572497776494312e-04
3.797979512131690184e-04
3.785725714991233413e-04
3.775364450184820106e-04
3.765079194168773676e-04
3.759794540120616965e-04
3.755342123783288037e-04
3.750101192035715496e-04
3.745454901338718021e-04
3.738578954356905565e-04
3.731425464441645752e-04
3.670797989813903532e-04
3.620840936827438386e-04
3.615321621571980092e-04
3.612128711058740899e-04
3.606596663935995807e-04
3.601763304287717215e-04
3.599085516430947400e-04
3.595396540434035574e-04
3.592412534635120044e-04
3.588496797591032329e-04
3.584450640129158323e-04
3.581538145719891770e-04
3.578509915463390649e-04
3.574995346640049646e-04
3.571260326754452309e-04
3.567579434516979773e-04
3.564195585346254685e-04
3.561427322727470438e-04
3.558819497975880216e-04
3.555648826653714026e-04
3.552966579126529676e-04
3.548538529426621636e-04
3.543344547999651437e-04
3.540153133368773367e-04
3.536332994146610949e-04
3.532938712516886536e-04
