1.338720403800567893e-01
7.028007503231470388e-02
4.989448598440933413e-02
3.978666238728358756e-02
3.342407251986422023e-02
2.924030889992361784e-02
2.550796956173875460e-02
2.274258705188783938e-02
2.001817775391257284e-02
1.784021123107794662e-02
1.616258934667809746e-02
1.476165445385237140e-02
1.347361994907187582e-02
1.242794160596895521e-02
1.159626519832203731e-02
1.095401498045476922e-02
1.027802105561140787e-02
9.632011900384559663e-03
9.111925533963963209e-03
8.672801065012643654e-03
8.383450012830816894e-03
8.115239577632956877e-03
7.856992360314238658e-03
7.587458028522322574e-03
7.330465126554584938e-03
7.151460741486047150e-03
6.924529335770339064e-03
6.695235852413189415e-03
6.559384915202567945e-03
6.420875189492668451e-03
6.316255179176577875e-03
6.171709088128076066e-03
6.044658617129311691e-03
5.913079815552125737e-03
5.775912390245173215e-03
5.671201948014107166e-03
5.534863502868552464e-03
5.413236938341607629e-03
5.275013640556720784e-03
5.149442042558484249e-03
5.063471948927107842e-03
4.958764243622581364e-03
4.838232834102580877e-03
4.733431048456152902e-03
4.623341394428685455e-03
4.570785933437262333e-03
4.498754188093124183e-03
4.417794113002426054e-03
4.336650909093205282e-03
4.275137213029553233e-03
4.206248306300675033e-03
4.152514142960485842e-03
4.090037865530935478e-03
4.020155370921332794e-03
3.962782676398194162e-03
3.912680069752433841e-03
3.850791947181477024e-03
3.798585572509183012e-03
3.742363212952209105e-03
3.691494019687824747e-03
3.644953743613001725e-03
3.607699636902440745e-03
3.574372625313000738e-03
3.541796370020022268e-03
3.510323423647812666e-03
3.481851367103125892e-03
3.452307539275381240e-03
3.431079709211244926e-03
3.402680046572432917e-03
3.375489888246226318e-03
3.347910450119577410e-03
3.323259419379467200e-03
3.295917500619121449e-03
3.267830553178111171e-03
3.236448577532477847e-03
3.213438550593965271e-03
3.189678231366249988e-03
3.161332360918174458e-03
3.131941187545570719e-03
3.101721353944632276e-03
3.080893167208782323e-03
3.061120492799095007e-03
3.035256143311728001e-03
3.014186971481428584e-03
2.992765952655897406e-03
2.969692249022360363e-03
2.948342268353494871e-03
2.924331173695266569e-03
2.904168519849615552e-03
2.886382145535249487e-03
2.869446431790836482e-03
2.851055563465350676e-03
2.830427255882610616e-03
2.812076198388486353e-03
2.792052102863313949e-03
2.776823551644548062e-03
2.758677546423352056e-03
2.741537469940874463e-03
2.723971849698195863e-03
2.708828875105847959e-03
2.612891518579658814e-03
2.559774795533121487e-03
2.521471083534315271e-03
2.491999296110475066e-03
2.465224218231962250e-03
2.444094364395113864e-03
2.425711206144989199e-03
2.407647382223941906e-03
2.392234778405939559e-03
2.376338502765047451e-03
2.360970895429708675e-03
2.348591123287237323e-03
2.336176988647585377e-03
2.324700666442755005e-03
2.315213902094385295e-03
2.306223153771744076e-03
2.294566798504779279e-03
2.282956923240062139e-03
2.271504298201144478e-03
2.258935076060353004e-03
2.248479277908257880e-03
2.239024201780112199e-03
2.230340289343497439e-03
2.221526055037697633e-03
2.213035060444501316e-03
2.203192953221306660e-03
2.193919876411750368e-03
2.184726008334033232e-03
2.177848120973581002e-03
2.170469619127801068e-03
2.163975721186405573e-03
2.156805655851871430e-03
2.149672539397175404e-03
2.143311631660264199e-03
2.136739117553403122e-03
2.130677446929155235e-03
2.126601596296620687e-03
2.121924419564615548e-03
2.117469175672402702e-03
2.112493860897274051e-03
2.107748600793282311e-03
2.101864503978775108e-03
2.096291583214740951e-03
2.090737041751043225e-03
2.084988522181734343e-03
2.080428373820434728e-03
2.072417941749356025e-03
2.064924106877744168e-03
2.057396624598771540e-03
2.048615112274776006e-03
2.041529632568900299e-03
2.034524010306949099e-03
2.028634239182632980e-03
2.022511233396451745e-03
2.017108976452490141e-03
2.010716705523793099e-03
2.005008817717494375e-03
1.999042470848217106e-03
1.993906517995031134e-03
1.987668502383641792e-03
1.982572420415112599e-03
1.977866078576051047e-03
1.973096972811103512e-03
1.968285682834342194e-03
1.962874058069012575e-03
1.957421832112586722e-03
1.951749581697227297e-03
1.946604066342201697e-03
1.941629734770863999e-03
1.936885919436120507e-03
1.931622427116295700e-03
1.927107622215955361e-03
1.922386805196745754e-03
1.918731712299612214e-03
1.914796248866624216e-03
1.910784457501207498e-03
1.906483791666718774e-03
1.902053444441749799e-03
1.898082110239660003e-03
1.893997014488059752e-03
1.889866765516519777e-03
1.886231211515728909e-03
1.882290008676725142e-03
1.878651452723152648e-03
1.874997029711988937e-03
1.871916465979949016e-03
1.868921220914085586e-03
1.865627990885477530e-03
1.861922973641333802e-03
1.859055536679527941e-03
1.856158783537941890e-03
1.853833207993041453e-03
1.851832837084894760e-03
1.849756740189716737e-03
1.848134067118260143e-03
1.846405100467045455e-03
1.844544767889847456e-03
1.842373120603972569e-03
1.840139622917170287e-03
1.837646936361659938e-03
1.831063764473090478e-03
1.820123745145426795e-03
1.814617510847314243e-03
1.810589063616495570e-03
1.807390947795656276e-03
1.804719324214821858e-03
1.801887587353488175e-03
1.799876651017504828e-03
1.797519522161670699e-03
1.794941872237950254e-03
1.792605636087165428e-03
1.790415765812612605e-03
1.788112397851275050e-03
1.785920451151793093e-03
1.784095897311014202e-03
1.782672956560961636e-03
1.780997570342224279e-03
1.779364304961443110e-03
1.777798454383681427e-03
1.776240533078481641e-03
1.774476870728946502e-03
1.772461669683263403e-03
1.770842097934475319e-03
1.769239922643374603e-03
1.767452210318543266e-03
1.765481683965389485e-03
1.763511940640086813e-03
1.761215141398421186e-03
1.758456620162574110e-03
1.756150909377747742e-03
1.754207842383077604e-03
1.751329866984216010e-03
1.748819700105842204e-03
1.746047010388324236e-03
1.743074518601751442e-03
1.740251958113311079e-03
1.737019068592560254e-03
1.734041454914733021e-03
1.731342921712818346e-03
1.728484880464927062e-03
1.726020571046341275e-03
1.722544755195023168e-03
1.719385616775772523e-03
1.716003369823026819e-03
1.712414320846396103e-03
1.709184763016667304e-03
1.704599981995528080e-03
1.700338624469902244e-03
1.696486082117332986e-03
1.692629142358141516e-03
1.688665500211327004e-03
1.684940794771275490e-03
1.680374612102747498e-03
1.675454307642966056e-03
1.670320147689724260e-03
1.664894092906995127e-03
1.659788844059394359e-03
1.654577837506046025e-03
1.649109327252009077e-03
1.643246125573827061e-03
1.636572494554573709e-03
1.630717829634454729e-03
1.624451696313132651e-03
1.618648229261386009e-03
1.610913765713096503e-03
1.602549982524807811e-03
1.594436417345146580e-03
1.586083906999949389e-03
1.578057567674423425e-03
1.570864520166794561e-03
1.563805312913708976e-03
1.556546495953962592e-03
1.549575638249658287e-03
1.542396209038609254e-03
1.534839947722187702e-03
1.528257440518368190e-03
1.521688513112041995e-03
1.515521468770600387e-03
1.507822549888180805e-03
1.501961402035452897e-03
1.496053307483858263e-03
1.489464116059283734e-03
1.483390183520008664e-03
1.479066320765345076e-03
1.474484660573194099e-03
1.471115122125021086e-03
1.467330145697770668e-03
1.463071541481355447e-03
1.458486920597623681e-03
1.453669480105977858e-03
1.448937034102412919e-03
1.443213417590501722e-03
1.438299924665005242e-03
1.433978624953421727e-03
1.429563885171060162e-03
1.425088659767654925e-03
1.421006123618603033e-03
1.416207130820648424e-03
1.412066072297319189e-03
1.407912997067016937e-03
1.400097161061356413e-03
1.394060579491235947e-03
1.389671079367347855e-03
1.386456906732933415e-03
1.383508534845943015e-03
1.381113931617773379e-03
1.378767720690792127e-03
1.376261192949655970e-03
1.373875024417658096e-03
1.371565706888796567e-03
1.369373897917138981e-03
1.367188967797768225e-03
1.365183604225752179e-03
1.363288200334155341e-03
1.361253448878800652e-03
1.359494308801163613e-03
1.357172161995460037e-03
1.355102438341562006e-03
1.353366692946117531e-03
1.351784714557063448e-03
1.350082938700895505e-03
1.348440192294358617e-03
1.346631546242817081e-03
1.345064437622653809e-03
1.343643357438780448e-03
1.342145865202745919e-03
1.340360189415653160e-03
1.338322133726867549e-03
1.336609215862250488e-03
1.334761861184668996e-03
1.332417301471974791e-03
1.330040385302739148e-03
1.327410748159280843e-03
1.324852904927114857e-03
1.322467897660619795e-03
1.320316650387226912e-03
1.317951712850147115e-03
1.314795360602148515e-03
1.312184389725076523e-03
1.309163588100141625e-03
1.307339237223994382e-03
1.305125021146321534e-03
1.302803016608438964e-03
1.300709581720902721e-03
1.298590059011672576e-03
1.296687603884220767e-03
1.294518627779305681e-03
1.292117489994268646e-03
1.289497029523553866e-03
1.286679264376948710e-03
1.283881947029196120e-03
1.281035342109010204e-03
1.278475553385264533e-03
1.275521975643352512e-03
1.271918167212748993e-03
1.269162700824119552e-03
1.266947828781615640e-03
1.264431309682882741e-03
1.262418436448453727e-03
1.259274507878405461e-03
1.256330400656968270e-03
1.253323593758462733e-03
1.250245471868803018e-03
1.247501981602616499e-03
1.244167731180568148e-03
1.240560831593391731e-03
1.236664176414940114e-03
1.232351288428549510e-03
1.228604282276932625e-03
1.225541714955300171e-03
1.222815906050878348e-03
1.220200763302446050e-03
1.217144654124878260e-03
1.213852617020396221e-03
1.210800574877923417e-03
1.207090098257195855e-03
1.204004284579930206e-03
1.200252319787334593e-03
1.197123550186536978e-03
1.193603211292876319e-03
1.190068737534653864e-03
1.186350199299031133e-03
1.183043556377308967e-03
1.179787482400900976e-03
1.177110145582854891e-03
1.174540951484762249e-03
1.172162151071285503e-03
1.169800710292795637e-03
1.167438460674328137e-03
1.165019636961929809e-03
1.162209025729543047e-03
1.159546056927234859e-03
1.156745783704628359e-03
1.153923837278650333e-03
1.150971149450233854e-03
1.148264671141423438e-03
1.145552517688884801e-03
1.143017974004040260e-03
1.140484740575697757e-03
1.137959382557966444e-03
1.132773532157712974e-03
1.129039726215969605e-03
1.126223117306420201e-03
1.124190945132315681e-03
1.122223470223243690e-03
1.120534338234927549e-03
1.119272590003500632e-03
1.118161382289345907e-03
1.116812884891331664e-03
1.115716069390058039e-03
1.114690975105294465e-03
1.113738308556159323e-03
1.112651061734917400e-03
1.111655957904539999e-03
1.110687171707782500e-03
1.109763374162819807e-03
1.108876713077364042e-03
1.107976537535533112e-03
1.106992356239139101e-03
1.106114537472564774e-03
1.105092599641624125e-03
1.103990777711766303e-03
1.102882208169371839e-03
1.101877869338141209e-03
1.100925250944457048e-03
1.099933025661786919e-03
1.099070828581467929e-03
1.098159163663425288e-03
1.097338293759664383e-03
1.096618278997729809e-03
1.095857204534836328e-03
1.095110598812915319e-03
1.094320502190194999e-03
1.093438514589451958e-03
1.092566807697349651e-03
1.091584801577283976e-03
1.090595933407163386e-03
1.089369392885339901e-03
1.088255208288524878e-03
1.087079111320011495e-03
1.085785728920394015e-03
1.084391374300065422e-03
1.083179197054432753e-03
1.081898564338794420e-03
1.080701907337187906e-03
1.079635473398833168e-03
1.078735975451484714e-03
1.077937698856198771e-03
1.077065277147547413e-03
1.076184500728268089e-03
1.075271249503107667e-03
1.074298065715419657e-03
1.073278501499125856e-03
1.072157176462522560e-03
1.071121985400713249e-03
1.070107629601331836e-03
1.068855667666945668e-03
1.067573978945245876e-03
1.066388622026711100e-03
1.064748389423622599e-03
1.063266345979031009e-03
1.061533853527057980e-03
1.060222543438793952e-03
1.058689138897545403e-03
1.057614275459118312e-03
1.056613147743334794e-03
1.055629105661746699e-03
1.054645993353672210e-03
1.053732859738264888e-03
1.052807745324699533e-03
1.051588628977563177e-03
1.050373738835351251e-03
1.049322316479340666e-03
1.048488516650384348e-03
1.047268623427151119e-03
1.046372854305281739e-03
1.045290463036631758e-03
1.044220126055598035e-03
1.043164238094734970e-03
1.042239836590383266e-03
1.041352046569526827e-03
1.040559500161825730e-03
1.039590802128062498e-03
1.038589967607177677e-03
1.037497735356169909e-03
1.036515511629342847e-03
1.035652827075575098e-03
1.034503112141971042e-03
1.033362457016090462e-03
1.032428329210954452e-03
1.031563928903258013e-03
1.030643668819752326e-03
1.029632634609570782e-03
1.028795152968553072e-03
1.028025600728477715e-03
1.027176390688729285e-03
1.026351401322887031e-03
1.025523499229430121e-03
1.024609542563520046e-03
1.023609598844251725e-03
