9.987661666448641729e-01
9.949077160044699220e-01
9.832061147154785852e-01
9.532685784660512862e-01
8.270414458572102889e-01
7.460847974097390978e-01
6.726636286528748787e-01
6.140276581939256850e-01
5.464927838622665179e-01
4.964224346131937970e-01
4.545516725022391569e-01
4.226552755184128096e-01
3.978679123392420691e-01
3.749664206341825623e-01
3.524419173831099261e-01
3.364360547480694241e-01
3.256760912041912759e-01
3.146919558216666468e-01
3.033440559133029901e-01
2.927152761600863018e-01
2.838467230265612762e-01
2.761137028658185999e-01
2.679245368513072934e-01
2.598925387709778989e-01
2.545401452358116989e-01
2.496124170643328755e-01
2.445745852675679510e-01
2.401538105755558761e-01
2.354144704680865008e-01
2.318683351498004863e-01
2.274946446923221954e-01
2.235961695832113794e-01
2.202544253178670974e-01
2.168631992632774064e-01
2.145495223220839354e-01
2.124742007878756000e-01
2.102363715632648566e-01
2.079742187698897793e-01
2.062426804405957104e-01
2.035031055843231351e-01
2.015687837355217560e-01
1.988764514250438431e-01
1.967171098691505304e-01
1.930842761167190780e-01
1.905146649976627582e-01
1.886928790367495001e-01
1.870700995099321418e-01
1.853096099618513626e-01
1.834903240150724535e-01
1.823253021003369279e-01
1.809856415382587735e-01
1.801116720536902194e-01
1.794631071652154353e-01
1.786590189980085397e-01
1.770451010097462419e-01
1.757489640693970512e-01
1.749476566611041783e-01
1.739125573765331889e-01
1.730691717522971906e-01
1.724278406328600410e-01
1.711799804173917972e-01
1.703860329999764001e-01
1.681231152997628153e-01
1.662770602180083379e-01
1.641766523443809467e-01
1.623318095092984581e-01
1.613674431179088764e-01
1.605008489778226854e-01
1.600454412393755022e-01
1.593296503804586262e-01
1.588682358116152993e-01
1.582362073592894214e-01
1.577108583302214706e-01
1.561492039119125042e-01
1.549587213804910768e-01
1.543881404772068366e-01
1.538342694812153688e-01
1.530139469169086441e-01
1.523060932772616616e-01
1.509074461217425611e-01
1.495665380852763404e-01
1.489301916401514769e-01
1.480489017771525473e-01
1.477318592616147230e-01
1.453597091215025616e-01
1.434733582445827105e-01
1.431929880973548674e-01
1.427786010209814993e-01
1.424526340424826787e-01
1.416567079157635412e-01
1.407449221565786057e-01
1.405209193320434702e-01
1.403284628480196417e-01
1.400411104410517471e-01
1.397088988806962362e-01
1.394527090236163669e-01
1.391623544812101987e-01
1.388920328949197203e-01
1.385296396278610231e-01
1.383877424300863912e-01
1.382467606780496683e-01
1.380769674799771640e-01
1.378988550302916172e-01
1.366121313500553436e-01
1.352758030251723642e-01
1.337908603191237944e-01
1.322667464860570463e-01
1.321204803174508002e-01
1.319427536208806484e-01
1.318108936789566255e-01
1.313887624904462037e-01
1.309464700920110469e-01
1.307718914005595590e-01
1.306147008106774976e-01
1.303967083250366366e-01
1.300072135801036699e-01
1.298799809045086961e-01
1.297311787642982106e-01
1.294140261782653623e-01
1.291060283884698512e-01
1.288666736753525111e-01
1.283620724284814385e-01
1.279589278674885255e-01
1.276496431789135577e-01
1.275101924942693421e-01
1.273207852367745363e-01
1.272284351163929239e-01
1.270065889690332461e-01
1.266253796644325746e-01
1.264383081797719743e-01
1.262327625556741439e-01
1.259962315598711635e-01
1.258126042194755434e-01
1.255873466723813892e-01
1.254870208512760821e-01
1.252042522906787470e-01
1.249095942677570098e-01
1.237907510928021315e-01
1.216275714143648379e-01
1.213493855700575608e-01
1.210198925335323750e-01
1.208016580279223651e-01
1.205859055263463486e-01
1.204114391548076340e-01
1.202350186168107682e-01
1.201152979943707483e-01
1.199387268439631726e-01
1.198427062261487042e-01
1.195778468129360950e-01
1.189538761742387624e-01
1.185630492331431612e-01
1.182527597574703632e-01
1.181082062941598704e-01
1.180142356949076127e-01
1.178636764875780757e-01
1.177166334969581285e-01
1.175575570708828482e-01
1.174339926106564014e-01
1.173172305313882752e-01
1.171580853000379063e-01
1.170644912029847468e-01
1.169442213139327003e-01
1.168594880775126743e-01
1.167482589362378032e-01
1.165942976019136990e-01
1.165381251054602302e-01
1.163988285906682602e-01
1.162353517427415217e-01
1.161122357999926635e-01
1.159977029418862438e-01
1.158781933938648617e-01
1.157666903295853922e-01
1.156255865205437633e-01
1.153797851252474221e-01
1.151038342448310187e-01
1.149397105714189543e-01
1.147498028958912619e-01
1.145275406581991590e-01
1.142891453054510065e-01
1.142093191045560896e-01
1.141211086356714588e-01
1.140495462951626460e-01
1.139582381241681375e-01
1.131267368157130443e-01
1.125168593327962596e-01
1.124594446542268866e-01
1.123845370476253824e-01
1.122497186572523065e-01
1.121546202076088156e-01
1.121042946206630836e-01
1.120165411718295895e-01
1.119397744581885346e-01
1.118393944240497068e-01
1.117388326045085228e-01
1.116515072906781036e-01
1.115773956516995929e-01
1.114029895122916891e-01
1.112252911681659573e-01
1.111232508157480869e-01
1.110504562722321870e-01
1.109936808409277553e-01
1.107534713695514372e-01
1.104943290799059175e-01
1.103794121197080313e-01
1.102511030023188704e-01
1.101167283006693753e-01
1.099913802381838612e-01
1.099275390935572083e-01
1.098566464533464598e-01
1.097990841969638531e-01
1.097495562855771017e-01
1.097006882017926288e-01
1.096199881872162302e-01
1.095370932348662812e-01
1.094561730043683984e-01
1.093990812070029656e-01
1.093246772652959053e-01
1.092440917489775898e-01
1.090850358498686445e-01
1.089275937539528061e-01
1.088137377271105183e-01
1.086854846443191941e-01
1.086401052383977328e-01
1.086016790001177873e-01
1.085646457653154928e-01
1.085195813512391250e-01
1.083741706253658482e-01
1.082320456209055759e-01
1.081565928221366463e-01
1.080076366577921859e-01
1.079200641714541803e-01
1.078438150010453955e-01
1.077826088162746332e-01
1.076738027398985165e-01
1.075739828361393091e-01
1.074890737413265740e-01
1.073530832283394049e-01
1.073027024737126939e-01
1.072584401261473253e-01
1.070943560134729050e-01
1.068909972368376760e-01
1.068447028864932119e-01
1.067913938687703734e-01
1.066902998914166234e-01
1.065577456191613426e-01
1.065020410387959027e-01
1.064547378057370819e-01
1.064090005028227176e-01
1.063597119201693114e-01
1.063139531642900426e-01
1.062602376266130189e-01
1.061930062176044548e-01
1.058791411996386489e-01
1.055149388724775927e-01
1.047483199390527309e-01
1.041995543581907269e-01
1.041438522256801086e-01
1.040881909433783031e-01
1.039400183793894178e-01
1.037825635451848083e-01
1.036924052884750092e-01
1.036019442525189932e-01
1.035493059863569348e-01
1.034965041083267118e-01
1.034563181738843429e-01
1.034002210599931082e-01
1.033569315662478533e-01
1.033144059258637310e-01
1.032741706441944463e-01
1.031669651522638953e-01
1.030915557968531404e-01
1.030403552459930178e-01
1.029828767506063836e-01
1.024950671476362180e-01
1.020089400222526921e-01
1.018654914534609240e-01
1.017428444717937142e-01
1.016198723589166047e-01
1.015076818333748576e-01
1.014710221520347538e-01
1.014219693907031927e-01
1.013584310506286251e-01
1.013061660075617598e-01
1.012494237154194093e-01
1.011983683956930169e-01
1.008338589321607776e-01
1.004749525749797368e-01
1.003340035337792063e-01
1.001658584567155508e-01
9.937449404403832232e-02
9.870835031489458289e-02
9.866854813516534595e-02
9.863920034825211791e-02
9.853621623447811340e-02
9.845738507750879942e-02
9.842176072771581519e-02
9.839117817784627518e-02
9.836474533423625322e-02
9.830384672616271358e-02
9.823817210504341702e-02
9.813504932525979330e-02
9.805141359867264317e-02
9.800943834557417078e-02
9.793697515905262774e-02
9.789757693769622626e-02
9.787341362565027403e-02
9.782957058748065204e-02
9.777980036011721388e-02
9.772246875214668504e-02
9.767134909181504621e-02
9.756721365759971065e-02
9.745869599586159948e-02
9.729434566244131444e-02
9.702921764995685316e-02
9.682099448786909979e-02
9.662066714706223081e-02
9.654092384019430373e-02
9.647378999243348685e-02
9.643828245880475825e-02
9.640486890667006314e-02
9.637981992012473187e-02
9.635204074307754385e-02
9.633177920946489614e-02
9.615570708109252851e-02
9.601953403168665691e-02
9.597656533191176176e-02
9.595002339881193720e-02
9.587651302244969143e-02
9.579798381101459204e-02
9.567967987368891647e-02
9.558446487770004552e-02
9.555618481184258162e-02
9.543153489638839249e-02
9.533544699060082783e-02
9.525476464078702632e-02
9.517853172465468026e-02
9.515789398444030045e-02
9.512996292134302811e-02
9.510859628678601518e-02
9.501796961070781145e-02
9.495146680054492028e-02
9.490756078307642507e-02
9.487175374146186724e-02
9.479611771636653472e-02
9.470581039785759547e-02
9.465802456889428618e-02
9.460199126781822232e-02
9.457891249841374193e-02
9.454763469245891505e-02
9.451861615900250535e-02
9.447562313952594104e-02
9.443657245047887283e-02
9.436630862107529827e-02
9.430351534873254726e-02
9.423770295702563193e-02
9.417276436495848613e-02
9.407399020038714754e-02
9.397331433078137675e-02
9.350756276476029916e-02
9.314831809822843312e-02
9.312250788212590724e-02
9.307600866199020051e-02
9.304806738501208985e-02
9.302123928306779699e-02
9.299318898332428751e-02
9.296641784273190767e-02
9.293670898918431067e-02
9.290376844523547117e-02
9.287384546535236429e-02
9.284702274251674381e-02
9.280723826094527951e-02
9.276309111781223804e-02
9.272811086161189542e-02
9.269427555219933446e-02
9.267034188521643123e-02
9.262925982182237949e-02
9.259454096954902735e-02
9.256394243833897251e-02
9.253819889478639982e-02
9.250571837534733721e-02
9.247953866000264977e-02
9.245551766687273854e-02
9.242608012485248326e-02
9.240246021763180717e-02
9.238224985677272183e-02
9.236847687809493501e-02
9.234458116211556600e-02
9.232363568207141435e-02
9.223748967778054586e-02
9.213200019319166267e-02
9.211458872457475855e-02
9.202873887777572592e-02
9.195546299207010832e-02
9.192286675227345771e-02
9.188614984860003776e-02
9.180456962946438593e-02
9.172821680861292792e-02
9.170237884128232264e-02
9.166574061320431621e-02
9.164293507968243602e-02
9.158590176271350081e-02
9.146723208179116660e-02
9.141145753548371444e-02
9.135803735525382940e-02
9.129696277345436539e-02
9.127811755094347723e-02
9.125912220816904952e-02
9.123282285844155903e-02
9.121056913511677022e-02
9.119645716514637734e-02
9.116923490476910863e-02
9.114840220983143337e-02
9.108202004163151733e-02
9.101664310780331613e-02
9.096108537962387108e-02
9.091370836481355022e-02
9.049210469517454669e-02
9.008979058905614012e-02
8.982911491951943439e-02
8.960001383106626360e-02
8.954292601391450335e-02
8.949303116475164355e-02
8.945922460575947421e-02
8.943942089488564340e-02
8.942310207817254220e-02
8.940503388802081841e-02
8.936671305053739411e-02
8.933223421498089067e-02
8.913276626799780666e-02
8.888149304456273436e-02
8.885226348109322159e-02
8.882529239869781101e-02
8.881266406994943463e-02
8.879723626760287203e-02
8.877391919696418776e-02
8.875338933856549706e-02
8.872913247337170517e-02
8.870639968070349879e-02
8.866695456918052831e-02
8.863101014048624382e-02
8.858938932967955204e-02
8.854825713964341316e-02
8.843179862965014348e-02
8.831098849185584077e-02
8.829351444251463954e-02
8.828155167918907975e-02
8.826821523452818563e-02
8.825441807317842280e-02
8.813762809029460077e-02
8.801603985010017506e-02
8.800085319082825985e-02
8.798418316068337686e-02
8.792603354799505277e-02
8.786749421511798330e-02
8.783788914417395288e-02
8.780571353610160112e-02
8.779228128863934832e-02
8.776220592613841187e-02
8.773950532770172228e-02
8.772060978663485942e-02
8.770271157799051920e-02
8.768481484994355979e-02
8.765908770723228327e-02
8.763895845673108642e-02
8.762280092122119723e-02
8.758223689665867173e-02
8.752973763844396071e-02
8.750161831004037161e-02
8.748692164212389100e-02
8.745148393004392728e-02
8.741298850915922569e-02
8.739615693263186325e-02
8.737557361270131828e-02
8.736224923942637055e-02
8.732607268296729841e-02
8.728622930622764731e-02
8.713781772738919684e-02
8.699901387735237135e-02
8.695706840101209700e-02
8.692132844692004867e-02
8.690855675793340840e-02
8.689265269191823182e-02
8.687900085479452472e-02
8.685593811648972817e-02
8.682999316952814961e-02
8.681828548242538635e-02
8.680462680643530327e-02
8.678242216506293349e-02
8.676072277888088879e-02
8.673395745414934355e-02
8.670722803772530629e-02
8.668007315465336982e-02
8.665565524682597442e-02
8.664345575021645263e-02
8.662744395806208642e-02
8.661541465845240539e-02
8.660028101694004776e-02
8.658480877746634052e-02
8.657481972617254995e-02
8.656357396634183077e-02
