9.900043333646149080e-01
9.820712909956439418e-01
9.767283680158980186e-01
9.736983894194861655e-01
9.706523194188975134e-01
9.679821058434145975e-01
9.640802883723520456e-01
9.579407510993320773e-01
9.522303403591668713e-01
9.477728062780713669e-01
9.451365412179723036e-01
9.432156108041372944e-01
9.409827843745326437e-01
9.388309995554107168e-01
9.371952164666498275e-01
9.349133648214815739e-01
9.329253677092128605e-01
9.317038620358374379e-01
9.292938920692850324e-01
9.276335273337094067e-01
9.255649861991088745e-01
9.237638585269272173e-01
9.228349156434370038e-01
9.217082153803404232e-01
9.208713399872098249e-01
9.199592522408802653e-01
9.190845573395308721e-01
9.183087023543963223e-01
9.174544577423496827e-01
9.165445752639267418e-01
9.158923005960335484e-01
9.153017098769135051e-01
9.146670673611492219e-01
9.140519424448226848e-01
9.130804267983817502e-01
9.121552515093133140e-01
9.090360368602519170e-01
9.069384414862169397e-01
9.032065649369643845e-01
9.007641184184366212e-01
9.001283428895971994e-01
8.993503415169589177e-01
8.987310643759852669e-01
8.982729055872203938e-01
8.977836165192335516e-01
8.967551467430419088e-01
8.956557047433104657e-01
8.921464786391068991e-01
8.890334251576361702e-01
8.882884181124443002e-01
8.874597473615349896e-01
8.868869705223036970e-01
8.862875953012563368e-01
8.856669547216721172e-01
8.851297911079114566e-01
8.844423414034586761e-01
8.837466924364393295e-01
8.831857733331214266e-01
8.826470901149567894e-01
8.821271354461077685e-01
8.814291606509924160e-01
8.797686056700776414e-01
8.779247569969028664e-01
8.767078080209326219e-01
8.754089617891913644e-01
8.736009832933019359e-01
8.718944970721586030e-01
8.713414911965453591e-01
8.708528737328818936e-01
8.703785170498492541e-01
8.698870406811428646e-01
8.692807255350222251e-01
8.685953907398301643e-01
8.681639331763054690e-01
8.677054595791174885e-01
8.673058906760485742e-01
8.669559824245488544e-01
8.666091133140572111e-01
8.662600196068905856e-01
8.657935587462421978e-01
8.653351514225405827e-01
8.649385711594904658e-01
8.645432624463312843e-01
8.641174436455685282e-01
8.637153164253913440e-01
8.631876543287521075e-01
8.626195966244052382e-01
8.622437267492564228e-01
8.615723544469613415e-01
8.611956629194100765e-01
8.607773745407532040e-01
8.600517756486563137e-01
8.592623855763453777e-01
8.583033541457898430e-01
8.571557710766570803e-01
8.562477300164536009e-01
8.550988460243823530e-01
8.544605158546342283e-01
8.537959221302939827e-01
8.535021578127790498e-01
8.532669936914358821e-01
8.530592346027723316e-01
8.527454464002448553e-01
8.524652094510277722e-01
8.521515240951568204e-01
8.518085076051429283e-01
8.514776676744463257e-01
8.511293600019566030e-01
8.508439955154649681e-01
8.505046655948810264e-01
8.502811667382160765e-01
8.497068366712650089e-01
8.490929863906546693e-01
8.485741367542466440e-01
8.480046774932287201e-01
8.474944194046416523e-01
8.468173202132301958e-01
8.464559413987190473e-01
8.459121677604033440e-01
8.455832009005225247e-01
8.453016997722623271e-01
8.449107426606603521e-01
8.445263991494602607e-01
8.443181591356229143e-01
8.440797358976780407e-01
8.436768734096083966e-01
8.434252467214593540e-01
8.432105972870055366e-01
8.426553340635901668e-01
8.421226519993267878e-01
8.418443510058668533e-01
8.415666039884537319e-01
8.413657043654340084e-01
8.410932803629701526e-01
8.408179940041470291e-01
8.406421853079362183e-01
8.404814967776270684e-01
8.403145484129506126e-01
8.398893580269081172e-01
8.394586467416038644e-01
8.392384445199879694e-01
8.389880091102435156e-01
8.387903829573899461e-01
8.385623698256099434e-01
8.382722510744965438e-01
8.380638517692603484e-01
8.378627505896034666e-01
8.376359433876744420e-01
8.372939772598484431e-01
8.370430925506272546e-01
8.368731177705276414e-01
8.366234544279869123e-01
8.363505935416217785e-01
8.360960633539540332e-01
8.358232963386804659e-01
8.348577245653354684e-01
8.342745468090502214e-01
8.339767672408435750e-01
8.335894947659877596e-01
8.333912773249263495e-01
8.331954086601712772e-01
8.329401030050231913e-01
8.327678209534281617e-01
8.325791045881252295e-01
8.324007976434113498e-01
8.322282203198884121e-01
8.320433006886790439e-01
8.318574858090964641e-01
8.316847741514881154e-01
8.314836159252875225e-01
8.312883937099589948e-01
8.310945395777024070e-01
8.309181782679740946e-01
8.306654892046994032e-01
8.304201266248709690e-01
8.302151656229876941e-01
8.299870696413327309e-01
8.297864153909745299e-01
8.293197576300489482e-01
8.287912734133731085e-01
8.285929391152485612e-01
8.283354881801314740e-01
8.280975491329699567e-01
8.277265746224984344e-01
8.273867180655249953e-01
8.271149515786657691e-01
8.268886139588040862e-01
8.267086462711181749e-01
8.264614081776180399e-01
8.261690836734638665e-01
8.259263368553132478e-01
8.257319348813197957e-01
8.255551903029306748e-01
8.253687832639878819e-01
8.251226567977038018e-01
8.249066403362387279e-01
8.246508718661098580e-01
8.244510370654563047e-01
8.242165890978215836e-01
8.239253686141279065e-01
8.236038458129284479e-01
8.232773822176062684e-01
8.229480559258141037e-01
8.226744598109554385e-01
8.224050031498438829e-01
8.220876806377687140e-01
8.217449335160161850e-01
8.214595864463839492e-01
8.211714006194064108e-01
8.207895921171499687e-01
8.204343648742135064e-01
8.199922372904643320e-01
8.193230605606857120e-01
8.178847089387161207e-01
8.166708312693508054e-01
8.159489042199470354e-01
8.150583783988307740e-01
8.147720374584142000e-01
8.145113343515715254e-01
8.143717411211269797e-01
8.142341775391979120e-01
8.139700113221698397e-01
8.137503174879494594e-01
8.136067408211015151e-01
8.134428775993495231e-01
8.132434379701962701e-01
8.130678278224798827e-01
8.128755289019422570e-01
8.126800565829369605e-01
8.120833799336625303e-01
8.113759015872699099e-01
8.111991770697121185e-01
8.109979658552496362e-01
8.107594589658032591e-01
8.104411412679313198e-01
8.095796644687992538e-01
8.088058672229178070e-01
8.081931220672566862e-01
8.077844404520495569e-01
8.075956724680736221e-01
8.074566699851324358e-01
8.071424069105020971e-01
8.068416396297038995e-01
8.065283936480449611e-01
8.061580206492614531e-01
8.058534064566656996e-01
8.055625960101511218e-01
8.050466005261328606e-01
8.045272310560048767e-01
8.040032654355585562e-01
8.035735515986756061e-01
8.033999257826058837e-01
8.032364797436146731e-01
8.030985090927584835e-01
8.029785071328019441e-01
8.028210426686704926e-01
8.026575892642083820e-01
8.020934047197727512e-01
8.015679337492733758e-01
8.014098404717834301e-01
8.012478103534462770e-01
8.010948554277521616e-01
8.009591025504940731e-01
8.007843935572023231e-01
8.005050535720166227e-01
8.001338001635509567e-01
7.997178699568895377e-01
7.994759135778870540e-01
7.992513822478590768e-01
7.990197279323129065e-01
7.987290666603361622e-01
7.983767423735994573e-01
7.979486094603871482e-01
7.969449373581385387e-01
7.960371237975443215e-01
7.956708364708763304e-01
7.952627851489268984e-01
7.949925726853040997e-01
7.947398581550507712e-01
7.946136355713928623e-01
7.944657466397266887e-01
7.942647382467906692e-01
7.940242008352574876e-01
7.938627737448696875e-01
7.936864226810474987e-01
7.931860891324702401e-01
7.926901408207736033e-01
7.924828184247185714e-01
7.922452254826044538e-01
7.915892242406259438e-01
7.907157526738677333e-01
7.904575720801891858e-01
7.902009394368481043e-01
7.900304581028676498e-01
7.898405751525623408e-01
7.897187580159188425e-01
7.894844684496381548e-01
7.891025166738787622e-01
7.888224755598891580e-01
7.886487339158634313e-01
7.884697154610552650e-01
7.881772709665672005e-01
7.879277919060712065e-01
7.875654201301185431e-01
7.871897535705572047e-01
7.869387273318509957e-01
7.866781422865675166e-01
7.863577735432442095e-01
7.860349004152487051e-01
7.856318948269573887e-01
7.853073145402593713e-01
7.848818589671457957e-01
7.842725249817996680e-01
7.840641062010256235e-01
7.838485745680054961e-01
7.835926681569097552e-01
7.833509427163021233e-01
7.829851420270258489e-01
7.826337756429336823e-01
7.820455072982539502e-01
7.815010953829433227e-01
7.812315780891800898e-01
7.808930764374578670e-01
7.799929848558516676e-01
7.794344074127325106e-01
7.790396516088974321e-01
7.786232439263991445e-01
7.783826399988684752e-01
7.780701704763862692e-01
7.778725834913619019e-01
7.776751152237181275e-01
7.774580896630683968e-01
7.772632411408734177e-01
7.770709173665526492e-01
7.768613278348888151e-01
7.764753355037249394e-01
7.758352543104771737e-01
7.755008619609755627e-01
7.750854227934695917e-01
7.746514286185129938e-01
7.742013116868790013e-01
7.738553137434907025e-01
7.735016704181929548e-01
7.726081918966131168e-01
7.714532460308958228e-01
7.711894788470615714e-01
7.709720555633595707e-01
7.707883366054207874e-01
7.705886942853277244e-01
7.703937291667884990e-01
7.701543946319854284e-01
7.699558523228242635e-01
7.697995997899270693e-01
7.696335222251339259e-01
7.694659249540694024e-01
7.692962330504885538e-01
7.691222335220476714e-01
7.688664761270564973e-01
7.682772917757261233e-01
7.677333282594741570e-01
7.675183816789812319e-01
7.672955700609321861e-01
7.670495787429161272e-01
7.667688843460831460e-01
7.659939490881774171e-01
7.651645914782487790e-01
7.647593901833265040e-01
7.643255422081143280e-01
7.641352195631050392e-01
7.639752666877994702e-01
7.637350489332008774e-01
7.634643177429167871e-01
7.632231467071783904e-01
7.629986066622596041e-01
7.624126611949767485e-01
7.618115196469825712e-01
7.597651083490642998e-01
7.575710539350537509e-01
7.568009086268205898e-01
7.560234212237133544e-01
7.545421158364009617e-01
7.531974712055317100e-01
7.529744503072300921e-01
7.528106868940915852e-01
7.526430618159433150e-01
7.524802990960360871e-01
7.521820263727767575e-01
7.518511301852820461e-01
7.516376146972393313e-01
7.514464747658173849e-01
7.512670289793280665e-01
7.510489038083387747e-01
7.508595724172952846e-01
7.506839825434830082e-01
7.504584351342771242e-01
7.502374305779879737e-01
7.500299832978383208e-01
7.498393160085280451e-01
7.496427902047624325e-01
7.494668887497597520e-01
7.492604125018845762e-01
7.490922071888928002e-01
7.489181186510492916e-01
7.487498809324257820e-01
7.485869066097828872e-01
7.484152039233207265e-01
7.482269519773195876e-01
7.478669333301366517e-01
7.475605500824015204e-01
7.472207391312779556e-01
7.469361006558220550e-01
7.467517709974862417e-01
7.464635933223849884e-01
7.461934195837484074e-01
7.459765865907980187e-01
7.457180598170425334e-01
7.454749907339001114e-01
7.452579476231995237e-01
7.450438817158490101e-01
7.448513476116240817e-01
7.446371941742488954e-01
7.443618210218623243e-01
7.440773135785624381e-01
7.437982594569020334e-01
7.435616934219850815e-01
7.433894032414125608e-01
7.431693383648858564e-01
7.429376810734293901e-01
7.427816335319348262e-01
7.426165261761775715e-01
7.424500706097119096e-01
7.422641611404514617e-01
7.420868478036909410e-01
7.418687156317619324e-01
7.416722053578195251e-01
7.414778231704667322e-01
7.412901903833812867e-01
7.411135298880038302e-01
7.409267803240324746e-01
7.406832464507352443e-01
7.404515975223713298e-01
7.401614716826372398e-01
7.399009153651731063e-01
7.396927694938785214e-01
7.394717019659740043e-01
7.392782831156139434e-01
7.391092175084121862e-01
7.389468360519695356e-01
7.386809078020688535e-01
7.380380427383981257e-01
7.373373267257014030e-01
7.367229821308852733e-01
7.361174545778130796e-01
7.355104648159380698e-01
7.349438484227306390e-01
7.313506969324276019e-01
7.281832013519395908e-01
7.278701896371542190e-01
7.275280637006814599e-01
7.273334816267436054e-01
7.270664576803960166e-01
7.268540459653578534e-01
7.266369723891273891e-01
7.263771246292634043e-01
7.261877769051826581e-01
7.260328389812849004e-01
7.258305917397404050e-01
7.256447190081611875e-01
7.254502845393675514e-01
7.252293711468625892e-01
7.249816553796226692e-01
7.247719227922168050e-01
7.245635683577197339e-01
7.243782013835394773e-01
7.242274344260591912e-01
7.240555624958899816e-01
7.238070921317198980e-01
7.235781659553252032e-01
7.231895187393619917e-01
7.227886203191590253e-01
7.225017310095310785e-01
7.221903000048384147e-01
7.219742618329603179e-01
7.217733971710112995e-01
7.208319126464226567e-01
7.200420212861862179e-01
7.192845715849204291e-01
7.186492856778899929e-01
7.178869117890496199e-01
7.171666884515602858e-01
7.162889395269409487e-01
7.155237311817818080e-01
7.146929229862928334e-01
7.140265131971856860e-01
7.136716487957828203e-01
7.133770613416589024e-01
7.131666009432356956e-01
7.129483374617048286e-01
7.128008953646838286e-01
7.126057411611504966e-01
