6.349583482083717145e-01
4.292057571566762486e-01
3.341408504085409126e-01
2.820569003824143772e-01
2.456840060924736224e-01
3.538303534581148102e-01
3.303418070016703179e-01
3.118059385866494004e-01
3.011801957269748531e-01
2.919209656758398608e-01
3.096100807264870469e-01
3.090373071930870297e-01
3.047331403898095314e-01
3.040126205780905311e-01
3.037866233505591151e-01
3.064934387800081206e-01
3.062654588618189955e-01
3.039343503884692210e-01
3.037558033662975387e-01
3.035525230161728039e-01
3.050510044518800479e-01
3.049590722735257553e-01
3.044335261254391689e-01
3.013530345328227500e-01
2.995589795256412557e-01
2.991194015644993986e-01
2.985817839918843974e-01
2.982735413442436090e-01
2.979042975339084021e-01
2.963269119698350718e-01
2.999588790992768761e-01
2.940658349834128771e-01
2.923818790400262713e-01
2.921651641863607374e-01
2.910057015413255455e-01
2.920359272077100443e-01
2.918315939728874930e-01
2.918083362557383209e-01
2.917974079556102107e-01
2.917216534037694875e-01
2.917398643853847950e-01
2.916795619751766377e-01
2.914332459818756438e-01
2.886714908440690119e-01
2.883663777293967168e-01
3.739931550367149304e-01
2.873178572685751719e-01
2.850944420773225962e-01
2.830486408051666181e-01
2.812656166138278735e-01
2.795025392742592762e-01
2.781068692248078733e-01
2.771074874089761719e-01
2.756996232198758445e-01
2.752137250036904570e-01
2.726859231523772187e-01
2.704517918480846550e-01
2.686236721570380293e-01
2.682763164761016728e-01
2.668879738694778236e-01
2.659602393803418563e-01
2.650782704760940023e-01
2.629072854378373125e-01
2.605408331275073652e-01
2.598169894441877958e-01
2.589878627210727702e-01
2.585621295153774923e-01
2.571802904028295811e-01
2.563013337174531725e-01
2.551981503626941095e-01
2.536627797735133139e-01
2.519784066529046629e-01
2.499863060478835497e-01
2.487400642892698410e-01
2.475985073900111300e-01
2.467664578220636618e-01
2.442409195622073093e-01
2.424514940837285693e-01
2.419088958721622995e-01
2.412613416413534329e-01
2.409126330117867254e-01
2.392314684848719231e-01
2.386992671149852085e-01
2.370514638315263378e-01
2.364982915568330513e-01
2.361812925181680789e-01
2.354331159061413270e-01
2.346541315930326943e-01
2.338886954645235383e-01
2.330231174087116774e-01
2.324176180636130518e-01
2.320712867046511585e-01
2.315882105011554670e-01
2.300877089292292788e-01
2.294086630364110257e-01
2.286652730758564622e-01
2.279438130035222887e-01
2.272908536896261766e-01
2.255388370296906586e-01
2.250293743208428565e-01
1.695934698011687114e-01
1.411810696657748165e-01
1.254775238523207770e-01
1.080912003775318236e-01
9.503654338912263799e-02
9.261322065738378240e-02
8.745822235361794261e-02
8.291746151568801793e-02
7.948576039473323473e-02
7.606483766614159647e-02
7.486681826601565559e-02
7.085353677321563903e-02
6.606532867235681561e-02
6.221595925262216747e-02
5.954317554148930158e-02
5.875502088296973707e-02
5.650899275641836639e-02
5.459554989855124746e-02
5.283260897481563412e-02
5.097094986343005119e-02
5.071353129720737596e-02
4.854789394383839801e-02
4.715356514305318880e-02
4.618599900266178587e-02
4.445592472169187376e-02
4.401648555241542693e-02
4.243461329978222979e-02
4.103930978295953352e-02
3.965421990172785655e-02
3.866156412080745675e-02
3.803992322209556048e-02
3.645149794037724073e-02
3.498717767376977733e-02
3.354926058462812805e-02
3.246346308396241831e-02
3.345946129759753973e-02
3.193062389497890174e-02
3.092226963144838886e-02
2.991069683649437774e-02
2.924529316781748073e-02
2.993252563982221406e-02
2.871877260221463585e-02
2.797831203295188598e-02
2.723814638043977124e-02
2.626547903257183889e-02
2.642409223412321359e-02
2.552339339979350918e-02
2.475808788812198027e-02
2.391010285331690577e-02
2.332219391986364160e-02
2.265584168852208605e-02
2.205677651917279866e-02
2.149750615458504918e-02
2.093546704828522231e-02
2.040431183394424836e-02
1.991665416173562728e-02
1.942114184775688840e-02
1.893528183670386070e-02
1.849904293598775631e-02
1.809290563408580757e-02
1.766597472268089525e-02
1.723399083459791967e-02
1.684130503574421053e-02
1.639546074457976996e-02
1.601028557015053699e-02
1.566536206105847984e-02
1.535715692660662678e-02
1.506530874082516458e-02
1.476354887000758814e-02
1.445962850122724415e-02
1.424269013510676488e-02
1.399685899414682654e-02
1.377222859214124843e-02
1.348908594671460216e-02
1.320037728304285229e-02
1.295346107065847852e-02
1.266527062421483364e-02
1.244450360882512138e-02
1.225181493551949670e-02
1.203234646855629898e-02
1.181426346789188168e-02
1.162037560895151297e-02
1.145761481014366708e-02
1.126951752692446906e-02
1.107779186047161933e-02
1.089669624070197483e-02
1.070119863833243583e-02
1.054978794988758843e-02
1.035010995536785224e-02
1.017016107747205703e-02
1.000101697984853190e-02
9.857845958945584894e-03
9.693669192118049144e-03
9.540312892660329780e-03
9.405322995995243560e-03
9.255630429549343077e-03
9.125872156111601227e-03
9.003817561330998073e-03
8.868258905366396827e-03
8.755856564736477429e-03
2.286766509262629435e-02
1.659827462738748191e-02
1.313721235377864581e-02
1.119260526156963531e-02
9.656219923990525325e-03
9.736785053376278629e-03
8.731816526329328962e-03
7.809836204219280063e-03
7.173269011653912557e-03
6.568091967231664413e-03
6.133265550176487425e-03
5.651773105246461412e-03
5.240245884782385524e-03
4.846713221795605209e-03
4.468100429211393880e-03
4.184427588622463383e-03
3.884850782623467357e-03
3.618441520193057051e-03
3.345787192605731951e-03
3.127608579798682627e-03
2.934170019812300505e-03
2.721340749311207310e-03
2.519665260259512651e-03
2.343392660962315827e-03
2.179734244721906380e-03
2.074445489370922106e-03
1.909247901067993641e-03
1.784771094190849665e-03
1.671322025360949927e-03
1.554543644806090277e-03
1.491157193121410906e-03
1.386933779633141815e-03
1.305657522981092025e-03
1.223193774972445181e-03
1.137445923132413125e-03
1.081680785310708834e-03
1.014933968365993059e-03
9.508688471721378922e-04
8.870357477902120159e-04
8.347265271176733392e-04
8.054176549454832674e-04
7.582039268037790583e-04
7.190069157973297959e-04
6.822105113044179018e-04
6.483169510521176113e-04
6.185415131483237589e-04
5.820066492719766071e-04
5.495280823681380003e-04
5.159961647857177428e-04
4.918702196935192819e-04
4.666143496890719851e-04
4.428014932655783848e-04
4.188670585746847208e-04
4.013878984759134175e-04
3.840972354146321432e-04
3.678440708367179852e-04
3.523081457374073466e-04
3.329887214098120325e-04
3.183263176791374595e-04
3.058022453002127972e-04
2.940026955693421633e-04
2.835988229583537843e-04
2.720408126884568179e-04
2.595111516462817705e-04
2.473087929849745710e-04
2.373864188794849923e-04
2.290123197273872613e-04
2.195451871325200370e-04
2.114044955023827201e-04
2.034188991020483429e-04
1.963328634682644626e-04
1.890142062395321694e-04
1.818170411060165102e-04
1.751841315414635891e-04
1.685833424357559209e-04
1.630748092065194776e-04
1.577572638622367891e-04
1.532246769453502887e-04
1.490094946745830571e-04
1.453800300984582519e-04
1.414722708651177871e-04
1.378623156565284653e-04
1.341310688068103000e-04
1.302701147006506816e-04
1.270343868177051087e-04
1.240927330940517082e-04
1.215938369782991539e-04
1.195792099905323427e-04
1.176396254083805364e-04
1.158628621121709818e-04
1.141241098333203294e-04
1.126164051351807952e-04
1.107313999180601689e-04
1.091944173253858898e-04
1.073199897438079412e-04
1.057656459073853312e-04
1.042697887607810692e-04
1.027713060843230577e-04
1.014292549941519270e-04
9.991407836750876379e-05
2.917099632179103938e-02
1.795405620370717562e-02
1.268105598208110578e-02
9.504495213193580802e-03
7.062422858829035290e-03
6.509272170653184267e-03
4.589037258649860881e-03
3.434728777042711598e-03
2.693287656103423699e-03
2.066873980821192381e-03
1.818518439093000762e-03
1.534315006533884833e-03
1.362272434824441086e-03
1.216284507311313169e-03
1.114197087123295921e-03
9.922391882855664032e-04
8.881455015349671092e-04
7.861449629074036740e-04
6.931244509955800060e-04
6.043200254025296765e-04
5.263691771879652022e-04
4.497060504763719093e-04
3.771580859745632397e-04
3.277222352513225632e-04
2.865684472121624959e-04
2.514713625774255674e-04
2.147668788100822379e-04
1.842480232465940775e-04
1.595152456347752356e-04
1.392664828079114394e-04
1.265846042360546978e-04
1.144730656099369982e-04
1.050684260192384862e-04
9.647763727482651494e-05
9.062445048460702004e-05
8.530880725429841811e-05
8.115302071320185183e-05
7.757984559604603483e-05
7.410174797711487093e-05
7.080359356115963423e-05
6.824575356842046785e-05
6.545206985639368273e-05
6.343547877865882742e-05
6.143597125622455950e-05
5.911878634765863782e-05
5.693231266369495268e-05
5.443466856493388414e-05
5.267081589238643022e-05
5.063664637296375992e-05
4.876049073366864046e-05
4.671422862459593297e-05
4.496330266525139186e-05
4.305810195168728621e-05
4.165963767204795257e-05
4.018123740835400991e-05
3.839437822658596126e-05
3.662229951113518184e-05
3.474548950892982375e-05
3.271542524576368595e-05
3.068577696492051735e-05
2.867084857847097809e-05
2.642872352999178412e-05
2.347660718118550142e-05
2.108474828290544299e-05
1.904208977639965423e-05
1.688186918248665548e-05
1.514035535648702464e-05
1.339485618368048451e-05
1.221911130651915980e-05
1.107591261664541469e-05
1.025220519940717189e-05
9.652293207667279350e-06
9.127151077864966252e-06
8.793899852321779859e-06
8.492825135915695598e-06
8.265398733252671674e-06
7.987423911545912718e-06
7.799304781658709885e-06
7.623288720792948287e-06
7.469428695026862400e-06
7.296532239314998099e-06
7.119583585719655760e-06
6.908126413020392289e-06
6.708850773850928759e-06
6.520422868815916998e-06
6.295820103678922855e-06
6.088884584257202651e-06
5.900861104362835935e-06
5.688592370840326253e-06
5.497571579262193990e-06
5.268793415603051670e-06
5.030670003865175221e-06
4.800193293078144221e-06
4.544853040051117809e-06
4.274651068889315007e-06
4.038688765837551878e-06
3.730858604369407489e-06
3.385426353823042439e-06
3.074200752881634998e-06
2.789395544431966751e-06
4.184077408321956043e-02
2.299471851466496075e-02
1.480983193009423153e-02
9.103261621749163951e-03
5.858630239973722405e-03
1.172894742348601013e-02
6.758677914005693441e-03
4.359313143518075973e-03
3.023955967995232627e-03
2.228655906112351776e-03
1.894551818235802642e-03
1.432423183769748493e-03
1.056903062043647659e-03
7.876005018681741425e-04
5.937527585088736744e-04
4.725942186645662262e-04
3.808780523244978920e-04
3.097875290109941972e-04
2.622456537219155560e-04
2.230189415928390839e-04
2.142559458084309244e-04
1.789035746620393945e-04
1.576694701222038997e-04
1.403436450869071175e-04
1.251063486537575215e-04
1.129979331517994321e-04
9.897088750284787435e-05
8.693143943931345432e-05
7.578078056085699426e-05
6.607588113969265679e-05
5.859305699079931349e-05
5.208362150223056912e-05
4.770931155244066582e-05
4.351293413148670089e-05
4.103385480823564777e-05
3.925088445005294873e-05
3.751210362644483013e-05
3.571874515550579334e-05
3.383040844756895240e-05
3.190712751765001522e-05
3.028987290449166054e-05
2.839107036744042720e-05
2.689726120034265598e-05
2.550783654054568822e-05
2.439553528739306419e-05
2.349566230274754812e-05
2.221409462103430941e-05
2.102300277106254251e-05
1.949195651144501100e-05
1.803291041345584533e-05
1.659998871666168904e-05
1.525431362019163153e-05
1.360888347751135076e-05
1.219423207227969658e-05
1.098949543183713752e-05
9.862841737136370538e-06
9.178534616140690138e-06
8.292567392036013620e-06
7.638950454132781832e-06
7.006555664032697241e-06
6.606797882952274826e-06
6.262072421089356421e-06
6.017589862368043078e-06
5.745149917877712455e-06
5.457406829176584917e-06
5.209318439479058871e-06
4.963593951810127700e-06
4.721257851296413785e-06
4.521893958907798415e-06
4.317939857122833160e-06
4.120025958086655576e-06
3.919972803165450388e-06
3.771695756259368783e-06
3.623579154615924985e-06
3.482521742451296611e-06
3.290761698645861014e-06
3.091956454197763991e-06
2.859513548843450335e-06
2.613733802681412668e-06
2.366286616881032693e-06
2.087662965974696644e-06
1.806611574602256566e-06
1.515053974627931802e-06
1.293748413677990544e-06
1.096976942797872682e-06
9.325885530993307665e-07
7.903975675895794524e-07
6.668245900465030208e-07
5.860305328585268516e-07
5.190862745766038168e-07
4.674841035083554612e-07
4.221161468049138299e-07
3.864320377592982052e-07
3.552641632356259111e-07
3.300769229764341242e-07
3.066020902456061138e-07
2.889692085219288495e-07
2.732623552638029779e-07
2.584892114560661801e-07
2.467664207246207672e-07
