6.714265498410849908e-02
2.744451370634909751e-02
1.670610860492992289e-02
1.176358970164620085e-02
9.521865422958748770e-03
8.127269143710249763e-03
6.416932874883420242e-03
5.320950161284350097e-03
4.479572263123065244e-03
3.987227798050356140e-03
3.649284292157547321e-03
3.238437914993194319e-03
2.923935759252494545e-03
2.662775394645976092e-03
2.437988756790127835e-03
2.277555959883524779e-03
2.107910862765920938e-03
1.967160172643404696e-03
1.847249166944267247e-03
1.742902574022524341e-03
1.664031841805581899e-03
1.583581082038097157e-03
1.505575178063346068e-03
1.436110317942583276e-03
1.373614095176588397e-03
1.318451620146849452e-03
1.259315303254610876e-03
1.199802814230251828e-03
1.152868687207024394e-03
1.100267296869946853e-03
1.060386869263383030e-03
1.015920080656066262e-03
9.801966567867552091e-04
9.521831622111784094e-04
9.161229469155480424e-04
8.849443074378807389e-04
8.532092232176677208e-04
8.306229155940683803e-04
8.003639911930236078e-04
7.737599506444375755e-04
7.576272465712398547e-04
7.378716212171371625e-04
7.189956452981832117e-04
7.004540907388087049e-04
6.828515358038017699e-04
6.682831388080347126e-04
6.526538943427588136e-04
6.328499925608461205e-04
6.174661191373913586e-04
6.007999217749392063e-04
5.864131961914403023e-04
5.713356790126863189e-04
5.587347024331907903e-04
5.467230845160018799e-04
5.336518426084765942e-04
5.246452832942063603e-04
5.143102581025779663e-04
5.057365286453090712e-04
4.982339717259794652e-04
4.887774982990966731e-04
4.800954016603692885e-04
4.727382281066253304e-04
4.656033739656414202e-04
4.589916265350200563e-04
4.515219715573358600e-04
4.453705820768326970e-04
4.394728110368156110e-04
4.331755528180801572e-04
4.263957465981499341e-04
4.209238326282039818e-04
4.142678642769553519e-04
4.083331041521386096e-04
4.029947564123645453e-04
3.982099366198356806e-04
3.935158748651880413e-04
3.888735393670828726e-04
3.843814821681711580e-04
3.797568652965356236e-04
3.745921372778972551e-04
3.702467226903655780e-04
3.655917398284184343e-04
3.617741133238496897e-04
3.574296132275291225e-04
3.528526651636572429e-04
3.488243743757056948e-04
3.442291509989534536e-04
3.405715885978729315e-04
3.364841827732001790e-04
3.327480353439126988e-04
3.283263433837765866e-04
3.240181753095647981e-04
3.189697982964943943e-04
3.141832192955177770e-04
3.097615860795826289e-04
3.047022200636982864e-04
3.003469969285840107e-04
2.965675776321862996e-04
2.927806763567024416e-04
2.898111672599918342e-04
2.870619774076950577e-04
7.698926858145166072e-04
5.139833764754446520e-04
4.114366560541951774e-04
3.599029493428866351e-04
3.238265673513225922e-04
2.979481088790155319e-04
2.751417234218835549e-04
2.567606293578361654e-04
2.431274340871419828e-04
2.294521457050291489e-04
2.183878724137268803e-04
2.088416321069408747e-04
2.001220523146222854e-04
1.922806649055978066e-04
1.863929712089989251e-04
1.814186542310708243e-04
1.759116324273885922e-04
1.717927194075238525e-04
1.675027245209669946e-04
1.628911642752710895e-04
1.576736301685047463e-04
1.535249122406804993e-04
1.499186209581155173e-04
1.466868941637224327e-04
1.439687246692852873e-04
1.406212264521401962e-04
1.374056165069369759e-04
1.346307571302635174e-04
1.322248795534859114e-04
1.299411545027562731e-04
1.282555384652317649e-04
1.257746536526396027e-04
1.241041849579392262e-04
1.223748184134782542e-04
1.206221359381867307e-04
1.189959196231947964e-04
1.170677565714371547e-04
1.153070989003560976e-04
1.135776250011335706e-04
1.115802085186192133e-04
1.098607645450216339e-04
1.081064576647568524e-04
1.063635622734332149e-04
1.046540808754164759e-04
1.032523390233466073e-04
1.019358353564692654e-04
1.007446677667349973e-04
9.944301912345370538e-05
9.808087761890949365e-05
9.700702141054239427e-05
9.580981425651197852e-05
9.457367193985708517e-05
9.345887753044589022e-05
9.225804728478483529e-05
9.128293428055942252e-05
9.019357121008678049e-05
8.913619041146514106e-05
8.814504529229871051e-05
8.737193770317217760e-05
8.645867777856305577e-05
8.544630643836599647e-05
8.448850998540153277e-05
8.353881057529419446e-05
8.257195312299198218e-05
8.177824417506286150e-05
8.094883017055793284e-05
8.012234113656645370e-05
7.939263051329606207e-05
7.865620438842853203e-05
7.799138475881076896e-05
7.728323550595120545e-05
7.655026087532433067e-05
7.601462791995299332e-05
7.540252485472205568e-05
7.485443607598178738e-05
7.432550738133231953e-05
7.383482227921647615e-05
7.343507073690761432e-05
7.307159337987356284e-05
7.260609509246257964e-05
7.213824603397557479e-05
7.169912872498964427e-05
7.132353810313985421e-05
7.087328027494425517e-05
7.045077408382331762e-05
7.006099840797694279e-05
6.961520775261994750e-05
6.921187712875353885e-05
6.887978476141285149e-05
6.855018014100237465e-05
6.823617897938654342e-05
6.793788988204740083e-05
6.758557457392408126e-05
6.718272814827635608e-05
6.675362862825358042e-05
6.632923627542497392e-05
6.587131001202198744e-05
6.540474967509457105e-05
6.493813060383912524e-05
6.447080460177096297e-05
9.070617601070418918e-04
5.314297406896767309e-04
3.838094987294008603e-04
3.196119511345779716e-04
2.714143217988661868e-04
2.360374482320965709e-04
2.077901853076649522e-04
1.862364486378446720e-04
1.664102703457014738e-04
1.547485158040721868e-04
1.426937503166084023e-04
1.329196793581161821e-04
1.237140995600578179e-04
1.169078927693940266e-04
1.115259631386382206e-04
1.065243028674845490e-04
1.020782419277701695e-04
9.747298053396969732e-05
9.421461332328662426e-05
9.130067409251562229e-05
8.897431460462886649e-05
8.582178232586460277e-05
8.319774605902937085e-05
8.053011971822307687e-05
7.829610591382131664e-05
7.615425117158838668e-05
7.407368348074696836e-05
7.225904913269151392e-05
7.077418753328539285e-05
6.907478741274246782e-05
6.797153224692474647e-05
6.663898977107742937e-05
6.542518151874273616e-05
6.422869818917555074e-05
6.311436575633978547e-05
6.237145919086164796e-05
6.110485592027023677e-05
6.022868805093859162e-05
5.927221885280187252e-05
5.828003942118030700e-05
5.744132596700780196e-05
5.647146926522949369e-05
5.560882024174660819e-05
5.482221792511473966e-05
5.401881275501606316e-05
5.332422705289733021e-05
5.257003620961605487e-05
5.168453924752419243e-05
5.086839229166496064e-05
5.013648336629686743e-05
4.939919022694858579e-05
4.874771800597105042e-05
4.806084377051479277e-05
4.742004336232030250e-05
4.684863040984193247e-05
4.629033947812392842e-05
4.570710802699696958e-05
4.526911374234325169e-05
4.483429155578802131e-05
4.437097568985169698e-05
4.396211526249844937e-05
4.358232190969043608e-05
4.325218998575257887e-05
4.290222490048896918e-05
4.254420073677055365e-05
4.209240352944370884e-05
4.163496400789485377e-05
4.124164580309834922e-05
4.089866571829628514e-05
4.054552316564691809e-05
4.025184218011068843e-05
3.994011734678493852e-05
3.956877112869434422e-05
3.917506826111482243e-05
3.882808086095316846e-05
3.851037153994824405e-05
3.821162471391351779e-05
3.792285635082955628e-05
3.761758062052699515e-05
3.733896115234612898e-05
3.710284268225290746e-05
3.686499314444716558e-05
3.655995867637435576e-05
3.627840325444552235e-05
3.603009761665277000e-05
3.582030032666021435e-05
3.563512582006932248e-05
3.542803264132052786e-05
3.519139130866523522e-05
3.497775219765836827e-05
3.474922226101416099e-05
3.455192523880241186e-05
3.434511177550842907e-05
3.416869405042683995e-05
3.394401603029220487e-05
3.372220459101439095e-05
3.351785873601336021e-05
3.333772713059164161e-05
3.319594480148323429e-05
3.309164062356226700e-05
8.221040567999681999e-04
4.759008173040826686e-04
3.454742834089100751e-04
2.768409098603895986e-04
2.282924144546044816e-04
2.059786435381176235e-04
1.810476594199133030e-04
1.617388433452324637e-04
1.445097873573445194e-04
1.320856784311617198e-04
1.213494148327098969e-04
1.112217206124953051e-04
1.036586442284663252e-04
9.756768615490140706e-05
9.165178928059794494e-05
8.602532406765005170e-05
8.145815721623522049e-05
7.668564276509034095e-05
7.275569283548081730e-05
6.928819087272812310e-05
6.619149489622503789e-05
6.353872068204630792e-05
6.103486086370366487e-05
5.824584312103377946e-05
5.603879683612137254e-05
5.408541326528318842e-05
5.235621696900439302e-05
5.071817199136791613e-05
4.905709752136292796e-05
4.745026330163249910e-05
4.605788172173406672e-05
4.488991700443134954e-05
4.371415926928893500e-05
4.266715861331502431e-05
4.172539716619605383e-05
4.082406411121421559e-05
3.998548066189883696e-05
3.920521602039474994e-05
3.841024913423383194e-05
3.765433313161227062e-05
3.701244104561079675e-05
3.634959209957829766e-05
3.568419323717577838e-05
3.508998988965638484e-05
3.461810635399374019e-05
3.420081887972669326e-05
3.371409749537330900e-05
3.320879653782433759e-05
3.273238594255506602e-05
3.229317214938406667e-05
3.182833015129031339e-05
3.141310050984256065e-05
3.100029666147877008e-05
3.055950733599748236e-05
3.014990724229589547e-05
2.978415423183502445e-05
2.942725740540673405e-05
2.907243740188010549e-05
2.876735193261424349e-05
2.840399406875084341e-05
2.807270903969275779e-05
2.776281464344441049e-05
2.747973219920509135e-05
2.720647209169208688e-05
2.695023575087561289e-05
2.668231962207686202e-05
2.648130131668926729e-05
2.623042217163062587e-05
2.599595269474060276e-05
2.577731639384661552e-05
2.554408371078263762e-05
2.531548908127795620e-05
2.509763761695605385e-05
2.486062989427273345e-05
2.465669956362820958e-05
2.443197862002715416e-05
2.420282673040249644e-05
2.397977385477480789e-05
2.375205362658815099e-05
2.354409201584821537e-05
2.335195940832200754e-05
2.317798209488121359e-05
2.298224888868491788e-05
2.280288114674728194e-05
2.260926241189389739e-05
2.241753261376662720e-05
2.222879721758925717e-05
2.204541283529354515e-05
2.187442277121219093e-05
2.171055183240997824e-05
2.152163533258391546e-05
2.135085786967503736e-05
2.121509330330995595e-05
2.105605954151227406e-05
2.090280683461968170e-05
2.074205076462755371e-05
2.058202715616543600e-05
2.042936225721861434e-05
2.029177778225827255e-05
2.015090915071963496e-05
2.366616185953165398e-03
1.317146558705694932e-03
7.690107576921264730e-04
5.543689567560977031e-04
4.303087555467815660e-04
3.725770334413963745e-04
3.150531696028617372e-04
2.728686324729718941e-04
2.424038184316603913e-04
2.193958170863130749e-04
1.966620313152842774e-04
1.775968440760743877e-04
1.625241567576855991e-04
1.494427614536429877e-04
1.404357401986203668e-04
1.325174350859780880e-04
1.244189541564801992e-04
1.174683268459129182e-04
1.103020920185231472e-04
1.053729633720540529e-04
9.905687897517280645e-05
9.444433059334803146e-05
9.097485079676732053e-05
8.728901082965874090e-05
8.386315936520419951e-05
8.102357057043497448e-05
7.791486807572870366e-05
7.517625239326659187e-05
7.250523940971400228e-05
6.990917164747781798e-05
6.785422083448990006e-05
6.585738989867076650e-05
6.359466953238515554e-05
6.172102495524056578e-05
5.985340048068440630e-05
5.823477769526864864e-05
5.649260660612497780e-05
5.481622223740910388e-05
5.359469155455954403e-05
5.221713681590419879e-05
5.083476895866458051e-05
4.967236989146360396e-05
4.847723781207592989e-05
4.723116614484002142e-05
4.609721590263390846e-05
4.522734857326213184e-05
4.427402188859201647e-05
4.319495574219846360e-05
4.204037776941816831e-05
4.142116154620303209e-05
4.072198270456546635e-05
4.008560428230709480e-05
3.938015255610013683e-05
3.858999170569872735e-05
3.798666032716927171e-05
3.733873959306718962e-05
3.662998799960576424e-05
3.603248568882329647e-05
3.537292405169954404e-05
3.473726726255191598e-05
3.418154299147464276e-05
3.370874323637688583e-05
3.323644114781709312e-05
3.284539959350198595e-05
3.239193437566442843e-05
3.195718591835483433e-05
3.150898957676825685e-05
3.112784927931666081e-05
3.068551230051583343e-05
3.035531696151237165e-05
2.997903347145620644e-05
2.965974183880754799e-05
2.934137732784626766e-05
2.894245320666995495e-05
2.857898174238291769e-05
2.826702991947903647e-05
2.793263113816906365e-05
2.759433314588273758e-05
2.725347416887574517e-05
2.689879612871363902e-05
2.661892542163760066e-05
2.630571540558078705e-05
2.598956781082191171e-05
2.578377227158039147e-05
2.558043812521699294e-05
2.537803144675922177e-05
2.513613329222642954e-05
2.493721231883516673e-05
2.472887692581232804e-05
2.454435371624289457e-05
2.432130699668266614e-05
2.410422447869622596e-05
2.389175516175139782e-05
2.366882902174900964e-05
2.345072228902912826e-05
2.326247278902870671e-05
2.303891002819708099e-05
2.283897786823065805e-05
2.270155783996069852e-05
2.248912609884378032e-05
