7.160178128152822064e-02
3.038750204300322971e-02
1.870174143823285021e-02
1.402551846983384615e-02
1.112140018707512452e-02
1.137870840363782408e-02
9.341699577044566827e-03
8.133690923248140109e-03
6.933219559648321623e-03
6.089277850559390859e-03
5.525720286933169523e-03
4.881264676932347592e-03
4.252969470388336462e-03
3.789230874328754130e-03
3.455084963561238804e-03
3.410117447005753862e-03
3.121314980437482536e-03
2.855743990260221476e-03
2.698587260327275483e-03
2.544577807995020841e-03
2.519851764884774477e-03
2.390399405003713375e-03
2.286619567014466347e-03
2.160794168952554807e-03
2.029965323072422008e-03
1.984561436422825967e-03
1.871796401160238932e-03
1.771617180068196752e-03
1.673660044312234212e-03
1.599456221248965514e-03
1.561320231557533286e-03
1.485017108950782141e-03
1.432251848922528681e-03
1.386716344916732188e-03
1.329550087484682565e-03
1.314034219763054708e-03
1.258826664124527289e-03
1.209410264580379696e-03
1.155532486384787394e-03
1.118206075274626220e-03
1.118396567619805776e-03
1.077688087250687834e-03
1.042166483959831164e-03
1.010001725438105591e-03
9.788961508627115789e-04
1.032362659885929746e-03
9.942584710638413970e-04
9.613156415026790150e-04
9.363864243554674213e-04
9.172015286389408658e-04
8.936599601197243829e-04
8.717142545225440957e-04
8.475411244077416450e-04
8.291799404646277077e-04
8.121433238709510876e-04
7.955000890159068250e-04
7.778402513147317406e-04
7.597743599476183222e-04
7.468718978779257354e-04
7.341891145131226176e-04
7.239801304731426426e-04
7.155648976320343711e-04
7.054084560871138557e-04
6.975498466802031606e-04
6.862245919558651120e-04
6.772092188676608797e-04
6.651176336076180954e-04
6.566022722868180379e-04
6.466120953500881447e-04
6.392775341729050719e-04
6.311573191551606617e-04
6.234179700952709570e-04
6.163129164730080968e-04
6.088201135645373739e-04
6.004468161333935362e-04
5.921488953097066039e-04
5.841387489966385791e-04
5.746595640893468896e-04
5.674855768168225560e-04
5.605393892218886410e-04
5.525275208312993439e-04
5.452553270593047926e-04
5.384110009617580498e-04
5.324635211590485889e-04
5.261700279754735667e-04
5.189808493930435796e-04
5.130635426941374758e-04
5.060844097700588828e-04
4.993803834361178239e-04
4.940672187032359121e-04
4.881538482233367432e-04
4.837373382236490461e-04
4.797169923956441087e-04
4.754520139912383580e-04
4.709003980796752967e-04
4.660751360788632238e-04
4.613444408737198891e-04
4.560362688177294651e-04
4.508762845465700197e-04
4.454006482649434462e-04
8.094285930656864615e-04
6.287779164280522196e-04
5.237252011891876556e-04
4.714042083191078152e-04
4.298432250295819478e-04
4.067652418535013773e-04
3.805796088721256540e-04
3.591714886577130153e-04
3.391733190923048929e-04
3.255213573217779631e-04
3.148327523490127575e-04
3.024940763043760606e-04
2.923650043575800488e-04
2.819804284214305276e-04
2.727145865074181172e-04
2.649098265022460045e-04
2.561532655916751839e-04
2.471270641555800801e-04
2.410138218847230306e-04
2.350220375269119577e-04
2.296253501353726924e-04
2.242045948674771462e-04
2.191148537864190491e-04
2.146113985861200241e-04
2.081616176079509480e-04
2.028196730824561689e-04
1.964952071753223162e-04
1.912056567092944575e-04
1.867802369300162395e-04
1.835552384438200681e-04
1.803877570320235274e-04
1.768149611620448841e-04
1.733611235822547498e-04
1.704282212854558358e-04
1.672890800451447919e-04
1.639781304190660982e-04
1.601316201446537709e-04
1.568415677035986334e-04
1.535084850742251259e-04
1.502518342176990514e-04
1.474737460866478280e-04
1.450797406993506477e-04
1.425297046785113609e-04
1.403707301153820383e-04
1.380886178911424093e-04
1.361967889729429353e-04
1.342630253636684394e-04
1.324303409957966536e-04
1.305743449543439255e-04
1.289301357476936583e-04
1.271604398898411011e-04
1.253798879173614151e-04
1.235141436093036449e-04
1.215322846602940086e-04
1.197499681195724998e-04
1.180412158005457040e-04
1.166219536855762234e-04
1.150434562207717891e-04
1.136397022251891040e-04
1.122539741109303301e-04
1.110133545954293429e-04
1.098870368805217080e-04
1.087890206178251061e-04
1.075581251388689827e-04
1.063125740334905898e-04
1.051193111183850094e-04
1.041589965971370375e-04
1.027724904643807227e-04
1.018551290637930795e-04
1.005627385438232017e-04
9.957796111006817169e-05
9.850735662452496562e-05
9.740195896342194743e-05
9.656347191835774825e-05
9.578042788949914991e-05
9.509733789268841233e-05
9.426424744329334421e-05
9.363163251718231955e-05
9.306345197877210378e-05
9.240932660931632273e-05
9.189416787865949891e-05
9.140194222478594714e-05
9.086484381080351389e-05
9.026526497254229757e-05
8.965757070098671151e-05
8.916864807258145027e-05
8.858874557710263314e-05
8.783867440661147002e-05
8.723870681636747314e-05
8.652937875298620670e-05
8.598133107399695519e-05
8.537093074568164841e-05
8.470123975743909582e-05
8.406281427913165336e-05
8.337527071867567412e-05
8.270215090446516139e-05
8.205420365641334537e-05
8.151662585643808245e-05
8.097311063717854880e-05
8.039999615460060776e-05
1.700622132758543032e-03
1.305223985022994264e-03
1.071289252100430384e-03
8.767015415483167366e-04
6.578079146526092389e-04
5.513678707193162909e-04
4.505040695350841337e-04
3.815018221708297544e-04
3.267164026743163700e-04
2.761390823091832932e-04
2.390760235742700446e-04
2.106766706427388525e-04
1.879130195781561550e-04
1.725260975028333841e-04
1.602082928497688573e-04
1.506984946602416952e-04
1.414009344708029516e-04
1.336030130269475640e-04
1.264841377258650319e-04
1.203382349144043340e-04
1.173460809215754684e-04
1.141772068704288831e-04
1.112071427317757607e-04
1.100672813373634282e-04
1.088720622264716939e-04
1.076838422446227379e-04
1.059128362130894933e-04
1.043009852519100468e-04
1.026762404466843637e-04
1.010134820454167836e-04
9.988962315454011376e-05
9.773358723862278117e-05
9.600974392010206923e-05
9.438867026956026423e-05
9.278091576133560756e-05
9.161356295846359674e-05
8.959138557607080364e-05
8.840582372407343936e-05
8.742149797755872703e-05
8.581699008726291424e-05
8.451487389784231245e-05
8.309478291588723244e-05
8.164104974649401974e-05
8.060599980380717307e-05
7.912945748761961292e-05
7.775247278524089910e-05
7.619740611055686094e-05
7.492847650918863206e-05
7.350229379419134248e-05
7.233407940682515247e-05
7.096316488554273779e-05
7.019934485702368488e-05
6.926865160214322914e-05
6.820907050504190587e-05
6.720714701235749671e-05
6.632058841994273703e-05
6.572139860160539321e-05
6.513677871979537402e-05
6.452924923054266233e-05
6.398354149532263502e-05
6.351647388864766267e-05
6.276618050987698577e-05
6.190645187994479892e-05
6.092617586799178598e-05
6.026045995461986498e-05
5.958121962736417151e-05
5.891471458417918791e-05
5.820455952457227088e-05
5.736917930290603138e-05
5.675308744151902888e-05
5.626920560380998458e-05
5.600548407123303880e-05
5.551013329475362778e-05
5.504209462631414168e-05
5.459546877128635013e-05
5.412672401289983439e-05
5.355977197762453216e-05
5.309717951236953150e-05
5.268554135534582662e-05
5.232545302664171082e-05
5.195758026449403784e-05
5.172404930532173553e-05
5.141938686465841478e-05
5.125697023254613155e-05
5.101833764708184181e-05
5.079280518703121696e-05
5.056712169173250892e-05
5.029621234457395246e-05
5.005610900727117612e-05
4.981721776408977464e-05
4.964031799488374038e-05
4.937111421754693176e-05
4.912841617800607370e-05
4.886459723348362036e-05
4.855974367033572117e-05
4.815945035791989947e-05
4.776355400604803756e-05
4.748123993107406757e-05
4.716300640965296882e-05
4.683365063225762830e-05
3.500575206534157959e-03
2.443886316070460751e-03
2.064331810964469601e-03
1.750319261411338069e-03
1.490267903237154756e-03
1.284286789665053767e-03
1.142948582450721952e-03
1.006693437790981329e-03
8.683552439656463126e-04
7.739319137858416452e-04
6.657723641261811603e-04
5.707079741328317411e-04
4.890788508070472058e-04
4.431413969255597264e-04
4.070188155999199969e-04
3.853040663993032066e-04
3.618927113328283037e-04
3.353945418350058800e-04
3.101762290354945152e-04
2.847831715681022687e-04
2.678815087770170227e-04
2.494247745595498970e-04
2.354526008042760212e-04
2.166899716335819401e-04
2.035488314414740565e-04
1.926451160016537541e-04
1.848338425500009564e-04
1.758080913631402873e-04
1.695107004562384709e-04
1.635721043252736653e-04
1.555002107826994123e-04
1.491898379945987723e-04
1.447108172300314109e-04
1.380923724856847985e-04
1.322235471187784483e-04
1.283740924213520938e-04
1.242721733140464153e-04
1.205933066703533527e-04
1.173541661480713091e-04
1.145957778321607108e-04
1.124063231063527837e-04
1.086790001739889640e-04
1.056558512591598457e-04
1.023254530408219731e-04
9.924973625108140726e-05
9.633390572579265227e-05
9.417649670711207381e-05
9.226170303859298897e-05
9.016690523213564653e-05
8.777542792352451548e-05
8.620825624885503297e-05
8.444468558427434886e-05
8.252352528121607552e-05
8.067902491170528517e-05
7.905147677381587463e-05
7.733413794392855279e-05
7.586250697259789460e-05
7.390835317384631276e-05
7.247825510740872829e-05
7.098856756659682136e-05
6.968928862493687412e-05
6.828252662610655459e-05
6.675785495918290209e-05
6.494198416156585500e-05
6.370629830152355435e-05
6.264194218571095957e-05
6.126171457097817576e-05
6.038025266407590140e-05
5.952957309346193341e-05
5.882357403621723749e-05
5.796915041716791810e-05
5.733815045275428496e-05
5.667939705334493894e-05
5.566551206603636610e-05
5.498648502869279227e-05
5.418137078642561952e-05
5.321855872706775643e-05
5.269050120336494245e-05
5.209786692092192335e-05
5.117262406378582720e-05
5.052368835952792455e-05
5.007088256427401617e-05
4.973208670825674237e-05
4.938980330443747249e-05
4.892468175013494361e-05
4.850305433332703528e-05
4.809830892007682852e-05
4.776350110534023646e-05
4.735049648647831889e-05
4.695070073291561107e-05
4.656854816216128416e-05
4.614114179197318657e-05
4.556418405725048542e-05
4.517288127107922413e-05
4.467106985010619468e-05
4.415672931916075710e-05
4.365744467467715188e-05
4.327677306320260839e-05
4.285028293769498607e-05
4.235601773497870001e-05
8.392803178882399240e-03
7.583193004131415053e-03
7.121427381259030041e-03
6.766763728985989053e-03
6.518784825487732547e-03
5.428750696502444677e-03
4.692552026549910715e-03
3.806579328450191996e-03
3.212281904739896273e-03
2.953934990802470090e-03
2.878910088349648493e-03
2.842656384910810952e-03
2.822939380763080357e-03
2.775067366325332033e-03
2.741799158422640083e-03
2.621865174839310697e-03
2.508282733842195477e-03
2.412784061258537588e-03
2.364698276447102336e-03
2.337265119546487122e-03
2.221450015405062022e-03
2.023236064954200743e-03
1.833745613416854761e-03
1.702093606595650671e-03
1.556058690043779632e-03
1.268347794329931872e-03
1.084993703334558588e-03
8.610544963599519328e-04
6.913443222140760449e-04
5.846899286079861860e-04
5.485140845434178939e-04
5.088995177851770874e-04
4.804931363360771617e-04
4.616216351380056696e-04
4.406043333005830271e-04
4.165078154279608195e-04
3.844506453204081064e-04
3.571654656877904128e-04
3.290263234106936287e-04
3.077970376235670299e-04
2.867310534194958535e-04
2.696280310599092570e-04
2.545788466303503406e-04
2.414104828176393111e-04
2.309880719996060705e-04
2.203917692283475073e-04
2.104333240354797324e-04
1.997799818133255993e-04
1.898431269530042665e-04
1.823023764878255247e-04
1.763140510192139792e-04
1.690457375738911420e-04
1.615542547540636884e-04
1.556286000847548580e-04
1.483560088374449772e-04
1.429960175254939932e-04
1.387280581389699742e-04
1.337220770466954851e-04
1.290425826012023638e-04
1.251807531740866200e-04
1.207636766824356125e-04
1.173522436659730838e-04
1.140180314200890291e-04
1.117173815973202314e-04
1.098616008307012697e-04
1.084146951405314229e-04
1.071678604301061239e-04
1.049421969447904176e-04
1.026190691446271725e-04
1.008558002531185008e-04
9.916102504165232663e-05
9.708664801040790490e-05
9.505423195171453746e-05
9.306101138410709922e-05
9.119861301582454750e-05
8.921300458387336181e-05
8.730447262055059522e-05
8.506737898710216219e-05
8.231177908479496007e-05
7.950043813278335743e-05
7.754058615194985970e-05
7.570246004327799605e-05
7.374487084243411120e-05
7.200467076391141189e-05
6.975852252398097102e-05
6.808035849443694787e-05
6.635346211341382574e-05
6.461829175883094536e-05
6.317988470784952765e-05
6.168886819499808127e-05
6.024365946065538035e-05
5.905749004913630768e-05
5.794718100036148092e-05
5.669718978217218514e-05
5.582678819629100799e-05
5.497019045037652903e-05
5.438715112327621894e-05
5.388424682305735514e-05
5.342249929943031033e-05
5.291780931818220211e-05
