2.796552056966909033e-02
2.034375122089282419e-03
3.611272263413691365e-04
1.857676795617355635e-04
1.483358878253453683e-04
9.771735126543417923e-05
8.128999416416543371e-05
6.205773853202827656e-05
5.377133033363530043e-05
4.974057237476076879e-05
4.382061536612227962e-05
4.139979212891296075e-05
3.820034362063763394e-05
3.590920792687545617e-05
3.450190630085845132e-05
3.311876622131731441e-05
3.154479052209783660e-05
2.989842918386103820e-05
2.915086124810331166e-05
2.828086825950809768e-05
2.741464437482140035e-05
2.657467676104956133e-05
2.615266751976428963e-05
2.534952855593660209e-05
2.469097510536732708e-05
2.442505806793272618e-05
2.392230989716216051e-05
2.360523798334112472e-05
2.235250679915040136e-05
2.077238108129789623e-05
2.022794123375626054e-05
1.981599872857222087e-05
1.941196560339753763e-05
1.911149267314257841e-05
1.889305427052053555e-05
1.863932600272315065e-05
1.846163933660017277e-05
1.794634494069452846e-05
1.751324043349067254e-05
1.705415728312672827e-05
1.662145871314251548e-05
1.639672076348894903e-05
1.622926844084929501e-05
1.590444806354745868e-05
1.567354482276166062e-05
1.486884354924388974e-05
1.435544894521683684e-05
1.404990850982441229e-05
1.391061868922072386e-05
1.359172388714139581e-05
1.336523880288395458e-05
1.319245405236261320e-05
1.294263974744274057e-05
1.276849142058324277e-05
1.266354178663902085e-05
1.259392906145643566e-05
1.221465848218320230e-05
1.191304075288101224e-05
1.177595521814383421e-05
1.161849989652226470e-05
1.151002037996022136e-05
1.141856173083863050e-05
1.125715417007534100e-05
1.097493241505964902e-05
1.092468177979704600e-05
1.088180628740909000e-05
1.081211129603258504e-05
1.075259591118639327e-05
1.068101635988213954e-05
1.047307006806902217e-05
1.036340427256555881e-05
1.026114435199729527e-05
1.016286062052590456e-05
1.004361906529675194e-05
9.929042578413814780e-06
9.895288029440078964e-06
9.776800256879764219e-06
9.681861721563865550e-06
9.527432292744661681e-06
9.434633020687215811e-06
9.375218339786130610e-06
9.340745211313183642e-06
9.292849779650238858e-06
9.243318321791678442e-06
9.211478151648841496e-06
9.182661040080500634e-06
9.077455041315057909e-06
9.008019276722917235e-06
8.817858167710227249e-06
8.654168593847652103e-06
8.601926044415320367e-06
8.550030432727074179e-06
8.500543683292266530e-06
8.463930673546322871e-06
8.344346870738410997e-06
8.255930521580332853e-06
8.221948603448902285e-06
8.191594150765511755e-06
8.164646701359826837e-06
7.992494049625140001e-06
7.869635472169457342e-06
7.818097278459193740e-06
7.775857140422175954e-06
7.752237501476999464e-06
7.733085849340925189e-06
7.716452672371997381e-06
7.620355606700355667e-06
7.528724025592886458e-06
7.500804011568578995e-06
7.481471763883244903e-06
7.455555818576905520e-06
7.434361579997687065e-06
7.401606217599260137e-06
7.368677450138465752e-06
7.339078251816705514e-06
7.293097378557124185e-06
7.266481800709495820e-06
7.218574099670423161e-06
7.153848334302921227e-06
7.112153724559857986e-06
7.071099005707001076e-06
7.039477232371522731e-06
7.005434081514358373e-06
6.967970123712027933e-06
6.930659504361988044e-06
6.884595635338612070e-06
6.849341758041034377e-06
6.804470492062289037e-06
6.762514372075237795e-06
6.742008008590977672e-06
6.717153851129877493e-06
6.697092994105886323e-06
6.676373327394736470e-06
6.661309094034802280e-06
6.644036131173437754e-06
6.628641988455174120e-06
6.614393145941417568e-06
6.582473361559679888e-06
6.554350035303412706e-06
6.532384207589664859e-06
6.508063259991367594e-06
6.494864234074740412e-06
6.457153546839262723e-06
6.428880845945760832e-06
6.404688042521223726e-06
6.378084798470639552e-06
6.367689733095866299e-06
6.309352082548041040e-06
6.250599251646577369e-06
6.241146521509997622e-06
6.212421006146570775e-06
6.183493287833320400e-06
6.155236495756870409e-06
6.125200033313996639e-06
6.107243300952495854e-06
6.091900904391452001e-06
6.076159733389397873e-06
6.061284126475917434e-06
6.051194792830338281e-06
6.029572689754428714e-06
6.004715948878997552e-06
5.989947421477272567e-06
5.974177897245221212e-06
5.959288705984269075e-06
5.943432205966981668e-06
5.932798024189474288e-06
5.911349407265436220e-06
5.889063847084926818e-06
5.879898053887864860e-06
5.846833923728117140e-06
5.813132703181287946e-06
5.800033810288438422e-06
5.785906974081403302e-06
5.772559475223223745e-06
5.759726644874456250e-06
5.749441095683957988e-06
5.739371314212449809e-06
5.662933061030012064e-06
5.608505418011149205e-06
5.597644310148510710e-06
5.578365241162897397e-06
5.564822827125427336e-06
5.538874699837212704e-06
5.507700165939089628e-06
5.499217040159354625e-06
5.475019492522726131e-06
5.445848484037081968e-06
5.433733798680960443e-06
5.423009366619080171e-06
5.407246896923019796e-06
5.391511493217056472e-06
5.368634317218570514e-06
5.350663645321876349e-06
5.325536069726820716e-06
5.302400759975681311e-06
5.280905883670202933e-06
5.264343803759634725e-06
5.247604968883643168e-06
5.233601410669259359e-06
5.209943017770221839e-06
5.191409243959732941e-06
5.172447001948517180e-06
5.157225961944146106e-06
5.144048182197472051e-06
5.132794069871728817e-06
5.113632206426474087e-06
5.091673247380332972e-06
5.077412032982584795e-06
5.066244231299256658e-06
5.059364713483544434e-06
5.050718311859758578e-06
5.037187038771982035e-06
5.022306946370530080e-06
5.016135854085619750e-06
5.009273270506664899e-06
5.002250615304175093e-06
4.991569088349023614e-06
4.982649820548431216e-06
4.960922956410550158e-06
4.941759311126846734e-06
4.932547202057694499e-06
4.925348689200472367e-06
4.909266411820154021e-06
4.893226527375152789e-06
4.868867193529144007e-06
4.851628507602723682e-06
4.836233702090546159e-06
4.822841920169310275e-06
4.817287197020988268e-06
4.803653050022722509e-06
4.781470585333446594e-06
4.761249354460957375e-06
4.746315564325640872e-06
4.734353847383372106e-06
4.722627975219544849e-06
4.713896026763984406e-06
4.695558291257005031e-06
4.674453606006609759e-06
4.659268117961073099e-06
4.644449875333835727e-06
4.632064410022191784e-06
4.625008660657592596e-06
4.610250695047516973e-06
4.595456050312987047e-06
4.585752543333911087e-06
4.575870478904746754e-06
4.568174934144045226e-06
4.557781709250813489e-06
4.550930278843472713e-06
4.540011978773637313e-06
4.525767584966544297e-06
4.518969579462044753e-06
4.506213127583135620e-06
4.493831150647781776e-06
4.485448407277213785e-06
4.476542123338947705e-06
4.465922358319034841e-06
4.453987918810327251e-06
4.448246531928001198e-06
4.443820914159516604e-06
4.432056212416368647e-06
4.418639335304500294e-06
4.410222501763340931e-06
4.401740499971374192e-06
4.393125830239917231e-06
4.383606391702524726e-06
4.378776038504245503e-06
4.351872681295944102e-06
4.311684266542939692e-06
4.306355544834535464e-06
4.300832529917656987e-06
4.295332520833301271e-06
4.280878367742887647e-06
4.268098403341572898e-06
4.264503097457603735e-06
4.235285862502957669e-06
4.214885015956437881e-06
4.203880613205575294e-06
4.198480876127306716e-06
4.190215113528835919e-06
4.182391800209249196e-06
4.171316036647258029e-06
4.160496206885803571e-06
4.155017569204907138e-06
4.151426042567872057e-06
4.147823877402400388e-06
4.140242061533925293e-06
4.132599237415502403e-06
4.129239620924364025e-06
4.123929677270042146e-06
4.116970508918930681e-06
4.114413111671879838e-06
4.111368413542906418e-06
4.101364985918082664e-06
4.088670045905548519e-06
4.081907225284965700e-06
4.078153431122499947e-06
4.060129663812324101e-06
4.040648058789379184e-06
4.033848290219599086e-06
4.028748492185488571e-06
4.024497042498314812e-06
4.019873489871976493e-06
4.013214309327375788e-06
4.005488810815101374e-06
3.996547519660966791e-06
3.984793415736314613e-06
3.978409716434928532e-06
3.973837698448433775e-06
3.967659501292913824e-06
3.961076184176578495e-06
3.954497264126693499e-06
3.947777709865210332e-06
3.943862300901189360e-06
3.937692523615756204e-06
3.934187578880553431e-06
3.930514875240613854e-06
3.924484668719915476e-06
3.918510305952365996e-06
3.912619081172015981e-06
3.907353360069935557e-06
3.903895631108138093e-06
3.899015536987335368e-06
3.893101631257898378e-06
3.889086508256229516e-06
3.884175979540717262e-06
3.876924061335195532e-06
3.870001575852257130e-06
3.865528389499077793e-06
3.858647064946059824e-06
3.854061377882395780e-06
3.850276858543186898e-06
3.845963837591786456e-06
3.837526920377044359e-06
3.827626237410515985e-06
3.824114219147086809e-06
3.820635469085443727e-06
3.816870139882100144e-06
3.814563009157000352e-06
3.810157467205707817e-06
3.805348177862731402e-06
3.802063284976323839e-06
3.799269925597947502e-06
3.782724640189661507e-06
3.765380235616713218e-06
3.759228548368665320e-06
3.751570642018952596e-06
3.748807520745636506e-06
3.741840264935999629e-06
3.734570402415073029e-06
3.728103575266528958e-06
3.721085852111079654e-06
3.715611083006685335e-06
3.709936995294765234e-06
3.706679777540704998e-06
3.699681821613217060e-06
3.693471576972523100e-06
3.687744826161486033e-06
3.681992858124243423e-06
3.678143309840952805e-06
3.674015685182802347e-06
3.668206044823879506e-06
3.663982679739020941e-06
3.659055397235871705e-06
3.654855731971483658e-06
3.651417358903186534e-06
3.647694131061981025e-06
3.643743886966198311e-06
3.638070709581875950e-06
3.634432689854763163e-06
3.628097807090265577e-06
3.619532075283369177e-06
3.616536012211624190e-06
3.603791450461532819e-06
3.587890778097805404e-06
3.585818202612579521e-06
3.579666986133744488e-06
3.574983140223918569e-06
3.571854986603986617e-06
3.567442320910777390e-06
3.562163725455306449e-06
3.555615727410433920e-06
3.549044753199464246e-06
3.545366974494545927e-06
3.539461201440604861e-06
3.533570635473896117e-06
3.528230923108199561e-06
3.524380950859346069e-06
3.520446542101727232e-06
3.515826406387910745e-06
3.509334797569841338e-06
3.503902026565470692e-06
3.498622324916225729e-06
3.495039655203201464e-06
3.492102097985369388e-06
3.489357966463610552e-06
3.478593654620302651e-06
3.466653175628660084e-06
3.464387501481261359e-06
3.446807793490291019e-06
3.426703011802447002e-06
3.417973394405596198e-06
3.412253154146493109e-06
3.409374024509664517e-06
3.396526701060768458e-06
3.381740758687676399e-06
3.378476191850970441e-06
3.371191809755612944e-06
3.364199181191218332e-06
3.362028659391495712e-06
3.358004451879154580e-06
3.354416587212951015e-06
3.351205188668007416e-06
3.346678791020526900e-06
3.342463073628257424e-06
3.338293565256754035e-06
3.335231624934276285e-06
3.328496768389059711e-06
3.321360384879451387e-06
3.316252888214177476e-06
3.311330709446830073e-06
3.308890261622820705e-06
3.304778311603151295e-06
3.300284808210609164e-06
3.296347031210452247e-06
3.293360299792774740e-06
3.288436038840878199e-06
3.282964690360197138e-06
3.280468461415413355e-06
3.273192901934977240e-06
3.265543326833025721e-06
3.261107890177727450e-06
3.256507904520902342e-06
3.252145437962093194e-06
3.249948029497501895e-06
3.245549108324344098e-06
3.240617023768144074e-06
3.233605119782649005e-06
3.229500965318557829e-06
3.222555226270410470e-06
3.215031564043914707e-06
3.211206364385097665e-06
3.208177264761105849e-06
3.203543254940397898e-06
3.200444537748614472e-06
3.197678368994163616e-06
3.195834502003736232e-06
3.192470909875265152e-06
3.189143510682976809e-06
3.186224940507462871e-06
3.179715709032428172e-06
3.174011246886305998e-06
3.170183293483727821e-06
3.166160133893551126e-06
3.164269514278631576e-06
3.157447508479159345e-06
3.151475812423427696e-06
3.147505102400821515e-06
3.144482053203200808e-06
3.140250414355247886e-06
3.136338598031811575e-06
3.134175578445449251e-06
3.131373658234583812e-06
3.127785692871225606e-06
3.124202871689347198e-06
3.120310791225325882e-06
3.117781094500015680e-06
3.115485350497042825e-06
3.109362006224893880e-06
3.101375530062951521e-06
3.096284468177506227e-06
3.093034800213217990e-06
3.087745354337319945e-06
3.082467500302533041e-06
3.079251205666043842e-06
3.073665697370610242e-06
3.069410478359414179e-06
3.065862373808494573e-06
3.062331792267041551e-06
3.061156181778471334e-06
3.054687386980424899e-06
3.047217514129518988e-06
3.042087734100139872e-06
3.038409010621406098e-06
3.034233984641442519e-06
3.029048280057995859e-06
3.027236471811448515e-06
3.022828493569689382e-06
3.018170728981191399e-06
3.016198587733889336e-06
3.014077851909486262e-06
3.011234234277419336e-06
3.007750248243452274e-06
3.005420040671456055e-06
3.002428025670658408e-06
2.999599440423509830e-06
2.997760138070417603e-06
2.995282866148381787e-06
2.992645837685140903e-06
2.990786383406046913e-06
