5.144641946867307275e-02
2.452626348030452832e-02
1.607640707392380547e-02
1.218035775493117936e-02
1.024696680601274931e-02
8.695111029041899253e-03
7.650645342922234200e-03
6.756936374940111789e-03
6.040638920275176460e-03
5.534385157133607513e-03
5.173655261764964833e-03
4.882048206051516070e-03
4.561710922748150529e-03
4.298713966804867080e-03
4.048122384543480744e-03
3.843141276440144652e-03
3.628532733705921390e-03
3.408206096427023914e-03
3.252305298010516477e-03
3.128018948734568542e-03
2.995061745824958901e-03
2.874861903285850021e-03
2.772482926901110277e-03
2.650837567943912457e-03
2.540265347639575431e-03
2.461916150982365256e-03
2.385118965318338159e-03
2.317420759620178981e-03
2.255808856888506971e-03
2.192598616512659963e-03
2.145654845667070969e-03
2.092192427547490564e-03
2.039836754896510052e-03
1.993939371665944243e-03
1.957615192570769883e-03
1.918570726828371228e-03
1.882336775678398327e-03
1.842947118270336828e-03
1.805693919546901005e-03
1.764836783681458581e-03
1.724569758690173201e-03
1.695994049509636989e-03
1.666503882573510970e-03
1.641103329486151780e-03
1.618896379996726019e-03
1.599697417551685253e-03
1.582277254036095100e-03
1.566472477478727306e-03
1.550229812035245226e-03
1.532980126974980420e-03
1.514059190607756249e-03
1.498065307765094256e-03
1.484230364296014373e-03
1.471465429770016375e-03
1.455761309630897388e-03
1.442490980144018513e-03
1.429715972487650326e-03
1.418690018146484544e-03
1.406695803888619208e-03
1.394233776184580515e-03
1.383428716185422513e-03
1.371938898487560241e-03
1.362511203911475439e-03
1.353037676101700093e-03
1.346769557539034302e-03
1.341743970727492154e-03
1.335659600525899732e-03
1.329187008685927965e-03
1.322676630940525797e-03
1.315693792133233514e-03
1.309769543687268507e-03
1.302690385646420842e-03
1.294905363961046689e-03
1.287528716262773291e-03
1.280755099702025022e-03
1.274989524425922637e-03
1.269803997582920037e-03
1.265245434314367801e-03
1.260676467218717128e-03
1.256319723527746712e-03
1.252104977417102744e-03
1.247799833934263615e-03
1.243234936437088859e-03
1.238174537813095579e-03
1.232348077941420976e-03
1.227187476174679791e-03
1.221265085817202544e-03
1.214340508297843003e-03
1.206710235332384383e-03
1.199611200513320524e-03
1.191841476155056914e-03
1.183456761041159610e-03
1.174797221113262459e-03
1.167030397471948691e-03
1.159568471036987554e-03
1.151743142292367770e-03
1.144469366684614051e-03
1.138877324592632015e-03
1.132211144480121164e-03
1.125078186708635157e-03
1.164024201419838972e-03
1.117614260100445152e-03
1.091927838804409093e-03
1.071280166026752651e-03
1.052457448275387862e-03
1.035920624565890395e-03
1.020713707718791038e-03
1.009116836714727457e-03
9.985694252664910082e-04
9.905303763927564720e-04
9.836929862990428583e-04
9.764709259313375782e-04
9.696292493283674777e-04
9.634552465868545567e-04
9.581468434546040096e-04
9.533967364028830263e-04
9.493107210194766301e-04
9.443237030684396805e-04
9.398303176917286155e-04
9.348979643479661365e-04
9.309011096644532286e-04
9.273212531943862951e-04
9.234309119279990839e-04
9.194961704525450976e-04
9.163121268240338778e-04
9.132970183048715962e-04
9.095373693520117332e-04
9.054352930303976969e-04
9.006316608307210264e-04
8.952138515954896104e-04
8.905754351713660684e-04
8.855648417791825260e-04
8.803823839963786143e-04
8.751349410715792386e-04
8.702537725671676602e-04
8.651594815367120907e-04
8.600507917967357150e-04
8.542939314055758224e-04
8.485034069414105996e-04
8.427135036695233318e-04
8.374716395977675493e-04
8.321194043720332332e-04
8.266887307602418253e-04
8.210054613172659398e-04
8.151022234857887433e-04
8.095551716408625441e-04
8.037758702644865133e-04
7.962980080993721640e-04
7.899735906622203270e-04
7.837296078761703429e-04
7.778888526177879124e-04
7.722825985205711069e-04
7.661895153566845385e-04
7.607532332597095881e-04
7.549934342862570482e-04
7.489143128788567673e-04
7.421071547007949140e-04
7.353842609959085385e-04
7.289581968899543551e-04
7.226588912526175435e-04
7.166500912842365626e-04
7.107910245381637154e-04
7.048191812095646897e-04
6.979426337541420541e-04
6.917843096766736026e-04
6.858509453456621040e-04
6.804188556469298451e-04
6.749716376186430103e-04
6.695069310960698704e-04
6.646996709629561344e-04
6.595917426579842166e-04
6.547047647147347712e-04
6.499193910444989696e-04
6.452149632552355235e-04
6.403984042694753484e-04
6.354582228391784113e-04
6.298298316198883400e-04
6.244631677802871825e-04
6.191480543070566021e-04
6.140484103989246557e-04
6.090588234492537662e-04
6.044920867193581335e-04
6.001591540084353022e-04
5.957473931859357278e-04
5.916299867532344436e-04
5.861702184491610025e-04
5.815479836343897266e-04
5.775741864123521037e-04
5.728827316036189761e-04
5.688383925048152209e-04
5.653828408138650546e-04
5.620832150106554442e-04
5.590162464658443315e-04
5.559575492615556613e-04
5.531495744447998460e-04
5.508723302610452847e-04
5.483380930353215195e-04
5.457375540664691606e-04
5.437999310432997235e-04
5.416362529175600127e-04
5.668519253510011712e-04
5.460330091434933844e-04
5.323905507012738521e-04
5.234983297184229827e-04
5.157653690579304352e-04
5.099289935857900195e-04
5.052302226839341850e-04
5.009982618034696401e-04
4.976220563535041930e-04
4.943329228318205050e-04
4.918181833205037285e-04
4.897768586281543973e-04
4.874536231151344653e-04
4.856609978841353579e-04
4.840756833209111285e-04
4.822306693429586591e-04
4.805056909730723194e-04
4.791362189464396068e-04
4.778610447855780757e-04
4.764604861963467482e-04
4.750434001612075267e-04
4.739025537649958850e-04
4.727281162462304738e-04
4.717729017756145445e-04
4.706009809175719957e-04
4.695110975587312601e-04
4.685150480989157696e-04
4.673146055373982510e-04
4.661254922468332064e-04
4.651453078731426489e-04
4.641066211686794727e-04
4.632390535237591021e-04
4.622114932756517941e-04
4.612847459601587797e-04
4.601743992394264466e-04
4.590078238727081654e-04
4.578534146668066245e-04
4.567231774431551919e-04
4.557009748041513167e-04
4.548205763005428088e-04
4.540140788076612232e-04
4.532740177891365213e-04
4.524916975429925121e-04
4.516812183505189275e-04
4.509327882626945638e-04
4.501099214316582652e-04
4.493418569458928471e-04
4.485488115172377426e-04
4.477071149185990928e-04
4.468900061872339651e-04
4.460420769587705291e-04
4.451219240741423832e-04
4.442521189085681197e-04
4.433553014929527683e-04
4.424429087414293591e-04
4.414862110911829392e-04
4.406900067289620435e-04
4.398505474577208514e-04
4.390733837932536904e-04
4.382906533254066119e-04
4.374331840603287030e-04
4.367010012555360451e-04
4.359091623796019555e-04
4.352443229608896893e-04
4.346505856073426413e-04
4.340065843220966405e-04
4.335248549351975247e-04
4.329979884482739838e-04
4.323991496065662625e-04
4.319011468903927501e-04
4.313680756956114076e-04
4.308247509159897695e-04
4.303076884433390103e-04
4.298568053528582398e-04
4.293838625675541450e-04
4.289555306795766868e-04
4.284952766063427395e-04
4.280728399587247434e-04
4.276368008739855745e-04
4.272207729655809927e-04
4.268123912612923460e-04
4.263779816230455172e-04
4.259506135041207417e-04
4.254720391513941847e-04
4.249909319906773229e-04
4.245991295299405438e-04
4.241387236805807493e-04
4.237011260517814406e-04
4.232897451294260756e-04
4.228941209725056607e-04
4.224746771555332463e-04
4.221127399449640656e-04
4.217094549780227427e-04
4.212413949391817687e-04
4.207384542209039813e-04
4.202827600792458118e-04
4.198563041021539130e-04
4.194609392983714765e-04
4.189943563617709371e-04
4.186087577084728431e-04
4.339185810667143183e-04
4.236800299254492807e-04
4.172318262675838167e-04
4.122681579679507088e-04
4.081512457139620785e-04
4.050453416666595732e-04
4.029066996324047120e-04
4.007986703407863589e-04
3.989502023226282898e-04
3.974596805262976579e-04
3.960567418372732415e-04
3.946673159984046019e-04
3.934721042388398529e-04
3.920805243574184882e-04
3.907102505320511100e-04
3.896873032021780977e-04
3.886205238739848852e-04
3.876870277476582869e-04
3.868055037144248740e-04
3.859388060476081662e-04
3.850806373877275514e-04
3.843424764131684376e-04
3.837503265445027859e-04
3.830647998322744309e-04
3.823768591074628762e-04
3.817371998143414993e-04
3.810671177215499178e-04
3.805344316559812761e-04
3.799842615406475777e-04
3.793777370364309338e-04
3.786667335082896397e-04
3.780395245926954453e-04
3.773633549924947355e-04
3.767815268235472125e-04
3.761614384854499002e-04
3.756957364237112915e-04
3.752215045490128850e-04
3.746786387367293946e-04
3.742145010971989916e-04
3.737410231607551318e-04
3.733853106975581256e-04
3.729948405489159793e-04
3.725624513034024197e-04
3.721384940237828674e-04
3.716920776366487017e-04
3.712706596260770546e-04
3.706158663403787503e-04
3.701081678284126944e-04
3.696259094586352989e-04
3.691365561273777076e-04
3.686799226135643892e-04
3.682410855388283536e-04
3.677652969719578079e-04
3.672604245410523278e-04
3.667704322109877979e-04
3.662344033250062637e-04
3.658359250458083009e-04
3.654535107531461696e-04
3.651008690210354006e-04
3.647128192709482293e-04
3.642960482113059969e-04
3.639123287194088248e-04
3.635633124891083897e-04
3.632403177336257852e-04
3.629328649613265223e-04
3.625907011500464796e-04
3.622789110802937312e-04
3.619993457318202898e-04
3.617041545186043105e-04
3.613825560063012115e-04
3.610715953397804299e-04
3.608034918502788023e-04
3.605347079510066565e-04
3.602914451680331296e-04
3.600416223584677303e-04
3.598136405178177727e-04
3.595524283101133580e-04
3.592886316235278195e-04
3.589398693742991810e-04
3.585729777977561560e-04
3.582764643255515694e-04
3.579873615783701500e-04
3.577035107554810004e-04
3.573955935995850024e-04
3.571313999826467825e-04
3.569295400016875958e-04
3.567181939007512043e-04
3.564901215444813451e-04
3.562443033719684153e-04
3.559303181439628502e-04
3.556561183430208056e-04
3.553883802057619949e-04
3.551285476244777934e-04
3.548721473285821682e-04
3.546350482187446526e-04
3.543913778723448127e-04
3.541442718771438208e-04
3.538669212878156655e-04
3.535859438000305975e-04
3.532926277604315872e-04
3.771328286346752197e-04
3.667477038207844265e-04
3.602055657494703271e-04
3.549635492903145911e-04
3.504408920014625336e-04
3.468902730176030261e-04
3.438059647772240181e-04
3.408505748839507372e-04
3.386695296583279316e-04
3.366228156667673815e-04
3.345445836874829369e-04
3.327608369090642184e-04
3.310393498774240567e-04
3.294470829787305138e-04
3.278660619900814789e-04
3.265442858624099248e-04
3.252441468907621728e-04
3.241055982763617620e-04
3.230390097835665435e-04
3.220793564387611739e-04
3.212704672796669650e-04
3.203926701392096048e-04
3.195994893379894546e-04
3.188431794725914885e-04
3.182404088200857105e-04
3.175846312750348912e-04
3.170026914798921560e-04
3.164798356085433951e-04
3.158330815536640056e-04
3.151967644895853609e-04
3.147353936034783840e-04
3.141292781600258429e-04
3.135705090444259636e-04
3.130781258866382989e-04
3.124826010206411273e-04
3.120432964166954090e-04
3.115452492485095131e-04
3.109548634102557311e-04
3.104637583970202858e-04
3.099582736885790591e-04
3.095532982833256743e-04
3.090522477125239227e-04
3.085572465906532180e-04
3.080454798512931498e-04
3.076274436828132413e-04
3.072702474467113999e-04
3.067648822556544980e-04
3.063275179097201656e-04
3.059327120035606269e-04
3.054873503902650993e-04
3.050170742361034133e-04
3.045348305435944787e-04
3.041274952087950423e-04
3.036498082991240504e-04
3.032232131907325713e-04
3.027862471058866806e-04
3.023435561686452114e-04
3.019484407785538640e-04
3.015066766467584770e-04
3.011318199982823836e-04
3.007795352172953299e-04
3.003669725130086988e-04
3.000532104428681505e-04
2.997150923432445276e-04
2.994014769054380754e-04
2.991056734543461938e-04
2.987876850315404555e-04
2.985050627937992562e-04
2.982124679975694192e-04
2.979185284627952689e-04
2.975652906178922336e-04
2.972015010334142231e-04
2.968705578675481858e-04
2.965225302162995407e-04
2.961675153776317511e-04
2.957749517568846256e-04
2.954222292265053901e-04
2.950499714186349039e-04
2.947181336052850584e-04
2.943001276628247538e-04
2.938744407625335799e-04
2.934692269620865811e-04
2.930330208854485877e-04
2.926335684084074070e-04
2.922226739539094125e-04
2.918345461655252253e-04
2.914504639332266434e-04
2.910580745419801365e-04
2.906657315352538236e-04
2.903258741236078842e-04
2.900155910048980365e-04
2.896609586166534116e-04
2.893034979117258790e-04
2.889319195937849931e-04
2.885530728155610760e-04
2.881890860241353536e-04
2.878020537162255662e-04
2.874514795513162827e-04
2.871448850532580315e-04
2.868482500666917753e-04
