1.571214089505465206e-01
4.004358390256165107e-02
1.643362945910432915e-02
1.051430389809872995e-02
5.875232840575866922e-03
3.923611760650249844e-03
2.922076186218405727e-03
2.460137769794011782e-03
2.096290538260312843e-03
1.676629925439967073e-03
1.344517178397463836e-03
1.190189916090062233e-03
1.015101338740945257e-03
8.649141483851431958e-04
7.393871388089386142e-04
6.492964622791173824e-04
6.232141353042957351e-04
5.736210593714667974e-04
5.443737575116409932e-04
5.048521878651142771e-04
4.718633458019366104e-04
4.376914050955381494e-04
4.140484965888487404e-04
3.786798778685176634e-04
3.512455026720144482e-04
3.190784698650798784e-04
2.821456593751637122e-04
2.772149968194409205e-04
2.725298922269013351e-04
2.669511785683580975e-04
2.270478651870022787e-04
2.052097120989958788e-04
2.008785055888622363e-04
1.977626609524515511e-04
1.932001616914654537e-04
1.899472474064236791e-04
1.874988525025733351e-04
1.851062704665332973e-04
1.832024571750226504e-04
1.815586569858069967e-04
1.786110851227288947e-04
1.746189204222584306e-04
1.691395501109293380e-04
1.651697232718754192e-04
1.615683662892264437e-04
1.584997527329567914e-04
1.544223025607001332e-04
1.511886701465937790e-04
1.486659888707253497e-04
1.468046553178727195e-04
1.454225201541185395e-04
1.442058005674485210e-04
1.432995223253725407e-04
1.420712787227710076e-04
1.400942954057422709e-04
1.388054673060041785e-04
1.360703302472405683e-04
1.330278535709397583e-04
1.292082831181086964e-04
1.264106831461317632e-04
1.250615222901119985e-04
1.239878222049025139e-04
1.234733782254118751e-04
1.218215614960892597e-04
1.203533680825496469e-04
1.199198847962309127e-04
1.192703789145980504e-04
1.187319366104661581e-04
1.180966955459447084e-04
1.172534092311009482e-04
1.165430385920516451e-04
1.160266041980669206e-04
1.154954418331949811e-04
1.147257553851177618e-04
1.135561152615298212e-04
1.127705885173188279e-04
1.108868177466143420e-04
1.093140436559052566e-04
1.088011274997733571e-04
1.079677947402891676e-04
1.073782793718725063e-04
1.068582115565203886e-04
1.014040860798706147e-04
9.781694505774274253e-05
9.697129945848812112e-05
9.654265868336314076e-05
9.586669652398512899e-05
9.529467095379909769e-05
9.504879507832903645e-05
9.421259630475751004e-05
9.292555326912611976e-05
9.218160963309295324e-05
9.146812549485789918e-05
9.122672070898479814e-05
9.038245845625467905e-05
8.920080344610063837e-05
8.870434528709875480e-05
8.830317966177459127e-05
8.771781865847836984e-05
8.723511152399411486e-05
8.675902894878213345e-05
8.611191548818283707e-05
8.552624492166734603e-05
8.476355563419464816e-05
8.426400334296467692e-05
8.390675027983755883e-05
8.368901486937618849e-05
8.330731778204021859e-05
8.301694334004506865e-05
8.262003749823266000e-05
8.232069105163512996e-05
8.128490563497943336e-05
8.051284565471668049e-05
7.916427318757164784e-05
7.820047454453213180e-05
7.792771775202539082e-05
7.742051507432000184e-05
7.701728749694625089e-05
7.687299046775916613e-05
7.662605660062073696e-05
7.641149790195913443e-05
7.601118263006292929e-05
7.562342634239121834e-05
7.492386786700447213e-05
7.420411416492649146e-05
7.410029024115740055e-05
7.298163412868792575e-05
7.233033175395872996e-05
7.217307487284573160e-05
7.172272666863633097e-05
7.130592848962942910e-05
7.098968502784139831e-05
7.073422004469323186e-05
7.062395486983096872e-05
7.052472752109451980e-05
7.041824650322213365e-05
7.015419913140924426e-05
6.994268626756827418e-05
6.966617255381331298e-05
6.937329895549767427e-05
6.915384427659528402e-05
6.897013586632070193e-05
6.855706928163876309e-05
6.816434206413806199e-05
6.748323904422902266e-05
6.691413500029443474e-05
6.681166959851912300e-05
6.648506301363220610e-05
6.625769657596926830e-05
6.614282289834742281e-05
6.603320527427126421e-05
6.595864426462393071e-05
6.539245339331376482e-05
6.484077154260782028e-05
6.390014293111977465e-05
6.300884161479317362e-05
6.273798243236475476e-05
6.263166410049645467e-05
6.254202144327421101e-05
6.237675840097257039e-05
6.220534367998813282e-05
6.213816702795130513e-05
6.186752188355896045e-05
6.157514828880233167e-05
6.137935851254785156e-05
6.116166024736609057e-05
6.106470189373818240e-05
6.097409120687843757e-05
6.088638475307861948e-05
6.076754218086677454e-05
6.062914480565461425e-05
6.053246201216276931e-05
6.043343228524631792e-05
6.034771885624857168e-05
6.020068289029765400e-05
6.006636543666292878e-05
5.996078106602365507e-05
5.986375099369245766e-05
5.976013589677909031e-05
5.964336668305184698e-05
5.957094076942935249e-05
5.949120476389071544e-05
5.941223958346295882e-05
5.935559183727903091e-05
5.896377125220491402e-05
5.860106494800739109e-05
5.849144336773117988e-05
5.837655809226882821e-05
5.780943609896505372e-05
5.729064544528433920e-05
5.715724497183239229e-05
5.707074174367368521e-05
5.692835175936535020e-05
5.682805021374854958e-05
5.674211890361746132e-05
5.667369640572502928e-05
5.661026492911495005e-05
5.652750011429997823e-05
5.647123407384592681e-05
5.631748951577958553e-05
5.617510296058456705e-05
5.606949193690957141e-05
5.596717526831771671e-05
5.585506361847709033e-05
5.574005764717305768e-05
5.542774421404483100e-05
5.520549372814379522e-05
5.506685976212252325e-05
5.491367760767403293e-05
5.485071185866806620e-05
5.477804235215315965e-05
5.469076206983770823e-05
5.463055375645962253e-05
5.455763368339597134e-05
5.446306946288649614e-05
5.436008892826473031e-05
5.427386081137138918e-05
5.419529971488668316e-05
5.410746319473072179e-05
5.402681207381631451e-05
5.396754435468770282e-05
5.390513351324573344e-05
5.378824620018018439e-05
5.367237749933238193e-05
5.352977575366208156e-05
5.342019292514075423e-05
5.325235173844582848e-05
5.304941566359753558e-05
5.288140588642524980e-05
5.273855473178862366e-05
5.264477590711601587e-05
5.257835410802061296e-05
5.253152997108554659e-05
5.231570542478731941e-05
5.189468236594035140e-05
5.181750370520932643e-05
5.172304014718701997e-05
5.165948465646230979e-05
5.160482342156739717e-05
5.155851147896966190e-05
5.150481022253152954e-05
5.145900577998351673e-05
5.141314431113958028e-05
5.137402253544778467e-05
5.131174496131205655e-05
5.124728036695797468e-05
5.086703273029504965e-05
5.053628417718199499e-05
5.033976535641211761e-05
5.018592258655492393e-05
5.012987432443996301e-05
5.007690210824780239e-05
5.003263858338325283e-05
4.996079226666656070e-05
4.991282175147737665e-05
4.975448788329941898e-05
4.958414840301030382e-05
4.954103520012226867e-05
4.948303263940960809e-05
4.943106905823538229e-05
4.936995809037885092e-05
4.932196594304807968e-05
4.928660563597353673e-05
4.919278215376470149e-05
4.911415566234284262e-05
4.906717593742058694e-05
4.901083472552016351e-05
4.897097689268688832e-05
4.892124338652181439e-05
4.888085294980337703e-05
4.882826867070658703e-05
4.878773591442165817e-05
4.860423574558438072e-05
4.842106821206907291e-05
4.828760585592106925e-05
4.816825204936155613e-05
4.807116593289138389e-05
4.799160339189336382e-05
4.793879009675674482e-05
4.790322527269899876e-05
4.775873817369708706e-05
4.762438610305889101e-05
4.755787638999957150e-05
4.748254818291323059e-05
4.743860459598776488e-05
4.739181112429362069e-05
4.734686424178332590e-05
4.731564338816619298e-05
4.728684772963488334e-05
4.723010261793816775e-05
4.717897958343306787e-05
4.711049340919738488e-05
4.704054217626709507e-05
4.699575860792583939e-05
4.695948317506142553e-05
4.684184672820516351e-05
4.664247149328277608e-05
4.654621312903714882e-05
4.645848211219707607e-05
4.641881110277443120e-05
4.635814052918537401e-05
4.632000973705065384e-05
4.620600702877822585e-05
4.610037931367547636e-05
4.602873149291886363e-05
4.596403779497693515e-05
4.594129312180606281e-05
4.588488363617993648e-05
4.583156681858106016e-05
4.577317917991247461e-05
4.571947361862408344e-05
4.566868952819627664e-05
4.560338471965561159e-05
4.556593945176726901e-05
4.551685638588324448e-05
4.548508152245412040e-05
4.545167984505506410e-05
4.540418769142074931e-05
4.535993179315096291e-05
4.532031572330645988e-05
4.515425508303203694e-05
4.499588654672933760e-05
4.488282965841365423e-05
4.478797031241194465e-05
4.472222388806007878e-05
4.464587223667563099e-05
4.461530458495711513e-05
4.458634060579198696e-05
4.454976633520600296e-05
4.451781430583975923e-05
4.447803762490798728e-05
4.444980012681704361e-05
4.437120325399997438e-05
4.429515269445917698e-05
4.418337989228374147e-05
4.411677939373623183e-05
4.383540864819289700e-05
4.357360372199817254e-05
4.353315737161076988e-05
4.346313515569791318e-05
4.340948615818825476e-05
4.328176627050221112e-05
4.320161608778653561e-05
4.317056308334844361e-05
4.312193457320902609e-05
4.308648510272995887e-05
4.298202920692630903e-05
4.290468164538727830e-05
4.284954637528572250e-05
4.279993417359222272e-05
4.274089250840741068e-05
4.269272382561813318e-05
4.258778545345123264e-05
4.243685502669358988e-05
4.239714670301821024e-05
4.235342729114071513e-05
4.233863079376041285e-05
4.211172756310553741e-05
4.177069131780110882e-05
4.173509445495774355e-05
4.170429490519613500e-05
4.164398983825056370e-05
4.158467812548190192e-05
4.156374095114107487e-05
4.154003179671956645e-05
4.151737244096567086e-05
4.149528784116182992e-05
4.146109319341305090e-05
4.140718711071380968e-05
4.135644568255696953e-05
4.132349549364046582e-05
4.127082766321339273e-05
4.123365924895357361e-05
4.119836497288235477e-05
4.116947950530561791e-05
4.114460976473938370e-05
4.112017783284171340e-05
4.110728652637285024e-05
4.107037434034805805e-05
4.102039868147263854e-05
4.099170976334831520e-05
4.097654589916724870e-05
4.079343058802897126e-05
4.062734320792980451e-05
4.059432509518103840e-05
4.055777792773536346e-05
4.051938050151115457e-05
4.047045569608429173e-05
4.043151493636268075e-05
4.039534887991773490e-05
4.036950124428549772e-05
4.034757222435658795e-05
4.031267218750350380e-05
4.027999452895775478e-05
4.024608670962732607e-05
4.021585909348808702e-05
4.017931701917708666e-05
4.013182589405590942e-05
4.005479584323741406e-05
3.997715267021373809e-05
3.994986818705528758e-05
3.992514607814654903e-05
3.983945787262551855e-05
3.975987264251365933e-05
3.971580529462276241e-05
3.966972009607839703e-05
3.964953107568093549e-05
3.961960082021993222e-05
3.959255516067302375e-05
3.955719124083796552e-05
3.952352019597924968e-05
3.950393089614808671e-05
3.944605202034902840e-05
3.938513273465391241e-05
3.935233821946687013e-05
3.932512568462383489e-05
3.928197242191348518e-05
3.925093754985637263e-05
3.922712136494072331e-05
3.917286269670056570e-05
3.914365005040142755e-05
3.910496926581738487e-05
3.905958056878340996e-05
3.901989245387049596e-05
3.896328726014722119e-05
3.893186378038835890e-05
3.890381489812926458e-05
3.882527468037399510e-05
3.873868829161393094e-05
3.871042854223145257e-05
3.867250681488231001e-05
3.865535908390673521e-05
3.864026088823835635e-05
3.862333269573462884e-05
3.859814043881512369e-05
3.857856341797521359e-05
3.854245230924439820e-05
3.851176127551197352e-05
3.849427749177381609e-05
3.847950332843961180e-05
3.846121902446969319e-05
3.842185859719030391e-05
3.839024639723169583e-05
3.833355759620580780e-05
3.827525831599357705e-05
3.825782315458327684e-05
3.821664636283755590e-05
3.818038687250236698e-05
3.815359225718895552e-05
3.811458671335043753e-05
3.809420663281753056e-05
3.804939893245097159e-05
3.800642990926933191e-05
3.796227721299243613e-05
3.792258109731813924e-05
3.790189086306443127e-05
3.787147800418547237e-05
3.784429422820460436e-05
3.780597651552934885e-05
3.777322536484246869e-05
3.773834121998362095e-05
3.769593383332744897e-05
3.768245026304732219e-05
3.761207481912791519e-05
3.753971986047349095e-05
3.750146493107946096e-05
3.745959452348845867e-05
3.744386923422510569e-05
3.741807085154807809e-05
3.739663913080546208e-05
3.737394114741665553e-05
3.734193370850078935e-05
3.729818024959962353e-05
3.723375678177995708e-05
3.699672032444916613e-05
3.676446431738668595e-05
3.671689516641644837e-05
3.667732353653653201e-05
3.662520665053572272e-05
3.659655540128887709e-05
3.657292415885491954e-05
3.655244203689600381e-05
3.653573860753810885e-05
3.651881144401623305e-05
3.649608726642648409e-05
3.646970667428028347e-05
3.644815630855054915e-05
3.642946528322020262e-05
3.633555304184033386e-05
3.620541529421658763e-05
3.616496170312712849e-05
3.613036019778118296e-05
3.611840462131894877e-05
3.609426821541412262e-05
3.607085949378246618e-05
3.606201946097046802e-05
3.603801916061327091e-05
3.600582958803425935e-05
3.594131260948253052e-05
3.587510163601549245e-05
