9.791222434759563331e-01
7.907563117621637661e-01
4.527611882987057634e-01
2.623627374275053215e-01
1.705133820017975532e-01
1.372865507868802348e-01
1.163364548678671451e-01
1.006743144896258130e-01
7.491049427617009482e-02
5.924317209755672331e-02
4.650386313808105299e-02
3.702314530547954480e-02
3.124028706723801577e-02
2.529088402408362704e-02
2.120031526411330497e-02
1.882636853034620056e-02
1.674712625909866026e-02
1.511531755038855729e-02
1.371125549402915644e-02
1.200659717329389045e-02
1.086802628406686143e-02
9.784619590337126013e-03
8.931676103675347325e-03
7.662204249352569559e-03
6.905099997208123848e-03
6.502766556559800085e-03
6.081591131907993115e-03
5.873627281455947279e-03
4.730307758031597996e-03
4.217958179633271749e-03
4.005999373552080432e-03
3.773052156148178418e-03
3.638323423867508965e-03
3.487727843116550461e-03
3.350841880382475057e-03
3.250103617300296663e-03
3.152969427209353220e-03
3.053300218874570489e-03
2.910287216067084480e-03
2.786506536746551511e-03
2.713181127770306761e-03
2.608211013296491115e-03
2.496767618712000467e-03
2.418995499646441148e-03
2.320664805568264065e-03
2.224921038209023115e-03
2.174835033674864509e-03
2.113929410743442799e-03
1.964232306826596899e-03
1.839234465275361996e-03
1.695718567786758937e-03
1.533863979090256463e-03
1.419975407685727161e-03
1.296570970531358983e-03
1.254798897958452281e-03
1.215904432103970300e-03
1.198595553766341158e-03
1.179947703029627553e-03
1.161894976034106306e-03
1.146546563031993014e-03
1.125993411327278057e-03
1.100737643866567771e-03
1.070158698099683836e-03
1.046231602409587172e-03
1.025494891993784666e-03
1.007123043814488455e-03
9.884538420522779797e-04
9.727892092192239222e-04
9.233996644673588342e-04
8.748068100631560930e-04
8.573651935747081442e-04
8.370330392233333965e-04
7.988474289294916330e-04
7.607806381812202891e-04
7.307383546899668325e-04
7.010327714724505716e-04
6.836515666329623028e-04
6.699071372985965049e-04
6.617354489323566680e-04
6.547356599816873957e-04
6.440417796667700923e-04
6.360935742233542059e-04
5.925478273012168076e-04
5.585506641030085848e-04
5.493309218661715076e-04
5.383140916571653879e-04
5.288164449696417403e-04
5.221382370229080356e-04
5.174501196811823103e-04
5.133562612968657320e-04
5.074331235149565685e-04
5.023314096780457857e-04
4.994637622920405917e-04
4.878263266239795054e-04
4.787478926185660460e-04
4.724746690417771285e-04
4.657692927732886234e-04
4.596424412903767054e-04
4.538154956723030524e-04
4.481498823246080781e-04
4.429714710044512188e-04
4.367295410795735740e-04
4.309231856514563874e-04
4.267431739619430937e-04
4.218607513183593363e-04
4.172274054181295097e-04
4.107064474111156373e-04
4.059961240230448658e-04
3.992842857032354508e-04
3.914020185410889158e-04
3.883730735950516192e-04
3.853075712596649408e-04
3.822230501758730622e-04
3.779892622413880718e-04
3.753160084360652104e-04
3.726403592876532684e-04
3.700197937238531047e-04
3.680260270333486259e-04
3.662856151386669943e-04
3.535522112992328094e-04
3.439834395596101354e-04
3.421720300571555115e-04
3.403871285928178640e-04
3.389830115237185606e-04
3.370811399285992323e-04
3.347743573547036933e-04
3.334197964559002013e-04
3.321911981578559193e-04
3.310417208680379144e-04
3.287789179859921282e-04
3.264376897193908725e-04
3.239674969421291943e-04
3.219270843195038627e-04
3.200060089381743232e-04
3.178555913788891352e-04
3.159023306780508718e-04
3.138641637372103295e-04
3.122985569775410444e-04
3.107961266817317928e-04
3.087322055094013102e-04
3.056884101222553073e-04
3.025559086127220954e-04
2.998498234180456976e-04
2.978843453629451609e-04
2.958371073022626361e-04
2.941236033747818084e-04
2.926102015859190783e-04
2.906902403753317508e-04
2.887611731343439473e-04
2.858571911745594026e-04
2.831991745888497083e-04
2.817141997925634816e-04
2.802136764036271418e-04
2.784510934601412452e-04
2.768134425963241678e-04
2.749871343354478507e-04
2.728482178951082207e-04
2.716747122446652794e-04
2.705400598855908388e-04
2.693782562726087875e-04
2.682101000308731876e-04
2.663414412671914777e-04
2.645324240245147131e-04
2.635533037496604362e-04
2.626273904995682601e-04
2.612645418072604992e-04
2.600587845035491684e-04
2.591163675932683691e-04
2.580541708193731520e-04
2.570913412393469825e-04
2.557323634172493075e-04
2.541068153004912185e-04
2.530464352543692111e-04
2.513819924558184930e-04
2.486497069669086095e-04
2.466379457925245563e-04
2.451004594679064247e-04
2.437606988442831530e-04
2.411293850255751448e-04
2.382204746626964968e-04
2.372754948872126519e-04
2.361796408553230896e-04
2.349383327362999853e-04
2.337956657501180863e-04
2.324483641147869135e-04
2.312260345725266838e-04
2.301456684590941345e-04
2.289493534547267699e-04
2.281687518600726832e-04
2.271974015138888958e-04
2.263359864340163730e-04
2.255722821593855113e-04
2.245402254347294115e-04
2.236020776747959485e-04
2.225014769738933276e-04
2.214660099848531104e-04
2.206409626740160796e-04
2.197717745932353448e-04
2.190635783514945437e-04
2.180708244244872326e-04
2.173349126560332565e-04
2.161368528826230790e-04
2.152787589526603559e-04
2.143190369857871059e-04
2.135145636912269855e-04
2.127039466275941959e-04
2.112593835921592483e-04
2.088115064917520124e-04
2.065545122050632090e-04
2.043989842961126103e-04
2.025777185010116800e-04
2.012663279323814388e-04
1.997961599023046365e-04
1.985305192288301906e-04
1.965957742160633136e-04
1.954095314250153337e-04
1.944371904106106952e-04
1.930405190661058611e-04
1.917301770636547630e-04
1.905646559300818972e-04
1.894731712944525874e-04
1.886758107558343678e-04
1.877937631785987500e-04
1.871831400038279753e-04
1.864367058380737277e-04
1.857645384754238018e-04
1.851463501710668856e-04
1.844855738434515637e-04
1.839351734010143385e-04
1.829712615184908976e-04
1.821092897701562891e-04
1.814161157370728652e-04
1.807249186696906933e-04
1.800746441056853028e-04
1.795995430692938391e-04
1.787902829531251103e-04
1.781792158982065555e-04
1.773226136513045151e-04
1.765421728305544653e-04
1.758065585313745829e-04
1.750574361779812943e-04
1.743854299697130371e-04
1.736383997925694046e-04
1.728281584347732280e-04
1.720543269780808583e-04
1.712827941146353821e-04
1.705131088820208433e-04
1.697786525588260804e-04
1.690995692491884786e-04
1.684842670559232145e-04
1.677524314930088200e-04
1.673115165383641761e-04
1.668639520626636285e-04
1.664848841166929427e-04
1.653078150891914351e-04
1.641651544589027513e-04
1.637138761285537761e-04
1.626087485038063389e-04
1.617711035995342858e-04
1.610875261147141837e-04
1.599574129468394159e-04
1.595117070314249819e-04
1.588746992927659294e-04
1.583812186015055769e-04
1.579078723950625665e-04
1.574907399241180545e-04
1.570542529745716878e-04
1.566242984936250368e-04
1.562055314509046592e-04
1.557159007779450278e-04
1.551346468159826874e-04
1.547233317452044975e-04
1.543291659034541207e-04
1.538836711187348077e-04
1.535225118336145929e-04
1.531040160235179785e-04
1.526771818427985386e-04
1.519469189998461100e-04
1.512565856907665868e-04
1.507420131892777012e-04
1.502443451722432796e-04
1.492946302365524098e-04
1.484019999193732036e-04
1.471418177059017620e-04
1.459344290810161223e-04
1.449684388124123898e-04
1.439497116004032637e-04
1.430393869515167514e-04
1.422411654100693584e-04
1.410083446290955815e-04
1.395580705093027907e-04
1.383039178208653912e-04
1.370101835215497817e-04
1.361643069193796201e-04
1.354491643575241424e-04
1.350124608491072489e-04
1.345386114644237094e-04
1.336933114060516838e-04
1.327544988787464017e-04
1.323532592949206972e-04
1.319616929679568265e-04
1.316210013624114915e-04
1.312909900646281258e-04
1.299125037955605659e-04
1.280674445167731274e-04
1.268596121888668194e-04
1.256008474462173570e-04
1.246383526491890879e-04
1.236559047522691921e-04
1.232319460147323568e-04
1.228431839181044630e-04
1.224203768193259968e-04
1.220093298196966498e-04
1.217747333180278053e-04
1.215070780750145802e-04
1.212832192266341308e-04
1.210011268816882097e-04
1.207228619961940423e-04
1.204539298681330748e-04
1.201389756253431622e-04
1.198628338275258096e-04
1.195543616508352834e-04
1.192663506421724219e-04
1.189953295979730277e-04
1.187388676395370401e-04
1.185109467938119866e-04
1.179095576525333752e-04
1.171578409135728006e-04
1.154997473912095223e-04
1.140508013295495575e-04
1.133193622105599298e-04
1.127615705258419967e-04
1.119835253543841969e-04
1.111208770677752657e-04
1.096451309270651131e-04
1.084512244323337970e-04
1.082748721233439476e-04
1.078525559708819865e-04
1.075144227544493005e-04
1.072355989670409224e-04
1.069614648751211804e-04
1.067466004933467359e-04
1.065281224228342607e-04
1.062379635263642648e-04
1.059592270385706760e-04
1.053899031651525870e-04
1.047313785153336708e-04
1.042203298285958741e-04
1.034165537065106285e-04
1.028684192626646031e-04
1.022978927447177098e-04
1.001937142097393313e-04
9.820662464935050226e-05
9.781107022667301723e-05
9.740644745566778254e-05
9.686321163608421097e-05
9.638490029121090242e-05
9.596810610957452325e-05
9.552581429140422076e-05
9.536248302132217130e-05
9.517209716270372114e-05
9.496994172906481101e-05
9.462867660939713410e-05
9.425105430080777660e-05
9.397551164069050202e-05
9.371046936759197565e-05
9.340762646857155309e-05
9.313398799775709765e-05
9.289458749496377833e-05
9.249984534362125778e-05
9.232650853189355280e-05
9.220085130773112813e-05
9.172963155904825198e-05
9.133749469452221326e-05
9.100829267665491826e-05
9.062590340743858618e-05
9.044699961470486138e-05
9.027903511714475472e-05
9.004830586366089869e-05
8.986037547037032747e-05
8.943859371282963868e-05
8.905707191837495336e-05
8.887360085742849688e-05
8.868368546830679487e-05
8.810227514244112961e-05
8.772570138574542671e-05
8.750122386030736771e-05
8.727981640646065330e-05
8.701925596462288472e-05
8.680342005884533491e-05
8.430614749319287294e-05
8.113840035443023934e-05
8.093979520290624122e-05
8.075469365335332295e-05
8.052496630039697467e-05
8.030537389384658604e-05
8.014836803926824317e-05
8.000175509550780362e-05
7.941584804323441576e-05
7.886174136315991074e-05
7.863899953087643028e-05
7.841557936815157217e-05
7.828384791138409964e-05
7.813436005018238476e-05
7.803305793984122824e-05
7.795810882932761757e-05
7.775309772452236178e-05
7.752788106499681727e-05
7.742379812535315478e-05
7.730164134093126015e-05
7.644270124749359652e-05
7.531093702216669513e-05
7.492353587659612260e-05
7.450245337745607394e-05
7.401720748620614697e-05
7.352503290537128352e-05
7.324191066113628810e-05
7.297496955364648444e-05
7.290549052065655778e-05
7.281506738983871798e-05
7.271090582360994082e-05
7.261987478739470722e-05
7.250603726376824299e-05
7.229104759831686533e-05
7.201137052712390150e-05
7.051855482249559561e-05
6.907910106485827171e-05
6.861472241038608639e-05
6.825809047427729018e-05
6.804526857242907008e-05
6.787836488318204882e-05
6.766292147202183200e-05
6.749396368035541667e-05
6.740351838264261610e-05
6.729743996732737090e-05
6.722337025740270317e-05
6.715894686065622963e-05
6.705974418375832747e-05
6.698756226033312827e-05
6.691681614992625452e-05
6.684251226729680001e-05
6.674243992950362563e-05
6.663655299367381895e-05
6.651290383502329363e-05
6.639505378228348082e-05
6.632871809622852303e-05
6.623650465303819695e-05
6.616886088485726442e-05
6.609891520043871148e-05
6.602198739886848931e-05
6.593025500199757290e-05
6.582670220294190109e-05
6.568796268241551052e-05
6.560530032792670507e-05
6.553883603786046373e-05
6.543711323122528966e-05
6.532252683659020456e-05
6.525442133808412814e-05
6.508970046103949912e-05
6.493005721862631129e-05
6.484187007940275696e-05
6.473076976356641774e-05
6.466619767567180499e-05
6.461058475888824975e-05
6.456310468380437506e-05
6.451190145463961932e-05
6.440471559564087795e-05
6.428338661287330146e-05
6.407356046781894612e-05
6.385841327516925158e-05
6.366716510378506676e-05
6.350479153805395360e-05
6.338833958760449331e-05
6.326784745600786417e-05
6.309124679404270412e-05
6.291922155152938597e-05
6.267856712154373539e-05
6.245310380300675131e-05
6.212240978821013233e-05
6.184008383808174485e-05
6.140732467222667493e-05
6.102524947844153275e-05
6.079074599847115947e-05
6.052614834164914115e-05
6.047024864930724826e-05
6.038411102874240307e-05
6.031421844896550589e-05
6.024383468253738752e-05
6.016934510785892898e-05
6.010711607483360886e-05
6.004380891686211764e-05
5.999415689397764970e-05
5.994380948049631041e-05
5.989938233600447379e-05
5.984980441608344959e-05
5.980477648560634824e-05
5.975218279990194463e-05
5.969867200930482795e-05
5.964804053829525022e-05
5.959115531669331652e-05
