9.603533082378629127e-02
4.569754072456599925e-02
2.894430294581074731e-02
2.091231800130450777e-02
1.662702854400835775e-02
1.506718059773874512e-02
1.233844064937010369e-02
1.034278722719215657e-02
8.988129844192824236e-03
7.803381831826115660e-03
7.043794950433352603e-03
6.282259316770968938e-03
5.627469176804109942e-03
5.135856146806889837e-03
4.738198016281365901e-03
4.552490680899463731e-03
4.229323856373957968e-03
4.006553457646537357e-03
3.728513883028726668e-03
3.421778372618766891e-03
3.301999225761291078e-03
3.093897344730410417e-03
2.935109209440821439e-03
2.808419009643988232e-03
2.690470209273937083e-03
2.585066264042520066e-03
2.477473124531985420e-03
2.367394061250353843e-03
2.261106120891704773e-03
2.164689098465007872e-03
2.118685286516327083e-03
2.025243392657766466e-03
1.949310621324759542e-03
1.876091864956228907e-03
1.810095855614584238e-03
1.785548684122618230e-03
1.720939620861661884e-03
1.672684833292109596e-03
1.621603965707907194e-03
1.581401720009814214e-03
1.575106513874052414e-03
1.538204001626281838e-03
1.500470802045881374e-03
1.467743920899210706e-03
1.439697623805896243e-03
1.414936486687258087e-03
1.382211213628063966e-03
1.350910015209421050e-03
1.320161341476476253e-03
1.296160405643399273e-03
1.270568830771283061e-03
1.249196012182830860e-03
1.224913411817611696e-03
1.203475278553534913e-03
1.180105594759497164e-03
1.155438484915862407e-03
1.136994600168400550e-03
1.119267332693156623e-03
1.101723838598731020e-03
1.082430711867625505e-03
1.064087422123740929e-03
1.046935570044334792e-03
1.029655899648623807e-03
1.011165645431320219e-03
9.946996879544429092e-04
9.784205801762085354e-04
9.621826195970145483e-04
9.457877248795823737e-04
9.308848560618197257e-04
9.169808333932478236e-04
9.046006585759103647e-04
8.920622286668598595e-04
8.783419011121490223e-04
8.651644568672573225e-04
8.533114718249321410e-04
8.403025793825151827e-04
8.295662704774403639e-04
8.187280127328139473e-04
8.082501895758546296e-04
7.973242546751341427e-04
7.883656545038115722e-04
7.790407825806051857e-04
7.699040941167410593e-04
7.598449474126033098e-04
7.505633647054994056e-04
7.426118593902059258e-04
7.342577757014270151e-04
7.256613924325935319e-04
7.189693892904388270e-04
7.128322917223255985e-04
7.061847020261111801e-04
6.989230452483285788e-04
6.932890242816035654e-04
6.873315829617594958e-04
6.809930041838665408e-04
6.749599982802447504e-04
6.693186367917557372e-04
6.640386306334891556e-04
6.598580142569577395e-04
6.562037022890583474e-04
1.186672019860781149e-03
8.468493022400386564e-04
6.829904162936546773e-04
5.951446148936808192e-04
5.472809987852126625e-04
5.101786781345357420e-04
4.795025473856283924e-04
4.540202932943150703e-04
4.321572745989352951e-04
4.114795488226103185e-04
3.968368267182356105e-04
3.801295987171377086e-04
3.666436639158215092e-04
3.539695595774822634e-04
3.404696231113738957e-04
3.316698036846825915e-04
3.233008962409090136e-04
3.138469986286774758e-04
3.054058295072745221e-04
2.971949297644019446e-04
2.891811153086120052e-04
2.815740360013833368e-04
2.745579371525336699e-04
2.672288582171791771e-04
2.607990396073470597e-04
2.549336470402951971e-04
2.492212794636617843e-04
2.436158353233317496e-04
2.388590329864758669e-04
2.338130904290698642e-04
2.302031010228517099e-04
2.257169460806636723e-04
2.222696506937445009e-04
2.188913493165215384e-04
2.154976572550489024e-04
2.119362978738936808e-04
2.084534091433163858e-04
2.052705102771245011e-04
2.018131553742198519e-04
1.986406041152438684e-04
1.952830629041939052e-04
1.921938321188691246e-04
1.892481199563442163e-04
1.866412680796008942e-04
1.842881630542595286e-04
1.822844472322959612e-04
1.803604728274133321e-04
1.782209699754375739e-04
1.762096926221393904e-04
1.743315725229545635e-04
1.722747660591635434e-04
1.700125921143484219e-04
1.679825694233651548e-04
1.660646433135754257e-04
1.640184742858206740e-04
1.619489030375961456e-04
1.600198896039480565e-04
1.582224251518811659e-04
1.565755183237781557e-04
1.550456021909152196e-04
1.535634062972403248e-04
1.520771200284384427e-04
1.503659110335979683e-04
1.488426827753711761e-04
1.475660297135849349e-04
1.461430312096280350e-04
1.446950516021882033e-04
1.431985989369974170e-04
1.418252321729914628e-04
1.405371335785010568e-04
1.391809325059333708e-04
1.380311482495911719e-04
1.367432606501270127e-04
1.355507956306738269e-04
1.343799750693862988e-04
1.333437554877033623e-04
1.323643923654708923e-04
1.312924860048974348e-04
1.304198582359227855e-04
1.293716191357357137e-04
1.283398935837419053e-04
1.274428384634986272e-04
1.266139239851078019e-04
1.256415840778785228e-04
1.248350301702882850e-04
1.240292248374103555e-04
1.232332190244641104e-04
1.224189697056925945e-04
1.215583506099122822e-04
1.206254001042125561e-04
1.196923675637213405e-04
1.188421641147953736e-04
1.180457372428151081e-04
1.170858839852837574e-04
1.163025077598922363e-04
1.155948162265669582e-04
1.147178609630304896e-04
1.139069527490904946e-04
1.131223225881260983e-04
1.123314085602778866e-04
1.144547005622489335e-03
5.909616422870681311e-04
4.179014224890835764e-04
3.271020984121759912e-04
2.685303524065793469e-04
2.461938193619772120e-04
2.114463808870470352e-04
1.887291541422420765e-04
1.671257459973173422e-04
1.506780576721598365e-04
1.381721571623519983e-04
1.288316955465790596e-04
1.213843473068725265e-04
1.147612304893697992e-04
1.084524479578764518e-04
1.035110225189938367e-04
9.878049773096951711e-05
9.466713799330069880e-05
9.058973248730451766e-05
8.718288365507941332e-05
8.413927300315112053e-05
8.146369940722536149e-05
7.872987710914252995e-05
7.611413921412388153e-05
7.393928640174992956e-05
7.200674929695807271e-05
7.026074916408308604e-05
6.845226032464866615e-05
6.680905539342787177e-05
6.529961642236814545e-05
6.389770887088679606e-05
6.260285101365049420e-05
6.131430045698080407e-05
6.010634690253069840e-05
5.896680634063544056e-05
5.793504852918368955e-05
5.686060968668839094e-05
5.559087474557451296e-05
5.460039164104011332e-05
5.368148269362494842e-05
5.276213385317345280e-05
5.184871999567945960e-05
5.100597774236406576e-05
5.025401369412251337e-05
4.948348311253194723e-05
4.876729936026600985e-05
4.802047066100851669e-05
4.717816139619075878e-05
4.644236874180935124e-05
4.578578528441866469e-05
4.506718326578190459e-05
4.444817412673226451e-05
4.382352255444562749e-05
4.318478733544996146e-05
4.256773432479225139e-05
4.204176727160697358e-05
4.150890910985213957e-05
4.102458192911965715e-05
4.054534736574393565e-05
4.009241513608218242e-05
3.962956388736532529e-05
3.920117784547900476e-05
3.876002630168596912e-05
3.835100094001562236e-05
3.793875478217349068e-05
3.750785136404539570e-05
3.708700498437943801e-05
3.669643394367449389e-05
3.626397975519169196e-05
3.589763395083298968e-05
3.552517311327461333e-05
3.516000372871391370e-05
3.482407230517453351e-05
3.443542523081373447e-05
3.410109983811213357e-05
3.376526421650285624e-05
3.339851259662989099e-05
3.307400626228945625e-05
3.275612240933486850e-05
3.238969030584125446e-05
3.205842690353752822e-05
3.175863137028470427e-05
3.147634465433056229e-05
3.116915813375596689e-05
3.085470460536933013e-05
3.056571351066814080e-05
3.030424898160987560e-05
2.999091802021193104e-05
2.970187062429719964e-05
2.943279556502644307e-05
2.915299058585160805e-05
2.886816943241642266e-05
2.861716602720121766e-05
2.837931850766206872e-05
2.813407903786547095e-05
2.785695648913305732e-05
2.761619721600826538e-05
2.736850628885250620e-05
2.710594037370082636e-05
2.688969480463285772e-05
1.216847601519963464e-03
5.773216845625640760e-04
3.792680358214945216e-04
2.840430458438919330e-04
2.239870358201621122e-04
1.919080866822240000e-04
1.630209242897039318e-04
1.402013068404944275e-04
1.235667411212124436e-04
1.101342329088718895e-04
9.834048558313862338e-05
8.833382470325538960e-05
7.950398579296204552e-05
7.347919022228827134e-05
6.760750022820949986e-05
6.234326477788037591e-05
5.727232286382602326e-05
5.341027997413687675e-05
5.011813330683218356e-05
4.692938381907692144e-05
4.424683391505835456e-05
4.189326519304471602e-05
3.959149892416114147e-05
3.736712633603489849e-05
3.550824928092111360e-05
3.376018257380096211e-05
3.231487426873949853e-05
3.086626709706459130e-05
2.963243640800756080e-05
2.834678958390587995e-05
2.718277843667065457e-05
2.617607732781204583e-05
2.519779411010964628e-05
2.426158413688982588e-05
2.329873423767342741e-05
2.251892044021496945e-05
2.173170972933734850e-05
2.106036143168124356e-05
2.038780455538230448e-05
1.973986664485537560e-05
1.912951476710881437e-05
1.843259271933986930e-05
1.788489852304724612e-05
1.734577359850032643e-05
1.684430053320047486e-05
1.634162180107625684e-05
1.588901488095911872e-05
1.543160731749721761e-05
1.502010975258718462e-05
1.458639664320687468e-05
1.414175400596238505e-05
1.374018614619301901e-05
1.334789766685705878e-05
1.296357022290654595e-05
1.265073594762754036e-05
1.231049773378218776e-05
1.199780103440613776e-05
1.167011528759030102e-05
1.138923750227646227e-05
1.113644851752368016e-05
1.083057772264191162e-05
1.054282892671830871e-05
1.029015987123522272e-05
1.003607765504070446e-05
9.808548684286985117e-06
9.585259880232031645e-06
9.389303636441322055e-06
9.190473511968071075e-06
8.950913682941467387e-06
8.733674486585696079e-06
8.541812403978308121e-06
8.322378710239396280e-06
8.150493920927571494e-06
7.949316658137751626e-06
7.783522131739716433e-06
7.616416598781177729e-06
7.476076925782529193e-06
7.329379246415124886e-06
7.179969725204130757e-06
7.024078328228504460e-06
6.892766938872750161e-06
6.766251737955081810e-06
6.638803755430086946e-06
6.518649257738855828e-06
6.416459528172946380e-06
6.309959010241798160e-06
6.204027789475194934e-06
6.082365483281269819e-06
5.967609339289812684e-06
5.866709584764054339e-06
5.764085354395174356e-06
5.669770190889694590e-06
5.570383424831319713e-06
5.484725982436294596e-06
5.403502481817751884e-06
5.331537365268830918e-06
5.249693657778268349e-06
5.161181757589654811e-06
5.069132624388347731e-06
4.986144167574294500e-06
1.409538438854243203e-03
6.579377131655763300e-04
4.435704497407264957e-04
3.299173943815465640e-04
2.567628252514994125e-04
2.433762944209944294e-04
2.062808437830789270e-04
1.829742633786764802e-04
1.656520417187831511e-04
1.496213601439395555e-04
1.361585638792956257e-04
1.216303177775986274e-04
1.087821270795594030e-04
9.823498163766723821e-05
8.993783485838930541e-05
8.411230210998284717e-05
7.960618891392162537e-05
7.520240445161923901e-05
7.038801872989193650e-05
6.677158833105580386e-05
6.400712024945447642e-05
6.129323440325238021e-05
5.825375957363598974e-05
5.536171598720782990e-05
5.335445614166694329e-05
5.116603977929883045e-05
4.915007544089301626e-05
4.676291677383209863e-05
4.486119196684980857e-05
4.349047017407373187e-05
4.213564366362880753e-05
4.011100468188108590e-05
3.845573908812038671e-05
3.696538510799664908e-05
3.538911139739312351e-05
3.414859659626697571e-05
3.307588722459791188e-05
3.163240553765954964e-05
3.053368827954164446e-05
2.938243057841382627e-05
2.834641625850870309e-05
2.730997167199294675e-05
2.612038326437850016e-05
2.484994378227238767e-05
2.426288501685292331e-05
2.341227661533455584e-05
2.281931102597274435e-05
2.203813322030718643e-05
2.148726079786823849e-05
2.095162402589115794e-05
2.041154813685996234e-05
1.995149150036932371e-05
1.936952387075736200e-05
1.870670024449004796e-05
1.811031140948593036e-05
1.779660640926580641e-05
1.727270236602178837e-05
1.667550321499188136e-05
1.618384740079399932e-05
1.580410884478389375e-05
1.537158478897018032e-05
1.496640143994179667e-05
1.452484486234084578e-05
1.399347311665480754e-05
1.374612746668226290e-05
1.342710690840661204e-05
1.304167228550614724e-05
1.279884594430606516e-05
1.259262876227264241e-05
1.233944140201662558e-05
1.206282569660284264e-05
1.180150251370700285e-05
1.152769216036924380e-05
1.129448620578905001e-05
1.108571629658666544e-05
1.083598742545766176e-05
1.055059321853725606e-05
1.028660607332016174e-05
1.012138669179457735e-05
9.757747628651231283e-06
9.474605748362503827e-06
9.165871939655702337e-06
9.000318252296762831e-06
8.707393372724217347e-06
8.484954184564442325e-06
8.315626604853552559e-06
8.194192729022262172e-06
8.006504616823799822e-06
7.859153509107347753e-06
7.683673248539597426e-06
7.517684827079501826e-06
7.364972810510639790e-06
7.258613469151344349e-06
7.162639531649481332e-06
7.051243625749578097e-06
6.936274074871976963e-06
6.768671596851705154e-06
6.622168833428086018e-06
6.496249704349442216e-06
6.340391901526924426e-06
