4.338626903278625657e-01
3.430415417425036195e-01
3.027730990923832022e-01
2.743685419856112806e-01
2.371740469873614143e-01
1.854321944351502716e-01
1.362294027068332025e-01
9.173313171780053676e-02
6.588065749948052163e-02
5.190131672511583832e-02
5.849699693703656195e-02
4.705788913484516139e-02
3.941690397358874748e-02
3.373205652162613449e-02
3.006331904653151282e-02
3.064220894703624867e-02
2.722699200358382962e-02
2.472035180739326141e-02
2.288234710445811657e-02
2.138734426721208490e-02
2.134912887584283422e-02
1.957371929814637895e-02
1.846648707507947060e-02
1.746023641055161751e-02
1.638810903812894931e-02
1.667971437740901897e-02
1.567679643060787206e-02
1.504340700775701548e-02
1.439061777464197174e-02
1.384378706329546238e-02
1.415856444533626288e-02
1.362330824774973283e-02
1.325170940433802180e-02
1.283786943242671424e-02
1.228860421782188538e-02
1.221335891931044082e-02
1.175204857457350441e-02
1.153922171653118736e-02
1.129002146489128770e-02
1.099532124847403015e-02
1.100558455375647698e-02
1.057444497368908477e-02
1.015169550961862038e-02
9.812512235564589333e-03
9.523043028655850395e-03
9.729048638402959526e-03
9.355942506161863195e-03
9.135993271540429270e-03
8.982545408363825160e-03
8.823894450763926714e-03
8.650918116064084187e-03
8.474936686925161472e-03
8.271943154721081784e-03
8.091501641603139616e-03
7.913255778245099556e-03
7.747874994244809826e-03
7.563375815822086755e-03
7.416431473201632631e-03
7.273755101293354584e-03
7.130762401360565134e-03
6.996626696557786858e-03
6.836052057469426367e-03
6.694088898284212587e-03
6.556218005460043817e-03
6.409357865227434045e-03
6.288517144965174825e-03
6.150683242754928677e-03
6.038387111087376372e-03
5.934510126276703115e-03
5.845145926395190102e-03
5.754670562539278104e-03
5.656606380700249757e-03
5.567819670960915193e-03
5.492707475066875913e-03
5.408865400904313767e-03
5.318734351429784020e-03
5.250627461264976634e-03
5.176993032475773332e-03
5.090227367031205027e-03
5.013752382697096895e-03
4.940254366554096797e-03
4.869708949427819719e-03
4.807249176322388531e-03
4.745757800516483584e-03
4.695283542873250442e-03
4.641346979710494342e-03
4.580269704848365965e-03
4.519269678171170500e-03
4.467362212638988778e-03
4.404434244674789584e-03
4.343632443269090752e-03
4.291255145343350098e-03
4.237859680267674727e-03
4.187496166363646570e-03
4.134622372970210395e-03
4.077105332759844991e-03
4.033378306664265819e-03
3.993293116469297070e-03
3.955060255769734211e-03
3.921491621405524299e-03
3.349562688659868392e-02
1.864935090706309334e-02
1.334868407304909237e-02
1.051705141210117211e-02
8.794605550997432186e-03
1.091190254308700182e-02
8.446007178959389142e-03
7.182651810105682155e-03
6.375265027635405000e-03
5.748838307835100331e-03
5.444762924826807710e-03
5.065273936420823173e-03
4.705682907035812004e-03
4.446057219186384107e-03
4.190048349740519568e-03
4.093979005652693785e-03
3.909208734940370668e-03
3.774942359434142920e-03
3.640707823653643958e-03
3.490224081985057736e-03
3.420033126915798024e-03
3.278679218310133481e-03
3.182649236764427143e-03
3.083161530210080763e-03
2.996172324456493428e-03
2.992505063606955545e-03
2.921686669014648529e-03
2.854409601670361996e-03
2.797521870468201288e-03
2.732841791732953680e-03
2.718745084195806853e-03
2.660131788326500907e-03
2.616042878563617103e-03
2.564182757174824495e-03
2.511444164921227112e-03
2.505557854007408464e-03
2.460194522952167430e-03
2.431463035145666786e-03
2.396020848159886082e-03
2.371535844824650911e-03
2.368162552205380859e-03
2.331402582313985439e-03
2.296974514418245218e-03
2.270184326193872872e-03
2.245596706440953789e-03
2.241333166333219634e-03
2.206586259001741893e-03
2.175163154502060808e-03
2.136340048935862334e-03
2.106384722021053396e-03
2.066344646533294256e-03
2.021596681132826860e-03
1.981596393331790714e-03
1.937266625806395408e-03
1.901984053880533291e-03
1.869215259815230337e-03
1.832965069544786147e-03
1.800515230907444352e-03
1.768323182422325756e-03
1.732588710942943588e-03
1.700581053276703850e-03
1.665988525836988076e-03
1.621714524428254957e-03
1.586364078286628095e-03
1.554336592896087823e-03
1.523572671505265402e-03
1.485660747659453855e-03
1.448000597934467849e-03
1.417279512741750772e-03
1.386005498632954637e-03
1.355352817842376276e-03
1.329108130537525953e-03
1.302507617638077025e-03
1.272928280379628796e-03
1.248575899699637740e-03
1.228452428315148209e-03
1.206154012260278810e-03
1.184810046024053392e-03
1.164123513084412394e-03
1.148012285923036236e-03
1.130739244820534251e-03
1.111683949094577697e-03
1.096173976257373102e-03
1.077524190401979399e-03
1.061104009817952654e-03
1.046832952486937340e-03
1.031819376500199299e-03
1.020311893716643751e-03
1.008541452490595075e-03
9.968835010756747165e-04
9.862802237778417122e-04
9.762319480925102464e-04
9.653397749806262845e-04
9.545615570060282532e-04
9.426981760457431476e-04
9.326271748332852192e-04
9.227868938058828062e-04
9.117859832972148365e-04
9.013241460249877884e-04
8.908791805990388902e-04
2.209034462944496017e-03
1.669190091482346087e-03
1.427498794828145927e-03
1.292014940352590032e-03
1.181577648370115471e-03
1.145832216322341390e-03
1.082646672663283623e-03
1.039330697406093580e-03
9.916805452550203799e-04
9.578785295029417163e-04
9.303985471416428973e-04
9.045113542798765812e-04
8.782242026361676513e-04
8.525390354844184946e-04
8.306940677440337838e-04
8.125415654080292730e-04
7.947796353965344476e-04
7.764481724228908558e-04
7.565714312449421447e-04
7.396072161715654385e-04
7.256629907375749524e-04
7.135005363785154381e-04
7.002818865212622965e-04
6.875313501572550938e-04
6.755332821588068155e-04
6.669252698688683161e-04
6.538562610049896166e-04
6.431889398874535060e-04
6.341804083899635867e-04
6.243725968319973349e-04
6.161959965971792845e-04
6.064846304029282258e-04
5.961767160203651971e-04
5.849099836970094758e-04
5.746256326324306486e-04
5.680941950026833793e-04
5.604342843798501344e-04
5.529373516844717819e-04
5.436392249219681528e-04
5.364492369252646040e-04
5.335673875038065856e-04
5.262077576957249541e-04
5.183052932693399568e-04
5.111579344027008696e-04
5.039451546082433092e-04
4.986611682599634320e-04
4.917611427504908544e-04
4.844389446215733577e-04
4.773585321469888472e-04
4.705290904759415384e-04
4.640949199154019563e-04
4.587175314460791801e-04
4.542822233222632141e-04
4.499625477616757928e-04
4.452663843389288354e-04
4.412334741071574184e-04
4.368950644665055630e-04
4.316557521229248402e-04
4.259499733557856310e-04
4.214296231250500057e-04
4.171918137827816913e-04
4.134500883089817030e-04
4.089204119188676761e-04
4.048841135114409099e-04
3.996916346426456520e-04
3.941576792583576373e-04
3.895902115741936458e-04
3.850274459826385403e-04
3.813255813648158926e-04
3.772748777868161407e-04
3.740521908664606464e-04
3.704019469815055476e-04
3.671575286927348906e-04
3.640977020128980833e-04
3.606444757409869948e-04
3.572379284942004654e-04
3.529657335171451421e-04
3.491716711237210038e-04
3.459424894485173220e-04
3.425242077266196805e-04
3.395364950489622555e-04
3.371273072434389693e-04
3.344070800842119926e-04
3.316895278560565825e-04
3.281526080043627430e-04
3.255648387763586740e-04
3.226351848302205089e-04
3.189988685795848000e-04
3.162721047222381344e-04
3.136125411717196384e-04
3.107053031812252839e-04
3.079853974603466850e-04
3.053111789917526851e-04
3.029381997121705669e-04
3.008709373545264743e-04
2.987568740807728328e-04
2.968137702892979964e-04
2.942402815196178676e-04
2.919750404204325537e-04
2.893296508942666610e-04
9.264528723515062705e-04
6.813677836997293494e-04
5.771042737023480539e-04
5.082610711853916517e-04
4.679831739567760079e-04
4.442573741401308085e-04
4.243405710635059377e-04
4.063223251354906103e-04
3.885766495915329768e-04
3.766676533680205657e-04
3.666546171056584607e-04
3.570123058131803649e-04
3.463706251257363104e-04
3.378351188744599517e-04
3.286884376266881375e-04
3.222822043070834737e-04
3.158226793164894530e-04
3.098662310549987059e-04
3.050382068409576534e-04
2.996017193235549648e-04
2.946661397567473676e-04
2.904133567061612442e-04
2.857514819729180602e-04
2.811082363338506755e-04
2.764693139470723849e-04
2.711976690377085743e-04
2.664621131335965371e-04
2.619865583889027382e-04
2.576029806890192003e-04
2.535740677192436328e-04
2.512918363230585528e-04
2.488961230302894306e-04
2.464148104303140333e-04
2.443197633520377251e-04
2.423149893582751126e-04
2.402761416101208884e-04
2.383875802559812913e-04
2.362343079344811521e-04
2.339709294295767969e-04
2.317809349948814928e-04
2.300531375336642545e-04
2.280612112129927309e-04
2.250798204599418388e-04
2.216295940792605999e-04
2.181656702793855255e-04
2.154811243732648667e-04
2.130494922016429272e-04
2.105276442427346658e-04
2.082327574743604787e-04
2.059706769813929360e-04
2.031113727282788924e-04
2.004931558826109571e-04
1.977244739418593971e-04
1.952242475779614682e-04
1.918831301219825578e-04
1.883698367812608172e-04
1.851689087596198962e-04
1.822364258735435240e-04
1.793570537848440346e-04
1.765845971242459116e-04
1.742968602665563138e-04
1.719599593980242799e-04
1.698297180223799459e-04
1.681244217317586376e-04
1.663102150800647321e-04
1.649004817082359050e-04
1.636611482565624939e-04
1.622275561959849973e-04
1.611562553271901090e-04
1.599651762663766887e-04
1.583262373376885122e-04
1.571068048830329546e-04
1.555982999005039091e-04
1.540430241699762440e-04
1.527409136457513717e-04
1.512325433308047773e-04
1.497839548812026039e-04
1.484620645051362611e-04
1.473855582304021831e-04
1.462807771009030108e-04
1.448126711843906675e-04
1.433554712437305192e-04
1.415861030996709948e-04
1.400188538428960182e-04
1.387078478354153031e-04
1.372321403969356307e-04
1.360745100277770093e-04
1.348029557355327355e-04
1.332741427863160671e-04
1.319905720214229470e-04
1.308230623990949964e-04
1.298604185358995483e-04
1.288226335945782594e-04
1.280383814819387807e-04
1.268795119618861770e-04
1.258179818156661943e-04
1.249934499833546694e-04
1.239179502970985257e-04
1.231401071794391148e-04
1.221554557820968636e-04
4.540671208878839060e-04
3.279610461460717046e-04
2.758496271581255027e-04
2.455283762761852431e-04
2.213833475306299159e-04
2.056067732585696931e-04
1.920832100836689777e-04
1.817328478408059044e-04
1.744230466454085849e-04
1.667538349789003465e-04
1.608657287112050108e-04
1.554155889947657766e-04
1.508237491237855894e-04
1.470837454898877856e-04
1.434624270672679052e-04
1.406102468699017968e-04
1.374828113996561191e-04
1.346593430836190766e-04
1.320532612160880981e-04
1.301583985271850309e-04
1.278574979292724590e-04
1.257626386226205447e-04
1.235760158121303838e-04
1.217075438674014646e-04
1.199882105354000713e-04
1.185376167395141072e-04
1.174499101734911339e-04
1.164610275055622354e-04
1.149031142756934621e-04
1.130157841432928340e-04
1.110921361735420465e-04
1.092269529311677592e-04
1.073644584892698492e-04
1.056606940104368213e-04
1.039184547964888163e-04
1.021071202182486081e-04
1.003709168790887824e-04
9.878321393628140248e-05
9.718944765514031319e-05
9.528589109788648565e-05
9.407442743026087073e-05
9.291106818603015111e-05
9.168005688207506241e-05
9.039900508365211328e-05
8.910458294201779698e-05
8.793544773565090003e-05
8.672155535711879772e-05
8.561629977239382640e-05
8.447315905682889470e-05
8.349023604380253431e-05
8.257922410576675040e-05
8.182808714014976775e-05
8.104857324143045284e-05
8.009152299134124982e-05
7.910318802887792713e-05
7.818888228788683766e-05
7.747923512140789289e-05
7.658165628749271162e-05
7.578508121209112268e-05
7.511159850815902811e-05
7.421052462261831979e-05
7.338588628996772962e-05
7.272035363340200256e-05
7.214029506131141342e-05
7.148209591365370559e-05
7.092530860001972732e-05
7.032697422049108036e-05
6.977302420651276837e-05
6.923451068728166938e-05
6.862299943596100109e-05
6.797833587467722451e-05
6.721215266973009511e-05
6.645336856483684870e-05
6.591319162577198988e-05
6.544310972405556915e-05
6.494461080412581796e-05
6.436188459027531339e-05
6.368474809815878742e-05
6.301006056836302321e-05
6.224136777891408311e-05
6.152415278596496675e-05
6.086935844820184834e-05
6.015462476345616636e-05
5.959307756489065757e-05
5.904291236703184060e-05
5.845555541189283031e-05
5.776043207761104482e-05
5.726344175946778922e-05
5.657527998271585110e-05
5.605448310244049353e-05
5.549272883319703140e-05
5.499564100097699280e-05
5.451562613447792692e-05
5.394607487301295609e-05
5.343544537711776023e-05
5.293007139959146965e-05
5.249353768901775426e-05
5.208433435805618017e-05
5.163374182119907812e-05
5.124259684302919735e-05
