4.597034399025514695e-01
2.166230916431931830e-01
1.386905046213663673e-01
7.044175456637519206e-02
3.631872432317111848e-02
2.331808231981621210e-02
1.722692387202159198e-02
1.060410268340589851e-02
7.833524963470532218e-03
6.636419886148541003e-03
6.020376217707243752e-03
5.645089799745164026e-03
5.257461637360267594e-03
4.711800298128069470e-03
4.349266421566154450e-03
3.980343256561494174e-03
3.736748134103672851e-03
3.570946263348554958e-03
3.371260312300689271e-03
3.216150202487969186e-03
3.124070425640099180e-03
2.759060990780625323e-03
2.459268633546130619e-03
2.372624836308296747e-03
2.311920909041856407e-03
2.034615364507568261e-03
1.822790943293468857e-03
1.746014736755058814e-03
1.684196826930817008e-03
1.654319492830639594e-03
1.624538250872466704e-03
1.448673802278002644e-03
1.309382501409896886e-03
1.276801343279658323e-03
1.248552182459855163e-03
1.234878591090393012e-03
1.190571386111771539e-03
1.156428429525635255e-03
1.142975037450772152e-03
1.107253987340694112e-03
1.049828735773813667e-03
1.034665385899156747e-03
1.024602941643358448e-03
1.010693568082065338e-03
9.942530000850507369e-04
9.702640628123576161e-04
9.500220093798180136e-04
9.363029981246182975e-04
9.235520247363137019e-04
9.127468361996590816e-04
9.015965010420729083e-04
8.916176456699987339e-04
8.819884991232219192e-04
8.581683116382789580e-04
8.353940732430599914e-04
8.079478317716477006e-04
7.896112912212818573e-04
7.837275226931280508e-04
7.768701467794627506e-04
7.690856248205392475e-04
7.642408607676291722e-04
7.526879885594227283e-04
7.378661082250117425e-04
7.249121433623450812e-04
7.124732068110249368e-04
7.059394634709372385e-04
6.990968526672014559e-04
6.927377646887436600e-04
6.872350483501312064e-04
6.830660277275375737e-04
6.708921300603862617e-04
6.618434553452662251e-04
6.547774806940841966e-04
6.484747987256529039e-04
6.411557797475291552e-04
6.346790496682024659e-04
6.204762734349215285e-04
6.059816592760958577e-04
6.026525561727897511e-04
5.995698293691958166e-04
5.963716319919540494e-04
5.930535296124553064e-04
5.899429443625912569e-04
5.867394260921167436e-04
5.818303380631011448e-04
5.720347028889436825e-04
5.646869685724459961e-04
5.609986795319719770e-04
5.577232142314435519e-04
5.401843509434664297e-04
5.240721064680586459e-04
5.195590509791668012e-04
5.141559069612646349e-04
5.109214070192776664e-04
5.082955184719514319e-04
4.959338065313600866e-04
4.862815215745291465e-04
4.779334904505915362e-04
4.709850724367087489e-04
4.651293044934511761e-04
4.583717055194859382e-04
4.552585244386180723e-04
4.524034881884641938e-04
4.497295008289723187e-04
4.472534941961836996e-04
4.434967865498476436e-04
4.390853427530056938e-04
4.349975973912630404e-04
4.332273001155148551e-04
4.296743119632766695e-04
4.266920874920545085e-04
4.238132998168153524e-04
4.170821038999589919e-04
4.116304634316559664e-04
4.064543381761859969e-04
4.024134724921338627e-04
3.951415756836459394e-04
3.883647918800623203e-04
3.867843284179976466e-04
3.784440752498701072e-04
3.723724114365745803e-04
3.662733331854725605e-04
3.625005278323626995e-04
3.605939348193015390e-04
3.589987888108402895e-04
3.506024920640957838e-04
3.438644459420790939e-04
3.415999176581511749e-04
3.394565553985633729e-04
3.380492200725112011e-04
3.356547903616605676e-04
3.334610133032436634e-04
3.323028415145224302e-04
3.304942357981637880e-04
3.287273218369527166e-04
3.251814142672254659e-04
3.220268261132149413e-04
3.164995566629652687e-04
3.119065620895790695e-04
3.107302381778794388e-04
3.092725106756149438e-04
3.083070119821391996e-04
3.051494887677193334e-04
3.005151760723423666e-04
2.937256452331367743e-04
2.892949828002902590e-04
2.856939813769508447e-04
2.830770667996274754e-04
2.818480527973155807e-04
2.797247162371704508e-04
2.778944320877319604e-04
2.732081813857474496e-04
2.693177075129097328e-04
2.667174996392455326e-04
2.654055558257419024e-04
2.644902535653358123e-04
2.623397977314301179e-04
2.605891235157109325e-04
2.597722022058394399e-04
2.569735784019205101e-04
2.550091640111742139e-04
2.537003953205868535e-04
2.521579450908159690e-04
2.511672127393276758e-04
2.494576004508107839e-04
2.481082396315848967e-04
2.455561072536693976e-04
2.433993328077914354e-04
2.424238183559194538e-04
2.410147107315564871e-04
2.403443690146360966e-04
2.396158118457539959e-04
2.390287653871945575e-04
2.382529339907465547e-04
2.370413262206037895e-04
2.362143310331305934e-04
2.355177759100076870e-04
2.343876847136085835e-04
2.334176362274939791e-04
2.323016174394077588e-04
2.311957753315221952e-04
2.300433183817515790e-04
2.290228235844358421e-04
2.282007444302942270e-04
2.269899654337222562e-04
2.261524968742040524e-04
2.249977242740185276e-04
2.239158285148263661e-04
2.232154483452649090e-04
2.214947545190866995e-04
2.200891179222073447e-04
2.191107555427478939e-04
2.183108883513431046e-04
2.142533550334365386e-04
2.099268856092767585e-04
2.091565413997651085e-04
2.082366237144469960e-04
2.068098391872725877e-04
2.059869844981175124e-04
2.030030009692291399e-04
2.006811361871165954e-04
1.992846990341606730e-04
1.981647437240736140e-04
1.969773773256030354e-04
1.963432293024985930e-04
1.959170907380617191e-04
1.951188797429962362e-04
1.942520891109222100e-04
1.935401523462657774e-04
1.924659999078570422e-04
1.916261036034128747e-04
1.911028746107534912e-04
1.904551442463017709e-04
1.900531784720736316e-04
1.894132302183951396e-04
1.888403096032026547e-04
1.883891819278833094e-04
1.853939188811204767e-04
1.831826284185827914e-04
1.826989040121342934e-04
1.821679899814756273e-04
1.816346634009937148e-04
1.811304066727711915e-04
1.791239018308206322e-04
1.775128733388187747e-04
1.763956142537990643e-04
1.754577703662911687e-04
1.748864394584018710e-04
1.742145184810286280e-04
1.737669530222995075e-04
1.735496864152567484e-04
1.728369920072300736e-04
1.721687971662212398e-04
1.714285406032123955e-04
1.706465541917147279e-04
1.702649804858946182e-04
1.696050920944781209e-04
1.689740460402926572e-04
1.685706293651648765e-04
1.677360797577173929e-04
1.667147187959984879e-04
1.660839629862281689e-04
1.653822746837532514e-04
1.646444922878931261e-04
1.634739196385543531e-04
1.628836104704177391e-04
1.625234165688293467e-04
1.615509076041680872e-04
1.607094035357027736e-04
1.602828076668791314e-04
1.598004583369361481e-04
1.595048094907506990e-04
1.586026302121817401e-04
1.578168660716029921e-04
1.567084409334833066e-04
1.555811635976292180e-04
1.546012272785414791e-04
1.539829954846379364e-04
1.535694422563709763e-04
1.530934107096376922e-04
1.527404421593332674e-04
1.522575861417318739e-04
1.518407605031841731e-04
1.513401407926470157e-04
1.507813901323031773e-04
1.505685091672228010e-04
1.501751555494266154e-04
1.498048010015279275e-04
1.490127204323222132e-04
1.477435813998885853e-04
1.473416216642352511e-04
1.469362927174887204e-04
1.466588508017322931e-04
1.462319521965780721e-04
1.457650228747406872e-04
1.453214099768297067e-04
1.449633361248292378e-04
1.446889228289552820e-04
1.443803151155111011e-04
1.440480858421369474e-04
1.436638152397572219e-04
1.434515770593166781e-04
1.429747971423995915e-04
1.424200599789500921e-04
1.411934259816980915e-04
1.401568811888978419e-04
1.399564512398824277e-04
1.393969756417396441e-04
1.389449552596458838e-04
1.386493017657510255e-04
1.384201434523797420e-04
1.378819436391713767e-04
1.373138690847799904e-04
1.360603144318291472e-04
1.352034818160316790e-04
1.345648769718308421e-04
1.340359267597335843e-04
1.335686759255882386e-04
1.330946492631573670e-04
1.328371212313205439e-04
1.324918996710952070e-04
1.323170396749892466e-04
1.319642591522383640e-04
1.314507266574129764e-04
1.312187442299032121e-04
1.310340131180131652e-04
1.308632695141529899e-04
1.302653449952414274e-04
1.297431890393152965e-04
1.294178205667084920e-04
1.290843189757178138e-04
1.289207881537695222e-04
1.278534697928206229e-04
1.266974250240112082e-04
1.260574553532066411e-04
1.255690548300585877e-04
1.250042165434184617e-04
1.245890846560052513e-04
1.242136713903446580e-04
1.239904707761671379e-04
1.237815534680781983e-04
1.235336926390791191e-04
1.233339479001365770e-04
1.230635044201502590e-04
1.228367899138016603e-04
1.222362752593889447e-04
1.217074221497336866e-04
1.214075396249292662e-04
1.210547124232737727e-04
1.208304516616292873e-04
1.206232881327911591e-04
1.204667016287261556e-04
1.194151726966757881e-04
1.185253569908763753e-04
1.182842456936627156e-04
1.181187136311452488e-04
1.177436772281458368e-04
1.172915481797237266e-04
1.170848562667399322e-04
1.165541664671154921e-04
1.159275703045472699e-04
1.154878549977368901e-04
1.151947529345150918e-04
1.150542523837756352e-04
1.147981936155481489e-04
1.144380488847904665e-04
1.142711977966162889e-04
1.141080377910282811e-04
1.138543596113587148e-04
1.134097381035973913e-04
1.130902731696859442e-04
1.127707453601711188e-04
1.123699995772574264e-04
1.121976054363245520e-04
1.115617664887129926e-04
1.110399227970847500e-04
1.108274995396700335e-04
1.106720025905715563e-04
1.092586372237652938e-04
1.078595848600693359e-04
1.072886146084815875e-04
1.070041594962840533e-04
1.068339050209786759e-04
1.063812865673743462e-04
1.059398671671869921e-04
1.058118653770654104e-04
1.056560376306817258e-04
1.054909629793516633e-04
1.051777492810530010e-04
1.049515212423669824e-04
1.046474920164051599e-04
1.041778415712182464e-04
1.038461997693262252e-04
1.035720219857316662e-04
1.034468389026727773e-04
1.025540671565858150e-04
1.018748306705140436e-04
1.017031917614761764e-04
1.014832139781309266e-04
1.013719650911012213e-04
1.007434293900439824e-04
1.002352595288019644e-04
9.998630471066139434e-05
9.987169732087040517e-05
9.953423305904934013e-05
9.929109769689521952e-05
9.893179209927716587e-05
9.865977144683722960e-05
9.849852930695081311e-05
9.834223937041949686e-05
9.824988342043320202e-05
9.615579257579654133e-05
9.453517894654150607e-05
9.436836653662311711e-05
9.408148851247954199e-05
9.388224757277847390e-05
9.360662429638251850e-05
9.340715403501321471e-05
9.306248960696731189e-05
9.278958941214396534e-05
9.261599967385291364e-05
9.240225151331363533e-05
9.230886980399536073e-05
9.162713382220271773e-05
9.102181527398962976e-05
9.084269893569823996e-05
9.073244714751149329e-05
9.052540272203196973e-05
9.028998307612578307e-05
9.017764579703545040e-05
9.006775716972628091e-05
9.000615326061672729e-05
8.975373847634790893e-05
8.950965308119314206e-05
8.930923720951233563e-05
8.914452903220810871e-05
8.906544375566048818e-05
8.891484376905069175e-05
8.878797316441487230e-05
8.857705785628879991e-05
8.839516503320843615e-05
8.798001907707624406e-05
8.754325454236433057e-05
8.732500534735445784e-05
8.716472203772189671e-05
8.683431404147182544e-05
8.656134035714065122e-05
8.632503926203174732e-05
8.618151275515123901e-05
8.608842207445955013e-05
8.600918485965904331e-05
8.589740188023924560e-05
8.580015413554175794e-05
8.542625750774650870e-05
8.506910901558291903e-05
8.487857559668038170e-05
8.472192952223803360e-05
8.456959655656129382e-05
8.446738395302843161e-05
8.432829712709516813e-05
8.422039809605081089e-05
8.409367764118257007e-05
8.396043339973546826e-05
8.388742346129622553e-05
8.381971353684483552e-05
8.375936731773045375e-05
8.357384392025345708e-05
8.343192130471424877e-05
8.309516343476457210e-05
8.277318871271200349e-05
8.268392132498952028e-05
8.254734109090493157e-05
8.240910844559505013e-05
8.228824060786245971e-05
8.218682823909384723e-05
8.172315144749248974e-05
8.138231364256073603e-05
8.110215818148572915e-05
8.084160731803382877e-05
8.068464884444886108e-05
8.055669103113584297e-05
8.045517318901086333e-05
8.034913780151939442e-05
8.024639298170593708e-05
8.016156264368827966e-05
8.007326393049638566e-05
7.995341672559680467e-05
7.984036810407629478e-05
7.976172578050866086e-05
7.966579084806772824e-05
7.957436351564452757e-05
7.949358266886058131e-05
7.934396508078682669e-05
7.923886531436045121e-05
7.909046202230994029e-05
7.893651930455403436e-05
7.886524298271730511e-05
7.880250587889303800e-05
7.870615390452539680e-05
7.865091718750159432e-05
7.854566926009984133e-05
7.845263709514470666e-05
7.819805063333414019e-05
7.795329439057549254e-05
7.784917123079029529e-05
7.767988658168871918e-05
7.756003722110256602e-05
7.740412044682900346e-05
7.727382531715805696e-05
7.701194457495766442e-05
7.680513319735076663e-05
7.663886145507916659e-05
7.650851382623559481e-05
7.644399387016140833e-05
7.637094969608153024e-05
7.624868896840009136e-05
7.617098400657668490e-05
7.585902108751592257e-05
7.547035243070646571e-05
7.530521208173478111e-05
