3.502956282847495550e-02
1.589111870978954580e-02
1.005853121041750710e-02
7.238849533214784283e-03
5.480637219802085396e-03
7.541679361316018688e-03
5.503062169485844167e-03
4.261342012732891558e-03
3.538535867959055094e-03
2.967005546192007844e-03
2.971370554892456724e-03
2.422291907117017813e-03
2.137527885782037305e-03
1.877682285544366890e-03
1.705112409840605194e-03
1.713696742172647570e-03
1.582373600925652971e-03
1.510656221724093924e-03
1.409157801262305495e-03
1.316359095779496332e-03
1.261710279960003836e-03
1.140514921260152390e-03
1.057747093352053242e-03
9.799130130658231710e-04
9.307050603723025220e-04
9.472441597836354053e-04
8.814813234460303071e-04
8.482269581625801955e-04
8.139262461913541677e-04
7.805727240715905476e-04
7.919213677604036283e-04
7.585734356290556313e-04
7.304857036917470270e-04
7.044952813081024326e-04
6.766550543264119319e-04
6.807521447148778479e-04
6.561101406931346648e-04
6.407403113152718415e-04
6.250819475079347296e-04
6.102522509791641391e-04
5.993112978717197439e-04
5.791204281450140420e-04
5.621434185726586043e-04
5.418071523169540240e-04
5.204938648361415220e-04
5.179001122670206158e-04
4.932516052387971202e-04
4.787434909500177887e-04
4.655268717579882942e-04
4.548617124500947771e-04
4.452264257194908648e-04
4.365657393338408720e-04
4.260072500752662699e-04
4.152160513062027659e-04
4.047113440093425864e-04
3.982773176294561522e-04
3.908484623991912658e-04
3.831338188272028389e-04
3.749173245258394715e-04
3.671071005265432331e-04
3.583629681915104529e-04
3.502018972245029356e-04
3.431256826839735935e-04
3.356543230846687821e-04
3.302725121040710069e-04
3.249894681688383067e-04
3.190047309935896175e-04
3.134148037619286821e-04
3.065191459092165638e-04
3.004153348366185041e-04
2.956036088142840568e-04
2.905253358294752593e-04
2.865778222858106675e-04
2.821535779822271226e-04
2.778180593475860789e-04
2.735779706572189353e-04
2.700688028996993525e-04
2.677341542657924638e-04
2.658866354338521379e-04
2.639038806039245349e-04
2.615695972875351481e-04
2.599126680792403134e-04
2.580001024666086400e-04
2.559147057002695864e-04
2.537991230117508782e-04
2.513193026687872878e-04
2.487360855081326367e-04
2.457717943738008310e-04
2.432905541979815700e-04
2.402333326070641123e-04
2.374838135626245524e-04
2.340629587045548127e-04
2.305469733498066091e-04
2.272554384128647599e-04
2.243526245952570349e-04
2.217224723267898650e-04
2.191603267714834706e-04
2.170377407561335456e-04
2.153201620334237523e-04
2.137635526364211149e-04
2.341399941692494358e-04
2.062963395211013561e-04
1.907183210540951059e-04
1.787748488510466157e-04
1.693422734904012302e-04
1.616689120762909964e-04
1.561982974451546317e-04
1.498976018873140689e-04
1.440473971838640435e-04
1.386416711606352093e-04
1.335734837853862396e-04
1.284835922579765310e-04
1.243768259781973136e-04
1.206400099272698727e-04
1.172120364659073356e-04
1.141039938259374000e-04
1.112740133216764905e-04
1.087722872600999248e-04
1.062602594862887276e-04
1.036073636214127237e-04
1.011361090208164380e-04
9.904228952145336588e-05
9.736258054117073962e-05
9.601418485971554033e-05
9.427468152917779125e-05
9.260563141460262208e-05
9.097507382200417593e-05
8.950839829272780313e-05
8.784040860223800841e-05
8.665460881555152165e-05
8.553273051523052172e-05
8.428841164747523850e-05
8.301966645713237307e-05
8.171386047955369431e-05
8.038098926263072892e-05
7.910154346702035595e-05
7.776423545900614344e-05
7.685150941790197228e-05
7.554787328928748262e-05
7.464949458947058491e-05
7.368227798335441083e-05
7.249946032247193799e-05
7.161757301639022611e-05
7.070610185077920451e-05
6.986948705126848878e-05
6.917681008860187446e-05
6.852991036821289624e-05
6.754137008272760199e-05
6.677830468163044677e-05
6.607967376796656503e-05
6.548111299300033773e-05
6.490414172858839290e-05
6.430868744816495709e-05
6.365321072485249313e-05
6.310196336707905331e-05
6.256537375212845714e-05
6.207871921687654968e-05
6.166981869096787845e-05
6.117776773666670775e-05
6.072373176510392344e-05
6.022583664353215046e-05
5.972531435808504924e-05
5.928483652713814465e-05
5.883937754956317703e-05
5.846200677629650083e-05
5.792724497330511941e-05
5.733835501811862767e-05
5.681090126164268833e-05
5.630671674330497192e-05
5.587269835790158043e-05
5.544524595773605934e-05
5.490747560578761042e-05
5.440228181046738931e-05
5.391382308110817008e-05
5.358355749468902903e-05
5.318882019569869145e-05
5.272023157925238699e-05
5.230273277500311268e-05
5.181081785082245937e-05
5.142123277402867079e-05
5.100472812669420059e-05
5.061029162367883716e-05
5.020886232739012211e-05
4.984318885600930567e-05
4.946732331523704285e-05
4.911412031810200967e-05
4.881853030153219158e-05
4.855902236112551136e-05
4.823699854138473387e-05
4.790782417290025607e-05
4.756137908309194422e-05
4.725738641103255740e-05
4.694517690995488469e-05
4.660180097936718644e-05
4.629958159322037270e-05
4.606051473112709549e-05
4.578678735288767271e-05
4.552089410079205884e-05
4.527161510610452037e-05
4.501934059943427362e-05
8.450942258179734072e-05
6.715220852229781417e-05
5.978534396840405699e-05
5.421201131015726023e-05
5.029881773811571829e-05
4.724111313055358758e-05
4.487037679915856805e-05
4.292498542461406448e-05
4.124971002821398966e-05
3.979631806975673399e-05
3.839513072478983310e-05
3.705025544478867972e-05
3.585988561119039005e-05
3.480171387306578467e-05
3.380795429917043070e-05
3.300987164157611161e-05
3.212835142212032094e-05
3.137220597823266340e-05
3.060449437632994701e-05
2.995325013092149831e-05
2.936347104541464555e-05
2.880735155451275893e-05
2.818871665407809353e-05
2.760642556782284652e-05
2.711432779945215497e-05
2.664957729073308857e-05
2.617747763213679736e-05
2.562554619517075642e-05
2.526799850147007164e-05
2.484669548651889957e-05
2.450409010571840649e-05
2.407736891424996849e-05
2.371874419495907045e-05
2.340179860682731693e-05
2.304283653947741608e-05
2.269129198752531772e-05
2.232411019655745397e-05
2.200543096512497614e-05
2.171658899131242486e-05
2.144251486546542950e-05
2.113575860865447772e-05
2.086161693446793753e-05
2.061767346354720018e-05
2.035934461944457647e-05
2.014422477883408104e-05
1.997960712703347497e-05
1.974087991564500992e-05
1.955669837337132338e-05
1.935996904268538462e-05
1.912444837828403404e-05
1.890080099955905474e-05
1.869592366918454074e-05
1.853964454589912932e-05
1.837406762919090023e-05
1.815850326631767258e-05
1.797984578480928350e-05
1.781714397392473065e-05
1.765837098120107024e-05
1.748677108800558889e-05
1.735367383025479906e-05
1.724062103015646646e-05
1.712982726087221278e-05
1.702925736652141769e-05
1.692663990180247189e-05
1.679368515909281860e-05
1.664069791929401567e-05
1.650191878197384879e-05
1.637605531251243069e-05
1.623147374676405823e-05
1.607934166352368191e-05
1.596030667680347891e-05
1.586820749404409340e-05
1.577572897913041066e-05
1.567423308058307581e-05
1.557320367061927109e-05
1.545409497587044501e-05
1.534614970648151029e-05
1.523106378737082402e-05
1.511729243003729396e-05
1.498998415908809172e-05
1.488135403804448011e-05
1.476366921375689320e-05
1.465510760961408497e-05
1.452744561661559507e-05
1.440874152201310896e-05
1.429600423668328847e-05
1.416023591743870814e-05
1.405328825500875752e-05
1.395337680704654143e-05
1.384087337323984308e-05
1.374766013000617371e-05
1.366210348881456107e-05
1.358089184031729675e-05
1.350772869821055713e-05
1.344029387835862095e-05
1.336812390249143121e-05
1.329762577753081032e-05
1.322789438598152767e-05
1.315403135431615822e-05
1.309340362192825174e-05
1.119928345151039329e-04
8.335518756253930232e-05
6.814979338388068848e-05
5.887958638747318161e-05
5.277713682221566631e-05
4.822021476087161865e-05
4.328393246770911146e-05
3.955166676659359245e-05
3.680838211920588985e-05
3.409974391459762714e-05
3.197309172589379433e-05
3.018977700249578998e-05
2.851422490961190182e-05
2.719309165172446394e-05
2.591317511196810906e-05
2.473315109278980130e-05
2.354391796422389575e-05
2.264920392946895988e-05
2.170590835288475451e-05
2.078075026229200142e-05
2.001392242226915843e-05
1.911781309158662061e-05
1.840152982760795346e-05
1.760444364285637496e-05
1.702771027799164979e-05
1.652802436364189380e-05
1.601782903119946286e-05
1.556441107069313906e-05
1.512580885896337952e-05
1.468345674475984351e-05
1.435114068323325339e-05
1.403045389987103905e-05
1.371147251766884186e-05
1.337968411620679247e-05
1.307041819907643614e-05
1.278165807686669504e-05
1.247437161379777776e-05
1.216429902372426494e-05
1.183813618640290814e-05
1.147854588490321440e-05
1.116162905092262399e-05
1.088441229743145186e-05
1.063434415348612867e-05
1.042083265223463374e-05
1.022941153351753635e-05
1.005214973904505620e-05
9.889164220341904347e-06
9.719146456116490538e-06
9.557100485320549780e-06
9.407577953313272915e-06
9.242946179035062043e-06
9.081822785204680411e-06
8.939237074283820750e-06
8.798809526002883698e-06
8.695846218651541530e-06
8.574667733422133256e-06
8.468954179052707950e-06
8.364868267854453306e-06
8.272598852937567077e-06
8.185036772657686746e-06
8.091920494863565752e-06
7.997771402953150212e-06
7.908675504051643868e-06
7.809468476752078793e-06
7.720608965366223639e-06
7.620720289302807455e-06
7.538243119640442796e-06
7.457974230925316060e-06
7.381781701042467478e-06
7.303727027220366577e-06
7.232951391233053064e-06
7.159915459933680300e-06
7.098137525838950056e-06
7.036329705224298081e-06
6.969881643501092381e-06
6.903943695888978743e-06
6.843941385501553103e-06
6.786011514905718740e-06
6.732326516591289085e-06
6.676344875954855347e-06
6.617303217762698395e-06
6.558264905301066448e-06
6.508545333429009948e-06
6.463677147770096786e-06
6.435044540406945552e-06
6.409951450374770892e-06
6.389002229051539925e-06
6.361669590165726678e-06
6.334053197544982269e-06
6.304714266843410019e-06
6.273359416411052489e-06
6.244899437974389107e-06
6.210181415648764859e-06
6.175727526574665392e-06
6.144219789989595447e-06
6.116672214785958089e-06
6.086496400581979130e-06
6.055481287256578424e-06
6.021256888500214195e-06
5.993121059937733768e-06
1.240011817266435201e-04
8.759817137028827775e-05
6.857364777693153706e-05
5.733546948513711973e-05
4.959743009981097022e-05
4.474830382469759783e-05
4.111371385733335034e-05
3.768366613038983282e-05
3.443465223726203245e-05
3.155220356334486307e-05
2.955712671964670662e-05
2.746049877269114936e-05
2.540214597786067069e-05
2.346345373836218579e-05
2.152494662029443508e-05
2.033992402779074833e-05
1.907507520678880427e-05
1.788297730444404979e-05
1.702517380824793917e-05
1.614621588320679611e-05
1.546668067164846423e-05
1.477798719998026493e-05
1.419868116336386467e-05
1.370523514694117123e-05
1.325090116751951341e-05
1.287905919949835774e-05
1.240965703309998065e-05
1.195360458400807466e-05
1.158311358730503049e-05
1.121259802805854698e-05
1.091407378038144477e-05
1.051308907798605166e-05
1.023521371445947921e-05
9.936036006582865172e-06
9.655473078091840491e-06
9.512514957063278364e-06
9.223641845799067319e-06
8.934308906536297286e-06
8.717803447237732609e-06
8.522841588423784600e-06
8.395109443663792558e-06
8.175503372255018606e-06
7.951651692742429592e-06
7.787504110696725533e-06
7.623322449687088500e-06
7.506846503372618777e-06
7.374895330920832496e-06
7.267760120575006063e-06
7.131202733604055695e-06
7.034917022039829496e-06
6.927603463900409499e-06
6.817871833190811300e-06
6.686957561202683329e-06
6.593485027529804347e-06
6.499390126255172011e-06
6.406326704140310439e-06
6.301715344279611421e-06
6.205769996866047091e-06
6.121309184232920948e-06
6.032691097974143012e-06
5.948848440361684836e-06
5.843042528452900795e-06
5.753196552556079267e-06
5.674838039374704392e-06
5.603644819915580856e-06
5.529583014252368353e-06
5.446888072879055272e-06
5.368016879620191624e-06
5.289300736019243356e-06
5.223916658004084547e-06
5.153822257663609078e-06
5.083578312203753790e-06
5.013927820634598869e-06
4.944941049742029675e-06
4.879025414123804316e-06
4.816473412102669788e-06
4.763265118674014273e-06
4.706484519243688860e-06
4.653792885575069032e-06
4.599993947041373499e-06
4.551827220285915379e-06
4.509058784777812721e-06
4.458184325698692637e-06
4.403562511024085093e-06
4.353994923843566522e-06
4.311637220052540880e-06
4.267998784560919913e-06
4.214439604784708187e-06
4.170681400688770788e-06
4.128433106557079766e-06
4.088769715426260089e-06
4.040235341855681220e-06
3.998656344124465105e-06
3.951117638251755120e-06
3.908033676814807872e-06
3.870338407491599405e-06
3.832698523064081005e-06
3.798079203373168571e-06
3.761653357897282772e-06
3.729239952624229287e-06
