5.080520466195064255e-01
3.830202470865901598e-01
3.338835581440822708e-01
3.065175916375528775e-01
2.882981169508685992e-01
2.998446358876447615e-01
2.822798446752086132e-01
2.695583385799811271e-01
2.608884460621260226e-01
2.531302775975813879e-01
2.564096569258469405e-01
2.496184835290501669e-01
2.450796570184630430e-01
2.399274371947346107e-01
2.342391925384767759e-01
2.357981430861320615e-01
2.297642735288014659e-01
2.262481471090374563e-01
2.231770714578093784e-01
2.201992698642775970e-01
2.233202753007555719e-01
2.193297288105645615e-01
2.174024832362371484e-01
2.158505045345712192e-01
2.140773383550593212e-01
2.175697083772822338e-01
2.144270355725557409e-01
2.129349824075653097e-01
2.116373664784018949e-01
2.099608412143869340e-01
2.140172817937203986e-01
2.100232606612306152e-01
2.079855540250201695e-01
2.065755181298453980e-01
2.051393073285168733e-01
2.112038779940196287e-01
2.062368140628476898e-01
2.040093286782929949e-01
2.025295062397449997e-01
2.012181405525324263e-01
2.076776659348183451e-01
2.031684693160359656e-01
2.017183874947782174e-01
2.008968928169566626e-01
1.999529252221854403e-01
2.041615260217526651e-01
2.019505603594480558e-01
2.009610706273641245e-01
2.000051412409215856e-01
1.987169227269398597e-01
1.975151349959363978e-01
1.963911301110907170e-01
1.953104439383230029e-01
1.944754833466983968e-01
1.937241921917970677e-01
1.930327828251592326e-01
1.923671196558186525e-01
1.917092853383115802e-01
1.909358818247955947e-01
1.902558281421016795e-01
1.895486497389795855e-01
1.887990728450463507e-01
1.881908125737204729e-01
1.876263800288062999e-01
1.871455363389679383e-01
1.866741245304895658e-01
1.862491297066305729e-01
1.858811635267706153e-01
1.855045568291862901e-01
1.851877684853491801e-01
1.848590518538632266e-01
1.845140674513547629e-01
1.841965207157754691e-01
1.838902553513400151e-01
1.835893635489455888e-01
1.833405573499032881e-01
1.831140704039931899e-01
1.829182394159450942e-01
1.827159992574747260e-01
1.825166403147713556e-01
1.823188402558955090e-01
1.821481104264033868e-01
1.819623697548451713e-01
1.817976205198542639e-01
1.816463352741419235e-01
1.815011123816639427e-01
1.813380519759109633e-01
1.811720544616934880e-01
1.810121761454739908e-01
1.808493554464607744e-01
1.806854491245598882e-01
1.805378007052647060e-01
1.803955330310411387e-01
1.802673929625358273e-01
1.801324559798611891e-01
1.799916929835861379e-01
1.798461270433585890e-01
1.797039555878325590e-01
1.795699438798569469e-01
1.794371647427805694e-01
1.535035565936746504e-01
1.410604215681526552e-01
1.321620467340411942e-01
1.246273269388294413e-01
1.185518629501903093e-01
1.137748481673779566e-01
1.089461316395052976e-01
1.050866962121084908e-01
1.012449283013834300e-01
9.785905080778434240e-02
9.546477726646321327e-02
9.262376491335129469e-02
9.023383894297970498e-02
8.789698023564418428e-02
8.563942285935619014e-02
8.431282227174256849e-02
8.240992729110778459e-02
8.081889308349930745e-02
7.915385206946465302e-02
7.745001854323141366e-02
7.726392585259574119e-02
7.566013801979171172e-02
7.435008783666204046e-02
7.308165442411107549e-02
7.186875172929035882e-02
7.221309661763719578e-02
7.082547447220351178e-02
6.991961746837564717e-02
6.917197010515541145e-02
6.850534700907395802e-02
6.875083070401122320e-02
6.757044164339524872e-02
6.681859080531361850e-02
6.615259490382052743e-02
6.540955822460296776e-02
6.622576301789061259e-02
6.489117832793572793e-02
6.431153081144694306e-02
6.389945143328497335e-02
6.350288093942187129e-02
6.366419243289203611e-02
6.259338507950594488e-02
6.189021187700829291e-02
6.120867380548318526e-02
6.061441111659482406e-02
6.167097056521161219e-02
6.061825758223240296e-02
5.988823416920768805e-02
5.943517007608126873e-02
5.898394446929038776e-02
5.862135917160037762e-02
5.818644548758852841e-02
5.759860900934394429e-02
5.697371433240952521e-02
5.633523927276511134e-02
5.584363039166444220e-02
5.539836973914018248e-02
5.499333815935677355e-02
5.456041004841991060e-02
5.410954058766061919e-02
5.368399980028997626e-02
5.327648300421537059e-02
5.291870128853689431e-02
5.254232827257759864e-02
5.219911183930572157e-02
5.184645714130917127e-02
5.153204028444684920e-02
5.120161173591666198e-02
5.088245487838075759e-02
5.060536917041402738e-02
5.033525719553046118e-02
5.007594405034004881e-02
4.983779248679721940e-02
4.957816810601260726e-02
4.935274571283174844e-02
4.910925288759078466e-02
4.884559045473640948e-02
4.857819332788792382e-02
4.832320366328327760e-02
4.808431966978204269e-02
4.784042249889451648e-02
4.759852676456304693e-02
4.737295017155575272e-02
4.712961998325404522e-02
4.689716124714259776e-02
4.666103197479702647e-02
4.644663155057773829e-02
4.624129820331243645e-02
4.604432130331590628e-02
4.584886880433565459e-02
4.566119075986391912e-02
4.547184512753543045e-02
4.530766222471070692e-02
4.512523717049150146e-02
4.493797324826083461e-02
4.474749201573393481e-02
4.455992499144561386e-02
4.440326372716480591e-02
4.424840783021317253e-02
4.409984470213397512e-02
4.632042022970937062e-02
4.037956565207933418e-02
3.632560249129034025e-02
3.303865217495507295e-02
3.006481893234277253e-02
2.779444449872710277e-02
2.579313963710019517e-02
2.415102106713015034e-02
2.263760454585581755e-02
2.124700063443717840e-02
2.004323535602136122e-02
1.890104955063462433e-02
1.787858817988708868e-02
1.690623256482839259e-02
1.599833154428675214e-02
1.537457795137090952e-02
1.458985238436063571e-02
1.386071558639388572e-02
1.318005682779734011e-02
1.254117633649186325e-02
1.202832649636002144e-02
1.150956308606481196e-02
1.102991116127535580e-02
1.051084423662976275e-02
1.002641034142507347e-02
9.737452312555379755e-03
9.296494550046481217e-03
8.903330555968225549e-03
8.512371744765526507e-03
8.185125628481672647e-03
7.975073190345211005e-03
7.655826863900309920e-03
7.376766869491542013e-03
7.079910335051498721e-03
6.779036546211151398e-03
6.581753895079988509e-03
6.274578075559594445e-03
5.980801819094969801e-03
5.701593560135483595e-03
5.454726526640779616e-03
5.351666483248056737e-03
5.104692365839881910e-03
4.905223325200682577e-03
4.705976732805212948e-03
4.538954830492251784e-03
4.479666706525105985e-03
4.332879749539973041e-03
4.200251124161407182e-03
4.041197340415820377e-03
3.889705956919394230e-03
3.729611394936531692e-03
3.567401305091561815e-03
3.403990579359748078e-03
3.251513885063026920e-03
3.114041186665182127e-03
2.990180286078397351e-03
2.883047744911122496e-03
2.776606670698801224e-03
2.655664843645271552e-03
2.547655994200898923e-03
2.432126730185658631e-03
2.317889194442801764e-03
2.226968820957086776e-03
2.148291808429756387e-03
2.068370399329069742e-03
1.987522598302118165e-03
1.902565867739333238e-03
1.821783123221847218e-03
1.744443451759823595e-03
1.676865742625817434e-03
1.613227368269635770e-03
1.546543746447773433e-03
1.481725422383239205e-03
1.427795281402219167e-03
1.376143231314496448e-03
1.326204548074473057e-03
1.280282659419371312e-03
1.232307163766462391e-03
1.182976724716430610e-03
1.134524118578306498e-03
1.097445537113100368e-03
1.056924869572816849e-03
1.019264144333287053e-03
9.838512240708200546e-04
9.470683316646977875e-04
9.106615846251699987e-04
8.744529683757386014e-04
8.396884678716321718e-04
8.052104670603789762e-04
7.734528575006161888e-04
7.444887865289367794e-04
7.177182424583816072e-04
6.894614305933182081e-04
6.611321476214221783e-04
6.340627437682262767e-04
6.081721419709274499e-04
5.830047964143234094e-04
5.578036865326347227e-04
5.343871110699394784e-04
5.125502060986914616e-04
2.564988569795036491e-02
1.808063121272312362e-02
1.404711705768681672e-02
1.104066430565875216e-02
9.068996123304756338e-03
7.723228544669070647e-03
6.429253397461943791e-03
5.313632503580095583e-03
4.435570794026268138e-03
3.801476199905300026e-03
3.305211498507184490e-03
2.814224439751089862e-03
2.388614814669750338e-03
2.038290325090512129e-03
1.760771072600369027e-03
1.535759716961745654e-03
1.327540613472453709e-03
1.134960396185316503e-03
9.651939825901840629e-04
8.178370647622187775e-04
7.238028402977896361e-04
6.173630452585977639e-04
5.280436324823157201e-04
4.489900779002752832e-04
3.841834209375177703e-04
3.445632698970797162e-04
2.994185624872922839e-04
2.583407660838634161e-04
2.216547042589424527e-04
1.866821890108235932e-04
1.647256702566360603e-04
1.418354490669783050e-04
1.203485782106591555e-04
1.031893590687499030e-04
8.808628638221676558e-05
7.933491829198533601e-05
6.890493301844631947e-05
5.963998820962027015e-05
5.174611422236178904e-05
4.491242263248099316e-05
3.944547009180975034e-05
3.380686505438595344e-05
2.902344807476507947e-05
2.475634978645182221e-05
2.131953514587253847e-05
1.884502299314650013e-05
1.608271655138843808e-05
1.358926963984907190e-05
1.164780222272967940e-05
1.006345184699901384e-05
8.638591402276581365e-06
7.423338138497040416e-06
6.356450377742374327e-06
5.482736996189319475e-06
4.727567314803356618e-06
4.080186749999587415e-06
3.490782378852736786e-06
2.972958016557791012e-06
2.585616379961226205e-06
2.255350274968286002e-06
1.947978434561965002e-06
1.689110635420316373e-06
1.449399186214548000e-06
1.235742031072224152e-06
1.074002435727206003e-06
9.286299273343022233e-07
7.974022593364958247e-07
6.738288206376429620e-07
5.648962421105035039e-07
4.862238894017944670e-07
4.181168361596735970e-07
3.562340222919889189e-07
3.061636186299095824e-07
2.665815422254107973e-07
2.302071281736797970e-07
2.015831107697891156e-07
1.742266192720470873e-07
1.523611884135821708e-07
1.328455598803761996e-07
1.157335804694121145e-07
1.005797452577936630e-07
8.841380358769225101e-08
7.963943865591232736e-08
7.183047733212587877e-08
6.375000167800880848e-08
5.637775272831354789e-08
5.013344877602662546e-08
4.462072415899191341e-08
3.914159522856364906e-08
3.802177876925553320e-08
3.802177876925552658e-08
3.802177876925553320e-08
3.802177876925553320e-08
3.802177876925553320e-08
3.802177876925553320e-08
3.802177876925553320e-08
3.802177876925553320e-08
3.802177876925553320e-08
3.802177876925553320e-08
3.802177876925552658e-08
3.142077065220972437e-02
1.998395710562964750e-02
1.378168280910586040e-02
1.002590786159578140e-02
7.506422320532691109e-03
5.917747392490385790e-03
4.528616347800451698e-03
3.476818642419211586e-03
2.706733639474850472e-03
2.074370414182635097e-03
1.608562803738806642e-03
1.248549401223765423e-03
9.821523942540660509e-04
7.653638178547658147e-04
6.005063565729200619e-04
4.774018814907944933e-04
3.784529211357810828e-04
2.949205165623011824e-04
2.300273087593941355e-04
1.787251305898081668e-04
1.459677683566403233e-04
1.145416467315056699e-04
9.105641747071589146e-05
7.153297896153698967e-05
5.653728055607808216e-05
4.491566274542766943e-05
3.599235773884392956e-05
2.853639767791437123e-05
2.252701027487911544e-05
1.771794447617114745e-05
1.454328295206636857e-05
1.158649655532032525e-05
9.421677563040781214e-06
7.473917880475322052e-06
5.941197167107658274e-06
4.863295488853181801e-06
3.895323696177571335e-06
3.109012517256868025e-06
2.459985842955292491e-06
1.962940626041231520e-06
1.609323285539472603e-06
1.275425638613357877e-06
1.034119587540585515e-06
8.515291007630454152e-07
6.762921877908571086e-07
5.582527620783779435e-07
4.410462698130401524e-07
3.508647437794161133e-07
2.770179241074027867e-07
2.225572886405240762e-07
1.780839764261752975e-07
1.411293143580334088e-07
1.124241172646556584e-07
8.730845401035010318e-08
6.944031133071972115e-08
6.203588713899703542e-08
6.203588713899704866e-08
6.203588713899704866e-08
6.203588713899703542e-08
6.203588713899704866e-08
6.203588713899704866e-08
6.203588713899703542e-08
6.203588713899703542e-08
6.203588713899704866e-08
6.203588713899704866e-08
6.203588713899704866e-08
6.203588713899704866e-08
6.203588713899704866e-08
6.203588713899704866e-08
6.203588713899704866e-08
6.203588713899704866e-08
6.203588713899703542e-08
6.203588713899704866e-08
6.203588713899703542e-08
6.203588713899703542e-08
6.203588713899704866e-08
6.203588713899704866e-08
6.203588713899704866e-08
6.203588713899704866e-08
6.203588713899703542e-08
6.203588713899704866e-08
6.203588713899704866e-08
6.203588713899704866e-08
6.203588713899704866e-08
6.203588713899704866e-08
6.203588713899704866e-08
6.203588713899703542e-08
6.203588713899704866e-08
6.203588713899704866e-08
6.203588713899703542e-08
6.203588713899704866e-08
6.203588713899704866e-08
6.203588713899704866e-08
6.203588713899704866e-08
6.203588713899704866e-08
6.203588713899704866e-08
6.203588713899704866e-08
6.203588713899704866e-08
6.203588713899704866e-08
6.203588713899704866e-08
