3.001268002220652265e-01
2.183155277339294820e-01
1.854113384979358681e-01
1.698843588612828637e-01
1.574962735352808396e-01
1.674237765417625201e-01
1.548317760633128315e-01
1.478747452883845681e-01
1.399645064727228772e-01
1.346995190912522455e-01
1.379111839467737355e-01
1.309516442815160941e-01
1.250110242917837067e-01
1.204336378488920223e-01
1.173563679427611223e-01
1.163374807233040070e-01
1.135034976204334911e-01
1.106720896819706201e-01
1.073468971853316078e-01
1.041374520698310630e-01
1.037092716168719758e-01
1.007157140717646199e-01
9.735896177128276763e-02
9.391322193816138697e-02
9.131744346109033073e-02
9.219286778438504082e-02
8.974312875017495528e-02
8.733958141279493659e-02
8.250908945522125726e-02
7.759233746019972289e-02
7.949571905914162850e-02
7.473474504582497402e-02
7.242717055986813701e-02
7.030462781773150205e-02
6.885845150813352245e-02
6.924928747596446887e-02
6.745791636632937627e-02
6.637749115206233175e-02
6.516186847488895928e-02
6.420842835411352811e-02
6.482448049507781584e-02
6.354498045133050166e-02
6.269379664974211730e-02
6.194132813155393130e-02
6.120934723352879081e-02
6.152459275830790553e-02
6.046847111862402313e-02
5.967428744586271427e-02
5.861514591016737941e-02
5.782097882639158221e-02
5.715159892505788930e-02
5.655511713083901520e-02
5.591692774345584371e-02
5.509797243699386671e-02
5.445012139723301448e-02
5.389349772116808213e-02
5.349071932130967932e-02
5.299377503399774203e-02
5.244679562768932157e-02
5.191919094329484896e-02
5.146868196359487974e-02
5.117149209312225888e-02
5.086944285980801728e-02
5.058349138322545263e-02
5.031427119284163224e-02
5.013385099283029084e-02
4.995176156267196882e-02
4.978843578948089627e-02
4.965555567238405521e-02
4.946833381447099387e-02
4.931793485270600380e-02
4.914417246481508211e-02
4.896321410608277247e-02
4.884157725918086140e-02
4.874269852753573828e-02
4.863764387545693041e-02
4.854804163276860846e-02
4.844846859055821492e-02
4.832891019180567127e-02
4.823814350281626501e-02
4.815287277186609122e-02
4.805452113072034015e-02
4.793589086393294091e-02
4.784222397343158850e-02
4.774824415308735054e-02
4.760894978448717424e-02
4.748315023918026762e-02
4.735921708991839424e-02
4.724571793277258097e-02
4.712854044938641351e-02
4.699827560362251216e-02
4.690334221461680414e-02
4.680131227810577221e-02
4.668067043802851673e-02
4.658037411965087332e-02
4.650251258972780410e-02
4.642483120590290557e-02
4.634605117458142493e-02
4.626870130193069808e-02
4.620207788496719092e-02
4.334040012013128801e-02
4.114063357130408327e-02
3.970654257795867142e-02
3.843000792029842988e-02
3.734146187656075394e-02
3.657945177054083841e-02
3.594751352447667775e-02
3.546268227967914327e-02
3.499584256226015433e-02
3.456968325098656869e-02
3.474042863641280815e-02
3.438172677509852837e-02
3.407602848651063859e-02
3.385341077914973823e-02
3.362200804664167153e-02
3.390341108549823484e-02
3.362517504985607086e-02
3.343582659961134157e-02
3.327782489215497935e-02
3.308749331318271841e-02
3.349315930398411023e-02
3.298037572034790560e-02
3.260924545578448852e-02
3.240638412098497539e-02
3.221021745780233703e-02
3.331643615631563887e-02
3.281912666504744475e-02
3.252317946972031748e-02
3.230614398212347527e-02
3.210265224935596878e-02
3.240588881261143028e-02
3.211788156804908090e-02
3.184891484717532889e-02
3.159694548635821193e-02
3.140782546332997194e-02
3.244152310788721294e-02
3.196219818392240231e-02
3.165176993582809878e-02
3.149007247111641067e-02
3.135176995757137097e-02
3.180543095429503447e-02
3.154886661539296061e-02
3.143670530602909324e-02
3.127094682278589582e-02
3.110742929995172906e-02
3.185141352221201871e-02
3.125004129564905309e-02
3.098284315863652008e-02
3.087746185841604499e-02
3.080800751500945706e-02
3.073894183060694660e-02
3.067329417358295035e-02
3.060284022241733376e-02
3.054064012080630677e-02
3.046453140087962072e-02
3.039054607990040666e-02
3.033924320915385581e-02
3.027338885871202687e-02
3.020818234784075282e-02
3.012806901021387179e-02
3.002542640299672716e-02
2.991097578941024834e-02
2.979642018908233367e-02
2.969392004246022496e-02
2.958505181328495784e-02
2.948310863667168505e-02
2.941074500426477459e-02
2.934925944639347334e-02
2.928822196888009738e-02
2.923576626712180021e-02
2.918465430029127880e-02
2.913738343652537768e-02
2.909416541149031574e-02
2.905045964112491427e-02
2.899906517202104420e-02
2.894852534980216913e-02
2.889929719166302313e-02
2.884961879712120980e-02
2.879577450175260095e-02
2.874144157846649991e-02
2.869498462767225769e-02
2.865621543212528224e-02
2.860854063223840574e-02
2.856870828592243672e-02
2.852774715255714660e-02
2.849585124569368674e-02
2.846062950810201303e-02
2.842281547878373546e-02
2.838603772538688882e-02
2.834924171255726738e-02
2.830731855796160892e-02
2.826565697441025746e-02
2.822837762457268765e-02
2.819737558649727110e-02
2.817250395801948470e-02
2.815045319059181553e-02
2.812998915350030035e-02
2.810669768455633863e-02
2.808179733550545190e-02
2.805748344459118096e-02
2.871805764676326617e-02
2.759948480177264879e-02
2.695791892813503496e-02
2.638644722431415790e-02
2.591612461901333236e-02
2.568556622687572649e-02
2.525022007906782204e-02
2.487055525783160234e-02
2.452130523731641323e-02
2.415827289335331293e-02
2.427702258646707856e-02
2.387601559336640158e-02
2.364975145988430436e-02
2.341947101591126262e-02
2.323570401150021336e-02
2.375431507815040089e-02
2.338728650327792646e-02
2.313684614455177244e-02
2.293678621206597656e-02
2.280520557266048007e-02
2.326064159141512724e-02
2.292420393650587349e-02
2.270809468442762380e-02
2.255814764781337300e-02
2.245596658216966399e-02
2.273664702052564934e-02
2.244326315963681220e-02
2.227924719749744056e-02
2.217988013044119161e-02
2.208587364095357386e-02
2.252375121653770254e-02
2.223342537677288830e-02
2.210653125341043371e-02
2.204744746969599170e-02
2.199033097348988136e-02
2.240212338419269797e-02
2.208360337559822292e-02
2.191353358974873142e-02
2.185867922767241456e-02
2.183125198478549217e-02
2.233755952635157332e-02
2.213217496616156146e-02
2.202293025900968135e-02
2.193149964384686484e-02
2.185363970252504617e-02
2.226396886242651418e-02
2.194204045626078903e-02
2.177828476770125865e-02
2.172032193837169362e-02
2.168406566996236226e-02
2.164724423792881505e-02
2.159836280089885360e-02
2.154796950544069292e-02
2.150124800148309895e-02
2.146742787940845304e-02
2.143029499531832333e-02
2.138729706534047911e-02
2.134999920224297382e-02
2.131957488967059500e-02
2.128665100613649427e-02
2.124449509581605167e-02
2.121095285945043957e-02
2.118157454265899575e-02
2.115508122446865813e-02
2.112872961081744064e-02
2.110694549911396739e-02
2.108526855650931162e-02
2.106502390310216813e-02
2.104283754222023226e-02
2.102055900646487493e-02
2.100134154393497321e-02
2.097992171568727887e-02
2.096072738890034093e-02
2.094336759684095953e-02
2.092733256582285026e-02
2.090937525023778276e-02
2.089082525191895273e-02
2.086903456657716524e-02
2.085125840771859598e-02
2.083246712459724606e-02
2.081534307321597846e-02
2.079660143957823282e-02
2.077819877074777583e-02
2.075676151023451294e-02
2.073355078940905191e-02
2.071171537286897041e-02
2.069306964242905930e-02
2.067219075227619274e-02
2.065087015152403116e-02
2.062528798129725088e-02
2.059740932515808851e-02
2.057405375770094899e-02
2.055379309658537587e-02
2.053254305437997307e-02
2.051019634639072997e-02
2.049041533320167946e-02
2.047077897172311367e-02
2.045204035431137310e-02
2.043029032267168824e-02
2.040905087175984636e-02
2.359419339037689342e-02
2.196003418674999028e-02
2.105655067110059897e-02
2.046882039598334202e-02
2.007442618622981220e-02
1.995248348045995310e-02
1.970814389319397106e-02
1.955808754088139353e-02
1.942095772179728772e-02
1.929947751819477073e-02
1.925224169744081670e-02
1.910146383769898565e-02
1.897762210852238160e-02
1.886851671963883648e-02
1.876398015586001888e-02
1.883064614221403171e-02
1.874441042976229474e-02
1.866823466833065354e-02
1.860925264241632127e-02
1.856282129554125832e-02
1.856870214926600177e-02
1.852432068392385889e-02
1.848660123255623303e-02
1.844988874750867064e-02
1.841308806481786395e-02
1.840379115291762915e-02
1.835302231312378740e-02
1.831531047563997663e-02
1.828101854871188800e-02
1.824847727386721269e-02
1.826607885028337999e-02
1.821885968194663849e-02
1.818511632033990161e-02
1.815715702273955692e-02
1.813651313295460907e-02
1.816150204784621261e-02
1.813007131481389825e-02
1.809266400427792312e-02
1.806674438400250604e-02
1.804188627477644469e-02
1.806111218418017181e-02
1.801240442721056476e-02
1.798628048835357665e-02
1.795829800238274779e-02
1.793123166744097982e-02
1.798358347577283176e-02
1.791796098812120652e-02
1.789030211595599509e-02
1.786868277178289138e-02
1.785024516823851409e-02
1.783466388751162729e-02
1.782013636188441857e-02
1.780130719632822336e-02
1.778493992494195944e-02
1.776860285757280930e-02
1.774982239818877552e-02
1.772741622652501334e-02
1.770624714079414158e-02
1.768661079566322819e-02
1.766869425679415753e-02
1.765237514593584814e-02
1.763002947688073821e-02
1.761086401346222824e-02
1.758651383528696960e-02
1.756663385264333951e-02
1.754481593974297968e-02
1.752344965523849191e-02
1.750553079454614941e-02
1.748530770097594944e-02
1.746749419386082677e-02
1.744942947016390328e-02
1.743011061724283883e-02
1.741179267339735409e-02
1.739524372690453777e-02
1.737974030782293150e-02
1.736561720463899658e-02
1.734968056282683996e-02
1.733630867191659347e-02
1.732287914519527183e-02
1.731161756759175968e-02
1.729932302673277064e-02
1.728402439133484847e-02
1.726923805814911325e-02
1.725831298196341471e-02
1.724655039743251683e-02
1.723697166714947826e-02
1.722569220170900792e-02
1.721385451456497462e-02
1.720393814775573321e-02
1.719629093036321305e-02
1.718748837884141734e-02
1.718037505186452776e-02
1.717260447352414454e-02
1.716465209476529877e-02
1.715670423477720294e-02
1.714908612500296720e-02
1.714129465481251460e-02
1.713184959986878073e-02
1.712211319477362215e-02
1.711213175483719193e-02
2.062419295461899449e-02
1.933145157728403257e-02
1.865529837149380171e-02
1.823169942123604656e-02
1.788689218056708011e-02
1.759968272679948709e-02
1.736880786189700862e-02
1.719028087788485037e-02
1.701951770842810574e-02
1.691207338872872945e-02
1.683751644045789614e-02
1.675293732903677252e-02
1.666929907042049089e-02
1.659601291739689136e-02
1.653644126938739328e-02
1.649359738211295459e-02
1.643046712170903242e-02
1.637234470848476092e-02
1.631125930783946729e-02
1.625696949302708402e-02
1.621771092636429060e-02
1.617209615304896972e-02
1.612131477383777628e-02
1.607499313091212065e-02
1.604010802141719177e-02
1.603081106607523801e-02
1.599324159972262058e-02
1.596320740973467336e-02
1.593244699828899949e-02
1.590121320343592867e-02
1.588528075489148428e-02
1.585187681238778290e-02
1.582576241718452667e-02
1.579745957754197239e-02
1.577453435488372288e-02
1.577549938769413906e-02
1.574473212388154478e-02
1.571914678720203948e-02
1.569382350080223906e-02
1.567076465995987170e-02
1.568616617032767349e-02
1.566124258010917827e-02
1.563417710092440682e-02
1.560892487960505344e-02
1.558784180966482635e-02
1.560256549834931894e-02
1.558011985298628221e-02
1.555503778433477320e-02
1.553533754930376543e-02
1.551773451519175909e-02
1.549328468403552046e-02
1.547176445116194184e-02
1.545621123974951633e-02
1.543697902335288731e-02
1.541768188623987568e-02
1.540079300177995755e-02
1.538617729863991576e-02
1.537070766631085800e-02
1.535729082240033273e-02
1.534316442675340113e-02
1.532959565627255681e-02
1.531748686922397920e-02
1.530210597906149494e-02
1.528697629892378923e-02
1.527394035769410671e-02
1.526008284528071642e-02
1.524483272294000977e-02
1.523100146439263294e-02
1.521700865227404269e-02
1.520575001549056074e-02
1.519425714209871395e-02
1.518273093098456220e-02
1.517247439101116098e-02
1.516328202188340149e-02
1.515203384938706120e-02
1.514104132162142485e-02
1.513094110926656126e-02
1.511604715935789718e-02
1.510767564472735754e-02
1.509735168547441178e-02
1.508755876914304184e-02
1.507740800035934498e-02
1.506639133162102767e-02
1.505597491347903175e-02
1.504644565761353511e-02
1.503681490930358459e-02
1.502623740242318984e-02
1.501566272090246353e-02
1.500615193982964349e-02
1.499521741046759039e-02
1.498458672284215185e-02
1.497563632728949982e-02
1.496687877294125210e-02
1.495804492705295891e-02
1.494763493989967849e-02
1.493571278794404190e-02
1.492533655221264452e-02
1.491642669205565236e-02
1.490747405359992873e-02
1.489879184391441902e-02
