3.293233281376268806e-01
2.212317995447816710e-01
1.694963522305265868e-01
1.338976995555964389e-01
1.107206365620182487e-01
1.089127883628767113e-01
9.212783449155952098e-02
8.138702220669209730e-02
7.217162427428330806e-02
6.515019218349749064e-02
6.708977815050506943e-02
6.191454792111768940e-02
5.868074108168872677e-02
5.526770029566645259e-02
5.306015704776852193e-02
5.527169049299846676e-02
5.306913771202367153e-02
5.148515449334499505e-02
5.008963428691141223e-02
4.820828587421181755e-02
4.837638654853002734e-02
4.587622727268431122e-02
4.385096291936720764e-02
4.184288090499710400e-02
4.043136062762327926e-02
4.420761587140242116e-02
4.089660789057313756e-02
3.882169644091225391e-02
3.741698050229125966e-02
3.615789861184161985e-02
3.906507995063027150e-02
3.717891052406421121e-02
3.626175518774164136e-02
3.555867572029818013e-02
3.481199799405199774e-02
3.660141447802974651e-02
3.526078225360845808e-02
3.469099239558696979e-02
3.417541274882172908e-02
3.374588090171087157e-02
3.580439859263393615e-02
3.500819943808736873e-02
3.464049066928232001e-02
3.433747741516009894e-02
3.378677882300409885e-02
3.484653677337028882e-02
3.376169199768210005e-02
3.333352237412069707e-02
3.293964628739586009e-02
3.257784187048383406e-02
3.223258909931583233e-02
3.163937803576736402e-02
3.107588320879790464e-02
3.062652442123427535e-02
3.016060787400316051e-02
2.967434911967429742e-02
2.931364747529115883e-02
2.886663819171624706e-02
2.838401616607035688e-02
2.802847326775364384e-02
2.768399926388284346e-02
2.736725203703819012e-02
2.702738225389399174e-02
2.676988333243877916e-02
2.643385025399312346e-02
2.608571969758321021e-02
2.584237640620077464e-02
2.553127863854195295e-02
2.534732943155584492e-02
2.508960517545168190e-02
2.485109287607840597e-02
2.462768328221098119e-02
2.440840808298697789e-02
2.421051383924892678e-02
2.396450832430735423e-02
2.372361458968352127e-02
2.353480277413717153e-02
2.330255781846976570e-02
2.306047938842698680e-02
2.290026571960265475e-02
2.275211236380461632e-02
2.256713696022258700e-02
2.232348441709208764e-02
2.215190156616592479e-02
2.198347877831040645e-02
2.183693467588814982e-02
2.169880514599137680e-02
2.155258143624815687e-02
2.142488804537939773e-02
2.129559443578072503e-02
2.115006215028813336e-02
2.101509935619090205e-02
2.090354278842935370e-02
2.075772653564977172e-02
2.062539731776852348e-02
2.046499647490126680e-02
2.032371924473891020e-02
2.018764055701397636e-02
2.008304268517547772e-02
1.998777730359973040e-02
1.734051303714960121e-02
1.567762658580373197e-02
1.422605961510990842e-02
1.336701109727251625e-02
1.267788344712901007e-02
1.204793946672532388e-02
1.145360872960994765e-02
1.095965975574894440e-02
1.057844442351829617e-02
1.024611612905169597e-02
1.002222844291137185e-02
9.696952437445047202e-03
9.370562602789405879e-03
9.109649060404671761e-03
8.865045462253541217e-03
8.667763466362769786e-03
8.460679991666277336e-03
8.254715495690238131e-03
8.077748597601885558e-03
7.932547521575208233e-03
7.828958017710026598e-03
7.704660493331564296e-03
7.548685201322130264e-03
7.416557095356606129e-03
7.270754262670143381e-03
7.134228523157978147e-03
6.998778787852902479e-03
6.886138344288353016e-03
6.796246026841794123e-03
6.722554328286741050e-03
6.640829362486140065e-03
6.547104859849160394e-03
6.465724795484691957e-03
6.365957246052297673e-03
6.271059834227129919e-03
6.187953396353082676e-03
6.088869582393427980e-03
6.009006897197376185e-03
5.935263226934432701e-03
5.867270445851065219e-03
5.777279687712448368e-03
5.697368887881066810e-03
5.639539303952782051e-03
5.567664250949930053e-03
5.490657453293581840e-03
5.395525124082491651e-03
5.323093085323358717e-03
5.259207602735216022e-03
5.198943017375157877e-03
5.151492530034511644e-03
5.101923214930664807e-03
5.039890878941990365e-03
4.989347494168629507e-03
4.946882521044597761e-03
4.897590005567945687e-03
4.847339179981701406e-03
4.804699309978272166e-03
4.766282439640119606e-03
4.735293302220276376e-03
4.705450172066165913e-03
4.673469974819550142e-03
4.639811774235677068e-03
4.604040482850521067e-03
4.565463112690041833e-03
4.534765956354864722e-03
4.497237868443412084e-03
4.470048674491535444e-03
4.441396542668669782e-03
4.411453940582356868e-03
4.386365705255276630e-03
4.361904879105029005e-03
4.340335540217836463e-03
4.315881362597386722e-03
4.292259742699335717e-03
4.267119444884812790e-03
4.237010332362863181e-03
4.206974652562676248e-03
4.177825102146274540e-03
4.149353629817570215e-03
4.122704245567777523e-03
4.099406232828854170e-03
4.072796894904919321e-03
4.044255175062671029e-03
4.018531736551600626e-03
3.992085723574813165e-03
3.968816615889861690e-03
3.945323345059370546e-03
3.921879219072130739e-03
3.902920158836368798e-03
3.885062176631739073e-03
3.861500738652322382e-03
3.845130833373238462e-03
3.827021490417142555e-03
3.812516799043122635e-03
3.797765142790681444e-03
3.782040030918037629e-03
3.766101857271572737e-03
3.749025255460856475e-03
3.732720258187064311e-03
3.717428035814625623e-03
3.469295219164680606e-03
3.199722128966287632e-03
3.014887531958946893e-03
2.861908071441053841e-03
2.743923798749456008e-03
2.660575061244392029e-03
2.573043253663184326e-03
2.502935293284008159e-03
2.437592516985629797e-03
2.382532944780826195e-03
2.338137801377232483e-03
2.289709130611084897e-03
2.241022441861739538e-03
2.196581725400749852e-03
2.151487969597378185e-03
2.115735441074996503e-03
2.076676429885615342e-03
2.047393381857862821e-03
2.014176591802249033e-03
1.986506113209147214e-03
1.962519865173244487e-03
1.938740545325906388e-03
1.921548254804122599e-03
1.900913880272174332e-03
1.881672527857712433e-03
1.864575015601713324e-03
1.842808835588921005e-03
1.829685750465514116e-03
1.818174916064374189e-03
1.808059523125008904e-03
1.797036367235658452e-03
1.783061497058929887e-03
1.772813861253548767e-03
1.763595046168441429e-03
1.754307667716998318e-03
1.742883484262783712e-03
1.730884094109670169e-03
1.719645239720070298e-03
1.707728322690387586e-03
1.697483474327841175e-03
1.688617107190544748e-03
1.678783711901883462e-03
1.669369308912972433e-03
1.661069783537018514e-03
1.652213216152676953e-03
1.644940803128488744e-03
1.636348963116434838e-03
1.628070717490933978e-03
1.620861050421795128e-03
1.614184784899930052e-03
1.607422105628281139e-03
1.600896173331228366e-03
1.594503618552636781e-03
1.587594725009029055e-03
1.580987166415004884e-03
1.574646331096172039e-03
1.569564681242706415e-03
1.564420411842594059e-03
1.558874986967041755e-03
1.553399960001978098e-03
1.547159505677091771e-03
1.541613257648708196e-03
1.536881126383633951e-03
1.530846762213976166e-03
1.525213721538221405e-03
1.519161252540636832e-03
1.513875985420129206e-03
1.507390558769340638e-03
1.500104069869462797e-03
1.493546207922761366e-03
1.487047390731591201e-03
1.482411000374744174e-03
1.478203748196125914e-03
1.473411252267496597e-03
1.469037158724033343e-03
1.464786797463299211e-03
1.460612690603935821e-03
1.457357264266333262e-03
1.454190640942799005e-03
1.450725690381967671e-03
1.446953569250290957e-03
1.443904617201059986e-03
1.440650617039391070e-03
1.437250015054641070e-03
1.433801006989115188e-03
1.429824113589043232e-03
1.425812779598896983e-03
1.421360991732287206e-03
1.417453131317165200e-03
1.414753159860863843e-03
1.411897514483100718e-03
1.409680987646690737e-03
1.406767345924504059e-03
1.403673440155464190e-03
1.400163457198722082e-03
1.396429057347325703e-03
1.392633599071403921e-03
1.389611901643156202e-03
1.386574979715808490e-03
1.384235570568151039e-03
1.349257075791285114e-03
1.287163641541958035e-03
1.252109963036579900e-03
1.223414404148709216e-03
1.195350366963820413e-03
1.175017240571360564e-03
1.155112460782477951e-03
1.137073817955141283e-03
1.119776104433685719e-03
1.103771141360616057e-03
1.091057553546852113e-03
1.078767379962636665e-03
1.067322365961955507e-03
1.056949965019179970e-03
1.045512323880146621e-03
1.035452148959551798e-03
1.026924101447444868e-03
1.019854286615454403e-03
1.012920118131517208e-03
1.006152841402478248e-03
9.994893444712608672e-04
9.928201853963115279e-04
9.862028957119037785e-04
9.810990274882870708e-04
9.762215808667377287e-04
9.710346340365655056e-04
9.655784777735918790e-04
9.609749990284813248e-04
9.560031574110039107e-04
9.527184849041088043e-04
9.491073614089583482e-04
9.453427529729726587e-04
9.417462430447414833e-04
9.383567744236294981e-04
9.350307320840011652e-04
9.317084069856633281e-04
9.286634921361626958e-04
9.256581838020944142e-04
9.229880899530334320e-04
9.203922088257728831e-04
9.179513935684633762e-04
9.158595607963944439e-04
9.137708373646723399e-04
9.115465137132443101e-04
9.096798494760598500e-04
9.078555699324252024e-04
9.056035290423891573e-04
9.037125392868343562e-04
9.018654537691269410e-04
8.997721102450566451e-04
8.978186267165681701e-04
8.957986862123434087e-04
8.934037516366063331e-04
8.907956698438533431e-04
8.884662205692646494e-04
8.860610545126712317e-04
8.838096648337141715e-04
8.815312030154671356e-04
8.789614918365756336e-04
8.769963312814625525e-04
8.747667734151025982e-04
8.726336394292929805e-04
8.705203144736212498e-04
8.687902947097388530e-04
8.671801332848673568e-04
8.652581857974453970e-04
8.634109193051693176e-04
8.618036563137514627e-04
8.603630641316864546e-04
8.588410528464823432e-04
8.572216643124136969e-04
8.554547529002873209e-04
8.532080437189555871e-04
8.514983440416093409e-04
8.494884937413082777e-04
8.475054276623182354e-04
8.454535499322322640e-04
8.434982634110350973e-04
8.415806046007706827e-04
8.400356577898779493e-04
8.384113229853166127e-04
8.366856464348645028e-04
8.349740643336597563e-04
8.334018956853347102e-04
8.317319045751061677e-04
8.299430061370923319e-04
8.273176541114202415e-04
8.252495636715636478e-04
8.232916391027174461e-04
8.217293682119831402e-04
8.198036449173863377e-04
8.179982388420994292e-04
8.160889399559130954e-04
8.144823630716216487e-04
8.125823438355538400e-04
8.109303246356127336e-04
8.089481906569493015e-04
8.064915374947141018e-04
8.044285549273984563e-04
8.025090530641602405e-04
8.122751759108481689e-04
7.805532830679043138e-04
7.631703976148609308e-04
7.499733352323876634e-04
7.375647266438048206e-04
7.272310431221467534e-04
7.177726412753701385e-04
7.104879236080376961e-04
7.031360859829376055e-04
6.970058100349778947e-04
6.913481274577776715e-04
6.861757292619033834e-04
6.812959227807265615e-04
6.772150041043168214e-04
6.734223021189546547e-04
6.701651085310502678e-04
6.672008731416360959e-04
6.639697046131616933e-04
6.604334242813324901e-04
6.571545143086917349e-04
6.542554615726668774e-04
6.514280904564219866e-04
6.490661069236245860e-04
6.467950723155852996e-04
6.442367689486694577e-04
6.421553281692970148e-04
6.402805275435104106e-04
6.381777599159668213e-04
6.364907365590059254e-04
6.347956122000655539e-04
6.329655771323133839e-04
6.312725323341718568e-04
6.296251883144298898e-04
6.282743424971589524e-04
6.270534866428344569e-04
6.258068037479888645e-04
6.244804213766625778e-04
6.234610818820420126e-04
6.224578115878086565e-04
6.214787009172493323e-04
6.201865466183097532e-04
6.190369585632720523e-04
6.176094897671916212e-04
6.160408235031373083e-04
6.150095749650715590e-04
6.139910565186874458e-04
6.128912838155924038e-04
6.118530893880120593e-04
6.108184573476460339e-04
6.094501460071256481e-04
6.082690457989500680e-04
6.073720736107442479e-04
6.064487181301366197e-04
6.054839253595683526e-04
6.046488556196738008e-04
6.038425728524512894e-04
6.029373043404130097e-04
6.018978648864722284e-04
6.006272640241723786e-04
5.995979617894072302e-04
5.986491837164944173e-04
5.975416684114827825e-04
5.965361001449333029e-04
5.957912866838068226e-04
5.946798810660317404e-04
5.938094579601332955e-04
5.928390233172648469e-04
5.920012694586518831e-04
5.912542870183004444e-04
5.903289449269665239e-04
5.895621157353251500e-04
5.886689331365893563e-04
5.877424763725154749e-04
5.867021324670233882e-04
5.854735246147265348e-04
5.845394558334741789e-04
5.835951601703027059e-04
5.828076878452169473e-04
5.818952808222147910e-04
5.809468609896425821e-04
5.798553631394563279e-04
5.789630785499901271e-04
5.781328889018740643e-04
5.772223315589959268e-04
5.763969081108686904e-04
5.754890854502453957e-04
5.747614877522257831e-04
5.739193093589965277e-04
5.730898779146834836e-04
5.721873208618517793e-04
5.712448317446765450e-04
5.702820721275093409e-04
5.694310228683314859e-04
5.684751376906365967e-04
5.675820370520941009e-04
5.667731611714457805e-04
5.658666605799724967e-04
5.649849592552851595e-04
5.638998341683872269e-04
5.629933887400040762e-04
