4.341030757746222601e-02
1.641061293776119659e-02
1.154842885952523344e-02
9.138909357153042132e-03
7.275454867445975936e-03
5.563790557735267574e-03
4.410046755600132741e-03
3.761388129411571361e-03
3.277718394811446334e-03
2.907138038489686781e-03
2.622328862392115344e-03
2.318196123226659577e-03
2.041449386144558904e-03
1.835710509163878106e-03
1.679798601346712801e-03
1.542454109948297172e-03
1.439928530447240427e-03
1.353983511447020812e-03
1.260467084519239405e-03
1.172498070032900385e-03
1.108595678757454952e-03
1.047510199897555734e-03
1.006039404858603695e-03
9.599410512789069731e-04
9.165336776517012205e-04
8.826642157715976558e-04
8.440544008837132760e-04
8.095040279365333562e-04
7.780684241412368128e-04
7.560557207431574823e-04
7.323616031366697891e-04
7.070753989736773808e-04
6.802785619290784448e-04
6.569364916603065430e-04
6.296096274601019381e-04
6.078537517624588117e-04
5.843212416783764808e-04
5.677434168004873551e-04
5.484739554798500304e-04
5.289505312041950340e-04
5.194150592315029081e-04
5.068764902880815810e-04
4.945757411891551093e-04
4.850897775054036640e-04
4.738159639149971264e-04
4.652901275674121311e-04
4.511075239409001220e-04
4.412227044505873932e-04
4.320402389247889334e-04
4.240222415709716955e-04
4.176440543374445387e-04
4.100889976372428577e-04
4.024747977309947014e-04
3.952293309394169091e-04
3.865547175118894205e-04
3.773629325245083060e-04
3.696512668464488295e-04
3.624930583231126429e-04
3.563385745982084666e-04
3.517326501599132111e-04
3.472070488357367627e-04
3.410183771315604710e-04
3.344628503112960895e-04
3.274348087959709345e-04
3.207188360006119456e-04
3.132844059446695259e-04
3.076607683238696063e-04
3.016511234005831029e-04
2.959781868203300572e-04
2.915573370991814280e-04
2.871763654131068264e-04
2.821612707116170340e-04
2.772375143719776306e-04
2.733522976021885331e-04
2.689446930332219749e-04
2.645140548818157621e-04
2.610637483157208214e-04
2.583839831715396200e-04
2.552157149481462466e-04
2.522650727617108254e-04
2.497168446331058398e-04
2.474362465656823346e-04
2.448588071400525814e-04
2.421396003599311959e-04
2.398476880066897964e-04
2.379453399092330704e-04
2.362192302631159165e-04
2.345915041527378445e-04
2.329908475707285576e-04
2.307325106783477667e-04
2.289007302805345923e-04
2.265986179228220154e-04
2.241068788595349101e-04
2.216865293089485779e-04
2.191048076564577668e-04
2.171403332535977839e-04
2.155539767078905105e-04
2.137970600096446869e-04
2.118597948473127570e-04
2.103283477569430299e-04
2.011855157763121416e-04
1.949665558031049594e-04
1.877189965205758228e-04
1.823685616580808565e-04
1.774676719041845530e-04
1.736965929247658296e-04
1.708140297195952825e-04
1.678169389109429382e-04
1.650146095765097146e-04
1.629687717720747578e-04
1.606496830136390410e-04
1.588647572119713635e-04
1.573279145888233695e-04
1.554476043777258893e-04
1.537819852912369152e-04
1.523971275524018797e-04
1.510684453153671256e-04
1.497383322024256245e-04
1.487010007281884495e-04
1.475923917399328024e-04
1.462711018934039614e-04
1.450697016513119247e-04
1.439229815453787976e-04
1.427470691624957249e-04
1.415136636537565819e-04
1.402656548452689523e-04
1.386837901645963380e-04
1.374386621478512597e-04
1.363382754110131496e-04
1.352380881528438656e-04
1.339467462727209686e-04
1.327830507852832654e-04
1.314516736739794879e-04
1.305765641483971375e-04
1.297003788207010534e-04
1.286979340013127515e-04
1.277311431233122882e-04
1.270504208709725112e-04
1.261613636216961625e-04
1.252362425640367327e-04
1.243848535805330857e-04
1.234764515807743426e-04
1.226412483136090075e-04
1.218182796275093578e-04
1.209791627134740912e-04
1.198230792325676990e-04
1.189050803386453373e-04
1.179653203202992833e-04
1.170109293497428524e-04
1.158881449529646152e-04
1.150702214867240701e-04
1.142309980066552860e-04
1.133311518024707025e-04
1.125212667968083217e-04
1.119051039706508212e-04
1.111534878909310227e-04
1.101127157702971507e-04
1.091790391732218828e-04
1.083663785358456391e-04
1.072669015509820206e-04
1.065426496784283077e-04
1.060301630473623407e-04
1.053653144339270614e-04
1.048971018418584145e-04
1.041940369715419970e-04
1.037815268810250572e-04
1.032677828915874003e-04
1.027895048869999732e-04
1.021626140652398616e-04
1.017775550214436111e-04
1.014238033310756458e-04
1.011020757681116151e-04
1.006995963175041030e-04
1.003015822170448670e-04
9.996240943935780058e-05
9.957816259966933915e-05
9.920177535543201386e-05
9.870144040347459606e-05
9.821349093177850903e-05
9.781866606733102788e-05
9.749459168386676326e-05
9.711730557964458126e-05
9.684161959570859182e-05
9.653397841636037423e-05
9.615245656370200291e-05
9.579433531064182638e-05
9.520739702891611682e-05
9.461460702288052786e-05
9.397786405062283778e-05
9.352284725633803520e-05
9.307412270180276251e-05
9.246841370736263467e-05
9.201415812097221128e-05
9.148849129795495771e-05
9.084352773528488569e-05
9.023118269763175992e-05
8.975069859691452861e-05
8.932547645772687215e-05
8.887506718408611287e-05
8.842745504844544315e-05
8.749910527553294410e-05
8.626920422020735143e-05
8.552249504382761192e-05
8.482802457359762754e-05
8.412938386205029396e-05
8.351520100640172492e-05
8.297548440694134148e-05
8.246107623634507233e-05
8.203021793048284930e-05
8.161000571143852387e-05
8.124734048723731205e-05
8.087168138065996238e-05
8.047122872853929194e-05
8.007817555478735627e-05
7.974762780832538045e-05
7.942193410151923553e-05
7.906958075401025548e-05
7.876179746367525480e-05
7.851645952891416630e-05
7.826093611793845514e-05
7.800602502819235318e-05
7.773168708609582800e-05
7.746101062940461952e-05
7.721035913888565092e-05
7.691237130564127454e-05
7.666886837990248245e-05
7.637064895715354746e-05
7.604916281335196923e-05
7.577238477588611265e-05
7.548306331748604243e-05
7.522824632918239903e-05
7.494183861072299148e-05
7.468193270855234540e-05
7.443296145391319659e-05
7.423481424972455179e-05
7.394037960621343381e-05
7.373088880610853308e-05
7.351985972816859195e-05
7.332152852670719334e-05
7.311762823530448829e-05
7.287367866900695704e-05
7.270515823410798873e-05
7.250027146603580817e-05
7.228126433453529336e-05
7.203308078548791124e-05
7.181759251186400201e-05
7.154443064297920797e-05
7.127474238112099607e-05
7.101060472046780538e-05
7.073310219313496479e-05
7.046222266409468585e-05
7.014556185932696781e-05
6.982823856903439680e-05
6.949677437122901865e-05
6.916762619625229183e-05
6.882242291258849345e-05
6.841889445217295355e-05
6.802497983904247478e-05
6.767555547342641610e-05
6.738586177011912474e-05
6.721129312937643467e-05
6.696030526857546907e-05
6.672358809711951004e-05
6.639881116395291230e-05
6.609496791007833422e-05
6.575658377230969294e-05
6.544781952030110674e-05
6.517105066647806936e-05
6.483789214610887657e-05
6.448454726870855554e-05
6.410680995372122488e-05
6.373953866767231033e-05
6.340535792139375640e-05
6.307566603496489346e-05
6.276445811306576299e-05
6.239993919556739721e-05
6.197973547192142630e-05
6.163659240173844018e-05
6.127759685537507658e-05
6.096301666167071282e-05
6.051745828429969321e-05
6.013682836009136469e-05
5.972723496700254616e-05
5.930106040376345968e-05
5.892969391867395050e-05
5.859507894696451601e-05
5.833832151382613805e-05
5.809321948050573804e-05
5.788251326183271292e-05
5.762521897198603574e-05
5.731276058909033568e-05
5.704867486194842871e-05
5.672978965305440984e-05
5.643386964330965522e-05
5.618562163461824331e-05
5.594253259966043361e-05
5.572165883099962721e-05
5.549157025205182488e-05
5.528528963929448551e-05
5.512257843568839084e-05
5.576617537708915420e-05
5.498751120725830149e-05
5.440341809078351150e-05
5.408169340056957362e-05
5.362897609287372577e-05
5.324603001650831996e-05
5.296088197940480776e-05
5.269899747941001947e-05
5.243159540355602118e-05
5.218207799346847084e-05
5.194172412078690851e-05
5.171133997776187856e-05
5.153921056576809835e-05
5.134060125887072139e-05
5.115317888187932358e-05
5.098178344795821292e-05
5.083525418475721692e-05
5.066859514792495064e-05
5.045723017205108464e-05
5.029325001065500190e-05
5.015934716450722340e-05
5.000631773442924355e-05
4.984839144621761801e-05
4.971240353788079893e-05
4.957838759733532950e-05
4.942135165532349255e-05
4.929064937981553603e-05
4.913571096706994884e-05
4.901348281652296110e-05
4.883635318372553602e-05
4.869411367416483309e-05
4.859326869952338622e-05
4.846167671917138404e-05
4.831956673475941888e-05
4.818466822311158059e-05
4.805695273976462657e-05
4.796456343087203010e-05
4.783296819925806346e-05
4.769836238860139603e-05
4.754642228504128059e-05
4.743092892725655249e-05
4.730990249982875296e-05
4.720418494715178831e-05
4.710532293131121910e-05
4.699201719578244990e-05
4.689492431981549998e-05
4.677335022014333276e-05
4.664814042546004246e-05
4.653971136055176557e-05
4.642055472504183397e-05
4.632990981477770528e-05
4.622654072240249610e-05
4.614327965435017538e-05
4.602973601261936375e-05
4.592795644419542543e-05
4.583299255686362154e-05
4.572749754356867990e-05
4.563417935988285255e-05
4.553902030524236322e-05
4.543484853301708350e-05
4.533361846255094178e-05
4.522365806910791771e-05
4.508570650134904780e-05
4.496364859578823222e-05
4.485096652884836981e-05
4.473462260244543841e-05
4.462147358566643601e-05
4.451749480601061866e-05
4.441887267162691080e-05
4.430565793622006921e-05
4.421224046159508310e-05
4.410648320656753297e-05
4.400189432038706800e-05
4.392237614151376653e-05
4.383310161642303834e-05
4.372195387351496878e-05
4.362566954039510085e-05
4.355010920255106282e-05
4.346991873712039811e-05
4.338959403787401336e-05
4.332693682556109434e-05
4.324867225966472103e-05
4.316607678856017002e-05
4.305126483467491323e-05
4.296588595653989459e-05
4.288465297001262572e-05
4.279413000155748981e-05
4.267642488579650463e-05
4.256265593929689381e-05
4.242117620997491468e-05
4.229494950765122756e-05
4.219817197477295531e-05
4.211102525722885487e-05
4.197183124840574240e-05
4.182818992367972911e-05
4.170180121816357839e-05
4.153049071168850455e-05
4.129787859646438206e-05
4.115284768874438216e-05
4.101796935627721052e-05
4.702395477196296829e-05
4.577311237518508203e-05
4.512735043145808599e-05
4.459232387954916604e-05
4.401994632006347541e-05
4.353501083966728065e-05
4.315371495306860226e-05
4.280114536163325852e-05
4.246426693078505073e-05
4.222413081218201708e-05
4.186656372409714881e-05
4.156783394603310336e-05
4.132819063538334186e-05
4.109814161480341242e-05
4.085388856976602168e-05
4.059411619525914150e-05
4.042053214244579963e-05
4.022913626577326622e-05
4.003593741681642459e-05
3.990499667716746314e-05
3.977873339268948481e-05
3.964317633728873765e-05
3.949346647647684026e-05
3.938482346934536640e-05
3.929478679690599514e-05
3.916584541638882020e-05
3.907159374603780180e-05
3.895885265938254816e-05
3.884352098628575644e-05
3.869502467725851545e-05
3.859285103978078079e-05
3.848727015324064502e-05
3.835684343626623316e-05
3.819174789803544799e-05
3.808873295636941116e-05
3.796879894401837823e-05
3.786499591581287349e-05
3.773832620889461693e-05
3.761221408166306015e-05
3.752191680929521824e-05
3.744211800178909734e-05
3.736493944887739766e-05
3.727075494538486654e-05
3.720052426570431814e-05
3.713421257231387781e-05
3.707109295626636659e-05
3.699148088370995339e-05
3.692598609203637765e-05
3.686421703242223082e-05
3.681442927084038790e-05
3.676161798549578026e-05
3.671259841501170652e-05
3.665530414845867064e-05
3.659638205259027491e-05
3.654143189399511722e-05
3.648781462662519437e-05
3.642557480114624641e-05
3.636679459977793378e-05
3.631210655970326835e-05
3.625328669562460416e-05
3.619570623753762983e-05
3.614689693065505544e-05
3.608605969118667205e-05
3.602389891236550682e-05
3.596301054849612580e-05
3.591136645604429734e-05
3.586261122637138601e-05
3.582278582492815638e-05
3.578358616681205547e-05
3.574817464546373066e-05
3.570499269636133336e-05
3.567092663159997869e-05
3.562913160586554244e-05
3.558299874529437918e-05
3.553608223934194359e-05
3.549115510655162888e-05
3.543236407425581210e-05
3.536751895618284511e-05
3.531443733787448659e-05
3.525956054106002947e-05
3.519838149518237920e-05
3.513470061630075998e-05
3.506520171830260826e-05
3.500056552723153385e-05
3.492455886843829596e-05
3.486670574246210488e-05
3.480525764241729816e-05
3.474160788808199892e-05
3.465264677299046347e-05
3.456365910739274964e-05
3.449049294988578226e-05
3.441981942835042017e-05
3.436129315491192449e-05
3.428975031166959624e-05
3.423201360093552291e-05
3.418788127534557592e-05
3.411976289895782966e-05
3.404608953764028795e-05
3.399172931628694194e-05
3.391752788983540821e-05
