9.792697796515204001e-01
9.418594054442677166e-01
8.963280106146903625e-01
8.593186739196061463e-01
8.272316609837577772e-01
8.034194941865517858e-01
7.808180557697810276e-01
7.597785263947354206e-01
7.454057182459536968e-01
7.318438783024219241e-01
7.200906933710115032e-01
7.091907089293892907e-01
6.997933744360754771e-01
6.889647492725347044e-01
6.793079611100770743e-01
6.660421105711460399e-01
6.524792586636338765e-01
6.436383071539847345e-01
6.362049773703738476e-01
6.285098908887341018e-01
6.218253691777555492e-01
6.152924696923071091e-01
6.094457620803690467e-01
6.039999806119560333e-01
5.958089559791716061e-01
5.900044824437898905e-01
5.825647375832985198e-01
5.743134003150711653e-01
5.683075759245704850e-01
5.606659838859950895e-01
5.550029357639554295e-01
5.487029246359801382e-01
5.389413163874080537e-01
5.296260805721116904e-01
5.217881816049011467e-01
5.137511405083757809e-01
5.098959420565594147e-01
5.066730591958252816e-01
5.037591275806588831e-01
4.990795396801153694e-01
4.932998274765985069e-01
4.881261633083087137e-01
4.817659587072056215e-01
4.784515848489532819e-01
4.751532684529649053e-01
4.725105915895158604e-01
4.692155368006779015e-01
4.661516604628838656e-01
4.640541937101182457e-01
4.607091684592925507e-01
4.583241709593663393e-01
4.555454842874298027e-01
4.527276937716702698e-01
4.506000664425383051e-01
4.471667549391387664e-01
4.439436268741273617e-01
4.400414441040524371e-01
4.362299804557377980e-01
4.324654122136015189e-01
4.300026314703151997e-01
4.278301669531530682e-01
4.252054789847621308e-01
4.228186270001115799e-01
4.207131475087496075e-01
4.185162874195494931e-01
4.163926859998626773e-01
4.137313547015030735e-01
4.103252732050521323e-01
4.053593841759904892e-01
4.029554918046174827e-01
4.007347926837345753e-01
3.990995418449638232e-01
3.966987838623590168e-01
3.952043064710004661e-01
3.935495006879126678e-01
3.920221135184959738e-01
3.904854666826816922e-01
3.891219426410786331e-01
3.875862667620757485e-01
3.859381285652320748e-01
3.841345505649603753e-01
3.826011066477601474e-01
3.812388902132738400e-01
3.795693428814250758e-01
3.779008630988166528e-01
3.756441713784058889e-01
3.740183951479129076e-01
3.721823672943632699e-01
3.708865152945384214e-01
3.691781123852434510e-01
3.662489245480619049e-01
3.631659646760874161e-01
3.617832254784623669e-01
3.602013492868948452e-01
3.589581026641694983e-01
3.575037800074968297e-01
3.560903515924213059e-01
3.545690200490358435e-01
3.530558227478802213e-01
3.518477342806745622e-01
3.504422650863613375e-01
3.493379065616155077e-01
3.481377815747996318e-01
3.469930782451708384e-01
3.456133390493298929e-01
3.441948868730204669e-01
3.427357889477256059e-01
3.417956786841579997e-01
3.405809828320631727e-01
3.394135748998672875e-01
3.383922487562061043e-01
3.372776683304805068e-01
3.360754542564777791e-01
3.350202013221055819e-01
3.339131363895470606e-01
3.319455044251987119e-01
3.298508016082888350e-01
3.281112905163950377e-01
3.261180095182497629e-01
3.244633885589210398e-01
3.229414791684285246e-01
3.219222383489406258e-01
3.208869246258397312e-01
3.197182490239046104e-01
3.187700277134293270e-01
3.176778975215382439e-01
3.166742787688761052e-01
3.157446247481999757e-01
3.146119883941048134e-01
3.133330366676869705e-01
3.125084166498128813e-01
3.117600959839899044e-01
3.092572498503441403e-01
3.060698037402105887e-01
3.046575331062604808e-01
3.033803054311434710e-01
3.024705721333525443e-01
3.015207116928453890e-01
3.004152262426215136e-01
2.996258073689107571e-01
2.983437793370241065e-01
2.972034756247083354e-01
2.961037811606683223e-01
2.951842202269824300e-01
2.939190115638845580e-01
2.930621006907243031e-01
2.919447235085117498e-01
2.911075120700676311e-01
2.901656481792547204e-01
2.894472470703465805e-01
2.884637788869728325e-01
2.873332656357820425e-01
2.865099556689038041e-01
2.855667920514764480e-01
2.845620865001530220e-01
2.832175684075783906e-01
2.823462758413618490e-01
2.814283547112527151e-01
2.800524228995376341e-01
2.781853826966113052e-01
2.771915562672015998e-01
2.761621452869632010e-01
2.754774993135946648e-01
2.746403051934290240e-01
2.740580179862743826e-01
2.733759316043667398e-01
2.728140456051533214e-01
2.720443316200004125e-01
2.712661597153909754e-01
2.704486408247061546e-01
2.695434122866890436e-01
2.682796146936723969e-01
2.664957382211059489e-01
2.655748752827613579e-01
2.648254290428732616e-01
2.636952469321236503e-01
2.623994851942940132e-01
2.616370196680786187e-01
2.610692360299994297e-01
2.603678970680853855e-01
2.596181948189977273e-01
2.589662052982825702e-01
2.581724878363266806e-01
2.575919524305732011e-01
2.569679238698488466e-01
2.562612688435350616e-01
2.555811108918949470e-01
2.549646772631156688e-01
2.543169869743652778e-01
2.537198447922250910e-01
2.530441736105815687e-01
2.524758095822350334e-01
2.517038070174977826e-01
2.510729516004718831e-01
2.503240482661429622e-01
2.497164518933483179e-01
2.489759261205217455e-01
2.483679713873012118e-01
2.476562754662713084e-01
2.471144300874903166e-01
2.466474386676833219e-01
2.461188919369275974e-01
2.455082737074681110e-01
2.449724501720170755e-01
2.442457701916609658e-01
2.435053347460343354e-01
2.427037003890864242e-01
2.420323847392793493e-01
2.410539522125899059e-01
2.404883627642445676e-01
2.398549885771238677e-01
2.393723699094717494e-01
2.388951077292231495e-01
2.383722722347949297e-01
2.373113754596221647e-01
2.359475565123746454e-01
2.351091196435214914e-01
2.340367858793123146e-01
2.335801116605549788e-01
2.330918757440182953e-01
2.324612914978085032e-01
2.318169059236608043e-01
2.311593649869526923e-01
2.302704828083360633e-01
2.296366069156794143e-01
2.287094339370515372e-01
2.281519830268392002e-01
2.275069187148255068e-01
2.269003191057076541e-01
2.261645428780746092e-01
2.255876567389720477e-01
2.248652458916167440e-01
2.244353971785433000e-01
2.238637773718938628e-01
2.231957992089712850e-01
2.223929759101925807e-01
2.210975128742989904e-01
2.196288513421167932e-01
2.190632980629708404e-01
2.186081228275117971e-01
2.181922062417207542e-01
2.176287059223230014e-01
2.171703370022546320e-01
2.165388701394996562e-01
2.157318700881315499e-01
2.147416975478528278e-01
2.142663202044203796e-01
2.138283168991597094e-01
2.132942874047092652e-01
2.126744529189025512e-01
2.123198496671785396e-01
2.117885098187552162e-01
2.113878717310533895e-01
2.108748479150284183e-01
2.103249388385133867e-01
2.097145914026431190e-01
2.089726764389619462e-01
2.085573983010718946e-01
2.080723154114897666e-01
2.077243000068054457e-01
2.073541264152521102e-01
2.064714461850509775e-01
2.051104561898327572e-01
2.045902918827545158e-01
2.042258096949883250e-01
2.038844031971696891e-01
2.035553124040229700e-01
2.031960494748513701e-01
2.028116454252457679e-01
2.023758975783775671e-01
2.018506544118788826e-01
2.014412421987044621e-01
2.009857296384241210e-01
2.003568315448073234e-01
1.996577321148980955e-01
1.992730245945221190e-01
1.988429059649400865e-01
1.984826429206829057e-01
1.981233086608549521e-01
1.977186921080487658e-01
1.971597748874250600e-01
1.964543007091437976e-01
1.955321780839930357e-01
1.950899277279360133e-01
1.946812676335668568e-01
1.943530918052523704e-01
1.940454338260034217e-01
1.936639499033764034e-01
1.932892755087078640e-01
1.930064620543296694e-01
1.926834664268433361e-01
1.923558103211188974e-01
1.919647167980536584e-01
1.914104804596489795e-01
1.910845107725989700e-01
1.907437818213727210e-01
1.903951965012211367e-01
1.900137770075399635e-01
1.895834763373867582e-01
1.891348925267094805e-01
1.888168178471714143e-01
1.884308950812673134e-01
1.879928484444893799e-01
1.874614008356784989e-01
1.871808423387263387e-01
1.867934966619295700e-01
1.865116408332745945e-01
1.861395364482893444e-01
1.858760536262322738e-01
1.856103086756858145e-01
1.851787484544590578e-01
1.845629911992292815e-01
1.841624825893136419e-01
1.836832446161682231e-01
1.833839370487135578e-01
1.830079650933508773e-01
1.827004725066601609e-01
1.820297208988675697e-01
1.817106697468104382e-01
1.813413511194569283e-01
1.809663602339427468e-01
1.805464919557253078e-01
1.802742825193218157e-01
1.799508856147837288e-01
1.797230041589329419e-01
1.794962898100709026e-01
1.792239115275308936e-01
1.789388107540300921e-01
1.786633569311049385e-01
1.783580918862908149e-01
1.780839224647976504e-01
1.777517128207128927e-01
1.774857340256457972e-01
1.772244984628197351e-01
1.770156500840024960e-01
1.767447659992570363e-01
1.764777823407287782e-01
1.762196173915377417e-01
1.759981214633114521e-01
1.757751118703516080e-01
1.755204121257756267e-01
1.752560650435493750e-01
1.750061294088172681e-01
1.747809350017137386e-01
1.745080694781194208e-01
1.741714662684385184e-01
1.739318655183582640e-01
1.737050528869161226e-01
1.734540015154886206e-01
1.731504100035388682e-01
1.728964025948789285e-01
1.726299762093259360e-01
1.722935444223569479e-01
1.720558207178250198e-01
1.718030042609086649e-01
1.715344991383922491e-01
1.712531561541694447e-01
1.709336097038565982e-01
1.705081347486943066e-01
1.702188052640570548e-01
1.699023481721949058e-01
1.695841320185737244e-01
1.691325538787660510e-01
1.687522190935606958e-01
1.683755197952622740e-01
1.681543685948684586e-01
1.679202720222639222e-01
1.676941550061698816e-01
1.674579081720643792e-01
1.671501314197818000e-01
1.669956338950594754e-01
1.667766571324011404e-01
1.664802475703895113e-01
1.661177896135642984e-01
1.658321106030155312e-01
1.654828344294230480e-01
1.651875931162197220e-01
1.646878934849012044e-01
1.644225734488415636e-01
1.640991648102488598e-01
1.636985247628212348e-01
1.630998211507986018e-01
1.628219544195055879e-01
1.625666332152588545e-01
1.623075028969085398e-01
1.620068673755228617e-01
1.615526401221100417e-01
1.609976546776773487e-01
1.606848355841581644e-01
1.602609258807022041e-01
1.600252891440161751e-01
1.598114554688128408e-01
1.596265452823409647e-01
1.594201205940468102e-01
1.591924389062722434e-01
1.588788335776152860e-01
1.586931082197865495e-01
1.584028596500563768e-01
1.581646287383904614e-01
1.579626059686314865e-01
1.577624782093175471e-01
1.575652431434510781e-01
1.573341671864631752e-01
1.571118779546687161e-01
1.569194374074809606e-01
1.567448086702953880e-01
1.564458837401035696e-01
1.559518280591307982e-01
1.557445505968970134e-01
1.554925034633178327e-01
1.552803366496553761e-01
1.549263183723696702e-01
1.544142461701424052e-01
1.541803021260966522e-01
1.539701076650142608e-01
1.537883566497116605e-01
1.536319847159600127e-01
1.534565872318848501e-01
1.532802937994344472e-01
1.530330858822224194e-01
1.527536315377473197e-01
1.525223328471490281e-01
1.522386849399490760e-01
1.518968457177682641e-01
1.514811287745004009e-01
1.512724336814215420e-01
1.510674219440221178e-01
1.509098301603812031e-01
1.506547799115182940e-01
1.503266404575627491e-01
1.501530698146061604e-01
1.499351644125339889e-01
1.496223767247601144e-01
1.491316993730490148e-01
1.489140535078988803e-01
1.487238153176110023e-01
1.485739097758399518e-01
1.484332312955745636e-01
1.482463663780664576e-01
1.481056869200243764e-01
1.479215206919161640e-01
1.476936687702107287e-01
1.474409883822323519e-01
1.471081846903397883e-01
1.469258797765304880e-01
1.466880637542286869e-01
1.465352696999509818e-01
1.463278446514887365e-01
1.461249034635192234e-01
1.459204963943189215e-01
1.456456644160108727e-01
1.454852516876609658e-01
1.452878122135215222e-01
1.451465002609659827e-01
1.449241901209331329e-01
1.446166818092283757e-01
1.444339691773788847e-01
1.442016875802635267e-01
1.440570150868533128e-01
1.438692299676818109e-01
1.436163340571646740e-01
1.432937758368430792e-01
1.430838668489326504e-01
1.427565548158439279e-01
1.424732873260750876e-01
1.421535333566136816e-01
1.419674289919617138e-01
1.417268510128135983e-01
1.415967697083269361e-01
1.414620914400705476e-01
1.411223744589047147e-01
1.405645245997037274e-01
1.403197879989571406e-01
1.400123611078030184e-01
1.398275252384414968e-01
1.396673841855172737e-01
1.395052672650131109e-01
1.393512251995346618e-01
1.391555894741510757e-01
1.389175252968316843e-01
1.387838760035132180e-01
1.386170571315343547e-01
1.384984270116885463e-01
1.383503258166818572e-01
1.382423322452861481e-01
1.380784926758169273e-01
1.378836055170189201e-01
1.377325229573158616e-01
1.375447666912663625e-01
1.372881400185075873e-01
1.368697604023682290e-01
1.367256551481469962e-01
1.365642760655720322e-01
1.364348461564696413e-01
1.362404773445731465e-01
1.360507118500871027e-01
1.358441419269230954e-01
1.355644879365872357e-01
1.354132551586487154e-01
1.352328885025780580e-01
