1.632394957069135955e-02
4.045135730271169107e-03
1.672622213556917720e-03
1.166262595255617091e-03
9.054261292619346802e-04
7.467355191668974051e-04
5.673692324098474115e-04
4.959197368546914599e-04
3.876071465684635198e-04
3.415183197967571285e-04
3.127462084904737228e-04
2.861214858763196133e-04
1.859272473775098989e-04
1.442244071798326639e-04
1.296567096538524125e-04
1.186248765659133687e-04
1.096947422904814926e-04
1.026091708007495945e-04
9.110133028922024357e-05
8.278821152421965630e-05
7.850500717607103841e-05
7.439083858950751109e-05
6.294499003256768556e-05
5.535651157386647627e-05
4.788349455038397762e-05
4.397397269956743800e-05
4.151548979549433559e-05
3.789483572793545028e-05
3.581314339110231370e-05
3.508425427939373600e-05
3.426252512957601138e-05
3.361570708669341204e-05
3.304329143640390842e-05
3.248399886398734563e-05
2.946779518989673554e-05
2.687763474606048874e-05
2.041867312555068712e-05
1.685124415313923283e-05
1.645073670600578000e-05
1.614847100838311589e-05
1.569379831864002193e-05
1.536685927804710443e-05
1.500190010693607946e-05
1.468688454849307927e-05
1.456916478926159623e-05
1.445802458407215167e-05
1.435190719109132382e-05
1.411413064237650877e-05
1.387512252318559593e-05
1.370448555827871720e-05
1.354680047531350952e-05
1.343743420734262777e-05
1.329231166961585358e-05
1.313697897392766246e-05
1.291724067757433305e-05
1.274690700880544691e-05
1.256638109128047187e-05
1.239516839976180763e-05
1.221404659663817274e-05
1.204687878816231390e-05
1.183386254170496759e-05
1.162558267544596122e-05
1.154588702518538302e-05
1.115214489226737964e-05
1.073275685091168352e-05
1.054852221299100440e-05
1.038430304811972629e-05
1.031191488518658611e-05
1.024539711929269691e-05
9.484024255833762226e-06
8.850260455074960731e-06
8.764021889484239803e-06
8.699062714916240113e-06
8.630663890912229386e-06
8.548281321438880241e-06
8.470511557528446003e-06
8.384379033137517704e-06
8.319375106833701107e-06
8.256662286471326255e-06
8.198443285019836171e-06
7.468484258561598102e-06
6.751855117450448123e-06
6.651071468973792266e-06
6.540553758137926477e-06
6.437126748433674728e-06
6.339290365554385721e-06
6.220816227143446200e-06
6.133796243688589151e-06
6.110203120757307438e-06
6.068405334882553562e-06
6.024451239906395900e-06
5.996868092242121832e-06
5.966684144269325197e-06
5.923676514426912086e-06
5.888123739837137310e-06
5.826540759644567695e-06
5.777106215243285142e-06
5.710492517438841485e-06
5.646654893665121859e-06
5.620164909277608770e-06
5.591349106913525228e-06
5.557804132207058605e-06
5.531583604058806039e-06
4.412221199626920644e-06
4.001901757230155034e-06
3.993069921744203557e-06
3.975150660290447414e-06
3.957218502659590042e-06
3.946559470474185329e-06
3.937520222555191849e-06
3.921343111272284931e-06
3.904026514922852196e-06
3.889537355131453446e-06
3.841379929894187812e-06
3.797965077099050494e-06
3.751898425625829159e-06
3.715136504916585447e-06
3.705490496726181855e-06
3.696430681194011734e-06
3.682082484664736063e-06
3.664366962786282289e-06
3.652099752137400278e-06
3.637688905360957382e-06
3.621833221650133691e-06
3.605524240731024463e-06
3.591370273164457047e-06
3.577526478674388326e-06
3.564321954198265986e-06
3.444504413566973395e-06
3.365843050423231998e-06
3.357626477973496722e-06
3.318772448565945379e-06
3.284831631266712411e-06
3.258864800783900665e-06
3.231461443048002098e-06
3.209731392578525941e-06
3.191994098867839967e-06
3.123201279136454992e-06
3.049455341514199693e-06
3.041092905894422302e-06
3.032131178978820228e-06
3.024028754995313781e-06
3.012198524777147944e-06
3.003120203302568013e-06
2.997164617309254427e-06
2.990596774431313997e-06
2.983266756300977478e-06
2.974390617289969033e-06
2.967778127185684602e-06
2.952884350147673748e-06
2.941941060665421062e-06
2.932997776060289368e-06
2.925350245784404405e-06
2.917998167082594260e-06
2.911328418177773094e-06
2.907321894829062407e-06
2.837605342715233192e-06
2.768162480984528711e-06
2.707827097324575904e-06
2.645959979403096561e-06
2.629714913031204471e-06
2.613297561759768200e-06
2.595913139648094039e-06
2.581193517467676159e-06
2.574026087686279773e-06
2.567636520885894088e-06
2.554626288772783873e-06
2.543215339347621380e-06
2.507536426666517016e-06
2.479714094826968685e-06
2.471578830552500796e-06
2.467429310582824840e-06
2.464461190221210180e-06
2.459924998131082364e-06
2.456014963352463152e-06
2.442625460118437809e-06
2.432594568512638316e-06
2.375793537762948344e-06
2.333218162354771684e-06
2.326502328304150111e-06
2.320018181335145537e-06
2.315400969231603705e-06
2.310771692392859580e-06
2.307069012855703747e-06
2.299981444991310216e-06
2.292976238117368162e-06
2.290596833315451570e-06
2.275917457679561617e-06
2.263134613813160597e-06
2.250916159790587709e-06
2.237949688247907941e-06
2.230721235653934144e-06
2.223329624267616940e-06
2.216273793080515961e-06
2.209077127431083747e-06
2.101358827704302970e-06
2.025367052148925369e-06
2.018200323354406222e-06
2.012419821049026058e-06
2.009122817278188525e-06
2.006804132322355491e-06
2.001515737950565400e-06
1.996331272244231566e-06
1.991515946119125807e-06
1.988027391964633950e-06
1.960363366357324019e-06
1.939842584610354089e-06
1.935774506717619669e-06
1.933088517415893946e-06
1.930731589121972451e-06
1.928754510281916716e-06
1.923399902303751037e-06
1.918843677613133368e-06
1.904790111288094306e-06
1.888871477525427888e-06
1.884942983056876050e-06
1.881875961953097645e-06
1.879244829450242936e-06
1.875749576614973814e-06
1.872610436539760977e-06
1.870034811915504396e-06
1.867338685482227648e-06
1.864785722823296123e-06
1.862826150361497326e-06
1.801231423435102789e-06
1.746983746240136673e-06
1.743752498827406760e-06
1.740707185668782097e-06
1.738727256959323633e-06
1.735285903161864327e-06
1.732797140629180686e-06
1.731026737119595049e-06
1.728787840086598330e-06
1.727271534776108589e-06
1.725524270934268645e-06
1.723672877003855359e-06
1.722322816962277263e-06
1.706463490812975449e-06
1.692447003972288605e-06
1.666289209273495891e-06
1.642540828816346454e-06
1.632319905623971606e-06
1.622465693739846952e-06
1.617127800896324113e-06
1.611885348929835899e-06
1.610692205391955692e-06
1.609342797337329725e-06
1.607425527598035981e-06
1.605654144185225809e-06
1.603907120868441284e-06
1.602031251775198880e-06
1.600679398440842953e-06
1.599457234024124321e-06
1.598245523167031159e-06
1.429891057704379176e-06
1.299838212128145229e-06
1.295919104794561591e-06
1.294076102465128184e-06
1.292211689948190956e-06
1.291025368201734998e-06
1.289848965813109678e-06
1.288854200552457062e-06
1.287858483913558963e-06
1.286380687105246397e-06
1.285176669761839179e-06
1.282952378690233048e-06
1.280060223050094009e-06
1.278864184867904727e-06
1.275533649168164723e-06
1.272468193685175772e-06
1.271778124733998618e-06
1.270777359023969235e-06
1.269620743735284583e-06
1.268720348050015958e-06
1.266993225129663371e-06
1.265602227795602730e-06
1.264647445641532995e-06
1.263107581834835354e-06
1.262041544320006804e-06
1.260690678960898652e-06
1.259458789605728802e-06
1.258688909652214115e-06
1.249699907675805720e-06
1.240234633714218558e-06
1.239332965414617310e-06
1.238219001863070307e-06
1.237045322393027153e-06
1.236093521117733993e-06
1.234770299547558901e-06
1.233574825546367783e-06
1.232057671447753373e-06
1.230502031260280277e-06
1.228379424020082377e-06
1.226200553209148107e-06
1.224713225360545621e-06
1.222830290353820000e-06
1.221736462846578525e-06
1.220770586794165651e-06
1.219567004694725510e-06
1.196077180414841256e-06
1.175151496425876319e-06
1.173903860993567235e-06
1.172884624913815086e-06
1.172037351874613853e-06
1.170595495325194295e-06
1.169132045857265576e-06
1.168445286911699105e-06
1.167632636131572235e-06
1.166843071883169763e-06
1.165983554334563605e-06
1.164981404310737800e-06
1.164183777921141900e-06
1.163354391669624853e-06
1.161854666078337977e-06
1.160302402285908730e-06
1.159473737069603234e-06
1.156789911338603769e-06
1.153897963560125734e-06
1.143194301267300403e-06
1.128862991721291550e-06
1.127974783448151945e-06
1.127289861619666597e-06
1.126393498064956257e-06
1.125345139118566399e-06
1.124485831131315462e-06
1.123136912021447250e-06
1.121890265812816791e-06
1.116742918286427238e-06
1.111781004737409317e-06
1.108886887451062894e-06
1.105590846852213918e-06
1.104502472886832740e-06
1.103508903047250572e-06
1.102841370834525435e-06
1.102155353006395253e-06
1.101567767525573815e-06
1.100984845199847367e-06
1.100380369101539265e-06
1.099735921210486840e-06
1.098154546750076047e-06
1.096420514807204272e-06
1.095364890841042558e-06
1.094587522047091135e-06
1.093626948103581885e-06
1.092542787624213320e-06
1.091438154302668124e-06
1.090494807276475882e-06
1.089779264263006574e-06
1.088726778541213390e-06
1.087672280113315231e-06
1.086755613235449688e-06
1.085959987160398047e-06
1.085443205308787280e-06
1.084617361776718138e-06
1.082463243061594520e-06
1.080831486744007656e-06
1.073008265255345021e-06
1.065144629760623494e-06
1.063026625541878048e-06
1.060509505900145635e-06
1.059482019814170266e-06
1.058491508391542901e-06
1.057754538185097560e-06
1.056687730017910451e-06
1.055766767141161173e-06
1.055172072847168886e-06
1.054450714110249350e-06
1.053370758817202947e-06
1.052402981474040494e-06
1.051596383870839789e-06
1.050950368454058929e-06
1.048553245814187889e-06
1.046026457800573365e-06
1.044707123915100126e-06
1.043434186302666218e-06
1.042298282310179942e-06
1.041124268567845401e-06
1.040451488270505293e-06
1.039637592968202450e-06
1.038941458189829989e-06
1.038238077418568554e-06
1.037663096739535569e-06
1.034846786324838532e-06
1.031917363683782601e-06
1.030058135387799382e-06
1.028306952344938268e-06
1.026456099575525144e-06
1.024771524629231508e-06
9.976973222120307898e-07
9.686261302976304925e-07
9.666531507305238650e-07
9.647457034436632944e-07
9.635905364136974031e-07
9.621608194868549909e-07
9.613868090554153571e-07
9.607195826101841736e-07
9.591226128883051839e-07
9.577673689763631928e-07
9.568267266827122158e-07
9.558005021782955023e-07
9.549619389083167986e-07
9.542789512413534612e-07
9.536674748103372942e-07
9.531440734476200948e-07
9.521496303170687783e-07
9.511883751713730468e-07
9.490104003358855891e-07
9.469107264440359923e-07
9.460958140391594884e-07
9.452991260050515790e-07
9.445257420458706596e-07
9.438702037695231750e-07
9.434840308153531038e-07
9.425958544264352219e-07
9.417393362736136525e-07
9.395349627217173308e-07
9.371329885967463721e-07
9.355958094972607809e-07
9.342244404738742991e-07
9.326079352935125446e-07
9.310398579875321171e-07
9.258337667320741406e-07
9.201449544814994823e-07
9.173876364538876195e-07
9.147196352382939532e-07
9.136186431015967303e-07
9.127020862100271233e-07
9.118851406691077416e-07
9.110355124432095753e-07
9.106028523526403404e-07
9.101857774167443989e-07
9.094081948510828254e-07
9.060290617974585995e-07
9.036658482821320813e-07
9.023091075306477460e-07
9.009659474322008531e-07
8.936246845510112127e-07
8.863639933764167132e-07
8.825275114481364121e-07
8.788858303419985701e-07
8.781357124862588080e-07
8.775740094031828390e-07
8.766774278621742663e-07
8.758030649753277781e-07
8.753720171448764563e-07
8.746704935961390071e-07
8.741073958226086035e-07
8.735518558653767587e-07
8.725268759999148619e-07
8.713341013169270731e-07
8.706429426536841221e-07
8.699131313716649425e-07
8.694887516566290013e-07
8.689336606170464305e-07
8.685344804003139725e-07
8.553134385081043911e-07
8.424316628652827493e-07
8.331086807113624654e-07
8.223287451911573691e-07
8.191341226524592360e-07
8.166195461245675342e-07
8.161310091055043564e-07
8.156898905821585896e-07
8.151270775284841899e-07
8.146060260296075573e-07
8.100633655967429364e-07
8.052260189151616858e-07
8.044405535675028796e-07
8.037304992682112041e-07
8.034028426857549560e-07
8.028177081025474555e-07
8.020737933418603035e-07
8.015991746717988234e-07
8.013075573909740489e-07
8.009657922635883287e-07
8.004577306060856176e-07
7.998172320640208568e-07
7.993032792503581108e-07
7.987712013992246415e-07
7.982701172224941294e-07
7.975267207163208695e-07
7.967008081287163971e-07
7.961717807117227294e-07
7.957743893910064202e-07
7.951910087091257322e-07
7.945977979589556828e-07
7.916326892633517173e-07
7.892597040952810947e-07
7.860016651979095412e-07
7.828995773845489380e-07
7.794622017722642999e-07
7.765353318542956670e-07
7.731871987495254828e-07
7.698929983756140506e-07
7.694372781346280642e-07
7.689433815827652168e-07
7.409017129121419746e-07
7.146977677920270117e-07
7.135590255806041884e-07
7.132164001912967735e-07
