1.275845994444886611e-01
5.491687214689320445e-02
3.569166667399068654e-02
2.768762589584533931e-02
2.301578652935649255e-02
1.967929603772033617e-02
1.719546034972271181e-02
1.532363610235406952e-02
1.424566293186401919e-02
1.321661819749050948e-02
1.227200737218495444e-02
1.158897866525521007e-02
1.100871016043722742e-02
1.051803000717579928e-02
1.004870404282034134e-02
9.586934305733436912e-03
9.110467211726928222e-03
8.694112198392108665e-03
8.380449880921765973e-03
8.080460303385255533e-03
7.802597068626137417e-03
7.513379777126557267e-03
7.179285157122917635e-03
6.875112081226738073e-03
6.654342879452481915e-03
6.446900507297751749e-03
6.223009051813254040e-03
6.054607200784888760e-03
5.885768025686575686e-03
5.694817744015498104e-03
5.538640237201501552e-03
5.395251103639297878e-03
5.262606738393633098e-03
5.103538680857235520e-03
4.979828772978794199e-03
4.869543018048844152e-03
4.770060337680628697e-03
4.665548352820017390e-03
4.575734883961322247e-03
4.490170037065885876e-03
4.435064250379578896e-03
4.342650694662763926e-03
4.246467581522163186e-03
4.171113400082447804e-03
4.106316341908716229e-03
4.080388389527618391e-03
4.019065798552276872e-03
3.947365415428453345e-03
3.877312931581007160e-03
3.796160723749739639e-03
3.716021738969908176e-03
3.642394633978577288e-03
3.581083904859657351e-03
3.537629926967908282e-03
3.494161476033746678e-03
3.454039079303625193e-03
3.412100339824739037e-03
3.376168588761684075e-03
3.342332057846391247e-03
3.313873950516998609e-03
3.287205589615760370e-03
3.255814268169976346e-03
3.222827084956921429e-03
3.198647739006113457e-03
3.176018020819781299e-03
3.149317399086113117e-03
3.127756105199981738e-03
3.108517965068037948e-03
3.085247521196970294e-03
3.066140180002424175e-03
3.038024752353545195e-03
3.019063851644927104e-03
2.993432461744351819e-03
2.973998339495605939e-03
2.951518611151565750e-03
2.929812536240046679e-03
2.903315057231567638e-03
2.875246633375801598e-03
2.850389235511599853e-03
2.828771294593810607e-03
2.807205787699266174e-03
2.786128032847221599e-03
2.766765827625938291e-03
2.748608641985179468e-03
2.727102466664869853e-03
2.705201067196335695e-03
2.684104201568125996e-03
2.662312046207823604e-03
2.643566275858835746e-03
2.623506371184717353e-03
2.603646631523354703e-03
2.584980023176857745e-03
2.566024172235518465e-03
2.544263627234367910e-03
2.524449469458570332e-03
2.506612757499668102e-03
2.490346538375217723e-03
2.474924437293939648e-03
2.460195760802268063e-03
2.447582054350507831e-03
9.938928768263393526e-03
6.038395662614349027e-03
4.813433845029221718e-03
4.238134234105326442e-03
3.854740173771640469e-03
3.584963527171573794e-03
3.394097308687211642e-03
3.225350718141931864e-03
3.086185464445861948e-03
2.977982704576070776e-03
2.873374433682069577e-03
2.790502355279909918e-03
2.723687663795484101e-03
2.675092574568201185e-03
2.633715706916182724e-03
2.595414825760001924e-03
2.550389980688058233e-03
2.510951801470607311e-03
2.478683152914486817e-03
2.443578423718580691e-03
2.415851588732408853e-03
2.389038109796941516e-03
2.363527650083361090e-03
2.342555212431415845e-03
2.326607440873399053e-03
2.313458117919091166e-03
2.297937447936846799e-03
2.279902803141739195e-03
2.261794043489780918e-03
2.245558989697996662e-03
2.232019281401828505e-03
2.217637477086623413e-03
2.203274644583011390e-03
2.191647332940658242e-03
2.180530740835091158e-03
2.171655738724019222e-03
2.161487845514175297e-03
2.150407007607854463e-03
2.137538981037973539e-03
2.125619672133851647e-03
2.115215277672838866e-03
2.105608330565403308e-03
2.097734486297621499e-03
2.089802623733978074e-03
2.080158976077807042e-03
2.071689770834830684e-03
2.064491218013697702e-03
2.055727666641014775e-03
2.047083577323719969e-03
2.038965512215276492e-03
2.032559710424159793e-03
2.026864620159867653e-03
2.020871496137490505e-03
2.014360462071314566e-03
2.008781520616904903e-03
2.003039424472420182e-03
1.996516135804155510e-03
1.991572946399056392e-03
1.985244015098783926e-03
1.979762322230048128e-03
1.974708941800242760e-03
1.970023508764966787e-03
1.964374574300375986e-03
1.958295611307882874e-03
1.952058203943726929e-03
1.945501942787525220e-03
1.940281048785510651e-03
1.935553539937821246e-03
1.930879373260334679e-03
1.926955788430262211e-03
1.922231283486935905e-03
1.917517060170390248e-03
1.912552831352776856e-03
1.907770811967441239e-03
1.902416419731712150e-03
1.897910034980802374e-03
1.893069676289744303e-03
1.888350911683690141e-03
1.883569642059754190e-03
1.876383204352129316e-03
1.870660968505123440e-03
1.864071423324486923e-03
1.858378623463885710e-03
1.853553769386874711e-03
1.848749422863315119e-03
1.843483346850831621e-03
1.837592801658323579e-03
1.832540971893538428e-03
1.827707744954919179e-03
1.822874318631267357e-03
1.817941939990384793e-03
1.813664012710798547e-03
1.809098646318347452e-03
1.805444368386303466e-03
1.800413135437000864e-03
1.795306994307007808e-03
1.791504623552183382e-03
1.786746979285256266e-03
1.782639256536279774e-03
1.777474621187286963e-03
1.754084551239520331e-03
1.726726856938137896e-03
1.710114950870674725e-03
1.695866720253590143e-03
1.685853413903142407e-03
1.676151093594472740e-03
1.666876308012029155e-03
1.658085279725719481e-03
1.651855693362379697e-03
1.644914806091819955e-03
1.638844665860233248e-03
1.633363728833697043e-03
1.628214479521174294e-03
1.623320805143242587e-03
1.619381013342622178e-03
1.615237607254388754e-03
1.610579410221534046e-03
1.607218934320010350e-03
1.604552084178344174e-03
1.602226214789948412e-03
1.599878325013775332e-03
1.597388709952530074e-03
1.595156852684011641e-03
1.592814218168743393e-03
1.590564678292623931e-03
1.588687809181281094e-03
1.585887427885897521e-03
1.582901262631028960e-03
1.580709534793544539e-03
1.578393905611686103e-03
1.576574109665207762e-03
1.574947034326707428e-03
1.572909074355755650e-03
1.570335511525138613e-03
1.567859975186253587e-03
1.565912246498585248e-03
1.564200422574685495e-03
1.561976293237908424e-03
1.560036636583583261e-03
1.557812481625260289e-03
1.555645231315235444e-03
1.553266549521779404e-03
1.550426217869539615e-03
1.547400108107294591e-03
1.544244269060715720e-03
1.543042959479481871e-03
1.540330450957588240e-03
1.537864030221533724e-03
1.535439199185858333e-03
1.532539486950248216e-03
1.529893747455722802e-03
1.527442265531681661e-03
1.524440834104632322e-03
1.521580356836379480e-03
1.518904143958969269e-03
1.515980961622834635e-03
1.512712602557848710e-03
1.509759378042741917e-03
1.506679871573873971e-03
1.504038063242603722e-03
1.500962533642110318e-03
1.497940469372378760e-03
1.495552475200208863e-03
1.493375983130765944e-03
1.490775147344610427e-03
1.487637163149603840e-03
1.484157029632041883e-03
1.481005825970576738e-03
1.478368758721209210e-03
1.475602743475726416e-03
1.472610671821937339e-03
1.469359683396059520e-03
1.466120967043579556e-03
1.462584585337886947e-03
1.459095616439183432e-03
1.455966532313203226e-03
1.453344859934761714e-03
1.451349884383724672e-03
1.449072213470581957e-03
1.446958796045601323e-03
1.444532879065757577e-03
1.442086302356072229e-03
1.439736987951077121e-03
1.437092234478742686e-03
1.434245855560704972e-03
1.431507724620113093e-03
1.428684943351963979e-03
1.426011844150704014e-03
1.423731952290865433e-03
1.421568081036818539e-03
1.419484043780828075e-03
1.417323891839546070e-03
1.415097217586536388e-03
1.413346347691235181e-03
1.411239659819658442e-03
1.409160817948316513e-03
1.407577890650883474e-03
1.405703709916306847e-03
1.403774889136335082e-03
1.401699328501532574e-03
1.503517628501775368e-03
1.441825114630864574e-03
1.402847150614436756e-03
1.378737152278748310e-03
1.362851256615488834e-03
1.350700480138633964e-03
1.340255391179467556e-03
1.330725780592834778e-03
1.322774193257729783e-03
1.315813139491611499e-03
1.309713929963044182e-03
1.304287615383986285e-03
1.299617359767188569e-03
1.295955750346386914e-03
1.292336280822959987e-03
1.289412522743469151e-03
1.286562391503869680e-03
1.283389785531632811e-03
1.280723149298271333e-03
1.278317021628138902e-03
1.276384663812011851e-03
1.274282117948496301e-03
1.272311652552941515e-03
1.270532807262259641e-03
1.268436192125006832e-03
1.266949277692571482e-03
1.265181298694288475e-03
1.263595263395612782e-03
1.262066794156852098e-03
1.260393367985627273e-03
1.259022782475359295e-03
1.257328317751799530e-03
1.256054943033292886e-03
1.254723602812458276e-03
1.253480057536488119e-03
1.252366923829539977e-03
1.250920111131510661e-03
1.249498416652320212e-03
1.248390088133722806e-03
1.247202691578184683e-03
1.246923753416732472e-03
1.245825812255308904e-03
1.244704034353336054e-03
1.243689149474712201e-03
1.242595216955464429e-03
1.242730422055199216e-03
1.241689042409669774e-03
1.240544033842919894e-03
1.239337597752655611e-03
1.238328546521728175e-03
1.237207813368610028e-03
1.236140599141248488e-03
1.234931697104415735e-03
1.233878501396525745e-03
1.232771763229297598e-03
1.231721210895825834e-03
1.230587312611400308e-03
1.229415867775687007e-03
1.228276191416407832e-03
1.227113314117297439e-03
1.225953089486462840e-03
1.224949066620743560e-03
1.223789202291082623e-03
1.222605352801936192e-03
1.221454197410261171e-03
1.220065858473415614e-03
1.218728496895714764e-03
1.217612816389795037e-03
1.216183583094440157e-03
1.215038494144675798e-03
1.214038368992836252e-03
1.212972883102357612e-03
1.211632759322197380e-03
1.210536882774937905e-03
1.209597518066840051e-03
1.208590803231464252e-03
1.207659820128229684e-03
1.206689376977082735e-03
1.205622735188479917e-03
1.204518619495653252e-03
1.203481517797655833e-03
1.202571375298097872e-03
1.201592840520222458e-03
1.200446550119101292e-03
1.199265368888885941e-03
1.198282562040664610e-03
1.197128722039804243e-03
1.195892508340104868e-03
1.194907964056532131e-03
1.193929152738958457e-03
1.192837043197662872e-03
1.191754432442626143e-03
1.190663011521003560e-03
1.189414920935451996e-03
1.188355751556161586e-03
1.187079727924742791e-03
1.185817057557313984e-03
1.184670464317558441e-03
1.183567403457610806e-03
1.182323361040543480e-03
1.193754507807343263e-03
1.171656684398142629e-03
1.158237588857071289e-03
1.146367235674179306e-03
1.138239073617164972e-03
1.131261698466637768e-03
1.124455371998666579e-03
1.119708249222972195e-03
1.114891453821289374e-03
1.111059385744355473e-03
1.107634539350749094e-03
1.104276361022240270e-03
1.101398206875908291e-03
1.098503443098465494e-03
1.095353011688403148e-03
1.093447809028995701e-03
1.090650108914052556e-03
1.088539426154669408e-03
1.086535095618267445e-03
1.084465543901794648e-03
1.083703491946270275e-03
1.082218938490828695e-03
1.080563851733836551e-03
1.079063792979503790e-03
1.077411579721623261e-03
1.076924698248104021e-03
1.075298747365312788e-03
1.074022704086743767e-03
1.072807377692822171e-03
1.071443030327625442e-03
1.071391232827225695e-03
1.070354955121928303e-03
1.069248227117553353e-03
1.068066781848883489e-03
1.066767527720063977e-03
1.066761311699295986e-03
1.065505086720306945e-03
1.064269172263999788e-03
1.063219751107792729e-03
1.062041818700184366e-03
1.062263366839592263e-03
1.061112738624318732e-03
1.060120569038635989e-03
1.058974814239069034e-03
1.058131940999607144e-03
1.058407004957772181e-03
1.057283644678799718e-03
1.056321164774534768e-03
1.055284456101557430e-03
1.054333574314514094e-03
1.053511494392979711e-03
1.052840218229454672e-03
1.052134915246785403e-03
1.051403312590858162e-03
1.050438521224161597e-03
1.049669453400882413e-03
1.048946826540882431e-03
1.048165680370535726e-03
1.047488937178028172e-03
1.046929154222710602e-03
1.046114083860770439e-03
1.045443444825937002e-03
1.044762414781809671e-03
1.044011330971541911e-03
1.043359517991726765e-03
1.042655594041578702e-03
1.041895668827934156e-03
1.041187210329286598e-03
1.040485366341093376e-03
1.039766479016407180e-03
1.039137568326834252e-03
1.038552866907816894e-03
1.037817324080454870e-03
1.037210225198160899e-03
1.036245755654613626e-03
1.035231769107035175e-03
1.034401284207001797e-03
1.033443490166257401e-03
1.032570456078447160e-03
1.031585065614822831e-03
1.030666343586694863e-03
1.029603636300513176e-03
1.028604260791948820e-03
1.027578040108419535e-03
1.026720746399256484e-03
1.025891889834948259e-03
1.025020757496820879e-03
1.024323653110682016e-03
1.023470637675786806e-03
1.022619394763302344e-03
1.021881816478312568e-03
1.021147425325753810e-03
1.020423302428489489e-03
1.019529300084143220e-03
1.018637335319834154e-03
1.017748849394745905e-03
1.017061832218668638e-03
1.016335230920784385e-03
1.015580788795996271e-03
1.014808450012789909e-03
