7.316314115856371592e-01
5.669105605708708584e-01
4.337091294281495424e-01
2.982403096248503749e-01
2.170729089384191568e-01
1.818932786991611650e-01
1.476922691026665568e-01
1.227782373968962504e-01
1.032060840897654902e-01
7.140820212097757913e-02
5.530735578000926106e-02
4.639426201770040920e-02
4.137207391926596423e-02
3.913520172488560434e-02
3.500453835674564862e-02
3.153640119892512500e-02
2.977431297881532116e-02
2.761390692679629999e-02
2.686415731736173373e-02
2.566575460028476183e-02
2.457486809652976653e-02
2.293739413305576763e-02
2.162861360498276667e-02
2.036169142743386729e-02
1.915486402582674760e-02
1.857661623272972504e-02
1.811780178888182380e-02
1.777604685326838671e-02
1.660093782137731303e-02
1.578438776309987190e-02
1.536699279911833346e-02
1.492783907390272252e-02
1.461098218606076901e-02
1.429428090184186977e-02
1.399677892623050340e-02
1.377687815020542210e-02
1.354481372719390682e-02
1.328236995089657549e-02
1.306626824031008154e-02
1.288914377372684349e-02
1.272445244477878566e-02
1.246747616591146676e-02
1.223545483768186636e-02
1.207240529780483594e-02
1.153388120688750990e-02
1.116767740019413389e-02
1.106324322121621413e-02
1.093287093258324752e-02
1.073745583275190034e-02
1.054933515678728624e-02
1.037298507488661550e-02
1.017649022042097125e-02
1.001764305740970862e-02
9.879226901469655500e-03
9.742526378919128330e-03
9.623894836764098140e-03
9.101974762601041866e-03
8.586012915134692489e-03
8.446416125574977493e-03
8.330259814407272104e-03
8.235789831140783238e-03
8.147286658217381752e-03
8.096705299653884219e-03
7.953533566869071258e-03
7.864558875931940488e-03
7.780206654843789885e-03
7.682426953051287206e-03
7.590598214901411386e-03
7.502455643787312410e-03
7.337364945031678645e-03
7.213596529991901998e-03
7.123592016064972908e-03
7.039742736839512890e-03
6.971155173380430385e-03
6.909541579796348899e-03
6.849980373849993802e-03
6.799256657036410571e-03
6.746933877285990477e-03
6.690247778902295821e-03
6.631989230997902690e-03
6.567922808596346473e-03
6.527947464217612357e-03
6.474505948840036246e-03
6.447406715396909391e-03
6.403707739826642459e-03
6.359278644528165540e-03
6.243902376336841857e-03
6.139892629855199339e-03
6.107461555158006164e-03
6.079917746030048288e-03
6.054524696804193702e-03
6.020976203038943229e-03
5.993490527510587917e-03
5.909765828985240679e-03
5.835263600780618218e-03
5.781443829139405396e-03
5.709423697571680903e-03
5.676249840255121956e-03
5.635941812740021331e-03
5.609498289704855679e-03
5.561575922129224567e-03
5.515927695383268659e-03
5.480414983476369212e-03
5.450088297812068043e-03
5.427748931940742060e-03
5.403409894269877410e-03
5.383686879415082796e-03
5.364364288707254222e-03
5.325676012447986760e-03
5.288159197891849350e-03
5.250640324296382278e-03
5.211795499503238220e-03
5.146127422432248376e-03
5.098006413347704567e-03
5.048820960077177351e-03
5.012775148424427826e-03
4.977278498434161043e-03
4.945995132159588734e-03
4.926497280205377298e-03
4.899092836162638985e-03
4.877113407537310950e-03
4.841964985453818190e-03
4.793258709697062296e-03
4.770567579427034861e-03
4.751602453879719135e-03
4.735630664146240829e-03
4.721207911362377760e-03
4.694376935772823049e-03
4.669154211802809679e-03
4.647368863455320076e-03
4.628817885228454256e-03
4.606979874748854710e-03
4.585624804462318758e-03
4.532031025178348722e-03
4.490835651009247691e-03
4.455449568479321124e-03
4.416846455990237202e-03
4.399560609374028076e-03
4.359291117010237818e-03
4.326101248269639821e-03
4.310907244044715099e-03
4.296701091623554222e-03
4.284612568473134160e-03
4.273362118157231562e-03
4.262907679850853372e-03
4.236603188741169639e-03
4.219498840919316297e-03
4.204140046991394590e-03
4.189060973201359436e-03
4.154701598864354167e-03
4.118084960376799074e-03
4.099621377955218679e-03
4.082599771069971885e-03
4.071041344935479554e-03
4.052410981373290137e-03
4.040472200280489923e-03
4.024659125453140807e-03
3.999277370386248448e-03
3.985037057409719641e-03
3.957231293734973267e-03
3.941117197185184037e-03
3.925899779876931318e-03
3.911470399824195678e-03
3.905533061316174021e-03
3.880738878129750234e-03
3.854828720171067993e-03
3.830972060145988213e-03
3.810390805622352987e-03
3.800059617961248741e-03
3.769154462475944080e-03
3.744404276288343554e-03
3.733161914234519284e-03
3.723414281100094134e-03
3.714932018354969237e-03
3.705123993444409906e-03
3.688353163426702844e-03
3.665323325908106770e-03
3.648693897178020406e-03
3.630163906569374311e-03
3.620120971224179748e-03
3.608568689670692883e-03
3.598627846990481733e-03
3.585564798758988925e-03
3.577174679330370841e-03
3.563129150238596686e-03
3.550003989149503551e-03
3.541181544093466478e-03
3.533339831517373544e-03
3.525586255016389340e-03
3.518594530438654260e-03
3.506436130165168502e-03
3.493240762868238519e-03
3.488034580287602358e-03
3.454092066844809388e-03
3.429009770538189467e-03
3.415986915399842928e-03
3.405983265342478472e-03
3.397111671148587194e-03
3.387658185985607546e-03
3.380222944454546255e-03
3.372581023525128823e-03
3.367428438139441829e-03
3.351994342202174650e-03
3.338942638479633872e-03
3.328710055707594269e-03
3.318373943354295617e-03
3.308049411030839979e-03
3.295649085117223921e-03
3.287715957007997236e-03
3.279024778181856802e-03
3.269281195199709878e-03
3.260708930763135584e-03
3.250414172064883690e-03
3.238441636307074628e-03
3.231879305581131148e-03
3.221204313087132256e-03
3.203027002213437117e-03
3.186578458916220803e-03
3.174141101756209043e-03
3.164308244624008341e-03
3.149771651452090617e-03
3.134290291866576993e-03
3.128598880885073014e-03
3.122688036211764256e-03
3.115254470190352391e-03
3.100611228713217281e-03
3.084567710066373186e-03
3.077117396408215154e-03
3.069337986918122419e-03
3.060284577614668690e-03
3.050026701897892625e-03
3.043794941649422339e-03
3.032514164814996329e-03
3.022406745704729787e-03
3.013783863150363163e-03
3.007012598910152254e-03
3.001412200801019219e-03
2.995555376221473685e-03
2.991148238070747908e-03
2.986291814837322475e-03
2.978593402070073715e-03
2.972627167695031727e-03
2.967660631111879339e-03
2.960212944363176894e-03
2.954382537437052515e-03
2.948538620549838191e-03
2.941128485622609284e-03
2.928137859816836580e-03
2.908811659413285990e-03
2.903274024232925521e-03
2.897390628953942868e-03
2.891602681129550826e-03
2.886814233090251227e-03
2.881913476304767598e-03
2.876191749601777949e-03
2.868791469888126115e-03
2.860359007645577566e-03
2.856541142121261576e-03
2.852476322573915118e-03
2.846217085778390745e-03
2.838558841813508798e-03
2.832300221164556122e-03
2.827037715171793440e-03
2.822821175542927514e-03
2.816495985979835560e-03
2.812265891277191364e-03
2.804804138213778681e-03
2.797818501543919770e-03
2.793533218329858053e-03
2.788440588833597869e-03
2.783847820723613520e-03
2.777842871225667115e-03
2.773019623680019786e-03
2.767361303891713309e-03
2.762553885365000121e-03
2.756900039786752080e-03
2.752586315123798158e-03
2.748295121156741315e-03
2.742077362450248516e-03
2.735648152088077188e-03
2.732249222830900829e-03
2.726672189120007712e-03
2.722149851755674334e-03
2.717301634179368399e-03
2.711984424029378633e-03
2.708155437866118214e-03
2.704086106552476988e-03
2.699650508756994052e-03
2.694367257250710346e-03
2.690307080912453675e-03
2.683407694015596794e-03
2.678834970402750506e-03
2.674529872527940232e-03
2.669897926755100247e-03
2.665131371353182850e-03
2.661282866051330968e-03
2.656750781645843794e-03
2.653920651559421150e-03
2.648841995317193984e-03
2.643587966887578009e-03
2.635421112932526816e-03
2.627163098579158359e-03
2.622449690304750648e-03
2.617511065485336654e-03
2.610841120947776130e-03
2.602709975354244778e-03
2.599321614619884424e-03
2.594394403871705043e-03
2.589412210565479253e-03
2.584947030676829766e-03
2.579695879183395695e-03
2.576277169166273952e-03
2.571497523860168197e-03
2.568060885219129817e-03
2.563339856465134039e-03
2.560312141806926796e-03
2.552515886066400366e-03
2.543832629950061076e-03
2.537976097564773482e-03
2.532797205109811774e-03
2.526714565438708659e-03
2.523047804434355550e-03
2.520060499211037707e-03
2.514910780964122339e-03
2.510307204357586659e-03
2.507794443775963715e-03
2.503693530955877333e-03
2.499715849506048849e-03
2.495154014686069063e-03
2.490584720064841634e-03
2.486167911727323911e-03
2.481436536578330437e-03
2.476930619716228004e-03
2.471941308783562590e-03
2.467432713168525409e-03
2.462547035996956978e-03
2.459347636051347191e-03
2.453745740690455816e-03
2.450003631514301432e-03
2.441997397581459513e-03
2.433259120217488858e-03
2.429644332376970899e-03
2.424831349569586073e-03
2.421324563051949555e-03
2.418340378351869959e-03
2.415465047438212533e-03
2.412629336459940540e-03
2.406790816063843035e-03
2.401481036855633144e-03
2.394792632643063992e-03
2.387435053330999590e-03
2.383007071298640957e-03
2.378743172129279149e-03
2.376102036825368004e-03
2.371834009745390440e-03
2.366839545205532986e-03
2.362905311753976147e-03
2.357767162572204159e-03
2.352898908450097668e-03
2.348539319483318455e-03
2.344572332323971355e-03
2.337022685242791560e-03
2.330187180584763779e-03
2.327764275946713791e-03
2.317526117106824980e-03
2.306175556230503215e-03
2.296720636063052413e-03
2.287167525975278195e-03
2.281641741295351977e-03
2.277707884776276458e-03
2.275182723922967304e-03
2.272206915213616403e-03
2.269502868344709136e-03
2.265168651394562985e-03
2.260127384750384560e-03
2.256063964831547548e-03
2.252016083368208951e-03
2.248505851956964213e-03
2.244338624595971967e-03
2.240854137460994433e-03
2.236846312830029909e-03
2.233366191242889664e-03
2.227684250561882615e-03
2.222381275819025007e-03
2.219254993010092054e-03
2.215410886992031595e-03
2.212175103798222440e-03
2.209036693464627027e-03
2.205539679625929603e-03
2.199618960571454816e-03
2.195916873870822506e-03
2.193420103256318171e-03
2.190435407083826409e-03
2.187851588144158147e-03
2.185256972035523257e-03
2.182083784408116178e-03
2.179360619991797896e-03
2.175982429921959494e-03
2.172965582035093091e-03
2.168921691188843877e-03
2.167310430368836038e-03
2.157342263057051863e-03
2.145514534154173859e-03
2.142038175021582919e-03
2.139024882390780456e-03
2.136207108967057809e-03
2.133886712610858112e-03
2.131799021780965680e-03
2.129165874179668894e-03
2.126067772023763642e-03
2.122667457314851309e-03
2.118793766951535158e-03
2.116093012168193416e-03
2.112922682124489856e-03
2.109514998774025124e-03
2.106538718301386934e-03
2.098093435026574319e-03
2.087799715837686428e-03
2.084058552557421437e-03
2.080238025703412368e-03
2.077058590827290420e-03
2.073244196686727363e-03
2.070827414556991510e-03
2.066086717232146035e-03
2.062168544411495125e-03
2.059009169399262946e-03
2.055916310903697832e-03
2.053764745322025475e-03
2.050739487367946989e-03
2.048336205976686222e-03
2.045707478005239031e-03
2.044366429623248587e-03
2.035898316847802730e-03
2.026742269248126178e-03
2.023847472818664922e-03
2.020944397200131939e-03
2.018838528034164366e-03
2.013776999093773532e-03
2.007356978671965587e-03
2.005487691332082101e-03
2.003257661619555624e-03
2.000488946052594690e-03
1.996961264525289048e-03
1.991886840066178950e-03
1.986768112646747266e-03
1.983803021331715603e-03
1.981426533862187638e-03
1.979947035429675383e-03
1.977304154563489218e-03
1.974871072845545573e-03
1.973242535345199646e-03
1.971244658369659172e-03
1.969776195794065328e-03
1.966912087921721466e-03
1.963846393444592005e-03
1.960266915886039324e-03
1.956447424203821422e-03
1.952297791638702481e-03
1.949689046667964958e-03
1.947231856399972644e-03
1.945574039266576797e-03
1.943011451042098115e-03
1.941078294946380848e-03
1.939510955363155749e-03
1.937637568475665713e-03
1.935610408187978361e-03
1.933804006880884656e-03
1.931946074400943880e-03
1.928258705081120844e-03
1.924218951996016849e-03
1.921793450604978876e-03
1.918995100401681055e-03
1.916039800799532612e-03
1.912683778818400054e-03
1.910191068942698658e-03
1.908062892079181875e-03
1.906288517625960230e-03
1.902989809018234679e-03
1.900074292264157831e-03
1.897448241308294890e-03
1.894864513451048832e-03
1.893124849557011481e-03
1.891117094745763203e-03
1.888628319647388904e-03
1.885775810849449558e-03
1.883243380437325462e-03
1.880746514130064023e-03
1.878157855175622464e-03
1.874795843887528063e-03
1.872879971191807784e-03
1.870597854662713966e-03
1.868934820602477726e-03
1.866691879694884612e-03
1.864432059944547658e-03
1.860544051370285629e-03
1.856682887549864023e-03
1.854187163194161939e-03
1.851600646338636379e-03
1.848704755180286203e-03
1.845567694756091197e-03
