6.178737689454597559e-01
5.035922468405318320e-01
4.344486715507982488e-01
4.143795562814018285e-01
4.054442651257502139e-01
3.638448733190877138e-01
2.979498766338902760e-01
2.718102160941412992e-01
2.472090690867219664e-01
2.315935852919557558e-01
2.203744686523136098e-01
2.062131178820185429e-01
1.975727119850770319e-01
1.870805604830280411e-01
1.804292834252443634e-01
1.731600661192400636e-01
1.683033442499177190e-01
1.651989065399114831e-01
1.620927068202720756e-01
1.586253309379581367e-01
1.572379774281722764e-01
1.536687157493128453e-01
1.513706114119159341e-01
1.499760168514611691e-01
1.489168792198492519e-01
1.489428849310804603e-01
1.455299926832440971e-01
1.433131823161359897e-01
1.403594189574206286e-01
1.361359083856807650e-01
1.339160810009793479e-01
1.294184929247894078e-01
1.256000972465186050e-01
1.183420429182300698e-01
1.136081225691222413e-01
1.118262723042806051e-01
1.080060016270163459e-01
1.055493928205771675e-01
1.038002201795181489e-01
1.021280285673880905e-01
1.023756660613054648e-01
1.005060248414101770e-01
9.914545919265231599e-02
9.812382376915068649e-02
9.613366198084574710e-02
9.652092214754545707e-02
9.427968263529107329e-02
9.122598113180796497e-02
8.940646246252829943e-02
8.742775765515213571e-02
8.439543665122224703e-02
8.111326381584181566e-02
7.889413494843208752e-02
7.588053996282762004e-02
7.244977616089767758e-02
6.956851857040567688e-02
6.781218458325577458e-02
6.453716767469461213e-02
6.158120745626273485e-02
5.858650486372360411e-02
5.556191701037237196e-02
5.121050862887217142e-02
4.793214069793651222e-02
4.441262358777461200e-02
4.136187693290346162e-02
3.826247817864166650e-02
3.634133556186298214e-02
3.498127401298385675e-02
3.382605282372986438e-02
3.276287827493452876e-02
3.206751630790566354e-02
3.152297212939062648e-02
3.071923981066124881e-02
2.962348919168676306e-02
2.870884645327196824e-02
2.796646429679842255e-02
2.728034534852720114e-02
2.679864611083454182e-02
2.638531190501238952e-02
2.597523494638913702e-02
2.548019810391111140e-02
2.513023263881988129e-02
2.479914430488763810e-02
2.455731329038314883e-02
2.433832004667654120e-02
2.414391484398547422e-02
2.389089760932146950e-02
2.362215921601345039e-02
2.315822592842342945e-02
2.246499380055095446e-02
2.200856856403110920e-02
2.171827340756316699e-02
2.140070684624151634e-02
2.112963967087069100e-02
2.089967618534382260e-02
2.068502352976765019e-02
2.045210129203765131e-02
2.009430391762682608e-02
1.965962181129502981e-02
1.912202006260546594e-02
1.791582592513207492e-02
1.565008959206988515e-02
1.447261730415978602e-02
1.308278608530012189e-02
1.201344340684411607e-02
1.186928262365082379e-02
1.127260937842607808e-02
1.078724295056497813e-02
1.041357729894815988e-02
1.013498002570975554e-02
1.042632615191218907e-02
1.009581615074349979e-02
9.810780801360621806e-03
9.501159233814237409e-03
9.281250900994880704e-03
9.701571506143827350e-03
9.358328579518028142e-03
9.108607704035659100e-03
8.900265990568947266e-03
8.646089411678329478e-03
8.906203967453325474e-03
8.651042046380811798e-03
8.493666451087126396e-03
8.323445845408247376e-03
8.148745324941078158e-03
8.291879953439567144e-03
8.071277858508703329e-03
7.948936577896791381e-03
7.825937411228741855e-03
7.666334091233655522e-03
8.071522891878735173e-03
7.865007967656907975e-03
7.717744786678973172e-03
7.561802383909708124e-03
7.438023442686254177e-03
7.866889259410392646e-03
7.714678433002501029e-03
7.583008153708497776e-03
7.480522301866461381e-03
7.340598061344885163e-03
7.522913252104605417e-03
7.345115907939768658e-03
7.245354378906252585e-03
7.143031043965540616e-03
7.021229956659750908e-03
7.375510624424088009e-03
7.177320762579605419e-03
7.096927876119738660e-03
7.013149524193548583e-03
6.951705910305159240e-03
6.883330991740675697e-03
6.816032648929136635e-03
6.742771582445566438e-03
6.657401718096453251e-03
6.557869495034290494e-03
6.448325475599646882e-03
6.351871651166454344e-03
6.257085698887515472e-03
6.181007006862120762e-03
6.087098840897248522e-03
6.001730358571980527e-03
5.911510902230955773e-03
5.846074077213815785e-03
5.774540549744544907e-03
5.687722287602429809e-03
5.618188139526460352e-03
5.541962219155668543e-03
5.473192741114259359e-03
5.414341743683946488e-03
5.366531381752130681e-03
5.321569735553047242e-03
5.275014240431644824e-03
5.224439305500747956e-03
5.185445324412987257e-03
5.150423531526733545e-03
5.111989812062966293e-03
5.073553145913218751e-03
5.026301098289477631e-03
4.968588381213029370e-03
4.904647849240889243e-03
4.862585998280013339e-03
4.820013490708078933e-03
4.795371960244100909e-03
4.763350448412860191e-03
4.728628876102111342e-03
4.679289630018570838e-03
4.641673017984376814e-03
4.602488834086839592e-03
4.571869130935748461e-03
4.529697928310773801e-03
4.497956702663744900e-03
4.460487843627104765e-03
4.425485030177873057e-03
4.382037069692948546e-03
4.347416190288637058e-03
4.309763565625178081e-03
4.277210383051482934e-03
4.251038440990375679e-03
4.227330685127603585e-03
4.202716483516485101e-03
5.271878236527238575e-03
4.667377519745288805e-03
4.362096009627339059e-03
4.168594901764524456e-03
4.022681934684105461e-03
4.003381818895842062e-03
3.856958468058275906e-03
3.765214232486902794e-03
3.693090582142537302e-03
3.617016428796648170e-03
3.630199497903533259e-03
3.532581498650408207e-03
3.457345776474842446e-03
3.395932474577700866e-03
3.329685995803171889e-03
3.361940031836680755e-03
3.305864209548066337e-03
3.257417430375495089e-03
3.206799136909786220e-03
3.151980457528482955e-03
3.233781368353878458e-03
3.164400152940453209e-03
3.117727046970326325e-03
3.072817217370877197e-03
3.036412933966920347e-03
3.079617046826577977e-03
3.024472830388840860e-03
2.993827500983183443e-03
2.967742511284752593e-03
2.946950682129260458e-03
2.996758096324185581e-03
2.958464943611585629e-03
2.942036926054832947e-03
2.913316394001190610e-03
2.883163251190433689e-03
2.919582878964056480e-03
2.879446058031479277e-03
2.856511431492935078e-03
2.829826224901600511e-03
2.798146257619474418e-03
2.835936761479186836e-03
2.786292341975354393e-03
2.762799056343633129e-03
2.740787720244782389e-03
2.723990365314857710e-03
2.816893506988187544e-03
2.782759988472108519e-03
2.767602292820112424e-03
2.756319465636024226e-03
2.744132491139235873e-03
2.727919895799012749e-03
2.706902433049249417e-03
2.685459986647793697e-03
2.667877907876280152e-03
2.646321539308466898e-03
2.624644010663703189e-03
2.605647274707332400e-03
2.590698846525971068e-03
2.574292620968619567e-03
2.556663620635518056e-03
2.540112767504472055e-03
2.522525604050165210e-03
2.509476309086555029e-03
2.498345934470560734e-03
2.486114714508985604e-03
2.472884267107533854e-03
2.456204385836634370e-03
2.439993075162974045e-03
2.424250999681382569e-03
2.410801850663030644e-03
2.394932602696080767e-03
2.378176237195927037e-03
2.361215708022097823e-03
2.343199700938794223e-03
2.327644479299011311e-03
2.303698717214596164e-03
2.284105607069919757e-03
2.265803113019197127e-03
2.247556202875343641e-03
2.231448628181888477e-03
2.217325213563268657e-03
2.204193227305781527e-03
2.191089460842129879e-03
2.179709453371076085e-03
2.167396703523022210e-03
2.153852668786814927e-03
2.142584409054334137e-03
2.130225373422128202e-03
2.115873547476838056e-03
2.101406955708051867e-03
2.089835579112141878e-03
2.077139283970176782e-03
2.067843574501502125e-03
2.058094723449434369e-03
2.047152856269433396e-03
2.037747581531510355e-03
2.027540924607829521e-03
2.016805525135103791e-03
2.007431445249001356e-03
1.996712442012952594e-03
2.891894900232947971e-03
2.496458530732392506e-03
2.352525622355014154e-03
2.231206565543104869e-03
2.146900649138296265e-03
2.092205505413246604e-03
2.033673926553570144e-03
1.988134942435364465e-03
1.950640516535749516e-03
1.918622492726086313e-03
1.895217378721092936e-03
1.870289600405181975e-03
1.840161943189140819e-03
1.808926975778666832e-03
1.787156021956382490e-03
1.777638474587958563e-03
1.756105520306585135e-03
1.736606683248792310e-03
1.715321158432747293e-03
1.693928685578545033e-03
1.699084286784202950e-03
1.681099521153116673e-03
1.663502654422425184e-03
1.636228472018737019e-03
1.621937556345824389e-03
1.639679496329524361e-03
1.624907311842517391e-03
1.609002534649471832e-03
1.595565101108470949e-03
1.585388578612486341e-03
1.597834325129035256e-03
1.584770642673740066e-03
1.573121531105829045e-03
1.562226401223187596e-03
1.554063038423387577e-03
1.574448413122899815e-03
1.563112919280728978e-03
1.551865084171319582e-03
1.541616475837834189e-03
1.531938769197995496e-03
1.535545109790792265e-03
1.525792053228756679e-03
1.516572394289813358e-03
1.505499599553069938e-03
1.495414642137163569e-03
1.499207381279681452e-03
1.488322407838391353e-03
1.477140436617064168e-03
1.467974605194295431e-03
1.459519891981259955e-03
1.451204577129682578e-03
1.441678005610456600e-03
1.434210318027100963e-03
1.424064382701551714e-03
1.415148355718717907e-03
1.407413433562774594e-03
1.400051040209488980e-03
1.392991297829101116e-03
1.385972839068171786e-03
1.378952886776853466e-03
1.371692555985043254e-03
1.364238768679324441e-03
1.356934577304034183e-03
1.349608849668939561e-03
1.342601784280526714e-03
1.335861932468425210e-03
1.329545180527990462e-03
1.322541999737186042e-03
1.315515183648913958e-03
1.309562551363189489e-03
1.303056843974627083e-03
1.296883740728680843e-03
1.290658908480792197e-03
1.285021504693899426e-03
1.280846783519022647e-03
1.275269158262913073e-03
1.270065692070202921e-03
1.263438545202993186e-03
1.257660506169839621e-03
1.253395869545350901e-03
1.249104564444357803e-03
1.244962857822475228e-03
1.241284133715870675e-03
1.237788572042041856e-03
1.233604139845188505e-03
1.230071746034378487e-03
1.226913896732511645e-03
1.223219004457936623e-03
1.219295850860292610e-03
1.214423150862587028e-03
1.209561373356438704e-03
1.204336057502529509e-03
1.199144114607310265e-03
1.194419167559843554e-03
1.189221038367090826e-03
1.185243380398837316e-03
1.181092845019091498e-03
1.176906138134522183e-03
1.173534508031307075e-03
1.170691218009156480e-03
2.969719415172431595e-03
2.307377749867403193e-03
2.010809675773877949e-03
1.855042058145652461e-03
1.770637892648584209e-03
1.692387489562558953e-03
1.637186390957302449e-03
1.576547401736612484e-03
1.542821869047776443e-03
1.514088741325723920e-03
1.484532611290522537e-03
1.450308436494140291e-03
1.426011062714447599e-03
1.406995629921041187e-03
1.384405393283221755e-03
1.377915408797037193e-03
1.355348220908065204e-03
1.336027659136027924e-03
1.320891797564701384e-03
1.306290750495483349e-03
1.318292909151855133e-03
1.301989188313866161e-03
1.287629733697487084e-03
1.272689645754985751e-03
1.259921240491465068e-03
1.253879404535392442e-03
1.242229489659059686e-03
1.230520151858954586e-03
1.219384304418814381e-03
1.208370783455761264e-03
1.204159739546425186e-03
1.192126820925440206e-03
1.182578948694566583e-03
1.173216384877439310e-03
1.164875215454042089e-03
1.161277816557528680e-03
1.153381480156695851e-03
1.144839357110634176e-03
1.138146205047631037e-03
1.132090625420150440e-03
1.130196735132331289e-03
1.123902479226370366e-03
1.118414089035864485e-03
1.113375637509624082e-03
1.108410718866812859e-03
1.107479043301622459e-03
1.101747306683802411e-03
1.095987777536289566e-03
1.089727094891517357e-03
1.083594542706973118e-03
1.078119526224702914e-03
1.073429376595285648e-03
1.068244950155829761e-03
1.064226473670842280e-03
1.059224560394298994e-03
1.055374724231527813e-03
1.051502345212578090e-03
1.047464394129721168e-03
1.042923119875400042e-03
1.039112992087252215e-03
1.035626337103708224e-03
1.032101358560000596e-03
1.028717410779769748e-03
1.025348428464947694e-03
1.021736108842431030e-03
1.018076937081392871e-03
1.014182511990698293e-03
1.010263510933641059e-03
1.005871705401098840e-03
1.002103918407781747e-03
9.977307182097402190e-04
9.944243091669644277e-04
9.912384071891486900e-04
9.880506823848813226e-04
9.845941860270347994e-04
9.803680621123655060e-04
9.766404803592226413e-04
9.728489314848911803e-04
9.693617189549526107e-04
9.654556563390030493e-04
9.617433702429799757e-04
9.585330999762243674e-04
9.550617831630203248e-04
9.522903104460406784e-04
9.487797758852436038e-04
9.450915112494249646e-04
9.413861958004328357e-04
9.379131589225688610e-04
9.345508857247572390e-04
9.304638482456713744e-04
9.261246142964676010e-04
9.217748369609561490e-04
9.182959798367941288e-04
9.147073765452249684e-04
9.107727863752066106e-04
9.068280655970416184e-04
9.036866479248120091e-04
9.000486897753911825e-04
8.965528889703525215e-04
8.933939655539394585e-04
