9.977771032883251401e-01
9.947848927547969788e-01
9.932544780411040053e-01
9.911857065772069486e-01
9.860706602139190924e-01
9.832248775132118590e-01
9.806041588801965858e-01
9.782466308631314611e-01
9.762342352912797283e-01
9.750700423583379406e-01
9.737167298493684120e-01
9.717454163237415621e-01
9.695205541986747777e-01
9.675086804736134916e-01
9.664183803612156343e-01
9.660340515743605083e-01
9.658370720990361313e-01
9.654822100325807233e-01
9.650860322462754270e-01
9.647971638174277498e-01
9.642515741441046728e-01
9.637862106435111098e-01
9.634841994542973076e-01
9.632534951966637005e-01
9.629446116923896515e-01
9.626422946158481597e-01
9.624193863592245268e-01
9.621858096043114372e-01
9.620182631286400277e-01
9.618319758397257946e-01
9.616938074809163739e-01
9.615813465129235960e-01
9.614288009018860937e-01
9.612305209970203324e-01
9.610914436580075826e-01
9.609853763949802730e-01
9.609123553448665200e-01
9.608399080345465526e-01
9.607438494563189657e-01
9.606672126618158725e-01
9.605480561142185625e-01
9.604530258921327723e-01
9.602257107384123413e-01
9.600527746500003845e-01
9.595470631156367558e-01
9.592103825020442676e-01
9.591374579664899702e-01
9.590766052537096353e-01
9.590210691083799199e-01
9.589651386476177874e-01
9.584140531678697617e-01
9.581147171091544124e-01
9.580170026417390572e-01
9.579189726558234863e-01
9.576480141266917601e-01
9.574051170304768155e-01
9.573549280649921167e-01
9.573126532972917602e-01
9.572270149575904385e-01
9.571591383103258410e-01
9.568851261411333020e-01
9.566610870750356099e-01
9.566186301240835466e-01
9.565912491715432564e-01
9.564343251151068426e-01
9.562699838241228711e-01
9.562449394005657632e-01
9.562214688414921726e-01
9.556186408957887402e-01
9.553202094732512473e-01
9.553008115779022535e-01
9.552708616072645986e-01
9.552457370925110380e-01
9.552236617734191082e-01
9.552058907333670357e-01
9.551683697669407502e-01
9.551359943026418442e-01
9.550378393359206797e-01
9.549444739040391372e-01
9.547946732539309700e-01
9.546364956858559569e-01
9.545661064943835594e-01
9.545084592774980559e-01
9.544622377887119757e-01
9.544356104271571883e-01
9.544199662755793456e-01
9.541312881017688374e-01
9.538896893172458258e-01
9.538660704125621059e-01
9.538307170937934121e-01
9.538064304724934717e-01
9.537898321607799490e-01
9.537428895835219356e-01
9.537049278417374376e-01
9.536743698693103122e-01
9.536532712380995092e-01
9.535094926137716032e-01
9.533793481797123714e-01
9.533584330570650245e-01
9.533364080124646645e-01
9.533100494256395718e-01
9.532871031061090905e-01
9.532748468443260625e-01
9.532461048747894461e-01
9.532109430168839159e-01
9.531778888736816002e-01
9.531520476398669395e-01
9.531206471329179974e-01
9.530912035431335916e-01
9.527362981057522218e-01
9.523583003016143911e-01
9.523291336461769951e-01
9.522992496298827714e-01
9.522766347843982793e-01
9.522520750592005090e-01
9.522270618748451820e-01
9.521836400625079966e-01
9.521430628849399946e-01
9.520923631978102097e-01
9.520485419370425806e-01
9.520295602243704636e-01
9.520140220096039441e-01
9.518969664061848190e-01
9.517957732112959368e-01
9.516084213709300466e-01
9.513957811105606677e-01
9.504198704390699470e-01
9.497474220157369196e-01
9.496917171732442986e-01
9.496080000389968134e-01
9.495260269900884786e-01
9.494585700546935847e-01
9.494074340433297232e-01
9.493530189669349140e-01
9.492936483634895062e-01
9.492622435308932793e-01
9.491825471923356350e-01
9.491250108584192713e-01
9.490907846741226672e-01
9.490505674969470506e-01
9.490280325212530066e-01
9.489121585744931808e-01
9.487567539515089354e-01
9.486898026054921829e-01
9.485273379728902388e-01
9.483767834473293412e-01
9.481326553686881820e-01
9.479387914837889006e-01
9.479218607723050027e-01
9.478549697254374795e-01
9.477679514616952350e-01
9.477238369411166152e-01
9.476867812268651159e-01
9.476434765738651622e-01
9.475969545859699306e-01
9.474097950076296737e-01
9.472590776787487288e-01
9.472315884137202380e-01
9.472105502575017821e-01
9.471973094694253748e-01
9.471245578834456280e-01
9.470663634018350319e-01
9.470346069694863811e-01
9.469993726717764737e-01
9.469848171611440213e-01
9.469677867912628111e-01
9.469481806675106306e-01
9.469323556175057721e-01
9.469101633714888111e-01
9.468921153893531395e-01
9.468336294318757673e-01
9.467697335199818376e-01
9.467369698484601193e-01
9.467028366088778846e-01
9.466802030562018189e-01
9.466568946811538821e-01
9.466283312322029131e-01
9.465979266794165570e-01
9.465834895210304412e-01
9.465652335565900577e-01
9.465488544288024331e-01
9.465331977666806562e-01
9.465204868696169838e-01
9.465066155297117145e-01
9.463899832351426733e-01
9.462847921458424905e-01
9.462363409686900262e-01
9.461922735547858565e-01
9.456927090275147885e-01
9.452944962958246267e-01
9.452688324057166858e-01
9.452524929485482952e-01
9.452411995021717805e-01
9.452289870226365798e-01
9.452186776897932852e-01
9.452080276874480491e-01
9.451976447702127304e-01
9.451724532734231410e-01
9.451498483525739847e-01
9.451021830609109831e-01
9.450571050971587894e-01
9.450361799384885408e-01
9.450173374792147918e-01
9.450093037595378442e-01
9.450011151916776209e-01
9.449905671776027694e-01
9.449762634864689037e-01
9.449650629250498923e-01
9.449383881909095839e-01
9.449089021144569944e-01
9.448961142594672902e-01
9.448833254446867835e-01
9.448690358030309433e-01
9.448503453045421496e-01
9.448389682899720476e-01
9.447847200972400161e-01
9.447295976103869952e-01
9.446727448094986990e-01
9.446187694262758727e-01
9.445974472401054145e-01
9.445741482107620213e-01
9.445590492836205554e-01
9.445437390890939477e-01
9.445323872082493910e-01
9.445217988258656217e-01
9.445141406299867315e-01
9.444985175201506822e-01
9.444828828106659468e-01
9.444691841870515026e-01
9.444608876053739444e-01
9.444246602906662957e-01
9.443900353845079421e-01
9.443654892642556753e-01
9.443353277679915614e-01
9.443164577283983396e-01
9.442986553516737880e-01
9.442804273123605041e-01
9.442638149586806140e-01
9.442038065662359259e-01
9.441475839601579656e-01
9.441398490051463588e-01
9.441312438065503354e-01
9.441245434168804573e-01
9.441180978537587754e-01
9.441107339900732809e-01
9.441034524423914664e-01
9.440952406760242388e-01
9.440721635426280178e-01
9.440509273520680811e-01
9.440396310872368746e-01
9.439132608434653848e-01
9.438293794492982336e-01
9.437387427129980688e-01
9.436533357213940931e-01
9.436443264704947875e-01
9.436365851844855657e-01
9.436284253939396516e-01
9.436208615310935910e-01
9.435993585523839711e-01
9.435788374778210086e-01
9.435660994409138524e-01
9.435486635648789866e-01
9.435389887589277214e-01
9.435339036843494176e-01
9.435283878773657040e-01
9.435183729594021074e-01
9.435062541324513719e-01
9.434940082426392927e-01
9.434895819904208780e-01
9.434518254699278961e-01
9.434175398211640529e-01
9.434048124284845072e-01
9.433944217432808088e-01
9.432426511601111896e-01
9.431080332139938349e-01
9.430992342999267031e-01
9.430904060936312616e-01
9.430669212554603220e-01
9.430531553871076555e-01
9.430495219141235008e-01
9.430441383126365595e-01
9.430374082188138773e-01
9.430330689436862146e-01
9.430242670561133078e-01
9.430161760058811682e-01
9.429983126235593760e-01
9.429844957341010359e-01
9.428346080256425621e-01
9.427014981510846159e-01
9.426959463260782268e-01
9.426914088740838693e-01
9.426879870321031030e-01
9.426528432032748039e-01
9.426239939159143377e-01
9.426182858372482709e-01
9.426130464815295484e-01
9.425046136461170398e-01
9.423887800157452199e-01
9.423825090568834772e-01
9.423766180841453011e-01
9.423659423177014327e-01
9.423569235201437744e-01
9.423029705946702750e-01
9.422529479935876084e-01
9.422471747678030640e-01
9.422416068865590022e-01
9.422360705686855242e-01
9.422308795113700786e-01
9.422263732767607314e-01
9.422182077674139400e-01
9.422121007938910608e-01
9.422083878317869532e-01
9.422037068896128575e-01
9.421978012331186925e-01
9.420666520463186755e-01
9.419820365733510004e-01
9.419554651696933067e-01
9.419335839907271302e-01
9.418412418674919628e-01
9.417468633291204982e-01
9.417397926988183565e-01
9.417340351144598554e-01
9.417172268879859809e-01
9.417029720443739205e-01
9.416945467951076676e-01
9.416862634480667182e-01
9.416776636026203962e-01
9.416702534385643641e-01
9.416602775555455995e-01
9.416512086033946849e-01
9.416437362720482263e-01
9.416372245895704429e-01
9.416144009440284846e-01
9.415933797889403101e-01
9.415774109549793769e-01
9.415638727141570907e-01
9.415268890851294925e-01
9.414952363365793886e-01
9.414758685425381746e-01
9.414566982877714540e-01
9.414523888267871676e-01
9.414466286729935574e-01
9.414299445158647028e-01
9.414176667639152507e-01
9.414139688029444786e-01
9.414092442436492458e-01
9.414054465447352360e-01
9.414013234476379388e-01
9.413971936819555131e-01
9.413913616320667144e-01
9.413863907423225541e-01
9.413739533809196702e-01
9.413620484381817199e-01
9.411516585309139815e-01
9.409433557723664299e-01
9.409325856040636760e-01
9.409209004088300299e-01
9.409169890607118614e-01
9.409125708706020941e-01
9.409088531162171920e-01
9.409034494239326696e-01
9.408965471331740549e-01
9.408905662808856318e-01
9.408832377175495587e-01
9.408608415953795268e-01
9.408404703666555235e-01
9.408364117773649893e-01
9.408283227683251759e-01
9.408222609176397633e-01
9.408169784844124806e-01
9.408125745929295514e-01
9.408023539750650643e-01
9.407889710403778416e-01
9.407835967422780721e-01
9.407769765325775246e-01
9.407704736914483945e-01
9.407658156372297187e-01
9.407603008898587360e-01
9.407549065977955927e-01
9.407494103586374612e-01
9.407445282535731312e-01
9.406206519131369292e-01
9.405030755670092946e-01
9.404540748100422842e-01
9.404174107539798877e-01
9.404053357897431686e-01
9.403933973170205407e-01
9.403864789018504533e-01
9.403789450629348456e-01
9.403720730386322391e-01
9.403647424164841562e-01
9.403469903489481974e-01
9.403328730590490014e-01
9.403183141532912570e-01
9.403066062642662093e-01
9.402994880770403352e-01
9.402904996562169160e-01
9.402856843010429788e-01
9.402797039119309419e-01
9.402748355843120187e-01
9.402670312597055657e-01
9.402617590242718926e-01
9.402117280316658610e-01
9.401631072180703930e-01
9.401531936564061498e-01
9.401437846555361633e-01
9.401237384401733843e-01
9.401030949541377968e-01
9.400820823566318207e-01
9.400626892301898740e-01
9.400340064435329657e-01
9.400074368849233863e-01
9.399938399228626729e-01
9.399799412815161848e-01
9.399700037976711497e-01
9.399606375081467347e-01
9.399511638657375157e-01
9.399415682266486494e-01
9.399366044234586104e-01
9.399234347336187234e-01
9.399130467370644393e-01
9.399074206363919881e-01
9.399009174597524607e-01
9.398889679935072961e-01
9.398781373678648521e-01
9.398710863658981118e-01
9.398644819522419258e-01
9.398563076890191770e-01
9.398489068589226392e-01
9.398416888730545260e-01
9.398347818609372739e-01
9.398282032879390346e-01
9.398212839509417771e-01
9.398043751051808892e-01
9.397836874327645251e-01
9.397746032860317955e-01
9.397668286786601266e-01
9.397582791868842600e-01
9.397504661170119622e-01
9.397443747264123681e-01
9.397356825027947114e-01
9.397281635973208092e-01
9.397217878343959718e-01
9.397160590316332440e-01
9.397093849206433758e-01
9.397037776770282846e-01
9.396990690461342055e-01
9.396743627003466548e-01
9.396558664825451768e-01
9.396390784591274192e-01
9.396230352366807814e-01
9.396068796678945789e-01
9.395938888497331609e-01
9.395032768643791776e-01
9.394181030387636078e-01
9.394074750346589342e-01
9.393998962793030927e-01
9.393927123008043445e-01
9.393825148700810646e-01
9.393735290296798546e-01
9.393510862899625558e-01
9.393324600868578900e-01
9.392776876124733221e-01
9.392357609891169856e-01
9.392242633901036752e-01
9.392143671126694793e-01
9.392069710455464016e-01
9.391987892079046718e-01
9.391938106192667668e-01
9.391774291521021167e-01
9.391607010083915519e-01
9.391531426554157180e-01
9.391498142644422176e-01
9.391420645268888645e-01
9.391366660695619206e-01
9.391283598331157112e-01
9.391004052399436475e-01
9.390774721350048093e-01
9.390665268076874295e-01
9.390509415813614869e-01
9.390424394982717082e-01
9.390380982002062282e-01
9.390138007179348323e-01
9.389910307639315334e-01
9.389578887772865867e-01
9.389363607097045428e-01
9.388956113478694743e-01
9.388565531184480673e-01
9.388314414570284594e-01
9.388067737390061174e-01
9.387991607603560773e-01
9.387898987924883087e-01
9.387813213691791336e-01
9.387724161150322599e-01
9.387640520346360873e-01
9.387585802463859208e-01
9.387507998283114441e-01
9.387442305105543339e-01
9.387376891969545500e-01
9.387235865688454695e-01
