8.607185139715579636e-01
7.198530399135451008e-01
6.409059368936838030e-01
5.863461589588134792e-01
5.511738766288558633e-01
7.452833565267594773e-01
7.271570251390833128e-01
7.196530415906344791e-01
7.122081893238497718e-01
7.038436220979600311e-01
7.180376320058169393e-01
7.072338030707359113e-01
6.991257572369836693e-01
6.922060179527778079e-01
6.870465033548472933e-01
7.126198842760175234e-01
6.910708478481276673e-01
6.781345041008082219e-01
6.665580072083948648e-01
6.562990588848758300e-01
6.803136083358541919e-01
6.795109923182649503e-01
6.790621126654714512e-01
6.788710080468333130e-01
6.785877805883570035e-01
6.833702949589256503e-01
6.831166853434639252e-01
6.781912883927015967e-01
6.768559971261106645e-01
6.744233729921584874e-01
7.552109328230046659e-01
7.110251582083578770e-01
7.082249315709892024e-01
7.068475223797069384e-01
6.986596885872660145e-01
7.385292401612243429e-01
7.381900039903547261e-01
7.340456506694537087e-01
7.330308754024140727e-01
7.278959191681642071e-01
7.385226533576197960e-01
7.381138978439342191e-01
7.340722782278519265e-01
7.297386504083580583e-01
7.276136897537528458e-01
7.236841927898548521e-01
7.235447592457174837e-01
7.235069810787505551e-01
7.233440107368008798e-01
7.231519865302024064e-01
7.230800701869849467e-01
7.230743410094955248e-01
7.230583478409566833e-01
7.230198674724810370e-01
7.230160001963923389e-01
7.229570901892827806e-01
7.228454997136575244e-01
7.228423529754277599e-01
7.227254467765573676e-01
7.221525051182267063e-01
7.220589699075694590e-01
7.189873159710261641e-01
7.188976983683509348e-01
7.188816310128406384e-01
7.188597699193502999e-01
7.176858205734646390e-01
7.161512234179884251e-01
7.160157314391969452e-01
7.160146541256202646e-01
7.159724601554245949e-01
7.159436741543105942e-01
7.159392512744296999e-01
7.159362916826830237e-01
7.158946107325728780e-01
7.157855530256014287e-01
7.128627004925857102e-01
7.117497990324384016e-01
7.112137252613206506e-01
7.108742431407258922e-01
7.107044269533363545e-01
7.106878307023907215e-01
7.106496967586934943e-01
7.106445505163190290e-01
7.106443165677641671e-01
7.106410002115849389e-01
7.106399591989281950e-01
7.106392734008076806e-01
7.106352040335016662e-01
7.106210961310377439e-01
7.106042122810993789e-01
7.105728021587417453e-01
7.104553064568258636e-01
7.104317205813269753e-01
7.104238700814836660e-01
7.104232539661697876e-01
7.104226889774589715e-01
7.104209650399417875e-01
7.104131603552973351e-01
7.103936555324464885e-01
7.102949322179661351e-01
7.515896582953423000e-01
7.265963665883781175e-01
7.005331475827165644e-01
6.815428174553416207e-01
6.630708660220249184e-01
6.616233130529548534e-01
6.590429088224891707e-01
6.569852279875803003e-01
6.567594441690978169e-01
6.547351955161970771e-01
6.551522817028526680e-01
6.546994122904873370e-01
6.542142323480247823e-01
6.539214126601378130e-01
6.536919252204229647e-01
6.529069318912448239e-01
6.500305233120583503e-01
6.486304676480532105e-01
6.484643941139757173e-01
6.484196726280031520e-01
6.499824398049779406e-01
6.498232110192454503e-01
6.476917302251108399e-01
6.476817712735598587e-01
6.476631583322622898e-01
6.473756741501813794e-01
6.457512581282502939e-01
6.410082593282928620e-01
6.374225877997741208e-01
6.370183068792738545e-01
6.364245813945246244e-01
6.361202553248180847e-01
6.359067451280848715e-01
6.335388760655948914e-01
6.330940981240014143e-01
6.329476299102650971e-01
6.324317730129036530e-01
6.320758263166140756e-01
6.318858539599184754e-01
6.306183650421879339e-01
6.307772682792216479e-01
6.307658634016460875e-01
6.307637385800983765e-01
6.306528730442261255e-01
6.280019395898538415e-01
6.282606748090345805e-01
6.262641480936423921e-01
6.252738883505873924e-01
6.252660480282377087e-01
6.252284570366638539e-01
6.249926689048873607e-01
6.233192732351191534e-01
6.228133225089446112e-01
6.223548693996764358e-01
6.222412657541015468e-01
6.221974963982485063e-01
6.219794465802571670e-01
6.212913914912361335e-01
6.168688073871858579e-01
6.135795966452891603e-01
6.132173839772272483e-01
6.132126827831835270e-01
6.131452431434819550e-01
6.130537364183292759e-01
6.129457074753610346e-01
6.129233373676811203e-01
6.129213501453566471e-01
6.129175852047313855e-01
6.129120187618758431e-01
6.129048348118004697e-01
6.129007768517692467e-01
6.128932351769592612e-01
6.128193120214806555e-01
6.113654469284526272e-01
6.080732930805224923e-01
6.076777115510174632e-01
6.062648951910993844e-01
6.062380528165445259e-01
6.062041301057887743e-01
6.061633696302929364e-01
6.056936098303171701e-01
6.055974896368599980e-01
6.045914863240235970e-01
6.043624756564796030e-01
6.039658762458762764e-01
6.039291862359568164e-01
6.039252936114327674e-01
6.039211160178106219e-01
5.995372204279637574e-01
5.986872361189883307e-01
5.975397508128917901e-01
5.972071434848335025e-01
5.964358401419984634e-01
5.962623043696879677e-01
5.952013348026498063e-01
5.950164349576932965e-01
5.948721156912507579e-01
5.948493417405082972e-01
5.943694180743526179e-01
5.943611837389729535e-01
5.883847193163477263e-01
5.776336768831438206e-01
5.553947438651010149e-01
5.366229678944731685e-01
5.096630255518471708e-01
4.962216160556115474e-01
4.797027623781423000e-01
4.669948425646501811e-01
4.515864008611018554e-01
4.372998700686555051e-01
4.247241648542891546e-01
4.090713894410821228e-01
3.948978894413334717e-01
3.858461144606512017e-01
3.753378818373192538e-01
3.739386596609373115e-01
3.668482520595287011e-01
3.611582733887369057e-01
3.581718791721647532e-01
3.532528841548133736e-01
3.509982789855501939e-01
3.449389230118715677e-01
3.416592939366184245e-01
3.379426657765465247e-01
3.352665823998516870e-01
3.341680378469031321e-01
3.249808447206378181e-01
3.165086273411826800e-01
3.077277581580230570e-01
3.007676211663168897e-01
2.935918218797491930e-01
2.848370063145569953e-01
2.766816984477394881e-01
2.656902206239410424e-01
2.575685470662290033e-01
2.556703789290712958e-01
2.511921684743930738e-01
2.461030076821714707e-01
2.408141676746951287e-01
2.376965722875434006e-01
2.371668246260411894e-01
2.292959410396718800e-01
2.220930559872552890e-01
2.184225719556119050e-01
2.152004107261042132e-01
2.126138146627896963e-01
2.111234964996896168e-01
2.071102021764458234e-01
1.998725676602866597e-01
1.952708807531936541e-01
1.917539763501518169e-01
1.894486332716751043e-01
1.871632982655069555e-01
1.840738881503088398e-01
1.809996578103004461e-01
1.784770921123452758e-01
1.775814174517886812e-01
1.760771004463258238e-01
1.739454301174626349e-01
1.719050352174822105e-01
1.688451999676706672e-01
1.666090328822120992e-01
1.652084879288115982e-01
1.625205526490355046e-01
1.598123855404758042e-01
1.583396304332402860e-01
1.571363236644984229e-01
1.554607829618920023e-01
1.542754964310289190e-01
1.523996892508754086e-01
1.516210564338772715e-01
1.496082636377262243e-01
1.470326141567549483e-01
1.443541983841361565e-01
1.423357173259472974e-01
1.415145132473142608e-01
1.395692749206385586e-01
1.386152793168722586e-01
1.377210666956242002e-01
1.357781332431869936e-01
1.344192867641375577e-01
1.332434019125297020e-01
1.327861916975997814e-01
1.312508917647830509e-01
1.299750552920925506e-01
1.291693373663024280e-01
1.282660097370721952e-01
1.270590053468584890e-01
1.263848876638996588e-01
1.256752840077020872e-01
1.243502529246538618e-01
1.225710222382536269e-01
1.218208253293190241e-01
1.208681625165215906e-01
1.195270751721670827e-01
1.181489498900916146e-01
1.168700599939261064e-01
1.154306616466340002e-01
1.142960989768479901e-01
1.137762152404163396e-01
3.334469561174819852e-01
2.978337582429541053e-01
2.898748017035305824e-01
2.784830278617477228e-01
2.555718820555278881e-01
2.555595274554514629e-01
2.504112560665630038e-01
2.438924070590049176e-01
2.354500885977083569e-01
2.334396402543165716e-01
2.333357217035274822e-01
2.303135434820269556e-01
2.292235142605253684e-01
2.288096429943701215e-01
2.271819171856945541e-01
2.249710912388289963e-01
2.222292734366224098e-01
2.206781001735162451e-01
2.188202417533174071e-01
2.182873010166187788e-01
2.174036701094659296e-01
2.170560065108369519e-01
2.166069806177505497e-01
2.163225189753192890e-01
2.159879028322709560e-01
2.157973469794461363e-01
2.157233743034018270e-01
2.145271255301000324e-01
2.142942770174993405e-01
2.142581075015363157e-01
6.512887634568415018e-01
3.037509356294162410e-01
2.262577556918178856e-01
2.192529759339250095e-01
2.165212703972207164e-01
2.662126192881748010e-01
2.649512586999147601e-01
2.407425390458602932e-01
2.055216786969602805e-01
2.052743045423507384e-01
2.166530430592873147e-01
2.086890841551360953e-01
2.029168042283261419e-01
2.021564207306262573e-01
2.011742123376016045e-01
2.090180308231014972e-01
1.999786887284522585e-01
1.985062994672417425e-01
1.956033769937562949e-01
1.936207230771437582e-01
1.924931999696233853e-01
1.913788931030034057e-01
1.910476346787382818e-01
1.908214123079917945e-01
1.898034820860497462e-01
1.890775791794710170e-01
1.884833315393615316e-01
1.872844856456970519e-01
1.871929420495009877e-01
1.869508930062382113e-01
1.850961521814075139e-01
1.849186358491077542e-01
1.846901618043927940e-01
1.842891432536403473e-01
1.833595805949893576e-01
1.813909517477227951e-01
1.812626023625150129e-01
1.811290809300258320e-01
1.810409635705562958e-01
1.808935648123534412e-01
1.806469174431178937e-01
1.804963107427334790e-01
1.800400950450836701e-01
1.797477859870873773e-01
1.795927608995139813e-01
1.794499631010730289e-01
1.793628981636103958e-01
1.790812320903557853e-01
1.782932217788268658e-01
1.781890066619920554e-01
1.777411274816862730e-01
1.774627223896430295e-01
1.770157310532795569e-01
1.769194853127048217e-01
1.768612049694664456e-01
1.768085272261587793e-01
1.764877635187082350e-01
1.761098294382769935e-01
1.759032672883657222e-01
1.757497074821457728e-01
1.750830205003660878e-01
1.748928099056851759e-01
1.746741732610253839e-01
1.745786296006505700e-01
1.741648001067695462e-01
1.737479944984114399e-01
1.733316951846646803e-01
1.731296103532928843e-01
1.730418474645605831e-01
1.729711540862311214e-01
1.985082068628260810e-01
1.871176584988598623e-01
1.822641467042951380e-01
1.728781115082761166e-01
1.659208626713581658e-01
1.649081437712279219e-01
1.628250374077550577e-01
1.626384797586810926e-01
1.619683426903477941e-01
1.615597466704758178e-01
1.611104341836919751e-01
1.608406841452073577e-01
1.601319095605838183e-01
1.598432691268594219e-01
1.577833972262758788e-01
1.570286257303342703e-01
1.525244035958970845e-01
1.469441192011490538e-01
1.416044820149622019e-01
1.366591260801958418e-01
1.347362890146508452e-01
1.314389191226028042e-01
1.296666746194430064e-01
1.271329924244711251e-01
1.264178824325480899e-01
1.250552757227932354e-01
1.243751777128287161e-01
1.221271370496487402e-01
1.194122122954904136e-01
1.185380868882692507e-01
1.177462847722139661e-01
1.171477157585572165e-01
1.166079968681275336e-01
1.158311498044776872e-01
1.145196803348351028e-01
1.125665985179759992e-01
1.116525186363070549e-01
1.091746574572842327e-01
1.066479599295699077e-01
1.039158390447252195e-01
9.857403158011422695e-02
9.424467913376964601e-02
8.993342398550946415e-02
8.657410916410337998e-02
8.155844959059191379e-02
7.641549207616932238e-02
6.785521096966386223e-02
6.001018584316152732e-02
5.383834252451605989e-02
4.978094351586367927e-02
4.520370659131237034e-02
4.083919753546723375e-02
3.923181750990412109e-02
3.512489157704257875e-02
3.192278299063983082e-02
2.831662347561030024e-02
2.456965338957756845e-02
2.211403611148664641e-02
1.914742032666885696e-02
1.584861754097256770e-02
1.326544465635007101e-02
1.191816816646412182e-02
1.076441896527855629e-02
9.404070788385633303e-03
8.467014176186943644e-03
8.014301065034650992e-03
7.310413199199244753e-03
6.695747570963463298e-03
6.236148642998905374e-03
5.710207884264876729e-03
4.963841855967208658e-03
4.528959821101448922e-03
4.295013827915251416e-03
4.010750591606077053e-03
3.688160925057739400e-03
3.392859191189044870e-03
3.102925179674615765e-03
2.877405784131993258e-03
2.523600584197104296e-03
2.280689731493677503e-03
2.056712701058846862e-03
1.867697799473655223e-03
1.752796038850782442e-03
1.705126371832581386e-03
1.605270229834372241e-03
1.468534755552385919e-03
1.339465090368779270e-03
1.248967593272926361e-03
1.201594122154501631e-03
1.163242864042954034e-03
1.130855248635775651e-03
1.091552086533887017e-03
1.042457101210869652e-03
9.489801160133043076e-04
8.663588859829843671e-04
7.615830380356894283e-04
7.251199460393363680e-04
6.918539198096293735e-04
6.725705933834925628e-04
6.571005042837139423e-04
