5.642864245869314704e-02
2.484436224391173981e-02
1.128903952670020153e-02
7.928860727363642655e-03
5.615323022382942911e-03
4.327461328974745343e-03
3.568470248597911589e-03
2.916550298679546765e-03
2.433402266628337338e-03
2.174978297085294887e-03
1.955467743601342623e-03
1.716670475751825090e-03
1.564565952306693321e-03
1.443024360650075558e-03
1.336077614028186988e-03
9.430255191472170818e-04
7.957326068798456975e-04
6.907969904120731322e-04
6.154314463263061514e-04
5.699765534281982671e-04
5.215623400025281306e-04
4.970045920749047294e-04
4.701254737037271797e-04
4.475962140693642605e-04
4.283913472540858093e-04
4.121393389652582657e-04
3.994625871133708917e-04
3.844214417452034298e-04
3.688159652177747235e-04
3.578085806132650813e-04
3.461048792298273636e-04
3.306310310762519905e-04
3.194081302454874929e-04
3.103816796751730583e-04
2.977614274499968501e-04
2.584212536545114555e-04
2.271036384448938870e-04
2.177021269784302224e-04
2.045995189555383160e-04
1.994253292649611985e-04
1.834917073268375453e-04
1.695845135197906496e-04
1.570679765085177839e-04
1.473001088510385369e-04
1.394256717170118344e-04
1.336647265323578210e-04
1.162374798766013654e-04
1.055991231786519062e-04
1.033814814707049713e-04
9.872234399996349162e-05
9.529803835634047791e-05
8.861804988155873352e-05
8.348893671663353759e-05
8.068484769604030414e-05
7.745872423608592757e-05
7.655248182981467565e-05
7.564245914872619271e-05
7.467798344223311577e-05
7.363852384111587259e-05
7.164438358426375192e-05
6.948727917130242927e-05
6.838865190382375245e-05
6.692122305016569078e-05
6.606587026475767624e-05
6.231455546716414059e-05
5.916576989195105409e-05
5.581030074207113498e-05
5.256310773582287190e-05
5.102828640857226018e-05
4.967792207332940511e-05
4.912385511407415129e-05
4.865789106966115086e-05
4.780611487518420368e-05
4.691160655078877419e-05
4.578136128191841132e-05
4.491183830507107576e-05
4.455756181452425141e-05
4.409781037054854615e-05
4.371270780990078289e-05
4.339932274035658436e-05
4.300003561235314241e-05
4.139021241428481913e-05
3.959081504368441797e-05
3.918249827609689525e-05
3.878220687625614555e-05
3.850669334241326136e-05
3.803750413171143514e-05
3.732640726336005461e-05
3.688018192608872204e-05
3.630913877136534429e-05
3.576932371844934733e-05
3.549950062567484003e-05
3.502392484602924797e-05
3.465753247138847763e-05
3.448806474991678538e-05
3.414348489853802452e-05
3.390658961295426894e-05
3.314982122709933478e-05
3.236764255015081284e-05
3.210009223014128373e-05
3.190383134555720357e-05
3.175069480389227619e-05
3.153279925890903866e-05
3.134754570709500070e-05
3.118425605277903482e-05
3.100791245374886628e-05
3.084909223661114631e-05
3.069543307393852359e-05
3.019586903136644511e-05
2.991089241228997008e-05
2.939237505229596488e-05
2.885327123665388128e-05
2.868736149634903439e-05
2.849201572334638955e-05
2.754853742666471905e-05
2.672756736433617330e-05
2.467447170502431577e-05
2.297709299689743839e-05
2.257811317809199289e-05
2.218176265735240840e-05
2.193562797439751143e-05
2.164020861459209894e-05
2.138844147257543157e-05
2.114075742577945256e-05
2.100302503254855259e-05
2.090788689195650026e-05
2.081443392808686024e-05
2.070823731522966127e-05
2.062396061207390032e-05
2.043301143936617357e-05
2.026321711790541000e-05
2.010757427797283783e-05
1.997238299911388045e-05
1.924834725376989726e-05
1.856362637292067566e-05
1.668307534644263964e-05
1.532351779995711567e-05
1.526975782937542715e-05
1.519307214253932305e-05
1.502514932451600668e-05
1.489976353538134315e-05
1.482584925338113628e-05
1.474542755452355286e-05
1.470001049302195311e-05
1.462777714357187402e-05
1.455508091616343544e-05
1.447774514972723928e-05
1.442338117839290042e-05
1.435116154656985325e-05
1.427806831529453716e-05
1.421061108345330706e-05
1.416162857965123925e-05
1.406256965788707493e-05
1.397126369738132099e-05
1.389860187493159397e-05
1.380976222987423414e-05
1.372431284010261468e-05
1.364248386644715966e-05
1.344360210567849693e-05
1.328432465511133760e-05
1.312385458637326290e-05
1.297630433640881560e-05
1.284329706337438810e-05
1.269154871925839309e-05
1.260800497851118468e-05
1.252963529740248030e-05
1.225358433939047449e-05
1.205478092802982280e-05
1.199921827295579074e-05
1.194846484190627938e-05
1.188701738059357339e-05
1.182705833233407219e-05
1.178845758445469000e-05
1.172541544023437709e-05
1.168803330829556692e-05
1.164625802487345188e-05
1.160855352120195338e-05
1.147338796785290225e-05
1.130454210501059097e-05
1.126171011510309371e-05
1.123572514918431979e-05
1.121326474939232681e-05
1.115426182343259432e-05
1.109930493364297570e-05
1.102571460215492442e-05
1.088203321807200390e-05
9.812963123249424162e-06
9.148386527938317991e-06
9.122665125352650667e-06
9.076301912399815624e-06
9.041407698636261638e-06
9.017175796667591253e-06
8.996469373581493981e-06
8.980135980332846121e-06
8.914569294373664302e-06
8.847473850647237571e-06
8.769014768750804520e-06
8.686079291213200831e-06
8.672494581503511230e-06
8.658744205887731977e-06
8.640754627564348593e-06
8.623519137871324121e-06
8.596053437919640747e-06
8.569124591415435557e-06
8.554577109614321746e-06
8.539726694639302574e-06
8.528256621931509476e-06
8.511709443307881038e-06
8.488193570388087277e-06
8.471620744510449362e-06
8.443151644335508305e-06
8.417514886537871304e-06
8.405932192824456292e-06
8.388353061741534889e-06
8.375450782578764143e-06
8.359730444682467664e-06
8.336765582584987463e-06
8.320917813207691162e-06
8.309478320580796878e-06
8.299791550986482290e-06
8.222910190073588090e-06
8.139830492556831461e-06
7.943933294864092344e-06
7.789433355832329611e-06
7.748844694165777009e-06
7.710630262948866851e-06
7.699717572108709005e-06
7.688523265462555547e-06
7.671495926981943263e-06
7.651406835169077559e-06
7.638292082296988455e-06
7.625209955603315384e-06
7.614901825276979652e-06
7.604855670415485908e-06
7.595542590258131673e-06
7.587620401441237875e-06
7.574791671347162225e-06
7.560014539185002106e-06
7.550747166796174306e-06
7.509035108882172427e-06
7.474797664217534142e-06
7.449117205559490687e-06
7.427660099479941833e-06
7.408146159080439016e-06
7.385682790976126599e-06
7.372541516097130506e-06
7.363597049855198229e-06
7.353020592928608889e-06
7.342795263968683497e-06
7.248896444302560570e-06
7.184622200806625090e-06
7.174331039660086540e-06
7.165967091092550876e-06
7.156030258500154359e-06
7.143314022804094422e-06
7.137037351344026761e-06
7.131233539045192826e-06
7.121979271942732888e-06
7.113330734451625301e-06
7.101201834560227978e-06
7.092760311411608682e-06
7.076605353882320738e-06
7.062468666652530660e-06
7.045126580785886450e-06
7.028139963701218672e-06
7.012437117456787765e-06
7.000045495062333440e-06
6.977134799130322160e-06
6.958385155584370348e-06
6.952298776276486930e-06
6.932315076693347870e-06
6.911019071686416680e-06
6.904749520202657077e-06
6.886428961625722892e-06
6.872435794598843484e-06
6.866082266213525192e-06
6.857746177117430646e-06
6.844344851053192838e-06
6.831638669965905058e-06
6.825123053778565338e-06
6.811921254638073489e-06
6.800753006795800330e-06
6.792490576103110475e-06
6.769663002243029001e-06
6.755099763221239089e-06
6.744090030233086510e-06
6.729580365202400792e-06
6.721104227573240657e-06
6.696182629408966914e-06
6.675178450187113413e-06
6.641643070080010553e-06
6.616213974575413562e-06
6.595491712482526086e-06
6.574110659707339531e-06
6.480033853407988333e-06
6.411294594570874379e-06
6.404079890227292735e-06
6.394962798212324600e-06
6.390485305080953063e-06
6.374347751371243742e-06
6.362648659950589800e-06
6.314020227864047958e-06
6.269627912221823214e-06
6.263696922321500153e-06
6.256042520353150043e-06
6.245943225255674549e-06
6.211257670884834451e-06
6.180709411311830424e-06
6.173440228510490528e-06
6.166792827084426637e-06
6.162494950254356765e-06
6.155831094834293497e-06
6.151698224145351937e-06
6.147691176399698534e-06
6.143439662327243136e-06
6.139942689812937781e-06
6.135958989494337308e-06
6.131588617300761476e-06
6.125181609713887752e-06
6.119751441782343112e-06
6.087248718409228555e-06
6.054176237125580761e-06
6.036901883165443230e-06
6.023182267744486411e-06
6.013439286484283772e-06
6.003965482539955940e-06
5.997323253261093373e-06
5.986216432556822372e-06
5.979067364511306195e-06
5.971352634796238959e-06
5.964895344786073999e-06
5.912276460291669729e-06
5.884742087899009912e-06
5.854577672906125490e-06
5.826705772981772831e-06
5.807042206745220910e-06
5.788067111932758111e-06
5.781829642649764920e-06
5.777025357794900923e-06
5.769900356832244214e-06
5.763398872672493222e-06
5.760408732737532613e-06
5.754303730232905143e-06
5.749532920401083394e-06
5.745230433836402079e-06
5.738336442540467612e-06
5.732021570139043452e-06
5.722129780579657524e-06
5.712802524762725230e-06
5.702072797042564577e-06
5.692979446815841531e-06
5.686109840499893204e-06
5.673865393335602223e-06
5.666020596593666977e-06
5.662162331713365661e-06
5.657383693113382416e-06
5.649866968005151158e-06
5.642296189268054382e-06
5.633917935504031945e-06
5.628723794997371678e-06
5.623702196417489798e-06
5.618538843868116500e-06
5.613739414470527827e-06
5.610309812782998853e-06
5.603746859216439010e-06
5.599036331913784080e-06
5.589137394651986143e-06
5.578254616540312293e-06
5.511977867851790082e-06
5.454538607248837111e-06
5.443162514765503490e-06
5.432550902127326278e-06
5.425260009091446156e-06
5.418704507840733391e-06
5.397862974261407249e-06
5.377407495652222298e-06
5.358693320540807193e-06
5.339512909550654852e-06
5.331803299535171227e-06
5.324992221608193686e-06
5.303201895820105868e-06
5.285520222832097561e-06
5.278857866331180377e-06
5.273119639718023211e-06
5.269472107242261424e-06
5.266466039458078429e-06
5.261517309221890809e-06
5.257498151622287814e-06
5.248393325711236459e-06
5.241450025204006196e-06
5.228863068749236531e-06
5.215841599149924747e-06
5.202669133227413859e-06
5.191028922787963864e-06
5.187636355832650278e-06
5.179289316272355297e-06
5.172732704707947265e-06
5.146471746258259902e-06
5.123271370850603029e-06
5.116809151325824486e-06
5.107950411560805961e-06
5.099954190768952109e-06
5.092481768052836100e-06
5.089380493658874952e-06
5.086442661446062560e-06
5.083792420236522476e-06
5.081098664902105085e-06
5.077385020043709606e-06
5.073957367418425883e-06
5.068762138424942189e-06
5.063932361346903076e-06
5.058557480346510239e-06
5.052868103292167454e-06
5.043835448109859053e-06
5.038430307098231941e-06
5.033070228213854785e-06
5.028466966327321517e-06
5.024533382651232064e-06
5.020790567244568528e-06
5.017750503528043059e-06
5.014592107510571640e-06
5.010817883961627316e-06
5.007545477482235790e-06
4.970978829230076696e-06
4.946474456138587798e-06
4.942559433437682706e-06
4.938943129454495342e-06
4.935581923906413751e-06
4.931929985442858455e-06
4.928957859397569600e-06
4.926176164543911922e-06
4.922763869671315773e-06
4.919811658429076013e-06
4.917406714378510360e-06
4.914858639719542357e-06
4.910144545400657512e-06
4.906249136422956663e-06
4.881016343735340678e-06
4.860217240719911441e-06
4.853795433420195115e-06
4.846731680884278941e-06
4.838612322482721694e-06
4.830163818363862247e-06
4.820877754621874926e-06
4.812447552299771304e-06
4.804684157173352015e-06
4.799486855113630977e-06
4.794976764098578363e-06
4.789980979326612112e-06
4.772157072505115337e-06
4.755450648099412185e-06
4.747263598971382190e-06
4.740188864367635380e-06
4.727385450697257399e-06
4.716531818104273653e-06
4.714247668074980437e-06
4.710199047484390887e-06
4.704763327766810346e-06
4.701527097592149025e-06
4.697836176266453785e-06
4.694892109851307713e-06
4.691914864945224024e-06
4.689809899103497251e-06
4.683438328308772346e-06
4.678570264415238530e-06
4.665108898121814675e-06
4.639650663163734103e-06
4.633146175392569332e-06
4.614976134224721124e-06
4.600062156086185342e-06
4.597067811500490398e-06
4.593938216675562881e-06
4.591613478470077222e-06
4.588972137299988219e-06
4.583332263950994016e-06
4.579387735372570640e-06
4.576543299234915039e-06
4.573924451184620384e-06
4.568872489794112914e-06
4.565795118681090564e-06
4.559496713981445607e-06
4.555619601327658927e-06
4.540465494326878867e-06
4.525110588550614576e-06
4.518065665147357748e-06
4.510136603172807563e-06
4.508266382101170376e-06
4.506205046518957643e-06
4.504150694345030485e-06
4.497092227801522260e-06
4.487106549094209259e-06
4.478986524220488233e-06
4.470744978273143272e-06
4.461902667253949839e-06
4.453747718819976923e-06
4.449894815196350589e-06
4.445480608298193716e-06
4.443594170860411760e-06
4.441276899830702466e-06
4.438945439479450453e-06
