2.059015775259480721e-02
1.032671546865218323e-02
6.913470504273502848e-03
4.956458616257470792e-03
3.775220316841898342e-03
3.201703330398419749e-03
2.717920090054987744e-03
2.348351997870078492e-03
2.065596305782142934e-03
1.809761814859811363e-03
1.615257835046795317e-03
1.440537271509085161e-03
1.291968298676443062e-03
1.197606022447367463e-03
1.094868832886615939e-03
1.035297089778504419e-03
9.722836864957812297e-04
9.172876877198052857e-04
8.456603454711517174e-04
8.005890121576095426e-04
7.887140532974953617e-04
7.462114358980815069e-04
7.081298680638477413e-04
6.669888228688846624e-04
6.354295072778040360e-04
6.180751125531465384e-04
5.929024381374937026e-04
5.636204019099114127e-04
5.456403036859879376e-04
5.310579555074555281e-04
5.278261944130123928e-04
5.126250515353973202e-04
5.002031940905078342e-04
4.865049048716661652e-04
4.757676878107282271e-04
4.805292702739869947e-04
4.680246809550171901e-04
4.591156979804987136e-04
4.509258235292285585e-04
4.443420262362415005e-04
4.438915572209388470e-04
4.354928307493064745e-04
4.295266563029802851e-04
4.234347418576529299e-04
4.149736569395185847e-04
4.133540102007425402e-04
4.057558101667863536e-04
3.992933955814494877e-04
3.933468520591323274e-04
3.886005435637352682e-04
3.839856509509624485e-04
3.798386516646073854e-04
3.749521923909769129e-04
3.701183209470986055e-04
3.644732295798213859e-04
3.593196291536889788e-04
3.538668560069758496e-04
3.488027905375121326e-04
3.440952285900113314e-04
3.406387791945267589e-04
3.368957925281403152e-04
3.320645594543942397e-04
3.271490020790777356e-04
3.230275534303657533e-04
3.189782411646547417e-04
3.144065730535082221e-04
3.097120716854438413e-04
3.046329051671379053e-04
3.002408147259066516e-04
2.967804841094452001e-04
2.929509231465850998e-04
2.900698786403333460e-04
2.864089581485429145e-04
2.837806908803600526e-04
2.792982734617781054e-04
2.764339804840880454e-04
2.732271767962362523e-04
2.703752607420735476e-04
2.669084763623197072e-04
2.632110594881393066e-04
2.607039358110263680e-04
2.582705344851553590e-04
2.564692758770780183e-04
2.544310506028833784e-04
2.527556817209704342e-04
2.511652932000131761e-04
2.489204990346155738e-04
2.468590545983807643e-04
2.444305899825649346e-04
2.423275326268591750e-04
2.400326979395359941e-04
2.370498361018201299e-04
2.346145839680151529e-04
2.327190662212681531e-04
2.314244992652349610e-04
2.297424531577524083e-04
2.286386239364909085e-04
2.274098043434463442e-04
2.256499812471470608e-04
2.244787411376144019e-04
2.829371094046807681e-04
2.285817045618900576e-04
1.984605672228290031e-04
1.828358262405795423e-04
1.728936795176113143e-04
1.635496570950425511e-04
1.532197273593169666e-04
1.436575983948241129e-04
1.338274736097658712e-04
1.260737891528945721e-04
1.190940260220292395e-04
1.115581012459387753e-04
1.057120640448958585e-04
1.005973711594084505e-04
9.706809764695525922e-05
9.226996236210909072e-05
8.814588726015741170e-05
8.440674199340860069e-05
8.105481359583818876e-05
7.699637250883709647e-05
7.374080678574497733e-05
7.081341808592631331e-05
6.856461956307706039e-05
6.641935608758610973e-05
6.438145082700468045e-05
6.301367967285188246e-05
6.191366174662058268e-05
6.088468168682058674e-05
5.965547374710715363e-05
5.867794528272976458e-05
5.792149892880720766e-05
5.713451558876745940e-05
5.640237947712284746e-05
5.568988521915207128e-05
5.506103458155919437e-05
5.461994770630353629e-05
5.400500361712586776e-05
5.348915544674458326e-05
5.296342368827288235e-05
5.255607683440471347e-05
5.222410944909419700e-05
5.183524573657042288e-05
5.133767945452913893e-05
5.093892388440342158e-05
5.057760994979429290e-05
5.028506406185424105e-05
4.995360084430612010e-05
4.963710235144191664e-05
4.935069270960976601e-05
4.910421910559340593e-05
4.886953733331135920e-05
4.857688558520678064e-05
4.827298714573218923e-05
4.794222465696833772e-05
4.768009070408903968e-05
4.741022095416508173e-05
4.704996255240350176e-05
4.672431096574203633e-05
4.642721418358933613e-05
4.612518833328701801e-05
4.583970024904656607e-05
4.561540147647682216e-05
4.533688856134797542e-05
4.501927707089161768e-05
4.470257403708957048e-05
4.435152105267326010e-05
4.405017980209974986e-05
4.380448318520130494e-05
4.354413421934059291e-05
4.329833694271253226e-05
4.304600988649455765e-05
4.277202953087345016e-05
4.258508245740768894e-05
4.240124426452110179e-05
4.223210621067461214e-05
4.208625459486301049e-05
4.193143958524212401e-05
4.180294324547145269e-05
4.163926719990622926e-05
4.145478064866436353e-05
4.130597693445808573e-05
4.113435159131064746e-05
4.096715751981017291e-05
4.082823632946281777e-05
4.065889436328044544e-05
4.052686933023071081e-05
4.036919636617807114e-05
4.021577004785930633e-05
4.000161061568250704e-05
3.984873894307168490e-05
3.967580658782002864e-05
3.946681899472448732e-05
3.929910133211007926e-05
3.915093851528404561e-05
3.894984803699581296e-05
3.867400778382291217e-05
3.853790176550597036e-05
3.839040654220945292e-05
3.826093084731109961e-05
3.812906624647335451e-05
4.205199450133963700e-04
2.466623266265937503e-04
1.688854788045269443e-04
1.180393601137469812e-04
9.341363401621224710e-05
8.882125485619021062e-05
8.109203759613868817e-05
7.718246173899504176e-05
7.390048022717320673e-05
7.029597229197562735e-05
6.690933044257062407e-05
6.231448087987304454e-05
5.851515728476690080e-05
5.498241510420337383e-05
5.163667009128225830e-05
5.157708224158024957e-05
4.989431753491946743e-05
4.802136895717249891e-05
4.597850806187078526e-05
4.463606746539364786e-05
4.415951229308223849e-05
4.241372170441577472e-05
4.104466919208004066e-05
3.972034188611217294e-05
3.821557873637569598e-05
3.760503396233240718e-05
3.631320822532052019e-05
3.504706171935074532e-05
3.377089306998039134e-05
3.251305091507791811e-05
3.154023732382233005e-05
3.022967208115457532e-05
2.924133273573123733e-05
2.808980934938418186e-05
2.711034499998227673e-05
2.643862245905867890e-05
2.564963421320721088e-05
2.501036202394695939e-05
2.430433532557198662e-05
2.381656343001925101e-05
2.351442110317583696e-05
2.302854372605729526e-05
2.262610544228916702e-05
2.223501589626079191e-05
2.183281326458375588e-05
2.154560248875930632e-05
2.119770775946081749e-05
2.083822801663453420e-05
2.048632298591777597e-05
2.013628443087857420e-05
1.979121169868753856e-05
1.947368212038220662e-05
1.907141172029162943e-05
1.868768192450411409e-05
1.842186642142975468e-05
1.814753570155126864e-05
1.788238091796527727e-05
1.769664233151464921e-05
1.748287256461332294e-05
1.731629962019807571e-05
1.716893514485600691e-05
1.697887132570533221e-05
1.676270989668022753e-05
1.658176574641206569e-05
1.642069194328788306e-05
1.627379395331216756e-05
1.613867720650290110e-05
1.602357661191376999e-05
1.590574465629477786e-05
1.580363423645107879e-05
1.571816637276405687e-05
1.563946295905289968e-05
1.556089003217247095e-05
1.548242661455055910e-05
1.539642113787168627e-05
1.526652837889097330e-05
1.519053548873326929e-05
1.512953780915537293e-05
1.507657633447762887e-05
1.500113425606780668e-05
1.493202429839842755e-05
1.484881753155100191e-05
1.475494006337704923e-05
1.466018357859815623e-05
1.458603756097583666e-05
1.450404765342618328e-05
1.443058831975839099e-05
1.435276183361810617e-05
1.425323882715002107e-05
1.419140472452936761e-05
1.413223403525012278e-05
1.408311112338430531e-05
1.404781871781705690e-05
1.401358484056698271e-05
1.398049301705446315e-05
1.395119963425339720e-05
1.391416508639495907e-05
1.388101440641887612e-05
1.384226260070985117e-05
1.380838143751297936e-05
5.887756083701704704e-04
3.261103889040692198e-04
2.164465914501571278e-04
1.636384190377484507e-04
1.346996740879969072e-04
9.545276131897579121e-05
7.690646283443433747e-05
6.535013064209322915e-05
5.967586512465452518e-05
5.489733535713738429e-05
5.324322503963156754e-05
5.057105532963692329e-05
4.922848280638587794e-05
4.795346720905794045e-05
4.666906005356553759e-05
4.594890640684912804e-05
4.359288848879630117e-05
4.151230409897375674e-05
3.936639653313746387e-05
3.714167523833866816e-05
3.695416639791283570e-05
3.538641255183904799e-05
3.363786692694834988e-05
3.205229813831923948e-05
3.086789942142872744e-05
3.090247752735071363e-05
2.968798121990180711e-05
2.856947547877490386e-05
2.741821983911513379e-05
2.617981930072166166e-05
2.599335437677494759e-05
2.513512526070184458e-05
2.442596059444044484e-05
2.364099820812195216e-05
2.300644748402631430e-05
2.288389049419548675e-05
2.216672675070873336e-05
2.143574130036427744e-05
2.080945055774149994e-05
2.025872475295862414e-05
2.019161052674477087e-05
1.958216153495548949e-05
1.902206090451455050e-05
1.846408125840851504e-05
1.784262429382578173e-05
1.781539706934668634e-05
1.716044167814910728e-05
1.656822062790703126e-05
1.613352044063815909e-05
1.561176179147989008e-05
1.517450269970680822e-05
1.477172583495658805e-05
1.440468047302975554e-05
1.407562539120697913e-05
1.378122189302661799e-05
1.348042741211454559e-05
1.319936145672664091e-05
1.292125693685776477e-05
1.271296845735086170e-05
1.250125635026705965e-05
1.226830761023235575e-05
1.202386259653238693e-05
1.181088323769078664e-05
1.163200426278103233e-05
1.144367643694164047e-05
1.124160153692958111e-05
1.107590858741709346e-05
1.092683170363959336e-05
1.079206158649853624e-05
1.067009119844685325e-05
1.054126271766602153e-05
1.043700369280439885e-05
1.036196952637060217e-05
1.028265957088997955e-05
1.018957166983315544e-05
1.011043396865872078e-05
1.002627217072733162e-05
9.943923259779525670e-06
9.844775341462914069e-06
9.736570861888667317e-06
9.652936548375046241e-06
9.568991835074740828e-06
9.509932780406158337e-06
9.417653122820210428e-06
9.340809598665399311e-06
9.275568391129222475e-06
9.196278511310766247e-06
9.127119195205682996e-06
9.070220789392559877e-06
9.014765272603376175e-06
8.965363750106358290e-06
8.906696404552752393e-06
8.852393063011008967e-06
8.781332817760895658e-06
8.711677336134339330e-06
8.656167376856599812e-06
8.608755568230063709e-06
8.562116246099093117e-06
8.512211687786751458e-06
8.461540514379488134e-06
7.405788951380143674e-04
3.824950431909520656e-04
2.420935893437042375e-04
1.879450723728741770e-04
1.561219682250790288e-04
1.309129813715092941e-04
1.129729339038840918e-04
1.011441674570877125e-04
9.215267465785111837e-05
8.475298102622869491e-05
7.830260199857072697e-05
7.330243025432363476e-05
6.843224267199103411e-05
6.458394305118454867e-05
6.013652595909490915e-05
5.549499953426466304e-05
5.126919581785600291e-05
4.890215993313033147e-05
4.638709295362608722e-05
4.429848586638716402e-05
4.170167147534171851e-05
3.934609269359230955e-05
3.745510038615652685e-05
3.565742205529267976e-05
3.382450282244180536e-05
3.182288228076677738e-05
2.983449593594622278e-05
2.817493103664673988e-05
2.667589843866221999e-05
2.565134247848693773e-05
2.492957170953772098e-05
2.415917106476486899e-05
2.347257901568522949e-05
2.287098243427133142e-05
2.243077146810168871e-05
2.199151140250936318e-05
2.146924879538348598e-05
2.080788696347645657e-05
2.018093130258163934e-05
1.957818010820445116e-05
1.945919531759508620e-05
1.905295559187034234e-05
1.840737446984507775e-05
1.789115332979119771e-05
1.739752294765635926e-05
1.733654351659273655e-05
1.687829782093675234e-05
1.630928578880132829e-05
1.589892786404336619e-05
1.535105528822992951e-05
1.492061632257607859e-05
1.441014165154734327e-05
1.398086863632777845e-05
1.343488796287072198e-05
1.295342428370456585e-05
1.251108518089260542e-05
1.212981175536810768e-05
1.172174021171553723e-05
1.147268286337801181e-05
1.118633948073389816e-05
1.096119488504764661e-05
1.075823886046831659e-05
1.056089005937657773e-05
1.040190323109210537e-05
1.022812236012088533e-05
1.005361618392596257e-05
9.906828676258839722e-06
9.773901088489549740e-06
9.629165039370244012e-06
9.500254719986863771e-06
9.389308114022051273e-06
9.278508774708133983e-06
9.176700886791968806e-06
9.057175677293470702e-06
8.932559084567780639e-06
8.832787702552057977e-06
8.736832151311832841e-06
8.650679336400992633e-06
8.568528023205286806e-06
8.487307777916608848e-06
8.398022162664015838e-06
8.315851547981377423e-06
8.239474435374067712e-06
8.156958750610529991e-06
8.082269838643870994e-06
8.005385027431878852e-06
7.927577362406662171e-06
7.846247672361727614e-06
7.770564111070496564e-06
7.700389462909499187e-06
7.619445945683690651e-06
7.577407341139218253e-06
7.524577873483330993e-06
7.459338495918883658e-06
7.404868419969637507e-06
7.359570169421933701e-06
7.291943123257184037e-06
7.234073335648378581e-06
7.178484887840921486e-06
7.110116378216210057e-06
