7.751180788930198129e-02
3.402967223302688637e-02
2.141441630380633981e-02
1.555738961943779752e-02
1.215977552951699563e-02
1.105372696026753372e-02
9.109198061888501910e-03
7.704961461092985596e-03
6.672579898989248158e-03
5.931238586390883902e-03
5.315037291835607650e-03
4.768216160321176074e-03
4.301576159175437251e-03
3.951787819586899224e-03
3.635483504498162547e-03
3.447350186203049140e-03
3.227118639330160167e-03
3.036871169507959767e-03
2.831320261503731447e-03
2.655385050154713406e-03
2.528431631858288602e-03
2.409927839121525379e-03
2.291595204156688954e-03
2.184772123967086352e-03
2.079843585144492378e-03
2.012736041836648074e-03
1.928306303865665343e-03
1.845543660115830540e-03
1.772011307196467902e-03
1.708999295313901479e-03
1.650465323769716164e-03
1.591472247754198259e-03
1.538183451470327527e-03
1.491917832808415485e-03
1.450296187979434109e-03
1.435384556794077476e-03
1.399183080213873762e-03
1.363107300109078551e-03
1.329207390286979169e-03
1.294910011179473824e-03
1.272162135125763519e-03
1.237977164107274992e-03
1.205248810343278066e-03
1.175803353149855717e-03
1.151405656831276528e-03
1.129511723408362220e-03
1.106779430210418080e-03
1.083242357942650232e-03
1.058815324099368713e-03
1.036994616630636809e-03
1.018028098002306822e-03
9.971834505521537557e-04
9.773813665160345759e-04
9.557904508167042613e-04
9.385791566210226157e-04
9.227933318501442463e-04
9.097411393366255060e-04
8.953117965842554609e-04
8.823452851562242454e-04
8.697913126567250212e-04
8.559098927505816518e-04
8.425882022183360607e-04
8.285675244376852246e-04
8.161472088223724027e-04
8.052878036219033057e-04
7.946478448330132225e-04
7.857968747566948780e-04
7.768817166420723900e-04
7.680199558858025796e-04
7.574447110388321091e-04
7.483314946796737173e-04
7.407780502548288234e-04
7.325514801826668631e-04
7.247466789611987491e-04
7.176340347437020362e-04
7.108519021946876383e-04
7.034693908857023560e-04
6.968896731715014132e-04
6.903206828342480384e-04
6.836026106545079221e-04
6.758840003944786888e-04
6.681074788804427112e-04
6.621769411963784272e-04
6.572360569240241496e-04
6.520688465960771014e-04
6.470416515001967822e-04
6.420359392916496696e-04
6.373226546316075559e-04
6.320123443456468785e-04
6.270724119825082238e-04
6.229786479168450105e-04
6.196229667917728433e-04
6.162295315354890564e-04
6.117570855937332639e-04
6.068379672431494431e-04
6.025525643183072665e-04
5.987172097967738329e-04
5.945110781550931155e-04
5.905213767187938480e-04
5.862397643584982710e-04
6.141322704717041506e-04
5.083244791708192278e-04
4.611346803073776857e-04
4.283009660902100031e-04
4.076786122878109158e-04
3.881459810098838461e-04
3.710969894055797221e-04
3.549201456159232874e-04
3.431709197740891496e-04
3.321124797596799755e-04
3.217476523490153499e-04
3.127659872235831061e-04
3.039908102992392954e-04
2.952412877051736103e-04
2.882222285358280447e-04
2.814061939765059688e-04
2.761596410543909908e-04
2.705091723841881904e-04
2.653409748758079863e-04
2.613034453955572975e-04
2.570850719305579684e-04
2.529213423900833805e-04
2.492517777891945711e-04
2.460379481411088137e-04
2.426328196795370584e-04
2.388024188544622174e-04
2.351241001498878883e-04
2.304376096244079779e-04
2.257342668118505037e-04
2.204732403959491337e-04
2.161097500547644464e-04
2.127039463055862591e-04
2.092162055110533220e-04
2.062054534635720800e-04
2.034686834733807534e-04
2.010393079745702955e-04
1.985707897161927669e-04
1.962490372664040580e-04
1.943033346676272693e-04
1.924743204602842182e-04
1.908421995647662016e-04
1.891691759452950809e-04
1.871824798936643961e-04
1.852776884862003645e-04
1.830796232510454723e-04
1.808357712540358821e-04
1.786484903413388769e-04
1.765894751876662062e-04
1.747420058789974587e-04
1.724605815894342579e-04
1.702855051290296147e-04
1.684816476710687422e-04
1.668574184270198851e-04
1.648432894953344365e-04
1.632109117818620117e-04
1.617941282285481576e-04
1.605011745261767818e-04
1.592866723530675550e-04
1.581626178329323515e-04
1.568100864336339974e-04
1.555172591776517882e-04
1.542846187990754318e-04
1.530849611483854633e-04
1.518323516906944085e-04
1.505465226101388853e-04
1.491763531684175211e-04
1.480884776934545852e-04
1.469297070532916635e-04
1.457392024657609350e-04
1.444136808896845879e-04
1.434298022228528834e-04
1.424338470959266576e-04
1.414784494884508846e-04
1.404601541841054180e-04
1.395361862502649127e-04
1.386632103462496926e-04
1.377435423696859052e-04
1.368551064227439254e-04
1.360408347060437101e-04
1.351342719762886559e-04
1.343172009982981192e-04
1.334240271703890823e-04
1.325972220643400383e-04
1.316924849556962184e-04
1.308295030204762691e-04
1.300064021979812745e-04
1.292837726672561340e-04
1.285753891960773518e-04
1.278616246730563657e-04
1.272235387528816469e-04
1.265608157153143678e-04
1.258786571773324941e-04
1.253287125494576871e-04
1.246684544600478340e-04
1.240879599719444044e-04
1.235583779076326893e-04
1.229620269367477333e-04
1.223403205936801001e-04
1.216178384697834294e-04
1.209575552326614572e-04
8.507444395911071796e-04
5.424241233568224876e-04
4.062738163784540058e-04
3.194935713513999604e-04
2.683422611007492842e-04
2.355056802911649288e-04
2.115292179856672911e-04
1.940605456432993104e-04
1.804942753060827644e-04
1.696867507899928130e-04
1.604463270527054896e-04
1.520659461106712543e-04
1.450734778190639767e-04
1.379385997537070586e-04
1.326830587423698585e-04
1.279280001954561177e-04
1.236991314709500215e-04
1.196230649674911881e-04
1.163115843429410372e-04
1.131830933030510936e-04
1.103682377484869516e-04
1.076920246894382227e-04
1.053257362438050833e-04
1.033947322551394922e-04
1.015749895280050949e-04
9.993526441244312381e-05
9.831755925743857784e-05
9.683673555824759058e-05
9.548674356320505379e-05
9.402507060355636231e-05
9.268387421519305464e-05
9.150960892431566826e-05
9.029328118049078093e-05
8.911815390313880514e-05
8.799398035934098521e-05
8.693983153795766070e-05
8.580397995083416135e-05
8.476406692614934558e-05
8.367301824257297618e-05
8.255009936647103900e-05
8.151629943428854541e-05
8.073104515256115715e-05
7.994549470803032673e-05
7.917176545691968282e-05
7.844571506901647608e-05
7.778666290155134997e-05
7.716612129452262955e-05
7.654049536305027089e-05
7.593946519943373585e-05
7.522038201661506601e-05
7.455298460241767779e-05
7.388867734668497450e-05
7.316389538487442969e-05
7.251840987494462569e-05
7.184289611737077234e-05
7.120885423263375279e-05
7.061585851803434696e-05
7.000835134676178153e-05
6.941469944318907328e-05
6.888454549568247861e-05
6.842091499570154682e-05
6.790176499484672462e-05
6.744093669763578849e-05
6.701283043923166418e-05
6.660928376866606161e-05
6.615278290378467517e-05
6.577438059625114050e-05
6.536879708487351628e-05
6.497136432621013593e-05
6.456335375162004981e-05
6.413906244665096268e-05
6.379995601066700982e-05
6.349417338031639621e-05
6.312962576378344012e-05
6.278793370350292224e-05
6.247864257058534398e-05
6.216126045229745500e-05
6.182965766936752668e-05
6.145622587859965404e-05
6.113628372649050906e-05
6.081812179828070266e-05
6.048326449915854085e-05
6.022195603192087712e-05
5.993226308530199208e-05
5.966839109973387560e-05
5.940910137249656503e-05
5.911569929457925266e-05
5.883890810996662016e-05
5.857651814915702668e-05
5.827584725609931101e-05
5.800713431329564254e-05
5.776912410327584858e-05
5.750096021958233549e-05
5.721624716076632286e-05
5.697748062193374485e-05
5.673005979164866329e-05
5.649446077219416081e-05
5.626034687492997046e-05
5.601384358132586734e-05
5.572235663803194495e-05
1.078209861075409438e-03
7.317506208682870994e-04
5.621280500545378350e-04
4.810141047096489777e-04
4.407882622034229908e-04
4.154092229416028346e-04
3.817528402650693974e-04
3.575456673417219959e-04
3.266100210149317840e-04
3.077556624963738376e-04
2.945629511463880535e-04
2.814263680334791115e-04
2.602718659364175306e-04
2.449270719612028197e-04
2.339976335171071846e-04
2.171952395479174417e-04
2.047363619157379245e-04
1.946072091374265764e-04
1.868459248391624646e-04
1.805347994470141929e-04
1.740686302848115804e-04
1.664912073369206110e-04
1.606253482171707161e-04
1.548783777562108099e-04
1.502467163303606267e-04
1.460437716939331988e-04
1.426052646834014925e-04
1.384591986901707720e-04
1.344144985214021284e-04
1.314461581150463802e-04
1.273054468163741036e-04
1.218725589514594324e-04
1.181144838137766811e-04
1.134752625333220746e-04
1.097490094579707792e-04
1.053542186993811227e-04
1.030007266516217373e-04
1.000513876849738537e-04
9.697363153495105158e-05
9.385743239288150215e-05
9.199913550590449582e-05
8.977133518360803325e-05
8.763645265477894742e-05
8.489995505423915899e-05
8.219228523187902479e-05
8.042988971015784102e-05
7.866963125306186851e-05
7.717097436478809387e-05
7.541917104429219157e-05
7.376010764614659304e-05
7.235534414961328816e-05
7.082668295256681651e-05
6.974039968258824755e-05
6.854043249104782142e-05
6.700562699362813180e-05
6.568411978334660211e-05
6.448464357808139939e-05
6.324864039805110463e-05
6.209504286251034237e-05
6.082016651218027540e-05
5.945518212996240334e-05
5.861941217346132535e-05
5.771486578206382908e-05
5.706368440062857620e-05
5.598988430390959418e-05
5.522896368222851961e-05
5.451086207169464018e-05
5.364528441625791871e-05
5.298603105781109847e-05
5.218033624029890113e-05
5.141345795109812157e-05
5.081134144004194889e-05
5.006542173282109908e-05
4.950835716323824233e-05
4.896152275137378507e-05
4.856667657569133453e-05
4.806104938667133341e-05
4.756514348608427054e-05
4.710073488145449008e-05
4.672418934656556890e-05
4.635053960048991621e-05
4.591623609206763404e-05
4.548281688075238842e-05
4.516831448805107784e-05
4.484626995573763180e-05
4.442092391757083205e-05
4.409624173122359258e-05
4.370144524777314039e-05
4.330800372817366652e-05
4.292288301730124643e-05
4.262888053012670313e-05
4.222895258653061427e-05
4.182483927657179503e-05
4.146968631696360024e-05
4.111845597407268985e-05
4.083659610616919368e-05
4.055935731839327354e-05
4.023891816894943678e-05
3.982741685521613389e-05
3.953046749458724753e-05
1.413793626123217720e-03
7.698979622776511893e-04
5.355277480685538766e-04
3.897362890491703515e-04
3.144923452423962866e-04
2.727795390541052929e-04
2.293448578201026081e-04
1.959719714328445365e-04
1.728438700158473952e-04
1.538201142677977126e-04
1.382948178838511546e-04
1.242709321956157037e-04
1.126468382039294748e-04
1.036778998800000958e-04
9.509468399319772811e-05
8.925663096688858764e-05
8.346163742081745584e-05
7.840718255970728385e-05
7.415312842199155326e-05
6.968784515009660680e-05
6.633192220517314635e-05
6.294748303956641344e-05
5.937445606168634509e-05
5.656618656150662696e-05
5.436517141398757643e-05
5.215185577483487573e-05
4.988551907235339240e-05
4.780763643558278792e-05
4.612762812901160706e-05
4.451553475536602249e-05
4.309947260967087601e-05
4.172227816331572304e-05
4.031493113359012044e-05
3.889743758270003187e-05
3.769280094418719874e-05
3.647070915558333796e-05
3.528424757885783566e-05
3.417800643060578040e-05
3.310404629545552678e-05
3.226899034151126160e-05
3.141092047508053513e-05
3.056006144560213843e-05
2.973242602087678167e-05
2.886237653120525524e-05
2.816321853940714968e-05
2.753735629714466491e-05
2.682735145096629674e-05
2.612739771124394865e-05
2.540640691609264557e-05
2.479973215513823809e-05
2.416281334703876399e-05
2.356947005379880281e-05
2.302714360604285070e-05
2.245390866699805316e-05
2.195300853421519588e-05
2.137615099425134633e-05
2.094159347856768298e-05
2.047788533791695861e-05
2.001306980892958185e-05
1.960331717796817046e-05
1.912134091795820971e-05
1.875305032354798328e-05
1.839751620729899634e-05
1.803751032614809362e-05
1.765270638989717452e-05
1.725712313686270346e-05
1.690996411434998379e-05
1.659019629988105595e-05
1.630511080387570869e-05
1.605628095877918103e-05
1.576376582430956457e-05
1.549133726096981066e-05
1.522228260789622443e-05
1.496355649992191155e-05
1.470687886279580306e-05
1.440924964997518568e-05
1.415210700013063151e-05
1.391825920692849024e-05
1.370038152925731544e-05
1.346967229281242302e-05
1.322691120325607799e-05
1.299216588253598763e-05
1.276161586338145999e-05
1.255386958033950305e-05
1.235301474114545180e-05
1.213354315989430874e-05
1.190729370671100215e-05
1.169717340626721337e-05
1.151161780801973274e-05
1.135041135110714796e-05
1.116659157293563289e-05
1.096964255015599420e-05
1.076375595148617082e-05
1.055612417061012444e-05
1.036127915307250717e-05
1.017815897318303319e-05
9.965116356100963080e-06
9.773225586945863205e-06
9.601066162047456012e-06
9.429161979374763489e-06
