2.138207553899379720e-01
8.378832343895457890e-02
5.011291726365322413e-02
3.527568567903501678e-02
2.800628528514716858e-02
3.961252756088794874e-02
2.880066263147250394e-02
2.276592917977594832e-02
1.951192269175478292e-02
1.659209257821334452e-02
1.940268913959765015e-02
1.610586622519228836e-02
1.444296482284924098e-02
1.321608990698071480e-02
1.203987595496185982e-02
1.330955708491041167e-02
1.153728021299792877e-02
1.076978600906827906e-02
1.004259713413453194e-02
9.569370904813362042e-03
9.904750229142748538e-03
9.164866776221653605e-03
8.646447194921830226e-03
8.274962055883365933e-03
7.882524659527359936e-03
7.856127108803553916e-03
7.368317399135692475e-03
7.076460861295883267e-03
6.806212109560998147e-03
6.510556871419722648e-03
6.655034363869080476e-03
6.341102060155178084e-03
6.119494893066704418e-03
5.914346005658620287e-03
5.720683698928231975e-03
5.817104053827619470e-03
5.522159786878375401e-03
5.319234784906707279e-03
5.146519321164615308e-03
5.028766253022034366e-03
5.239400752373808180e-03
5.029869199296752892e-03
4.859306388983198818e-03
4.722774029730172213e-03
4.548242622088554364e-03
4.670635246816981154e-03
4.418646342374796081e-03
4.308676681888778080e-03
4.223829744644549272e-03
4.123172424796464966e-03
4.047121503054441731e-03
3.981245471523635684e-03
3.862265353883562787e-03
3.713391539894140159e-03
3.598826806401147528e-03
3.478557729406228302e-03
3.388046747105661217e-03
3.305374525401709365e-03
3.229666728796327935e-03
3.166922911601166048e-03
3.113258823986511225e-03
3.058372209145134978e-03
2.999078193501175226e-03
2.946044915454533886e-03
2.898010644870216163e-03
2.846672215492996889e-03
2.788193696921902141e-03
2.727190124913549119e-03
2.676867021084528096e-03
2.637668552599412106e-03
2.593831070540448917e-03
2.550542474865493976e-03
2.511686888034808836e-03
2.470034028499938812e-03
2.433859772909780905e-03
2.386795047447093279e-03
2.349634768332572662e-03
2.314821454161750201e-03
2.277396669617791445e-03
2.245662697883383727e-03
2.212472706188707821e-03
2.183167187302525666e-03
2.155731785458220740e-03
2.120439850661861702e-03
2.089526119575046016e-03
2.062564462806206356e-03
2.038433387688066197e-03
2.016415898966462603e-03
1.993411538526237980e-03
1.977002750337852888e-03
1.959758233992146652e-03
1.943108690114867627e-03
1.927050489582285116e-03
1.910138330348145784e-03
1.893640085862638217e-03
1.875127535901180507e-03
1.852895122913912141e-03
1.834112317788379968e-03
1.814363732153852129e-03
1.795149326368051731e-03
2.016856279736984909e-03
1.790395982783617038e-03
1.642958236976607093e-03
1.524020247131903979e-03
1.431608899094673941e-03
1.359094369938095492e-03
1.281046585991391139e-03
1.216478883304352408e-03
1.164715053398341499e-03
1.117868722123307275e-03
1.080304110604519497e-03
1.043890418693035329e-03
1.012052029190817779e-03
9.716966408202130576e-04
9.357340448184641758e-04
9.036572616517823649e-04
8.729514003162618671e-04
8.461638304806535756e-04
8.223565500633316875e-04
7.991169247461418551e-04
7.826226213844915663e-04
7.648105626722875514e-04
7.451448778291672051e-04
7.246368121224111688e-04
7.068425784351090079e-04
6.984680674580607792e-04
6.815018203836130861e-04
6.658490326190316493e-04
6.505213691857377953e-04
6.371575442566315825e-04
6.283713003947654502e-04
6.178989876783066255e-04
6.089191865869397757e-04
5.999195713204026354e-04
5.892424553281778521e-04
5.825032767526992653e-04
5.720599916450389575e-04
5.625310317687422712e-04
5.522768920130664751e-04
5.438454084232186882e-04
5.375895750729886785e-04
5.293322436977406778e-04
5.225567195032701983e-04
5.155836769489520943e-04
5.081187274081498846e-04
5.028076751214107876e-04
4.952239997591753335e-04
4.883057754507032916e-04
4.817950652332206578e-04
4.754846515218232299e-04
4.696905258022509525e-04
4.629463011522777526e-04
4.574294219627181583e-04
4.519452932991136038e-04
4.476310917224363790e-04
4.430843767389942779e-04
4.389793064382264509e-04
4.344981765470700536e-04
4.312317527460285600e-04
4.277166201574118831e-04
4.236732906265870940e-04
4.205578297251526851e-04
4.168275980617123892e-04
4.137487015233038269e-04
4.106901673258110436e-04
4.078586754267895143e-04
4.040385948827291329e-04
4.005825346338825425e-04
3.970070882391283002e-04
3.932644922547613069e-04
3.898169809410404960e-04
3.864176608398471558e-04
3.833127895487477440e-04
3.804794980396295845e-04
3.771522067257346311e-04
3.744628538501846150e-04
3.715045251133299205e-04
3.689035825327019956e-04
3.663462168198553426e-04
3.637480867402365764e-04
3.608234003466354793e-04
3.583951003629246360e-04
3.560641015681590598e-04
3.535353738743315954e-04
3.509187971583952056e-04
3.483097464434506039e-04
3.459276430372525656e-04
3.438637526606366942e-04
3.415551651499561074e-04
3.395032461924394327e-04
3.370753637296647624e-04
3.349714865030870990e-04
3.328272040038761327e-04
3.305371463998946452e-04
3.282428524390925318e-04
3.265907855665300410e-04
3.248357126635333732e-04
3.228839768182771900e-04
3.207894807790547865e-04
3.183200519678677006e-04
5.980153524491566919e-04
4.734472406672448090e-04
4.197318326606434076e-04
3.808124483471199135e-04
3.521093545011182114e-04
3.326565747708395060e-04
3.160326606807018781e-04
3.015870063876118184e-04
2.893484009392575788e-04
2.784146856188239160e-04
2.675523560764409047e-04
2.587170386309083645e-04
2.504941468545872785e-04
2.423212927975669940e-04
2.361741144804315828e-04
2.304724751337651890e-04
2.252925534757672086e-04
2.189509075783106914e-04
2.143075613413260761e-04
2.096804064231246316e-04
2.053354968423169746e-04
2.012864213259434097e-04
1.977210268472974562e-04
1.946103511357151039e-04
1.920626167431500181e-04
1.896318555559283229e-04
1.866069689813600432e-04
1.831618423377562310e-04
1.800663338640321712e-04
1.768633781904711041e-04
1.742540072796061601e-04
1.713748603250202251e-04
1.684395101201146790e-04
1.656123322650557869e-04
1.625499398076626055e-04
1.602620482593210098e-04
1.575277489223764237e-04
1.551802986667110069e-04
1.526523167786374754e-04
1.506966835048564955e-04
1.488144724431562536e-04
1.466702762560226456e-04
1.450565829550620051e-04
1.437708034232188642e-04
1.424328533975053397e-04
1.412699109553826522e-04
1.400862070607929231e-04
1.389375865283025988e-04
1.379647034912114879e-04
1.368108769158130891e-04
1.354918982632843461e-04
1.341677327067130156e-04
1.327148524502580094e-04
1.312796615839764193e-04
1.300096089758067612e-04
1.286604693883826322e-04
1.273564269822764587e-04
1.261341269628397867e-04
1.248859764118823450e-04
1.234945146785795204e-04
1.223297586333793293e-04
1.210455405475449614e-04
1.197810731068042447e-04
1.186052817546378978e-04
1.175325060540236086e-04
1.164448600478126019e-04
1.154091797506498495e-04
1.146183034788855282e-04
1.137605412926661751e-04
1.129373762522470435e-04
1.121433466364689049e-04
1.114431200881783304e-04
1.107383204258014615e-04
1.099501080680659868e-04
1.091003899444091557e-04
1.082527533221089229e-04
1.074382331248443498e-04
1.066053239025671888e-04
1.057963285110709409e-04
1.048688765943538262e-04
1.041689617962852433e-04
1.032776922990165288e-04
1.025577715132741527e-04
1.017592653474357414e-04
1.009922066829460922e-04
1.002942897506902369e-04
9.964767946160062054e-05
9.895193910751798186e-05
9.830296395861129227e-05
9.775679450148141373e-05
9.729964755190336607e-05
9.689711886794402933e-05
9.640656536259473728e-05
9.594296248637462820e-05
9.552967930999043365e-05
9.502385462364718852e-05
9.453937858009709165e-05
9.408985951762630269e-05
9.357339010967468686e-05
9.306782980832789488e-05
3.935923217479577125e-04
2.588824879685391032e-04
2.099176005210552762e-04
1.835581365005020974e-04
1.645266245041653844e-04
1.508780757905090831e-04
1.394957206589183423e-04
1.311973548677688214e-04
1.235617195271566655e-04
1.176687764127893113e-04
1.121680436225632176e-04
1.070961348768432341e-04
1.026611329585391287e-04
9.815610656813886215e-05
9.439842167652098468e-05
9.075836086065850784e-05
8.761707449156430942e-05
8.504019463151289108e-05
8.255387449742387744e-05
8.006954934772809605e-05
7.775579292753956296e-05
7.567868211093681490e-05
7.382711531298376739e-05
7.212591474003222003e-05
7.050103869256821418e-05
6.904609732101302678e-05
6.760651855505249767e-05
6.627390540489844163e-05
6.495342431350724919e-05
6.384237994983486245e-05
6.271980422004316065e-05
6.160231120681683784e-05
6.042514961507287902e-05
5.948194819053252133e-05
5.860586769738541094e-05
5.771157777790427291e-05
5.689239916537060102e-05
5.602426325647779227e-05
5.524271500177706142e-05
5.447019196443324626e-05
5.378976997858210361e-05
5.307049575473814939e-05
5.243827517256044614e-05
5.172359606376000156e-05
5.109413345242726619e-05
5.045273943106992615e-05
4.979313220134090070e-05
4.902767936309831900e-05
4.844111034136381884e-05
4.777512596646535625e-05
4.727532997418940167e-05
4.672655919078052601e-05
4.621796998122180972e-05
4.571324866385281533e-05
4.527063695027518266e-05
4.482261277955663529e-05
4.439831748535662584e-05
4.402650640392610499e-05
4.362796664735148601e-05
4.322289064778789611e-05
4.280820721237987126e-05
4.239196509116890146e-05
4.203955650801985785e-05
4.166312179895284492e-05
4.124130392725138807e-05
4.082058419370752055e-05
4.044766147488769610e-05
4.007045580356649497e-05
3.973758936339462432e-05
3.935948005857043785e-05
3.899645996429733325e-05
3.866115671899058301e-05
3.832245652319726657e-05
3.800321349003892902e-05
3.765790191568626881e-05
3.731480661498915938e-05
3.700931714047308717e-05
3.676946022631001702e-05
3.650259540108071702e-05
3.623279396195570493e-05
3.598647517717236036e-05
3.572786991630399534e-05
3.546170906756017214e-05
3.520217835467486661e-05
3.493966618669557602e-05
3.464476169862703951e-05
3.433968986201634595e-05
3.408986532551249625e-05
3.387075427975387630e-05
3.365842111683194586e-05
3.342039827052317762e-05
3.319269344958057091e-05
3.299746137447045086e-05
3.281821546275451393e-05
3.265024428349329609e-05
3.247313010392958185e-05
3.228049662225948617e-05
3.209717270875304154e-05
3.193034716625923537e-05
3.174794267691073317e-05
5.932987041401144041e-04
4.030068433629005898e-04
3.100883427578264920e-04
2.625288007201348819e-04
2.249826356684624291e-04
1.961362010009938647e-04
1.741299677086239532e-04
1.565326505286984530e-04
1.406374898148943621e-04
1.283007575995732735e-04
1.173309204708964607e-04
1.078571674687107816e-04
9.961546353178072234e-05
9.255060407458867656e-05
8.656904222860120808e-05
8.192440801512019513e-05
7.729824216338578393e-05
7.328034101877943453e-05
6.965458660526891105e-05
6.600723142114398717e-05
6.209300274279808455e-05
5.922548566347334833e-05
5.618154203302218146e-05
5.332665414073474073e-05
5.124503379268732529e-05
4.905406246618834471e-05
4.668398948989025879e-05
4.473957320927552956e-05
4.309253149972192654e-05
4.159422424368007743e-05
4.051294985048891321e-05
3.907182103314553592e-05
3.786509681968553320e-05
3.690769943355385772e-05
3.596016292113968812e-05
3.515063624981452624e-05
3.419559183088406463e-05
3.320745474114283533e-05
3.241151128175928561e-05
3.167594184131375189e-05
3.111379070802966300e-05
3.047756220009851703e-05
2.979923945038425462e-05
2.910242498798312608e-05
2.850691939191530921e-05
2.814640641798680723e-05
2.752655918169354387e-05
2.708978457512236648e-05
2.658361904992345381e-05
2.611287302129669337e-05
2.563013079091989359e-05
2.521369615320578116e-05
2.476568703944744600e-05
2.429766711438040104e-05
2.390457277757870015e-05
2.349319328332166341e-05
2.315959896505326873e-05
2.286203512650689286e-05
2.254158096086977733e-05
2.213097265093723608e-05
2.179653908326002558e-05
2.147226457209569105e-05
2.115430928116762967e-05
2.082125663996229546e-05
2.046000193122115787e-05
2.013091606845376496e-05
1.981046661232871645e-05
1.944953696579798384e-05
1.917741683416601618e-05
1.889666168353758204e-05
1.862679401614492523e-05
1.835607856905206709e-05
1.805871158788338696e-05
1.776994822490000927e-05
1.748702511991538489e-05
1.723988970418573720e-05
1.700138401537783483e-05
1.675088619258870642e-05
1.652977192386298556e-05
1.629880592560149156e-05
1.604937722493221438e-05
1.582061773611907393e-05
1.563056879889907847e-05
1.544158844879008535e-05
1.526037661543653285e-05
1.508020231201966553e-05
1.487263580789714140e-05
1.466704823062986489e-05
1.449893414664291854e-05
1.433730481243483286e-05
1.417399508531387823e-05
1.403709259564264492e-05
1.387159199963661702e-05
1.369718629215494832e-05
1.353240198956700527e-05
1.338623037468007694e-05
1.324272463903514041e-05
1.311650679941871497e-05
1.298196387887432267e-05
1.288645682713889686e-05
