6.864606888453231859e-01
5.989122615208435363e-01
5.636702345484423393e-01
5.427674296241775664e-01
5.336792577365601087e-01
5.466156035056943807e-01
5.345698966506349237e-01
5.243665711601495083e-01
5.184839933659121103e-01
5.140573619192096988e-01
5.174316503757113717e-01
5.130558440068864190e-01
5.100117048372606599e-01
5.077642841098890525e-01
5.064525999632394360e-01
5.079771242544708354e-01
5.061237585563191921e-01
5.051612967095447937e-01
5.043015399092894979e-01
5.034908547912607668e-01
5.063619841868057803e-01
5.039151500826531960e-01
5.025036505120725749e-01
5.017150487262266312e-01
5.009231274264678291e-01
5.046621968209611397e-01
5.028966805823380515e-01
5.014992235138634458e-01
4.999606762930121628e-01
4.983544690652075282e-01
5.018680116004934355e-01
4.983970680203922421e-01
4.959510923494043766e-01
4.948648067617625879e-01
4.940043871244758078e-01
4.982132629832397019e-01
4.957725432899295348e-01
4.943538751046992474e-01
4.933142325675763384e-01
4.923574557696903664e-01
4.947381083706535176e-01
4.923973008380910232e-01
4.911161256800227193e-01
4.904998148954657355e-01
4.900890438654168513e-01
4.945272040309571793e-01
4.925892552728026175e-01
4.909450450065508398e-01
4.899112260581977574e-01
4.893796647389796473e-01
4.890217908158024374e-01
4.887387471496744129e-01
4.884847269336445308e-01
4.882060581940895205e-01
4.878157481354187808e-01
4.874434858281844751e-01
4.871459990168858778e-01
4.869305754066974856e-01
4.867704860771869257e-01
4.865998702150792221e-01
4.863774286864154250e-01
4.861716865780928432e-01
4.859699460148041439e-01
4.857827461514016010e-01
4.856396136575913958e-01
4.855197239178186686e-01
4.854179463366143366e-01
4.853083186180552344e-01
4.852202104307882791e-01
4.851569395355540548e-01
4.850877746201149310e-01
4.850133266047404468e-01
4.849417619381843347e-01
4.848826948656281277e-01
4.848165330220032820e-01
4.847448516748185665e-01
4.846825907003280975e-01
4.846310347809958397e-01
4.845868422148629784e-01
4.845409238928977125e-01
4.844941872953015261e-01
4.844550603783428500e-01
4.844128203459847071e-01
4.843565807368317988e-01
4.843005324678806289e-01
4.842349840575101982e-01
4.841643434918996847e-01
4.841001465559852668e-01
4.840285837155703375e-01
4.839687167694285974e-01
4.839051438740817335e-01
4.838384221860300149e-01
4.837749159178075242e-01
4.836658303446326745e-01
4.835562510772757339e-01
4.834302782105967533e-01
4.833082481485125870e-01
4.832130517996831021e-01
4.831295908373890446e-01
4.830617063888145712e-01
4.629293036492503344e-01
4.538028146696968523e-01
4.479783122176361210e-01
4.434399299212355428e-01
4.400471591789110182e-01
4.383423601748679399e-01
4.362459251260303317e-01
4.345619664133291704e-01
4.330205624267466913e-01
4.319111943401856557e-01
4.317863402086032920e-01
4.304310511836482722e-01
4.294050367920163591e-01
4.285118526169764408e-01
4.273865271157745171e-01
4.273177126855253749e-01
4.263332471578327176e-01
4.253649872960676981e-01
4.246416317196055057e-01
4.239729620962282008e-01
4.245951516965226769e-01
4.238460063708936465e-01
4.231345483209485447e-01
4.225037200565718853e-01
4.219573965174899799e-01
4.225376552472026592e-01
4.217110944699600794e-01
4.211117477824565247e-01
4.203618691873170499e-01
4.196794382031420745e-01
4.199270200760247818e-01
4.192842320314432714e-01
4.185742645937057804e-01
4.180423556383925376e-01
4.175222132171627631e-01
4.188373032546618968e-01
4.180588875370032653e-01
4.173409930202908180e-01
4.168964407099679526e-01
4.164481743212703480e-01
4.173716132495831066e-01
4.164471499580806868e-01
4.158592446379018037e-01
4.154863249194239994e-01
4.151000630419352522e-01
4.175349797063996338e-01
4.165405283584228679e-01
4.157847755878366636e-01
4.153315589366540772e-01
4.149236921913909693e-01
4.145557300102807874e-01
4.142511896179941755e-01
4.139744913671523086e-01
4.137910046378109330e-01
4.135978815848912471e-01
4.133982816219348155e-01
4.131726271258160388e-01
4.129227631746099636e-01
4.126212948993435714e-01
4.122658273767149106e-01
4.119130463424234834e-01
4.115615068180930591e-01
4.112230163730919430e-01
4.109234289186320388e-01
4.105720176985603875e-01
4.103230755238148064e-01
4.101319592193188313e-01
4.099649854641328472e-01
4.098150308565062794e-01
4.096676734972807821e-01
4.094684116858529066e-01
4.093238716503506125e-01
4.091512833344374545e-01
4.090057777310320830e-01
4.088505488388596842e-01
4.087078475735415606e-01
4.085747729116589455e-01
4.084528068285662172e-01
4.083252645890317889e-01
4.081792802920509722e-01
4.080483944822058118e-01
4.078797741271315003e-01
4.077235891779292798e-01
4.075489477760786960e-01
4.074003245172693188e-01
4.072119752239354296e-01
4.070334219497144801e-01
4.068233954651380158e-01
4.066073566214385426e-01
4.063968055177119565e-01
4.061877132194545159e-01
4.059941645959215806e-01
4.058460737132610907e-01
4.056926649940887364e-01
4.055579052849768162e-01
4.054548639124799236e-01
4.053580407920667206e-01
4.052784702580433662e-01
4.051888246609832156e-01
4.050959430017420648e-01
4.041528584335504215e-01
3.953202872963411107e-01
3.898045510110810796e-01
3.861206931081442861e-01
3.832295401114572675e-01
3.821777578162052769e-01
3.800634861688924615e-01
3.780754372893880277e-01
3.761558491326223441e-01
3.741401362242781636e-01
3.724353281361890144e-01
3.707048485615347388e-01
3.691820117635014609e-01
3.672593243915529548e-01
3.657574963521948441e-01
3.652735818324278627e-01
3.636435029674489061e-01
3.622472513720430554e-01
3.607281504108279524e-01
3.594343338108941244e-01
3.591077277974142890e-01
3.578980175670692931e-01
3.568454005375226723e-01
3.556088932877224940e-01
3.542970066924501227e-01
3.555823106825273805e-01
3.542896807961050665e-01
3.533027052417982983e-01
3.525959523207045643e-01
3.518541385395195786e-01
3.520212740812943553e-01
3.511300493382138455e-01
3.505211875927143894e-01
3.499892153626514846e-01
3.495304613644313885e-01
3.496109026475655579e-01
3.490883328347720860e-01
3.486431784475338969e-01
3.483059642832234126e-01
3.479821288200167784e-01
3.478471280218146111e-01
3.474800971562274077e-01
3.470299363890725353e-01
3.465138128574395404e-01
3.461045887632793194e-01
3.458067537944319869e-01
3.453277630816454224e-01
3.449167872741165652e-01
3.444959638724543471e-01
3.440895321331576828e-01
3.437666090123270290e-01
3.434517473625154915e-01
3.431638916904718450e-01
3.428728928145273191e-01
3.426449742378979146e-01
3.424354688196285523e-01
3.421888404704455100e-01
3.419461847021345591e-01
3.416914953989150794e-01
3.414334251899083239e-01
3.411796262863570073e-01
3.409207162698202342e-01
3.406753127511448209e-01
3.404586401498488901e-01
3.402444019848539503e-01
3.400345282445134121e-01
3.397888735757965128e-01
3.395302091724436977e-01
3.392761177416060980e-01
3.390007286802537156e-01
3.386844326717116660e-01
3.384272612930876445e-01
3.381885947742864218e-01
3.379434573599602865e-01
3.376993253563857489e-01
3.374459008398395521e-01
3.372407458923390444e-01
3.370407022405242925e-01
3.368624639768245665e-01
3.366395102896679870e-01
3.363854205740394732e-01
3.361539482573348558e-01
3.359279951799089003e-01
3.357237479568603855e-01
3.355231038483693085e-01
3.353095397624163421e-01
3.351132202440703090e-01
3.349082359715635504e-01
3.347213592716820063e-01
3.345524857187094359e-01
3.343945663285656233e-01
3.342437734865602583e-01
3.341054753244944719e-01
3.339722754231312374e-01
3.338407625752115582e-01
3.337211968970089648e-01
3.336030189095386955e-01
3.334654603061366074e-01
3.333178108347896185e-01
3.331866866395984395e-01
3.369716746643124372e-01
3.311096193912407837e-01
3.262855235365459405e-01
3.228907202567095069e-01
3.201042456789170987e-01
3.198668888515195374e-01
3.174091311987751740e-01
3.153884666040419615e-01
3.134348948964919557e-01
3.115605144526690240e-01
3.104304601093247906e-01
3.089015701978878869e-01
3.072818237050345958e-01
3.057737686400832655e-01
3.044362085035122734e-01
3.036370820596402398e-01
3.024905877526600229e-01
3.013032868657863350e-01
3.001340966832249935e-01
2.991668299853137980e-01
2.992322128200768372e-01
2.981732638376901057e-01
2.971727365261506160e-01
2.962277536693887492e-01
2.953427537208179743e-01
2.958024615580217564e-01
2.950029257157250062e-01
2.943130178675182340e-01
2.936095745275617008e-01
2.929995098385537178e-01
2.930239514829219294e-01
2.923526221883793186e-01
2.916287314527950536e-01
2.908714723118052126e-01
2.902186078409509928e-01
2.895778157212596793e-01
2.887576671870262790e-01
2.880914404152915553e-01
2.874090439258094598e-01
2.867720045688110786e-01
2.869557276725714923e-01
2.861489281487634706e-01
2.854436459849103991e-01
2.848519613502558112e-01
2.841745906647539233e-01
2.842020391428379811e-01
2.834664021284524216e-01
2.828164461600977120e-01
2.821767429723999188e-01
2.815128778849853020e-01
2.808739335424572103e-01
2.802000695098436633e-01
2.796762902078995250e-01
2.791240782259037378e-01
2.785569822286828590e-01
2.779962775790313367e-01
2.775276309448150291e-01
2.770830765351404157e-01
2.766737912829369539e-01
2.762697293617383809e-01
2.758860149237901127e-01
2.754996244572393560e-01
2.750887968798845229e-01
2.746824097940133158e-01
2.742681363914297177e-01
2.738838317663223054e-01
2.734876881362850454e-01
2.731335677115698801e-01
2.727881441144441310e-01
2.724382971394805342e-01
2.721088055374216719e-01
2.717857061841496558e-01
2.714689812080536280e-01
2.711905682676528651e-01
2.709361361740290630e-01
2.706528945894263738e-01
2.703448445279575951e-01
2.700679496044423034e-01
2.697724280021572274e-01
2.694847753924354272e-01
2.692211765665324386e-01
2.689356599756996813e-01
2.686641319293628927e-01
2.683931093343283059e-01
2.681601649273884225e-01
2.679319407978114076e-01
2.677112432374567086e-01
2.674691833547666597e-01
2.672453042724895478e-01
2.670496576482636608e-01
2.668412160234801545e-01
2.666448301896329753e-01
2.664308630028769387e-01
2.662076886164788658e-01
2.659896140672787790e-01
2.657621859174788548e-01
2.655405174865407836e-01
2.653158186242287053e-01
2.650729532500374908e-01
2.648569789087691917e-01
2.842339400336231225e-01
2.783557423657843088e-01
2.739326337855262361e-01
2.701456037763810270e-01
2.669667320214013095e-01
2.675867338371632487e-01
2.657724025517909094e-01
2.639956311195599814e-01
2.621531802333843530e-01
2.609539659131610012e-01
2.598013565219664534e-01
2.585825625785200810e-01
2.575086747883899019e-01
2.563811732312387126e-01
2.554666528081113164e-01
2.546898200220604758e-01
2.538411069365953399e-01
2.531204463569654006e-01
2.522955296382659585e-01
2.516173400007499783e-01
2.510339989489100976e-01
2.503636987369715072e-01
2.495433165332716918e-01
2.489307121946390533e-01
2.482077175148182102e-01
2.475511414638560670e-01
2.467532733468442985e-01
2.458863601850694303e-01
2.452425975456800911e-01
2.445455780197110518e-01
2.441102295333958117e-01
2.435610244775338884e-01
2.430365250739092986e-01
2.423793092354515344e-01
2.419646262634930767e-01
2.414310771002881884e-01
2.409461700386673344e-01
2.404130882207546893e-01
2.398914823735018576e-01
2.394045532257091102e-01
2.388294477419507233e-01
2.382289427298689422e-01
2.378138354492439765e-01
2.373446861861076007e-01
2.368482774872629759e-01
2.367921263622136674e-01
2.363293373229084504e-01
2.357393452503745990e-01
2.352346051121903536e-01
2.347241939892400209e-01
2.341591040793903067e-01
2.336269408090292099e-01
2.331471852012901302e-01
2.325068173554474538e-01
2.318755743611566889e-01
2.314353536852050974e-01
2.309894846008348768e-01
2.305166936367077091e-01
2.301133142864328907e-01
2.297439682773124159e-01
2.294238353318729939e-01
2.290635908706094848e-01
2.286690359113231763e-01
2.282863424372513494e-01
2.278676129118259175e-01
2.274640826541778904e-01
2.270567286951061525e-01
2.267023410174555664e-01
2.263504679311685586e-01
2.260042394918428676e-01
2.257007265189451550e-01
2.253461678753203856e-01
2.250002151890120317e-01
2.247082406810538280e-01
2.242846922999491288e-01
2.239161083935252150e-01
2.236477694531218974e-01
2.233816828922207121e-01
2.231377167493298896e-01
2.229383355268863831e-01
2.226917559319014639e-01
2.224906684512343302e-01
2.222613233810785127e-01
2.220506865880082226e-01
2.217778223197519605e-01
2.215447400110121257e-01
2.213121576244334587e-01
2.210470372033783715e-01
2.207650220520330497e-01
2.205094408870852118e-01
2.202656427557315166e-01
2.199573714969164928e-01
2.197263418780541211e-01
2.195045655596537248e-01
2.192635211557595609e-01
2.190528934709754516e-01
2.187994963649695090e-01
2.186154075231499794e-01
2.183915179827279618e-01
2.181025245774774746e-01
