5.868644528545054889e-02
2.686363538564615766e-02
1.769288223287774839e-02
1.270277990973162421e-02
1.018974474524123909e-02
8.824466197483336535e-03
7.589829103420129425e-03
6.571784676595499898e-03
5.815815626401566255e-03
5.267181888828872602e-03
4.724745091768163194e-03
4.240116477013567038e-03
3.764110414088867561e-03
3.404991555767985460e-03
3.189201097037261921e-03
2.953066022564178241e-03
2.766910697612430092e-03
2.576248537899746179e-03
2.429449525571784636e-03
2.284314043997562500e-03
2.145838771770764222e-03
2.027494724559480901e-03
1.912686506085249476e-03
1.816022310515638628e-03
1.735091160228285738e-03
1.667831873155300060e-03
1.607373300808896720e-03
1.544726822424531427e-03
1.481410203148408964e-03
1.410988270765801880e-03
1.359427597626744607e-03
1.303697700226973122e-03
1.254633944118622698e-03
1.203589743316659444e-03
1.153824892597786391e-03
1.110962922591043553e-03
1.071657552653130022e-03
1.042777996596808273e-03
1.011078192213351245e-03
9.866150418879097387e-04
9.589323998036452818e-04
9.309177053278204191e-04
9.047111849296837543e-04
8.762290976467926318e-04
8.529224531838320309e-04
8.270570913081051398e-04
8.023167136370152252e-04
7.801235865971564536e-04
7.592559232543897359e-04
7.422271168046726307e-04
7.244932579864966308e-04
7.077738981441133092e-04
6.941704874215358888e-04
6.797612004694423421e-04
6.672602803754152994e-04
6.538493958727681268e-04
6.417750014153828127e-04
6.292181076834762500e-04
6.186894905181226055e-04
6.073929404845861526e-04
5.965599477470195141e-04
5.879023252123507116e-04
5.782347636318496556e-04
5.687642490558227635e-04
5.583359174234065305e-04
5.482240821442982415e-04
5.396102674764501061e-04
5.282616787726828389e-04
5.175598384891441205e-04
5.091311058598693880e-04
4.988409496119546776e-04
4.892266599389293990e-04
4.824762668451547712e-04
4.739760637584018005e-04
4.657686381190043363e-04
4.590994844551348386e-04
4.514380741435542756e-04
4.440051651865263246e-04
4.386313630014069100e-04
4.334795381152003633e-04
4.266704340225743698e-04
4.208134433872414435e-04
4.160575615387960982e-04
4.114010909662594684e-04
4.063426788702230235e-04
4.009885402168223019e-04
3.965798815040172268e-04
3.913602005659365195e-04
3.870196467171700531e-04
3.826983264022217664e-04
3.781405762232234414e-04
3.741797747068181562e-04
3.705087194655807777e-04
3.662830702338384014e-04
3.621389051697901634e-04
3.581391445174404351e-04
3.543708220366442231e-04
3.497549292080558495e-04
3.451055807341026896e-04
3.406428622124951897e-04
1.165626446333670012e-03
8.021466746800568317e-04
6.368068054096367309e-04
5.302321256729420522e-04
4.693153292756575097e-04
4.258082245627234645e-04
3.961601434293991102e-04
3.693808491312495167e-04
3.506810416230138859e-04
3.340621539441007812e-04
3.188465319245428948e-04
3.049873901660934430e-04
2.931052175240551308e-04
2.834754890985359695e-04
2.742631339867232054e-04
2.662863337417820044e-04
2.583130176978882717e-04
2.521853508371913691e-04
2.464366852842945306e-04
2.407571628078515364e-04
2.355547620048040788e-04
2.305987050866970531e-04
2.258402278082339665e-04
2.215587107191620254e-04
2.175191659550265787e-04
2.143135528617717909e-04
2.105671399941850999e-04
2.076615553360748308e-04
2.045159373100291012e-04
2.014083791006705674e-04
1.985002080739411067e-04
1.958025847132428777e-04
1.935941871000850488e-04
1.913850843087852929e-04
1.890839223924807198e-04
1.869437974701525652e-04
1.850716828342791954e-04
1.829494625607053010e-04
1.810034211687858836e-04
1.792715382379024341e-04
1.775817628189581526e-04
1.756045020321578103e-04
1.739816612731599277e-04
1.722800963260761003e-04
1.706314988618119668e-04
1.690236426494550251e-04
1.676260619961915572e-04
1.661830436391579656e-04
1.647437743947253108e-04
1.634646598848790450e-04
1.619773005348536200e-04
1.605747957694422280e-04
1.592733653681498564e-04
1.580543935519886339e-04
1.566751075098336366e-04
1.554261314539007286e-04
1.542173714775416842e-04
1.529502774987198351e-04
1.515079210301113885e-04
1.503393364782555077e-04
1.492575453259407871e-04
1.481678586224860375e-04
1.471935095389990998e-04
1.462220615715826004e-04
1.453165549412845374e-04
1.442873008321432092e-04
1.433016524074276444e-04
1.419935214401796166e-04
1.409102821659495997e-04
1.399222815161470430e-04
1.389933716661302069e-04
1.379216589642546869e-04
1.370127197493657613e-04
1.358292855307493977e-04
1.347784494399012327e-04
1.336792811646054244e-04
1.325366045164411838e-04
1.317427258202367990e-04
1.307938522256646917e-04
1.300393766025829739e-04
1.292210117023551510e-04
1.286140213019517243e-04
1.278977440718061752e-04
1.270677479890514972e-04
1.261559464437091041e-04
1.253550192002684995e-04
1.246291749417189503e-04
1.237745589880800241e-04
1.229446455860172831e-04
1.223009658355566785e-04
1.216908956845461667e-04
1.210643627166704518e-04
1.203084042905557867e-04
1.196511484004443685e-04
1.189472173991117045e-04
1.182402063001916848e-04
1.174542677499897320e-04
1.164935858433688092e-04
1.156713588023524779e-04
1.147277754760178469e-04
1.277260784647419418e-03
8.060767384480023705e-04
5.833716485307097752e-04
4.457624800793510479e-04
3.707675542919086327e-04
3.212999261325282397e-04
2.839832305457805676e-04
2.526653799599528315e-04
2.342646257912931666e-04
2.195303840062504163e-04
2.059698801291985452e-04
1.934986613311865191e-04
1.836430630106880742e-04
1.752099484411719901e-04
1.673711549122245486e-04
1.602169106827409679e-04
1.535933163092985962e-04
1.486446626444925493e-04
1.435283467197352237e-04
1.392551266989388236e-04
1.360997050502748488e-04
1.322780280326703382e-04
1.284206242656410729e-04
1.250148416579910837e-04
1.219765831746439505e-04
1.190621206565325822e-04
1.165113994902804248e-04
1.140138143033484592e-04
1.121473300888917624e-04
1.099002466505948338e-04
1.081651846799058407e-04
1.063298981765460009e-04
1.048322388732908869e-04
1.033453550477058427e-04
1.018756974266496175e-04
1.005501323227419474e-04
9.921752779111080601e-05
9.794481673618921449e-05
9.677499066209867881e-05
9.545926704955894808e-05
9.437412782974878133e-05
9.338317818730393870e-05
9.228471659245261218e-05
9.135966363225596386e-05
9.050401983497339848e-05
8.948854135011360229e-05
8.852308666662650461e-05
8.771082632375455093e-05
8.678989987655205685e-05
8.604853505350603142e-05
8.521297030319721557e-05
8.439358986322074410e-05
8.356907535858017417e-05
8.289681825462941840e-05
8.224148023334691845e-05
8.150101358015938112e-05
8.081275688458450582e-05
8.010531632952361681e-05
7.936147794447994698e-05
7.870652587211409877e-05
7.799664270209650217e-05
7.746282478888460847e-05
7.682904383308499473e-05
7.625076576929423126e-05
7.571184266946288867e-05
7.525583316329078351e-05
7.476246319615454142e-05
7.426097620878962385e-05
7.382682252505993819e-05
7.340563781121673022e-05
7.300089166906967471e-05
7.253719361979786150e-05
7.198527583887133930e-05
7.151904481436748538e-05
7.105637574563461738e-05
7.060004771932116522e-05
7.011134694110603225e-05
6.955205289299601422e-05
6.914732997598519620e-05
6.870566144294597472e-05
6.831755813272265949e-05
6.784323798547666992e-05
6.736451290482486822e-05
6.696398316754748569e-05
6.657471611260673029e-05
6.620254005348881390e-05
6.579934373519476536e-05
6.543129638172165950e-05
6.505237779025901002e-05
6.461046614199801390e-05
6.420258895673088462e-05
6.376710273414368951e-05
6.341681639474290957e-05
6.302934410435783721e-05
6.267827745731150563e-05
6.232945270109559654e-05
6.201937807125208388e-05
6.167730635567819739e-05
6.139483386941838212e-05
6.113028612978365012e-05
2.090405603113014866e-03
1.492867831107587201e-03
1.154860550280347939e-03
9.061983895606043555e-04
7.284382023576486303e-04
5.395539041005394587e-04
4.309544169791046679e-04
3.625952877287090298e-04
3.101062221710659296e-04
2.720600251799260363e-04
2.467692855153258273e-04
2.252342812673787916e-04
2.067242603506723171e-04
1.921014253978005587e-04
1.799825300053668775e-04
1.697698236606132454e-04
1.596807906029998586e-04
1.526930021795872092e-04
1.443644232634620826e-04
1.371787569159258044e-04
1.311921467892108323e-04
1.256519370243073283e-04
1.210365089693783464e-04
1.161888329037786004e-04
1.118234357487277533e-04
1.081319941985569075e-04
1.043959250234547450e-04
1.012978579884664772e-04
9.841409768056834243e-05
9.603717532464071266e-05
9.319330326258801569e-05
9.060011587015210288e-05
8.842862649706363307e-05
8.626093549293218754e-05
8.457257859613823462e-05
8.271918738037768552e-05
8.090066906114352528e-05
7.931935464463355618e-05
7.796366728045736919e-05
7.643969907296160535e-05
7.522198868401099362e-05
7.376226253913999414e-05
7.253139741943098295e-05
7.132904478860858000e-05
7.008626044652322752e-05
6.913804988713108900e-05
6.797234275602270749e-05
6.696529354773807176e-05
6.577674941741746097e-05
6.497961391235746234e-05
6.407107686745200955e-05
6.318572164754952358e-05
6.226634273394647838e-05
6.149489045826867591e-05
6.073187408170750446e-05
5.983255213857336611e-05
5.906405281291523049e-05
5.833859595579907626e-05
5.766277754344559519e-05
5.694695258385628429e-05
5.620321174372593006e-05
5.557495259847631717e-05
5.495342515228873438e-05
5.430588136846226544e-05
5.370500921980580155e-05
5.313236201545376623e-05
5.262883323907552736e-05
5.201730682324709378e-05
5.141012514208428746e-05
5.083143671018806718e-05
5.026189722586048747e-05
4.976857279890574127e-05
4.924649858578299350e-05
4.877171170015757925e-05
4.829396743074001650e-05
4.775148409321063752e-05
4.732702340869498163e-05
4.689792944376811967e-05
4.656298966265514310e-05
4.608796482241077493e-05
4.567910504803580912e-05
4.522902386597809921e-05
4.475662607465123846e-05
4.435499055515279061e-05
4.399665228191527934e-05
4.361627666072796122e-05
4.322203519624118575e-05
4.284353748243738502e-05
4.247802406692889230e-05
4.212611615343706412e-05
4.170556091305751873e-05
4.138272613073770971e-05
4.106939513557325073e-05
4.072645066091523159e-05
4.045719941255815778e-05
4.017724427341661024e-05
3.985697993147847016e-05
3.954190465344333601e-05
3.920747777034892410e-05
3.891773081389767955e-05
1.438399822982984423e-03
8.286162822105151661e-04
5.631972548165865410e-04
4.253950985174880200e-04
3.432167425421732854e-04
2.945392482239639733e-04
2.504356875658986085e-04
2.257417511413553927e-04
2.025895590051938946e-04
1.846784928697449044e-04
1.675465575409594977e-04
1.524439360352128445e-04
1.403194914606102953e-04
1.307099695272926081e-04
1.212551708633264073e-04
1.135296834838962331e-04
1.056418531026806344e-04
9.951441169994436873e-05
9.372356438941965005e-05
8.895237551519849712e-05
8.431042600906148003e-05
7.955664653195794369e-05
7.554224706028304188e-05
7.189040248917416900e-05
6.869392365151647840e-05
6.631275405549541058e-05
6.369907593904774871e-05
6.124941975865605241e-05
5.885642459396287407e-05
5.696923935277973237e-05
5.480152568447198535e-05
5.311216962584157353e-05
5.151777110560715710e-05
4.977136096688684869e-05
4.796296402982895936e-05
4.661806704537561918e-05
4.512166702932441791e-05
4.377141409172995889e-05
4.274518770641905045e-05
4.165185777516742870e-05
4.062087910643699993e-05
3.964273454115690076e-05
3.865122770240699858e-05
3.772680706030799217e-05
3.685803377565034550e-05
3.601740924679644896e-05
3.514732084124474028e-05
3.438876293577141328e-05
3.362763011934084882e-05
3.288489937648467594e-05
3.232448333022752972e-05
3.180553273541886677e-05
3.123584669883836250e-05
3.048475440213791168e-05
2.998374581200924146e-05
2.949696375024193445e-05
2.902385688015068666e-05
2.858122856450865843e-05
2.807567765011509357e-05
2.763941149857627295e-05
2.720126629446534280e-05
2.674326340260861461e-05
2.628302058814956517e-05
2.589059073822126363e-05
2.532321985757754560e-05
2.474192743705444020e-05
2.428505383516190626e-05
2.376465061993143321e-05
2.329021792201056823e-05
2.293127590761031106e-05
2.250617534433861508e-05
2.209069493203463002e-05
2.166610424484163280e-05
2.113063858341983914e-05
2.058940075698304818e-05
2.017520161490556261e-05
1.979967321191973109e-05
1.943849003075358737e-05
1.902052005419412677e-05
1.869312589761703728e-05
1.837364751508059119e-05
1.809087876731292662e-05
1.783303819148237629e-05
1.759580082377962127e-05
1.734053781542752113e-05
1.706393168023794928e-05
1.683063050044441907e-05
1.662399941470424372e-05
1.647056274650100270e-05
1.629127603663528158e-05
1.610044953365996916e-05
1.588966712012911052e-05
1.566378788945731252e-05
1.540952279067103167e-05
1.510631158401952516e-05
1.487256810244861770e-05
1.461992418284558308e-05
1.437261347155989354e-05
1.408076912436516115e-05
1.375757035344406690e-05
