5.939782014052458897e-02
1.180420070587837045e-02
2.725734540184820108e-03
1.357306863237808456e-03
7.966096683086346586e-04
4.804193487888552155e-04
3.894014871588729145e-04
3.395126983639728093e-04
2.756981181676785523e-04
2.359628172031885435e-04
2.049242389450756313e-04
1.804837802934047863e-04
1.645830217394917913e-04
1.507188362323820215e-04
1.365998377159474166e-04
1.245329818156806832e-04
1.144255986541887246e-04
1.061871187784408911e-04
9.049416700233972328e-05
8.023528453948957891e-05
5.941679677365518686e-05
4.595481520963716151e-05
4.470320794755000321e-05
4.375946298004476317e-05
3.961705571163238684e-05
3.562933913123666368e-05
3.479300801808466061e-05
3.395580044484198943e-05
3.334202073395434862e-05
3.274223162680556460e-05
3.227032436983105854e-05
3.146699061651263393e-05
3.086887400538452142e-05
3.010165187067454764e-05
2.946122756116447645e-05
2.912115677388026942e-05
2.882438194204194214e-05
2.733034246066963900e-05
2.593243237815354634e-05
2.536337461414114422e-05
2.481665752245393829e-05
2.384625860769363798e-05
2.288764795902239137e-05
2.267170842325909455e-05
2.236665579106679439e-05
2.211644742452522459e-05
2.181026591148103245e-05
2.146480419727943422e-05
2.118879872750742063e-05
2.097399550868120726e-05
1.986389608907420876e-05
1.895047247318697455e-05
1.876410120346091030e-05
1.854711531683258079e-05
1.838848944512405553e-05
1.799309697584960060e-05
1.760212637606131710e-05
1.740019785123417137e-05
1.667208414971538963e-05
1.599920945443803700e-05
1.579845720629094100e-05
1.556628766437473889e-05
1.535624499026103901e-05
1.519403613285530244e-05
1.500518043706958376e-05
1.483576303413948161e-05
1.469278134689922040e-05
1.456093458629122824e-05
1.444092263356523645e-05
1.434277807563099837e-05
1.379971101803865704e-05
1.328841706725285869e-05
1.279999865575176138e-05
1.234625055172206821e-05
1.180193108409464336e-05
1.124171406110909483e-05
1.119273358428730539e-05
1.110843830391429239e-05
1.104206174736014820e-05
1.090382220597231471e-05
1.076525728528806662e-05
1.068067673831876748e-05
1.061532858845732895e-05
1.051633402933073936e-05
1.042499281261469425e-05
1.031911013990862458e-05
1.021207661283146225e-05
1.011791679475968508e-05
1.003402350985563333e-05
9.993769894304178200e-06
9.923855210274140434e-06
9.854522045626632937e-06
9.711890889086835716e-06
9.252830471637095672e-06
8.875928563439979796e-06
8.795456897686886684e-06
8.721858053203947395e-06
8.148190596452678500e-06
7.858378516358979768e-06
7.821106942910414250e-06
7.784764211147439925e-06
7.700306474085359928e-06
7.627864080866432109e-06
7.599938128559395061e-06
7.569534653496536150e-06
7.548698355569032816e-06
7.530694796705021869e-06
6.664423174103333449e-06
6.049413452016728198e-06
6.032553097119375809e-06
6.013707914790935045e-06
5.974800914524803495e-06
5.934511888906856793e-06
5.894850480709972033e-06
5.867164266433363330e-06
5.848919652635437077e-06
5.829725998302135732e-06
5.818519557106879431e-06
5.806322301582055740e-06
5.757546088431012543e-06
5.715997140212939205e-06
5.693251819816886208e-06
5.672606291374168933e-06
5.649978147040391336e-06
5.627729222820139485e-06
5.619222706207955393e-06
5.608891161448928531e-06
5.596428189070820406e-06
5.587091613196962489e-06
5.575877931879106634e-06
5.559268684389127552e-06
5.533572506262520765e-06
5.512400786358211120e-06
5.484099014079502257e-06
5.462914383764450633e-06
5.309513128822259695e-06
5.150111338087280267e-06
5.135144944699130570e-06
5.119961546802736676e-06
5.106807717227756046e-06
5.094290090764500519e-06
5.082986691353168247e-06
5.071681664248946004e-06
5.060930750188320051e-06
5.029281147084529413e-06
4.980846356967304683e-06
4.969032643539883685e-06
4.957233698245907006e-06
4.945801522730985574e-06
4.926552120132849005e-06
4.911396246647251161e-06
4.902432837066771038e-06
4.885890111030549418e-06
4.873334070155302350e-06
4.860265463172849405e-06
4.846978399897870619e-06
4.838329977073477266e-06
4.826900286930722220e-06
4.814995508513328086e-06
4.802201716868580015e-06
4.792831750566458643e-06
4.781413322838847557e-06
4.771457311386522116e-06
4.760969573762121581e-06
4.751196406236854361e-06
4.737226809903157656e-06
4.723018580176575440e-06
4.698573652343185489e-06
4.676233017969735865e-06
4.668489290116437565e-06
4.657893191287513776e-06
4.648510691100261991e-06
4.605677565152601079e-06
4.550005173066905945e-06
4.507758155468112120e-06
4.469072268836008711e-06
4.429284703006627379e-06
4.400575966410188529e-06
4.377614319794188447e-06
4.353290168716254674e-06
4.347919966938410142e-06
4.341300604042063991e-06
4.334961642458717027e-06
4.330079899779943157e-06
4.312873683226971973e-06
4.297955363697573290e-06
4.288730268134874131e-06
4.278058452605060427e-06
4.269535929680727925e-06
4.262635698406813160e-06
4.256636074874278004e-06
4.246572633246725732e-06
4.236314105537783993e-06
4.227650970457102183e-06
4.220348439304560984e-06
4.214812006614407635e-06
4.193924784118673445e-06
4.176661648706821011e-06
4.145245053369255953e-06
4.115558170341199820e-06
4.093051055669534489e-06
4.075725260829721651e-06
4.069918886504705316e-06
4.063849791398463615e-06
4.059364076154904714e-06
4.054940804060924668e-06
3.777179740277578422e-06
3.558099023132420711e-06
3.553454664899447158e-06
3.548062431984827578e-06
3.541167920304461933e-06
3.534730224610598695e-06
3.519182651606407376e-06
3.507475118556546000e-06
3.504416235193507202e-06
3.499309122337900875e-06
3.495279423310874029e-06
3.475427739270354007e-06
3.456192304706049052e-06
3.441427103008867111e-06
3.434073971016883905e-06
3.430279834956585981e-06
3.426404468865806200e-06
3.421701795440162835e-06
3.411779962795831542e-06
3.405027293724106674e-06
3.396636941142226441e-06
3.387605814302682665e-06
3.366454570272834428e-06
3.344055754926580880e-06
3.336924878616892837e-06
3.297991678910071368e-06
3.265364214839003179e-06
3.260711952475180103e-06
3.255482634240169738e-06
3.250308239777399597e-06
3.246035331513766853e-06
3.240896816817871357e-06
3.236015684188112203e-06
3.233272718894441335e-06
3.228450970551392937e-06
3.223725314865250797e-06
3.215944096568667287e-06
3.208400075546714045e-06
3.205543458825346303e-06
3.158702558088935597e-06
3.086310472866285025e-06
3.082901228419987693e-06
3.075102827673192337e-06
3.067894676630951930e-06
3.065500670919415528e-06
3.058221870050059784e-06
3.052209776837036761e-06
3.047246069547140886e-06
3.036609326790639209e-06
3.028991922671458109e-06
3.014758411079903090e-06
3.004850425111713346e-06
2.999504221241009458e-06
2.994346977029411010e-06
2.990832216628049301e-06
2.987992168178391902e-06
2.985062410836182274e-06
2.981771969718772089e-06
2.974421467709835106e-06
2.968205186497264438e-06
2.962611552425929878e-06
2.957379059085275258e-06
2.948618293005194215e-06
2.940514693480461111e-06
2.912593659446477679e-06
2.885053432015173508e-06
2.872635802554705669e-06
2.860774398544064805e-06
2.850564532930341554e-06
2.840586926748941628e-06
2.837205150339031676e-06
2.816141243405848874e-06
2.763497723870927947e-06
2.733855333382106153e-06
2.729946928543456641e-06
2.726919119409250000e-06
2.724292058596132999e-06
2.722361056022742146e-06
2.719478971787741511e-06
2.716762782085692063e-06
2.695071190503753927e-06
2.641984568603253686e-06
2.638649644031007877e-06
2.635986882512978717e-06
2.633428430307407804e-06
2.630989926586788400e-06
2.627536272539426697e-06
2.623422158893561170e-06
2.620529523007821705e-06
2.617688613989439972e-06
2.615293397455198737e-06
2.612826552671393430e-06
2.610636467047297769e-06
2.605368483302016154e-06
2.601339547112901839e-06
2.572879881511649973e-06
2.551676971945684400e-06
2.547238766776435035e-06
2.543092883642595159e-06
2.532232308558439894e-06
2.523052844776147801e-06
2.507147450927068311e-06
2.490812815021600553e-06
2.460250573330032979e-06
2.393729399538188295e-06
2.391134163751456090e-06
2.389584297564399715e-06
2.385964779205452007e-06
2.382333935703135608e-06
2.379535817883978464e-06
2.376668000436802196e-06
2.374282917164735675e-06
2.365987631633396847e-06
2.359521242323701476e-06
2.352705955765711478e-06
2.347170540737909289e-06
2.336308804208958942e-06
2.325989357231859263e-06
2.322780398971693181e-06
2.319688329382574198e-06
2.315303077630175709e-06
2.311088671859973361e-06
2.309672545804590590e-06
2.307401152819735271e-06
2.305266105901806705e-06
2.302347357640385404e-06
2.300019550748528501e-06
2.290324887511819317e-06
2.282127482007711903e-06
2.279996495228507757e-06
2.277684157537709475e-06
2.276151480215920218e-06
2.274061992928688348e-06
2.270575247912004620e-06
2.267365921563718671e-06
2.265264083478471109e-06
2.263306539583358897e-06
2.261975737654391057e-06
2.259290160917843632e-06
2.253941323896023010e-06
2.246952060787590711e-06
2.242945888625878749e-06
2.240947660510153645e-06
2.237772027125400105e-06
2.235303910405286638e-06
2.232848188380242332e-06
2.230889898685705875e-06
2.228309005394407197e-06
2.225537111450573840e-06
2.222063933957642963e-06
2.219385499717860318e-06
2.215042589321715166e-06
2.210818703631880914e-06
2.209001508042994451e-06
2.206737594638885804e-06
2.205152700112285252e-06
2.202874291152100574e-06
2.200917424976705291e-06
2.198724391644170122e-06
2.196738061337590880e-06
2.194736443546168206e-06
2.192596231855289367e-06
2.191196143041557096e-06
2.186156018284934939e-06
2.182216517881032989e-06
2.175609957787097307e-06
2.169229210876664061e-06
2.165547712055612502e-06
2.161892553234965657e-06
2.155931341819095739e-06
2.150016958151421600e-06
2.146970121529766463e-06
2.144069224410546386e-06
2.140915292793379449e-06
2.137995309229631834e-06
2.136479843651215490e-06
2.135010771679345089e-06
2.133382018301287896e-06
2.131353779099138199e-06
2.129579118658118096e-06
2.118791706294230583e-06
2.107849586314541078e-06
2.106058666964878343e-06
2.104549810174813182e-06
2.102934325507726918e-06
2.073897347011007584e-06
2.048885020650087900e-06
2.046271015884696474e-06
2.043893812002376805e-06
2.042079220042266000e-06
2.040272382613750071e-06
2.037527498098039813e-06
2.035191339598992519e-06
2.021767401287750724e-06
2.011518444337202674e-06
2.009640565437592334e-06
2.007739657863841499e-06
2.006031071827130311e-06
2.004555039309202497e-06
2.002484454715168161e-06
2.000395839698849813e-06
1.997671673481590324e-06
1.995807367416895383e-06
1.994545647136923950e-06
1.993491395370105405e-06
1.987675390150279237e-06
1.982090984492719018e-06
1.978289923328775574e-06
1.975277967608670438e-06
1.972210180256221558e-06
1.967944741847224189e-06
1.965563349014878774e-06
1.961766699108964025e-06
1.958147054350842054e-06
1.847261639699029771e-06
1.737011651445451948e-06
1.735652098499162493e-06
1.734453335446113510e-06
1.733114751115998636e-06
1.732308591382624955e-06
1.730831682136834104e-06
1.729224072063323941e-06
1.728337338194568718e-06
1.726988211026798273e-06
1.725839324856845596e-06
1.705261156811581570e-06
1.682913287982477365e-06
1.680881809838239102e-06
1.678879069021893387e-06
1.675811607957161182e-06
1.673021240739562552e-06
1.672001566915876615e-06
1.671069027792770493e-06
1.669423389882021854e-06
1.667659108414953221e-06
1.666181078140655328e-06
1.664597663996654550e-06
1.663982622930005049e-06
1.662373245571326259e-06
1.660118000719047821e-06
1.658845856400666288e-06
1.657417869521770310e-06
1.653979911918934860e-06
1.651933607262697373e-06
1.650842954831938714e-06
1.649897816467529777e-06
1.648932984596509408e-06
1.646894044371746936e-06
1.645325973508937662e-06
1.639484072341892741e-06
1.633682143659818171e-06
1.630506923745989449e-06
1.628151493258043340e-06
1.626350100188572874e-06
1.624672906192676764e-06
1.623262905109106308e-06
1.622220625710488133e-06
1.552457162913759233e-06
1.497455864351754620e-06
1.495709147544480581e-06
1.494049177700946227e-06
1.493014603758663980e-06
1.491866742030219718e-06
1.491132161588497835e-06
1.490323527366786074e-06
1.489593500239712684e-06
1.483858773904891594e-06
1.477338201305230868e-06
1.475781457947403269e-06
1.474407972466016280e-06
1.473333774380695415e-06
1.472419250973418764e-06
1.471708579930451632e-06
1.471093966394156525e-06
1.470430134427288710e-06
1.469820347785492090e-06
1.468562376557399248e-06
1.467509980712178655e-06
1.465102563611102339e-06
1.462965935593936328e-06
1.461572812206683835e-06
1.460223934002403045e-06
1.459024920610644162e-06
1.457706507772963334e-06
1.457022078348507922e-06
1.456381058291273079e-06
1.455566345088724246e-06
1.454732312791926386e-06
1.453093008892246457e-06
1.451367800547231637e-06
1.450671346398085969e-06
1.449924783228928536e-06
1.449339040981633462e-06
1.448367082062469733e-06
