5.113116147981880966e-01
4.371056719045108285e-01
4.012799930559225459e-01
3.786485252719986039e-01
3.666464591096391112e-01
4.126233450667948222e-01
3.863236400227076373e-01
3.666096529562015149e-01
3.492696430545299546e-01
3.271935406429963278e-01
3.432722800369487626e-01
3.319896030815850385e-01
3.194249292253465988e-01
3.053845678076140824e-01
2.941680281466613200e-01
2.904409396509243790e-01
2.830777529025863548e-01
2.715044682803706699e-01
2.588468479216038953e-01
2.496354625023320950e-01
2.513819814012097087e-01
2.467439726094116381e-01
2.424656396228358213e-01
2.370110061099749144e-01
2.335775422155323133e-01
2.333817592101737337e-01
2.296727419837583106e-01
2.258670054037911212e-01
2.204780947644808253e-01
2.153649674646726520e-01
2.170865708515388182e-01
2.132692119909609385e-01
2.107040567018508559e-01
2.083393004043144758e-01
2.059218767009785289e-01
2.088103326621942590e-01
2.059522439607194833e-01
2.042909405783947530e-01
2.019771169691145785e-01
1.999176334754262374e-01
1.998528984763091598e-01
1.976812054392323714e-01
1.958800428787391135e-01
1.942034923259985668e-01
1.926933824207574530e-01
1.951965366693459158e-01
1.931051759124701450e-01
1.916533348131998771e-01
1.900385775326209337e-01
1.887712873620991660e-01
1.878249953949290840e-01
1.869459592893522870e-01
1.859330213197230297e-01
1.849611465615655093e-01
1.837570414650195882e-01
1.822915317599778096e-01
1.813037377448659671e-01
1.803456688579758438e-01
1.794844569598205986e-01
1.786179635622792139e-01
1.776548023747849814e-01
1.769610844246444770e-01
1.763551910662722322e-01
1.758415279792089614e-01
1.754129698459717113e-01
1.750940044389575068e-01
1.747280302938035712e-01
1.742104158771794198e-01
1.735784654037475228e-01
1.729386938670956220e-01
1.725316475293409979e-01
1.721521424275657686e-01
1.717376381465290924e-01
1.712481267087932191e-01
1.708039790200984454e-01
1.703085772032030265e-01
1.699250391912304203e-01
1.695315666174272706e-01
1.691408426997222936e-01
1.685706713102724796e-01
1.679765898282988557e-01
1.674520582157279502e-01
1.671105343502897467e-01
1.666015857976800019e-01
1.660243455046802874e-01
1.654697764701604790e-01
1.648499065490127979e-01
1.642872526026723512e-01
1.636224260847826684e-01
1.625606405445882141e-01
1.614200174490808826e-01
1.606632305254879212e-01
1.598736373503162056e-01
1.591960210294667277e-01
1.587530314193769665e-01
1.582709935851528971e-01
1.576472450097518574e-01
1.569828153794700920e-01
1.563730485283506000e-01
1.558667492108664621e-01
1.490438957075351789e-01
1.439922944751410305e-01
1.410464930589987176e-01
1.385601211996973225e-01
1.364828887376521027e-01
1.354084353826280618e-01
1.336042274314822031e-01
1.324076744053142018e-01
1.312235416032590252e-01
1.302226076827447399e-01
1.292170011171583366e-01
1.280674637834672558e-01
1.266849440192877596e-01
1.255992136955624283e-01
1.247942023360015390e-01
1.248236975313926356e-01
1.241345982925737973e-01
1.234352555511566557e-01
1.227698612957361657e-01
1.220793226709349366e-01
1.225284752869608695e-01
1.219816565069236636e-01
1.213929771412773084e-01
1.209048012874082700e-01
1.205320923276492623e-01
1.208381610555414598e-01
1.202023488992137179e-01
1.196881428474974862e-01
1.193213105339504393e-01
1.190805433649845674e-01
1.202926727870910067e-01
1.197558794041180125e-01
1.192866250050513693e-01
1.189286331961685178e-01
1.186049869346008923e-01
1.191639660556639418e-01
1.185463940300295338e-01
1.182589837847305703e-01
1.179883317563573675e-01
1.178148591427954361e-01
1.186511256763533306e-01
1.182399971351742463e-01
1.179619055281682649e-01
1.177503216388798984e-01
1.175102046559023672e-01
1.180786841788550590e-01
1.177144363953985667e-01
1.174544974410241110e-01
1.172922467605652247e-01
1.171438581805433754e-01
1.170122596133371801e-01
1.169179652880749237e-01
1.168056762145306959e-01
1.166872107178151541e-01
1.165583468761565156e-01
1.163837227651590978e-01
1.161180444892378205e-01
1.159760328324336287e-01
1.158345597556202089e-01
1.157041866362825133e-01
1.156025716918797908e-01
1.155069384249328007e-01
1.154141840147005771e-01
1.153200107497197868e-01
1.152401024906157256e-01
1.151794604023371055e-01
1.151295600428659388e-01
1.150799872340882574e-01
1.150236860256507038e-01
1.149601315509704985e-01
1.149022932394241220e-01
1.148496532756696636e-01
1.147829798626732178e-01
1.147104858813747796e-01
1.145956791008523185e-01
1.145026156218533903e-01
1.144167366530074864e-01
1.143465693740170069e-01
1.142818349425327451e-01
1.142224051077382202e-01
1.141673153502762161e-01
1.141251785079454573e-01
1.140834176926420473e-01
1.140351942364244558e-01
1.139956552497173314e-01
1.139512701799330202e-01
1.139149087069294686e-01
1.138712168919351064e-01
1.138345026951190636e-01
1.137934642810976144e-01
1.137567686377395221e-01
1.137207970237136406e-01
1.136890596730691927e-01
1.136572835058670267e-01
1.136336342537196398e-01
1.136049208853146669e-01
1.135783992559872974e-01
1.135494966835380592e-01
1.135257667845165491e-01
1.135026813331043993e-01
1.118387858987331257e-01
1.103143939674260388e-01
1.093205928334828048e-01
1.087803606657479910e-01
1.082382755851826334e-01
1.078331338369985792e-01
1.073136871237745232e-01
1.068881142224221287e-01
1.065457099199398072e-01
1.060478707805827397e-01
1.056170706338251386e-01
1.052642296439875308e-01
1.048301469402482117e-01
1.044616431954653729e-01
1.041858710389922810e-01
1.040153328764834018e-01
1.037837254517759572e-01
1.035412242490485329e-01
1.033141339007984105e-01
1.030921736831260371e-01
1.029734665060899751e-01
1.027712941388186224e-01
1.025847415165561660e-01
1.024365503931511240e-01
1.022968224549438837e-01
1.023372448480950742e-01
1.021415048798791775e-01
1.019747190251552582e-01
1.018693595999513729e-01
1.017551792029740970e-01
1.018747290306284137e-01
1.017010856663329993e-01
1.015424610080263301e-01
1.014028967264949260e-01
1.013004878687268073e-01
1.014832545587183027e-01
1.013395840795177638e-01
1.012222687733951437e-01
1.011357490661140973e-01
1.010634053111173492e-01
1.012062996814813570e-01
1.010727740414409798e-01
1.009692569707933418e-01
1.008906990459459557e-01
1.008178809535990872e-01
1.010464227762225553e-01
1.009059401860440547e-01
1.007828643917433320e-01
1.007035958109792073e-01
1.006353320127995332e-01
1.005813778679396919e-01
1.005365026093915648e-01
1.004885657549026978e-01
1.004267205701002974e-01
1.003819868961111916e-01
1.003412813459919894e-01
1.003028038752763335e-01
1.002627700466233313e-01
1.002110382285684165e-01
1.001587881756646065e-01
1.001048819235832166e-01
1.000383826959967831e-01
9.998357169314511794e-02
9.992915362852766714e-02
9.986749599335835448e-02
9.980531855685767506e-02
9.975298006698415931e-02
9.968616816856976093e-02
9.963126395536070490e-02
9.957926917231660346e-02
9.952332856605954070e-02
9.944645986106982749e-02
9.937550557086394232e-02
9.930340591703121222e-02
9.925800639404491754e-02
9.922757489580336099e-02
9.920021920931533510e-02
9.916547350790466675e-02
9.913152645814492236e-02
9.909644800116282348e-02
9.905104943352091573e-02
9.898817220059982769e-02
9.892464048653069886e-02
9.887631476381981976e-02
9.882853588831810865e-02
9.878725315210393210e-02
9.874660962080518412e-02
9.870526160951018091e-02
9.866482710433019387e-02
9.862462455585499499e-02
9.858122814493734676e-02
9.854397174394928516e-02
9.850253696699313999e-02
9.845347658417628878e-02
9.841393723719002451e-02
9.838391668582811833e-02
9.835592639794524250e-02
9.832176076824186706e-02
9.829276542560849705e-02
9.826818768140994920e-02
9.952000605141791967e-02
9.829793597984302911e-02
9.762405274447812087e-02
9.710069351162163576e-02
9.670662948885916377e-02
9.657918897693772153e-02
9.620498187885044572e-02
9.590662110155094566e-02
9.555464377862563086e-02
9.523177015646050458e-02
9.523756746056714906e-02
9.498047852979703276e-02
9.477509277255539988e-02
9.456431699604976593e-02
9.434718230066370392e-02
9.444611456211769729e-02
9.417402234208881173e-02
9.399341403471754564e-02
9.381777802902374619e-02
9.367399617151418723e-02
9.377430196658900763e-02
9.351112147691356680e-02
9.333210497841176734e-02
9.313681631960391005e-02
9.295743751743011651e-02
9.312861395519075880e-02
9.284206387581803166e-02
9.266701613553347816e-02
9.250827301513296630e-02
9.237713701586065806e-02
9.241438212516774053e-02
9.217305533676091456e-02
9.202174730191861607e-02
9.188431819320405647e-02
9.174202075794272992e-02
9.189432437242825435e-02
9.176322944290839223e-02
9.166953684889100895e-02
9.158448918024773844e-02
9.147105618545907368e-02
9.149984004957432970e-02
9.136105229775010050e-02
9.117323970303842229e-02
9.097330162047918833e-02
9.081491716897382993e-02
9.086285890077831773e-02
9.070825962054575309e-02
9.061981057298247599e-02
9.054838811814665267e-02
9.047406226434046017e-02
9.038832770430797747e-02
9.031756255330115890e-02
9.025234149209916679e-02
9.017237918165157962e-02
9.009558246119139802e-02
9.001106705050859746e-02
8.987355490057306884e-02
8.980833257410358872e-02
8.974694221790377457e-02
8.966786726190575929e-02
8.960072563030023474e-02
8.953781363488033662e-02
8.945914274712517267e-02
8.937307056805446348e-02
8.928395421241581975e-02
8.919823641430281447e-02
8.913324085577449540e-02
8.907402546938079924e-02
8.902183360233577314e-02
8.895273847852323834e-02
8.888634726567069821e-02
8.881740214949170042e-02
8.875858627993335470e-02
8.868973443199612561e-02
8.862715224759835919e-02
8.858637825089801798e-02
8.854831224665836442e-02
8.850342279977840843e-02
8.846847430542593982e-02
8.843412278989599973e-02
8.839860606667128418e-02
8.835866369132804043e-02
8.832500105397961265e-02
8.829119869977648805e-02
8.825562673312552231e-02
8.822384977580019494e-02
8.818711211116016246e-02
8.813899526910791427e-02
8.809870859119461883e-02
8.804710978850656400e-02
8.799444136162923313e-02
8.795085169893754329e-02
8.790326364191530795e-02
8.783454442980104249e-02
8.778469543439432199e-02
8.774246080875550136e-02
8.769932198633241527e-02
8.765260430754671928e-02
8.756711692480820264e-02
8.750246852401746822e-02
8.915758320320298080e-02
8.772119586229477906e-02
8.686144356339772776e-02
8.633576939810758133e-02
8.596836644072416989e-02
8.577153364031621374e-02
8.541431928467681234e-02
8.509173758775412377e-02
8.481418673678951803e-02
8.458575092333819878e-02
8.451374642989982477e-02
8.432068696631149496e-02
8.411772197624181602e-02
8.388494027409053311e-02
8.365211730086762054e-02
8.367428599243433018e-02
8.344712053428850196e-02
8.324065630176309682e-02
8.309348978744553194e-02
8.293530939604031038e-02
8.305121875647185348e-02
8.289200514884065285e-02
8.275565086267111514e-02
8.260451122884411579e-02
8.245766245191556154e-02
8.249797703925142167e-02
8.236303457900143177e-02
8.226796868933249074e-02
8.215252283694288171e-02
8.203533053214173698e-02
8.211305863318568710e-02
8.195430539272929860e-02
8.180720254714765605e-02
8.167895906619801472e-02
8.155708853397612701e-02
8.163172287753413248e-02
8.145899291328947966e-02
8.134474899933005765e-02
8.124094966270024865e-02
8.111962408614727116e-02
8.122589694427838347e-02
8.101336855112781232e-02
8.086610428936175099e-02
8.074438876204716176e-02
8.062905279914173162e-02
8.097240330821670051e-02
8.077957364988010147e-02
8.065621532668633409e-02
8.057413322739996608e-02
8.051297278935708179e-02
8.045487836773938806e-02
8.040112493190886001e-02
8.033273771936660923e-02
8.026619733294462766e-02
8.018510782996925157e-02
8.011584981382266490e-02
8.005099372918875189e-02
7.998173773872313541e-02
7.992227163174735194e-02
7.987816171972340895e-02
7.983836694635051967e-02
7.978629712908555383e-02
7.973787475156147997e-02
7.970127195504569939e-02
7.966467932712006927e-02
7.962188227766016368e-02
7.957630200552219535e-02
7.952629921003248614e-02
7.948309697128820572e-02
7.943840186742009979e-02
7.939396377657947923e-02
7.934802474127347627e-02
7.929910384308219706e-02
7.924397361381839422e-02
7.917263824902413816e-02
7.911917319221872802e-02
7.906762916306814271e-02
7.902116181853711951e-02
7.895265951829058548e-02
7.889823870595777389e-02
7.885575153511489854e-02
7.881114353836314590e-02
7.877568247755828423e-02
7.874096670087442351e-02
7.870708981374750779e-02
7.867809527980426654e-02
7.864821503606128639e-02
7.862279003473944539e-02
7.859540785071644775e-02
7.856370660498811220e-02
7.853266047351159518e-02
7.849663035413308176e-02
7.845288721730427073e-02
7.841632661416071681e-02
7.838514488514879142e-02
7.835412032422865714e-02
7.832429151741865381e-02
7.829314441890046494e-02
7.826129430925990449e-02
7.823606259234575089e-02
