7.146255669189111037e-02
2.459136928061610508e-02
1.354938292025104768e-02
9.868914139049595954e-03
7.494429875716024370e-03
6.703001918841177721e-03
5.051113821675877816e-03
4.053051941493013115e-03
3.336962615433883284e-03
2.879892360308262175e-03
2.525892187942954670e-03
2.198621266089596966e-03
1.929640984202800032e-03
1.745424912963886542e-03
1.587114354831750933e-03
1.514593915520948391e-03
1.407364833260836339e-03
1.292981708262044621e-03
1.221819916047634522e-03
1.152564716727041017e-03
1.107301745908355253e-03
1.023619219262712939e-03
9.625666639553005560e-04
8.861583349996241324e-04
8.196033660625809836e-04
8.479054795896066692e-04
7.958818379893255190e-04
7.584067933049935166e-04
7.217940341653571699e-04
6.877738444398385055e-04
6.794327659949556120e-04
6.477491509820389182e-04
6.291292986200520531e-04
6.077630138604188772e-04
5.853123844571272083e-04
5.651986231066857607e-04
5.404374660980038915e-04
5.146076944301628290e-04
4.903587716390567794e-04
4.711944769142567590e-04
4.667371931918396963e-04
4.491393881304242683e-04
4.376476128634411412e-04
4.298475520102043308e-04
4.188819280802939479e-04
4.149734866125854714e-04
4.089527454603643060e-04
4.030549465865995436e-04
3.960632737848344227e-04
3.875033568870678920e-04
3.759960576505202859e-04
3.670625579145345889e-04
3.586699471243292052e-04
3.480711584153289048e-04
3.400071718264058860e-04
3.319787546929862986e-04
3.216811187477288661e-04
3.118159566793802552e-04
3.015267344436026544e-04
2.934480673649906743e-04
2.851630716766866743e-04
2.784240192062804897e-04
2.739406827591021540e-04
2.690793342593514022e-04
2.647538105733331765e-04
2.609976465932120865e-04
2.580070988286808464e-04
2.554374599406135501e-04
2.521682897871705938e-04
2.484696792252983700e-04
2.457704594033096376e-04
2.420076659946041129e-04
2.385647029359499820e-04
2.352561160658453421e-04
2.316645178497470754e-04
2.279812249822841435e-04
2.258794757750723717e-04
2.230207713970851950e-04
2.203587935918340727e-04
2.182033775213679651e-04
2.153165827307374804e-04
2.130947773628083367e-04
2.105960089758510286e-04
2.084692494597035442e-04
2.064993599218100100e-04
2.048567391657578763e-04
2.034182956542163287e-04
2.017548256715718104e-04
2.002307739926163625e-04
1.985499438456790893e-04
1.963736524755646648e-04
1.949005900057072078e-04
1.928716396507663587e-04
1.909618944394320149e-04
1.894388681237679111e-04
1.882808494359831475e-04
1.874637329185839139e-04
1.864766306144953912e-04
1.854653709807842872e-04
1.846058325966414644e-04
1.615184586392910226e-04
1.398085264812145548e-04
1.293764133521787955e-04
1.217961659071046886e-04
1.158803322427248635e-04
1.098257408186883896e-04
1.046302840057230794e-04
9.968432619447337227e-05
9.571488127139018509e-05
9.177710216398507514e-05
8.835857609042910093e-05
8.472395162160548576e-05
8.175379874633238264e-05
7.717857171429398785e-05
7.431700420011466213e-05
7.166405876170726182e-05
6.927540158593050140e-05
6.733372078550756070e-05
6.557121620166232615e-05
6.405807840731634066e-05
6.268106756682436016e-05
6.119410777397504429e-05
5.972796567454938423e-05
5.821214669516759399e-05
5.676893338005805387e-05
5.545823924702556867e-05
5.439569407716571308e-05
5.327576497917801247e-05
5.228169088790461514e-05
5.102434515875249566e-05
5.000562220829726827e-05
4.923180567796107016e-05
4.866192369925096528e-05
4.815042253535640598e-05
4.770140943752959866e-05
4.728728751591595867e-05
4.687508384284233781e-05
4.639284954234148243e-05
4.585329768206376896e-05
4.530101362188591240e-05
4.487885580449163747e-05
4.432675580720291098e-05
4.385672252715208289e-05
4.342048061617781804e-05
4.294433740146533560e-05
4.257178033706044058e-05
4.210342333552417405e-05
4.158948064129360878e-05
4.113274581785326852e-05
4.066517639696150884e-05
4.021823095435651704e-05
3.985557925716125017e-05
3.951238148144067878e-05
3.922543588938107227e-05
3.891618105053987409e-05
3.856740474899710019e-05
3.831182369649772088e-05
3.797129216902764547e-05
3.760464099348753762e-05
3.729246115405458056e-05
3.704554274771211140e-05
3.682989924654205319e-05
3.664900903726667030e-05
3.645274025948680213e-05
3.629915247032819165e-05
3.610266879701151303e-05
3.590274895698136336e-05
3.572869451521421328e-05
3.552860420888777251e-05
3.529224926410019195e-05
3.501785716285089797e-05
3.480336263736220171e-05
3.454149050175794427e-05
3.423161760410216244e-05
3.392533410627105573e-05
3.360476492472845589e-05
3.337652395177932268e-05
3.318824393863153684e-05
3.300905903806871332e-05
3.281200765493942335e-05
3.260752789433384502e-05
3.240729076801749558e-05
3.217848035641225580e-05
3.198291827727960064e-05
3.177453926254794386e-05
3.158244896527316543e-05
3.138857833561451766e-05
3.116923901454001817e-05
3.103286368123083985e-05
3.089570325927078599e-05
3.074315829370847706e-05
3.047687185181346251e-05
3.028628620511026153e-05
3.009763566202900540e-05
2.993445512935118032e-05
2.977100766122276100e-05
2.958200084409071294e-05
2.942391633701961888e-05
2.928635279417477101e-05
2.915242510998788616e-05
1.798681781265161071e-04
1.440248800532920698e-04
1.308424709367833768e-04
1.130857218133565008e-04
9.571235625855525702e-05
7.795350778137423030e-05
6.818405430238090690e-05
6.117895441430976663e-05
5.585664736656604915e-05
5.196210043758182342e-05
4.483292585063865541e-05
4.144899099017987723e-05
3.864746622366403624e-05
3.582133109778482433e-05
3.360023202561423377e-05
3.123835422249717441e-05
2.927771903691999900e-05
2.784786218262020943e-05
2.637968239047409948e-05
2.533598367622885459e-05
2.375358401839039509e-05
2.277145685842107490e-05
2.190870194427194527e-05
2.118764735562778795e-05
2.060104610403999027e-05
1.996569824835263391e-05
1.948210305384829604e-05
1.906464582747937139e-05
1.869105654474698775e-05
1.826975425895807035e-05
1.783820183152770504e-05
1.742644328726222587e-05
1.696078096438293541e-05
1.653256103823857892e-05
1.610934150652924363e-05
1.568535895232491502e-05
1.533920589550399850e-05
1.507512281069710159e-05
1.485020127986521177e-05
1.457147592483804896e-05
1.434782830002568864e-05
1.417002848316779971e-05
1.388858013066413060e-05
1.363590523787793229e-05
1.338940883890116445e-05
1.314013736204708867e-05
1.296254657245736385e-05
1.281869634473071929e-05
1.269246939061692899e-05
1.257839243219503040e-05
1.248191356056163953e-05
1.240261218230394336e-05
1.232778135356257934e-05
1.224482936098138407e-05
1.214946620309178344e-05
1.206910151478660517e-05
1.198464045510855097e-05
1.189798933358827328e-05
1.181639612609064246e-05
1.173097454902458503e-05
1.165009341222649480e-05
1.157332594523326970e-05
1.150266382034433122e-05
1.143389494250264332e-05
1.137480593791431253e-05
1.131927007872165118e-05
1.126557265017207800e-05
1.120031901239329188e-05
1.113854801124091644e-05
1.107482881557998067e-05
1.101272913150504121e-05
1.095587287997275549e-05
1.089942101381236991e-05
1.084076394472989687e-05
1.078769854521981371e-05
1.072304182433837586e-05
1.065573763846504973e-05
1.059865091857204105e-05
1.053877571776046587e-05
1.048102827401276306e-05
1.043922729443425013e-05
1.040029294099526497e-05
1.035940097786746669e-05
1.032172898362227318e-05
1.027688735891500809e-05
1.023280490825013826e-05
1.018066984663595391e-05
1.013040438571691656e-05
1.008674057477709887e-05
1.004868106012483523e-05
1.001645722742625123e-05
9.974830425677637711e-06
9.926448182698000068e-06
9.881226325600900456e-06
9.836896286602935072e-06
9.793751362684930857e-06
9.754133314121921775e-06
9.715440578109986171e-06
9.685555987690119852e-06
9.653196206531840305e-06
2.087919912198355410e-04
1.619015161035127306e-04
1.387589298647290002e-04
1.231377439952949747e-04
1.055070705591956573e-04
9.032279529584100360e-05
8.007285126399991168e-05
7.246830549535938134e-05
6.723968181151552832e-05
6.336429457218288814e-05
5.940975496863327071e-05
5.590330731190670609e-05
5.281021460829788636e-05
4.959051681918390941e-05
4.716286668022546386e-05
4.569507880278113609e-05
4.300942241398085665e-05
4.081635365098226813e-05
3.905852448092968595e-05
3.747906992492797433e-05
3.615625564380629223e-05
3.414307460252867147e-05
3.253587730387064907e-05
3.099388596962795642e-05
2.995254557221968867e-05
2.959668206826886823e-05
2.850001879022708663e-05
2.765104924545627109e-05
2.680365515759369088e-05
2.592001538587012499e-05
2.580317658285150411e-05
2.491508333654345741e-05
2.429261505209155336e-05
2.368035828104190618e-05
2.318332139258467986e-05
2.283689310795908474e-05
2.229568366860052125e-05
2.181202005372764061e-05
2.137798622032097013e-05
2.093141957210047197e-05
2.065933018272981050e-05
2.028510294701627804e-05
1.990767479858207114e-05
1.952604272981781815e-05
1.915986938535421176e-05
1.891143037593136743e-05
1.860808421707094791e-05
1.832779680877208277e-05
1.807449180236609445e-05
1.775643072126227348e-05
1.747891411108926679e-05
1.708379398483654923e-05
1.677773553434726132e-05
1.648816321454444115e-05
1.626963060752092675e-05
1.604658048018133297e-05
1.585301940909182523e-05
1.567583909819002767e-05
1.548103394735661706e-05
1.526069340752355506e-05
1.507883015861886331e-05
1.484358867217965659e-05
1.467237661657562432e-05
1.449555363049038073e-05
1.433717524059223665e-05
1.417278436225256478e-05
1.400056630107371377e-05
1.378692070118749890e-05
1.359588682897310681e-05
1.341572377442998632e-05
1.326370161972377928e-05
1.311342541217413383e-05
1.296244619984776664e-05
1.282358552342440885e-05
1.269484522310674587e-05
1.255820321112073883e-05
1.238310576960593024e-05
1.222368436733318052e-05
1.204545610007434039e-05
1.190074796726005635e-05
1.174508556234112932e-05
1.160762072419035440e-05
1.149275498085973850e-05
1.136395752066060610e-05
1.123329222479813230e-05
1.110342550405183889e-05
1.097971347927762815e-05
1.087564612094825859e-05
1.076459394815373721e-05
1.066190998316458935e-05
1.057311786447222599e-05
1.048066276088685948e-05
1.037696736846174490e-05
1.028892275011835212e-05
1.020585484200882129e-05
1.012806395091718713e-05
1.004677453942567743e-05
9.957267554004287872e-06
9.883631468678994236e-06
9.805104399077385686e-06
1.690810503413326543e-04
1.081910562161791809e-04
7.987168169934334510e-05
6.677307709789751661e-05
5.723482198481553491e-05
7.173484526575418785e-05
6.254419504163650383e-05
5.482231729581078501e-05
4.755683351780652321e-05
4.278255810849224664e-05
3.939343822965736970e-05
3.575930937612116479e-05
3.308941056522499358e-05
3.043767367994146939e-05
2.811893153991442415e-05
2.667710444247226804e-05
2.526925037854308516e-05
2.376098775375866449e-05
2.250446865784906029e-05
2.156737996721027871e-05
2.106022611135208611e-05
2.036216224869344968e-05
1.959664934627285788e-05
1.891016063294541851e-05
1.828806048601119385e-05
1.809737625247784980e-05
1.758218578820987496e-05
1.707365890192453519e-05
1.666508048929091914e-05
1.628377193109730692e-05
1.620621617591543918e-05
1.587179794809884619e-05
1.554029498548739548e-05
1.523636017526750443e-05
1.493957636352545264e-05
1.481476779404367120e-05
1.453604519590210446e-05
1.428320277799489452e-05
1.402345498377083591e-05
1.377069684071316755e-05
1.364405740673385687e-05
1.339413978697562390e-05
1.312032025658194316e-05
1.292178297971391905e-05
1.272313251636329158e-05
1.266541827570170434e-05
1.249204206250031304e-05
1.231566053366137049e-05
1.214158650088266475e-05
1.199239203333668792e-05
1.184477797167922503e-05
1.169281438455254899e-05
1.157564298318503640e-05
1.142753092280611321e-05
1.130746024599822605e-05
1.115366481074153719e-05
1.102002434472324983e-05
1.091383248183936052e-05
1.077928820839733963e-05
1.064486071801096013e-05
1.053221036514656036e-05
1.042026629316467211e-05
1.030633965979098296e-05
1.018840691308937608e-05
1.006898818923943748e-05
9.947126726162586899e-06
9.832405571164100846e-06
9.735574557003457951e-06
9.651004344718171381e-06
9.562421052575810295e-06
9.477823388195488267e-06
9.410668060712313340e-06
9.329844122374931280e-06
9.254316884384477049e-06
9.174482031625981631e-06
9.098681609363922952e-06
9.014322642816931941e-06
8.923637739304769433e-06
8.837707208204375491e-06
8.753698937905216907e-06
8.683737419979583303e-06
8.602464034960518409e-06
8.528373213117811777e-06
8.446781192393909839e-06
8.362309258489972015e-06
8.284880704588666261e-06
8.210633707840940434e-06
8.150568386083917918e-06
8.078493078786638982e-06
8.008902026396469897e-06
7.938727790662478994e-06
7.860866250347423013e-06
7.796873318597161438e-06
7.735397978812548283e-06
7.679302999459041752e-06
7.617436992187989272e-06
7.567613153733322098e-06
7.519077572858009748e-06
7.483731688035051693e-06
7.446486399888439396e-06
