3.501542737534162342e-01
2.567493069465441313e-01
2.293356365593613444e-01
2.044901000088165388e-01
1.883685968799350963e-01
1.809725192695023077e-01
1.745028194854817971e-01
1.677212976487678919e-01
1.614222360996179495e-01
1.565347964347479914e-01
1.573341105404949258e-01
1.521233123970024970e-01
1.467207075637143310e-01
1.422364213895307983e-01
1.389593455614097639e-01
1.370936163758454951e-01
1.329521029510588592e-01
1.295787613021444074e-01
1.262274823917276800e-01
1.222200237952630469e-01
1.191802033497824098e-01
1.154631771256408035e-01
1.124063719072388862e-01
1.102557407013599056e-01
1.079884080521996137e-01
1.068482244088521244e-01
1.046138062686902265e-01
1.023755578080128292e-01
1.006392580392298924e-01
9.917677957961471003e-02
9.844127519830626893e-02
9.735214938107088212e-02
9.625119816971203224e-02
9.513680124956273854e-02
9.425877441730799722e-02
9.370090103679948323e-02
9.279861461537175504e-02
9.197161642567604212e-02
9.111638567226505725e-02
9.035991486246675031e-02
9.053461220427458378e-02
8.982878513505279661e-02
8.924746134636755979e-02
8.851687025967248934e-02
8.778356854924321273e-02
8.767636317443547322e-02
8.708464754422447218e-02
8.654244006206117390e-02
8.590437516522696215e-02
8.545566649920059710e-02
8.489921769012800934e-02
8.421467432050086521e-02
8.362692670209545542e-02
8.320244210451785416e-02
8.281847996193904271e-02
8.248802363422116923e-02
8.216212763411022413e-02
8.183215174151146909e-02
8.150397341816965902e-02
8.121345462054106734e-02
8.094131706196266984e-02
8.071849135818605359e-02
8.050000703734172536e-02
8.024705482676336432e-02
8.001409405954885978e-02
7.982292356632360308e-02
7.968012496816356816e-02
7.951281079333730184e-02
7.934728913241777259e-02
7.918058011613061942e-02
7.902013539706428946e-02
7.885441481257710050e-02
7.871114261763799413e-02
7.856463387862890058e-02
7.842162524923286526e-02
7.828087857802643046e-02
7.815312368940216525e-02
7.802506754456491056e-02
7.788838044811656480e-02
7.774013723734291004e-02
7.758999280868701665e-02
7.744549999449232280e-02
7.726400986302596474e-02
7.711021594094800979e-02
7.695055148578605619e-02
7.677049023368727465e-02
7.661629938540917562e-02
7.646551068494357450e-02
7.630107954914941426e-02
7.612871647327998370e-02
7.596351548866388248e-02
7.583713301174965782e-02
7.568664853417218785e-02
7.551289580213681185e-02
7.536833672808201934e-02
7.522044783248804656e-02
7.507217789163585231e-02
7.490991257582729768e-02
7.476470286962938472e-02
7.464203281291063863e-02
7.186563654303707027e-02
7.073832465836117633e-02
6.999450212156009543e-02
6.953560252774712569e-02
6.914040126768723760e-02
6.880752547581787948e-02
6.855683477565917283e-02
6.831684959933982670e-02
6.808777933258845783e-02
6.787014564126177263e-02
6.768649620194995553e-02
6.751186406994111322e-02
6.734166621862544555e-02
6.717609316387464224e-02
6.701885445368938043e-02
6.687871393364935857e-02
6.670245212046532757e-02
6.655336719321275352e-02
6.641876466493959463e-02
6.625155581223049484e-02
6.616718636197639614e-02
6.605772364054288137e-02
6.594825951973547207e-02
6.584797982948567552e-02
6.573049204890571429e-02
6.565750476259545054e-02
6.554664042064080320e-02
6.544810707137886652e-02
6.535640163523345758e-02
6.527319930352190602e-02
6.521738935527471304e-02
6.513209257080285197e-02
6.504717474548990519e-02
6.496225511045235212e-02
6.488884339508239896e-02
6.487564169070270115e-02
6.479831832472549014e-02
6.473032902689661305e-02
6.465151206245239868e-02
6.458520746619210440e-02
6.456930844546211745e-02
6.451316949825028346e-02
6.445091982405794229e-02
6.438821966681335107e-02
6.432470439188572864e-02
6.430495607197372898e-02
6.424211460480416802e-02
6.417990014896998718e-02
6.412250824669206428e-02
6.406719434372627753e-02
6.401313751184262157e-02
6.396706879794786249e-02
6.392525060879007681e-02
6.388700201805465329e-02
6.385157043396132159e-02
6.381132763970401300e-02
6.376939937962616822e-02
6.372936724997563251e-02
6.368941824143330155e-02
6.364998649289534127e-02
6.360399546277142879e-02
6.354262337948278494e-02
6.349062300343628895e-02
6.344843887658624393e-02
6.340384883167890506e-02
6.336225807743567362e-02
6.331662646078135837e-02
6.327511436766172781e-02
6.323268200151772878e-02
6.320027204802007581e-02
6.317460232232412209e-02
6.314305089161495466e-02
6.311006660358543796e-02
6.307711671051510760e-02
6.304583958652537623e-02
6.301681246851163765e-02
6.298186469128234932e-02
6.295452420949156080e-02
6.292145123293976794e-02
6.288670277264427066e-02
6.285817117942661680e-02
6.283369107971197021e-02
6.280812220350824593e-02
6.277651583406598790e-02
6.274182034334561953e-02
6.271138525746858261e-02
6.268378403431244805e-02
6.265347464538958966e-02
6.262271383754540455e-02
6.259392316681977597e-02
6.256433958746211721e-02
6.254059438148830419e-02
6.251510136621865610e-02
6.248345932571511968e-02
6.245344441661033336e-02
6.242524821634610338e-02
6.239252340168875699e-02
6.235301374200630242e-02
6.230712336279821406e-02
6.225540292655661750e-02
6.138534002646493098e-02
6.090766041675749198e-02
6.057962118890281022e-02
6.031077972372169554e-02
6.008969613567109735e-02
5.989405773974917219e-02
5.972562151855045909e-02
5.957194030977392557e-02
5.943735267810018597e-02
5.930676850732421318e-02
5.922064428056454666e-02
5.910401781072838201e-02
5.899201822158415404e-02
5.889070564464927993e-02
5.879412811067750294e-02
5.875981356776172754e-02
5.867168611792221433e-02
5.859663835135212051e-02
5.852634678621228964e-02
5.845535912251231120e-02
5.845174583824329362e-02
5.838147036478358309e-02
5.831557898167938347e-02
5.825871575854064260e-02
5.819003281288063351e-02
5.818323888339230199e-02
5.810967156911214793e-02
5.804771394630367509e-02
5.799418335166663108e-02
5.794565485232656965e-02
5.794920143575425786e-02
5.787620563951441366e-02
5.781749687293232659e-02
5.775367474322178063e-02
5.769256692786147583e-02
5.769118756012911464e-02
5.761622571158940553e-02
5.754488554618552437e-02
5.747935767366382093e-02
5.742120623717403283e-02
5.742952376871682946e-02
5.735307158372254799e-02
5.728868356522587302e-02
5.722426503746697729e-02
5.716607789626071412e-02
5.719169176804940469e-02
5.711071314818431249e-02
5.704530180821558438e-02
5.697801891189736845e-02
5.691281021557247077e-02
5.686718620073000219e-02
5.682661551634939079e-02
5.678213614875563670e-02
5.673874364809237958e-02
5.669708465805851916e-02
5.665179757364492696e-02
5.660706869865813479e-02
5.656050997778681172e-02
5.650756625748337703e-02
5.645757890761965436e-02
5.640778180892001836e-02
5.635906170909456281e-02
5.631053389207648502e-02
5.625849958457738997e-02
5.620940906183612834e-02
5.616809540919651123e-02
5.611346915478037517e-02
5.606178227647384826e-02
5.601461364547358907e-02
5.596004814104078851e-02
5.591131510080779576e-02
5.586606713003935271e-02
5.581587283056439752e-02
5.576164254312541285e-02
5.572068740020749700e-02
5.567163038117472346e-02
5.563082680912515704e-02
5.559513693376103710e-02
5.556007722191008691e-02
5.552392626823021704e-02
5.549135857672408273e-02
5.545805643897686044e-02
5.542457356601496882e-02
5.539394357352428466e-02
5.536195300389909479e-02
5.532532694870555268e-02
5.529151085033406215e-02
5.525461885235093823e-02
5.521483310641277231e-02
5.517692342711386089e-02
5.514031040112789966e-02
5.510369129796531540e-02
5.507135248657233501e-02
5.504205025225447634e-02
5.500977518427836027e-02
5.498136642449293759e-02
5.494672824147174561e-02
5.491549045162762849e-02
5.488396706656768764e-02
5.485244760737848640e-02
5.445226898951427419e-02
5.394430143188431309e-02
5.355920066333844098e-02
5.329953796721004916e-02
5.305904727632310830e-02
5.288775076060192593e-02
5.271688623387371653e-02
5.255735564110480817e-02
5.243692185779659509e-02
5.230884937009377955e-02
5.224929750539485801e-02
5.214989326447896228e-02
5.205623310833867173e-02
5.196835184125466606e-02
5.189896311319154576e-02
5.186202938285688901e-02
5.178499043011889486e-02
5.170382682004723285e-02
5.163761052357335180e-02
5.157140189375355316e-02
5.154244424727523477e-02
5.149248971622585880e-02
5.143522420036279741e-02
5.139122318186403748e-02
5.134452462580776227e-02
5.131800956267380809e-02
5.126905353595819642e-02
5.122346987768040816e-02
5.117976179246952473e-02
5.113214854297091355e-02
5.110238429829422335e-02
5.105912818213311638e-02
5.102381047682373605e-02
5.098911102142180546e-02
5.095444752979445130e-02
5.094026056744341974e-02
5.090619777990709749e-02
5.087411976204173764e-02
5.084001059367398295e-02
5.080372273588524418e-02
5.079410561871971347e-02
5.076480161197676616e-02
5.073815238769439212e-02
5.071196798594826416e-02
5.068236298115049582e-02
5.067706834950069794e-02
5.065434290293244907e-02
5.063107577902131035e-02
5.060247391485253599e-02
5.057244545775266276e-02
5.053998977592698977e-02
5.051302335538276206e-02
5.048520946238087281e-02
5.045682236365612444e-02
5.042748699417017033e-02
5.040008122732091145e-02
5.037088398923066090e-02
5.034290581061182102e-02
5.031830796659932797e-02
5.028775000414206775e-02
5.025934218893971656e-02
5.023211652612127875e-02
5.021061486587268669e-02
5.018870280279735807e-02
5.016611018538613687e-02
5.014061088973445490e-02
5.011387716835315198e-02
5.008485749325008313e-02
5.006326164838952736e-02
5.004184254719411945e-02
5.002127859265986104e-02
4.999874410701405508e-02
4.997817857676704195e-02
4.995565153512287332e-02
4.993267635800095056e-02
4.991207661773964382e-02
4.989219733855559252e-02
4.986933532256761920e-02
4.984291620900123398e-02
4.982259764998549917e-02
4.980441644665894313e-02
4.978488875567803340e-02
4.976673531176197679e-02
4.974705333945891178e-02
4.972820215032470320e-02
4.970803472043681254e-02
4.968440328719966881e-02
4.966202283738702095e-02
4.964374636237758182e-02
4.962134376896430027e-02
4.960439503331670608e-02
4.958491589773300623e-02
4.956597829757975610e-02
4.954839842582556969e-02
4.952923579753040068e-02
4.951195439428938971e-02
4.949389122396139623e-02
4.947459070237511525e-02
4.945270620395900846e-02
4.943297658039122466e-02
5.062770211824828281e-02
4.980904486443153006e-02
4.934131898738145644e-02
4.897702762468387344e-02
4.865932891219260786e-02
4.842381856025831238e-02
4.819078012444617115e-02
4.797936893413184967e-02
4.779446417268939235e-02
4.764400976865895698e-02
4.753910204101266523e-02
4.742175887814006896e-02
4.731862613510572080e-02
4.721131286554210160e-02
4.712395850896104743e-02
4.703481549817992158e-02
4.693985470857717224e-02
4.684220962520167092e-02
4.675250290721799651e-02
4.667531891152523066e-02
4.661540480764289618e-02
4.653620435664740373e-02
4.645449220715686112e-02
4.638469900498454895e-02
4.630706688211957273e-02
4.625807558616187865e-02
4.620369135835502433e-02
4.614730771058282027e-02
4.609357354174953986e-02
4.603086548721104648e-02
4.599802185595885246e-02
4.594551838421246509e-02
4.590464374457561836e-02
4.585948376298623619e-02
4.580250183188638857e-02
4.577999570824284326e-02
4.573707266802716498e-02
4.569545890799232152e-02
4.563803747405623806e-02
4.559410944829530438e-02
4.558055031930522555e-02
4.553147380223816071e-02
4.548920210295569200e-02
4.544900983022274327e-02
4.541207598279772134e-02
4.540489901488314189e-02
4.535356000921240277e-02
4.530894166597803502e-02
4.526944619705712547e-02
4.523387774064889510e-02
4.519558925610654004e-02
4.515519749919084252e-02
4.511390429517752459e-02
4.507817266669233297e-02
4.504327417550022666e-02
4.500441637538173806e-02
4.497816762697486731e-02
4.494660058212024412e-02
4.491108464637564440e-02
4.488384622810323576e-02
4.485472763442761163e-02
4.483003010072987571e-02
4.480537384645495724e-02
4.478136940542239847e-02
4.475741733593450317e-02
4.472923116319049708e-02
4.470785154729095545e-02
4.468320605448087429e-02
4.466379301829000864e-02
4.463982933751357851e-02
4.461596708363137903e-02
4.459322376292119278e-02
4.457331881892800246e-02
4.455120584257416666e-02
4.453209606098684770e-02
4.451171285504637587e-02
4.449273309245218438e-02
4.447040682450044413e-02
4.444917207514516994e-02
4.442842392823358882e-02
4.440715351389219051e-02
4.438657318662298651e-02
4.436179261411833663e-02
4.433852153485173808e-02
4.431757784614823864e-02
4.429914599959003385e-02
4.427811231619765975e-02
4.425609834820960070e-02
4.423484507061661158e-02
4.421221545779161627e-02
4.418982346303208103e-02
4.416918610165398301e-02
4.415321991785910866e-02
4.413425536141356298e-02
4.411518865958063973e-02
4.409478299703857573e-02
4.407769794847282707e-02
4.405483446020876798e-02
4.403402683047782235e-02
4.401089340201538164e-02
