7.730357070546804987e-01
6.447176696168777088e-01
5.723167978322710736e-01
5.373275999358890775e-01
4.936638590439029195e-01
5.016187759492698461e-01
4.778302683548650842e-01
4.638843682580577887e-01
4.547886681287151567e-01
4.462573287149897427e-01
4.626552386500281666e-01
4.526563170828576954e-01
4.437076263017963318e-01
4.377602586921087724e-01
4.300032812604523969e-01
4.357072434955497897e-01
4.273401935907562010e-01
4.217213384522799924e-01
4.171094060797886915e-01
4.133218061557515921e-01
4.183666995742513217e-01
4.138519295474507587e-01
4.090912399325437043e-01
4.047963931202952503e-01
4.013829365771363067e-01
4.052356628430127117e-01
4.021444589441995898e-01
3.997186477788193248e-01
3.976833263482633107e-01
3.954805035290727133e-01
3.957873488172284904e-01
3.915460123113372881e-01
3.885450499693705040e-01
3.852913228835829762e-01
3.830311127073112165e-01
3.841721335925407099e-01
3.822113512181319894e-01
3.812085532346963235e-01
3.801376308645524338e-01
3.790628773605470014e-01
3.805000610577881637e-01
3.792938051476390515e-01
3.784848956866876946e-01
3.779010446651004385e-01
3.770249988029127364e-01
3.790061436828808805e-01
3.775602394395980999e-01
3.768610328365503137e-01
3.764105869702075724e-01
3.757428934808613730e-01
3.751014007535287687e-01
3.743051293272791624e-01
3.735166586895942720e-01
3.725922378864862661e-01
3.719192830878337852e-01
3.712028935419475761e-01
3.704095222241103325e-01
3.697698243374263338e-01
3.692114572215541846e-01
3.685310174240194470e-01
3.680140507056297028e-01
3.675974712193307847e-01
3.672709814604778189e-01
3.668411780113560172e-01
3.664936299019244115e-01
3.662062002807509042e-01
3.659785478373777656e-01
3.657424956379329850e-01
3.654614977932141850e-01
3.651634183984365234e-01
3.647350763184331601e-01
3.642812942368433005e-01
3.638422914354869642e-01
3.633356244058107420e-01
3.626434450882219940e-01
3.620511266978255205e-01
3.616270489549313627e-01
3.612053852729382175e-01
3.608031761888314537e-01
3.603150496691816529e-01
3.598900614420694200e-01
3.595768976336140010e-01
3.591324812702033631e-01
3.586602079326913217e-01
3.581274838623024759e-01
3.574733739856135739e-01
3.566105192469194995e-01
3.557727568419165043e-01
3.553184536532451587e-01
3.548535884597981971e-01
3.545260017536064345e-01
3.542807740335530697e-01
3.540101497686229948e-01
3.537637355835720476e-01
3.535281007455772784e-01
3.533285544529514155e-01
3.531626307815972643e-01
3.530183667948972870e-01
3.528007782868470832e-01
3.525339533716788654e-01
3.292063532511728119e-01
3.217993118232125860e-01
3.153889382378100015e-01
3.095443794189455256e-01
3.050014078447291777e-01
3.041354582356485259e-01
3.003557297399504500e-01
2.975369686099909039e-01
2.949844832005170669e-01
2.930889920242926161e-01
2.963459042815561606e-01
2.932783974899597079e-01
2.914191535468138028e-01
2.900656358792885192e-01
2.890386615484447641e-01
2.924602489948057160e-01
2.901395024535915468e-01
2.886646914253635510e-01
2.875340801286965786e-01
2.864389445975804582e-01
2.892338901474756918e-01
2.879668266896602269e-01
2.872066813271477725e-01
2.864687694261393580e-01
2.854762810440758525e-01
2.870994366284946309e-01
2.855294153221736297e-01
2.841161414720085876e-01
2.833373305323924063e-01
2.826678131785749226e-01
2.852212984028150156e-01
2.838781461598088307e-01
2.830900647420723226e-01
2.825229353270349852e-01
2.818549215641855121e-01
2.845114137394142984e-01
2.826672725816974929e-01
2.819524386634101876e-01
2.815051083570667689e-01
2.808352237962742914e-01
2.835827768108857838e-01
2.802367060438770152e-01
2.787442090477449952e-01
2.780427402971895612e-01
2.774704405648556471e-01
2.842969353969956869e-01
2.813652575775408837e-01
2.803380257066683257e-01
2.797780664126939820e-01
2.793221925237363568e-01
2.788852165744882261e-01
2.783384378375365897e-01
2.777000548635930599e-01
2.771001378950551097e-01
2.759626806191319282e-01
2.738836015547275182e-01
2.726581989111617754e-01
2.716766021218963156e-01
2.708842666281936484e-01
2.699610427492555864e-01
2.688612136445140965e-01
2.681965707665445176e-01
2.675993644202432908e-01
2.671514507995161325e-01
2.667965062208776938e-01
2.664790976324558081e-01
2.661661406049885548e-01
2.658687327036432513e-01
2.655030286567674480e-01
2.649634592499470198e-01
2.644825162463176893e-01
2.637967130254774695e-01
2.631485524439041712e-01
2.626726631905060283e-01
2.621793069328363091e-01
2.616973176644464272e-01
2.612488284442189279e-01
2.608969693990628169e-01
2.605428371968564472e-01
2.601669253861016995e-01
2.599112906367211373e-01
2.596202830188771293e-01
2.592633470066537660e-01
2.588646222178955791e-01
2.583776246532603627e-01
2.579169270852829099e-01
2.575843074945386446e-01
2.572636777859867996e-01
2.569646181174339850e-01
2.566970418784627617e-01
2.564860989926258661e-01
2.562594578466917405e-01
2.560183275354149246e-01
2.557847195426082298e-01
2.553861237087325931e-01
2.549411363278174525e-01
2.545618374475017154e-01
2.542048261942036480e-01
2.538870779179259740e-01
2.536054681907853880e-01
2.445794170958614511e-01
2.372589205213374297e-01
2.325479109037900671e-01
2.296881801417997027e-01
2.276156348340060698e-01
2.275798725089394070e-01
2.259380581871170413e-01
2.247588436168012904e-01
2.238076194551436859e-01
2.227601363419869362e-01
2.241358923808241255e-01
2.227073307003126501e-01
2.219125999693954132e-01
2.212100845300100371e-01
2.204383647103245747e-01
2.219872625650567421e-01
2.208282948671527190e-01
2.203087714208064596e-01
2.199474775932250548e-01
2.195586000980624120e-01
2.203546882178879507e-01
2.195795963963472763e-01
2.190961803900323135e-01
2.186685064977509085e-01
2.183091583435889660e-01
2.191698065448300092e-01
2.184612193199559071e-01
2.180774769286258075e-01
2.177316820996636204e-01
2.174632707870397252e-01
2.179412404749004328e-01
2.174037947661593972e-01
2.168485437663626725e-01
2.163150333704000061e-01
2.159947667000770843e-01
2.163952293645102221e-01
2.158791650287647801e-01
2.156186164097681213e-01
2.154321268753371654e-01
2.152604380499917869e-01
2.158348957880731611e-01
2.153441620028249959e-01
2.150968354993716136e-01
2.149413239297863487e-01
2.147067940158318422e-01
2.151762625567033294e-01
2.146248702129301966e-01
2.141725910917373910e-01
2.137468070504706663e-01
2.133274117305151985e-01
2.129793878791020612e-01
2.126915346604940915e-01
2.124802430693981115e-01
2.122583052859719210e-01
2.121166576091693956e-01
2.119010361952742838e-01
2.116719590100839543e-01
2.114396206814526114e-01
2.112283689467842340e-01
2.109995706648243596e-01
2.106994571289008689e-01
2.104425467852957254e-01
2.101759826374405282e-01
2.099562902638487938e-01
2.096831433938551315e-01
2.093777557784372023e-01
2.090421114207332842e-01
2.086508251131462266e-01
2.082769985372280586e-01
2.079791868403969290e-01
2.077047629598969825e-01
2.073886601465664004e-01
2.071051914490911194e-01
2.068218143155984012e-01
2.065291631463360422e-01
2.062447259164781332e-01
2.058971428330597375e-01
2.055676641278063044e-01
2.052852229671310869e-01
2.049888085336702415e-01
2.042624138872817241e-01
2.039865970143089902e-01
2.037934633956073327e-01
2.035793112564215634e-01
2.033906481533070965e-01
2.032229207730690823e-01
2.030759972776580990e-01
2.029092906226098170e-01
2.027721876452672489e-01
2.026431542913312012e-01
2.025248544803230633e-01
2.024092041401923947e-01
2.023001912276177483e-01
2.021797223349353079e-01
2.020722498301448233e-01
2.019418799833228029e-01
2.017835957945291192e-01
2.015971081318311819e-01
2.012746616034259972e-01
2.010840133138978858e-01
2.007076092886778129e-01
1.965566751018885672e-01
1.935615166957532496e-01
1.921185854528594805e-01
1.908213436197885304e-01
1.908212888812375052e-01
1.897199035269836465e-01
1.883664807535917751e-01
1.868869291361629770e-01
1.858848026188572866e-01
1.862423598653483447e-01
1.854238038145962775e-01
1.847512547495469282e-01
1.843475521569656606e-01
1.839822366177478741e-01
1.846479465324166180e-01
1.840890983348953402e-01
1.835760267015369429e-01
1.831505346015445124e-01
1.827361585847445402e-01
1.834744234584831934e-01
1.828162789324295490e-01
1.824435362265034166e-01
1.821844480079714557e-01
1.819191898581140332e-01
1.823428637860040891e-01
1.817445198984736776e-01
1.813383453970820736e-01
1.810100586559638403e-01
1.807162705659704216e-01
1.815096137557606903e-01
1.809941331664404185e-01
1.806407017434862872e-01
1.803051313838394953e-01
1.799923555435354039e-01
1.804475126838623600e-01
1.799889456696529555e-01
1.798411163208736563e-01
1.796916855458561002e-01
1.795621743572532736e-01
1.798436580363217963e-01
1.796540833736997023e-01
1.795771140203001881e-01
1.794766781833666835e-01
1.794183010340214268e-01
1.796275904695101289e-01
1.795104889276651905e-01
1.793471730014768450e-01
1.792377218016467655e-01
1.791245771602016090e-01
1.790342381393464632e-01
1.789672024489845914e-01
1.788996749270991005e-01
1.788303579190891057e-01
1.787602337707232258e-01
1.786527201618725580e-01
1.785586259732715730e-01
1.784438082410319815e-01
1.783319992275416155e-01
1.782302794591578698e-01
1.781044263150195761e-01
1.779477528256348251e-01
1.778309415174005870e-01
1.776795368526046526e-01
1.775052169463617602e-01
1.773172425968302379e-01
1.771868231091972001e-01
1.770633018706370965e-01
1.769254598858842342e-01
1.767840530679022359e-01
1.766443079765652457e-01
1.764491756141788326e-01
1.762755850662472146e-01
1.761131585323113535e-01
1.759126123392522889e-01
1.757088022003875927e-01
1.755135048411751164e-01
1.753258472684872116e-01
1.751540932078824719e-01
1.749844968568076420e-01
1.748225881322010566e-01
1.747046673059230171e-01
1.745349794465072546e-01
1.744033336503683085e-01
1.743073106045933685e-01
1.741869368316389111e-01
1.740546829813626739e-01
1.739357721395650425e-01
1.737813228428483903e-01
1.736423872311539662e-01
1.735206048695646652e-01
1.734239987243310632e-01
1.732667802592231521e-01
1.731606903858640412e-01
1.730572163284031240e-01
1.729431307441713361e-01
1.728305512720267889e-01
1.727310142774343138e-01
1.726273154681174926e-01
1.725126852516024045e-01
1.763160538089225959e-01
1.725218745589688907e-01
1.705039399123461086e-01
1.693184308198152077e-01
1.684385711279245412e-01
1.679325757461536950e-01
1.671943969906849181e-01
1.664801779333801857e-01
1.657652993243163009e-01
1.653245769765575579e-01
1.654356281097054959e-01
1.650444821402025641e-01
1.647683239076624118e-01
1.645478138054452255e-01
1.643437367121829418e-01
1.642940198990548162e-01
1.640078092027282830e-01
1.636762646050329562e-01
1.634237468378870739e-01
1.632033796661600256e-01
1.635461882574942849e-01
1.631730955725056165e-01
1.628599911839209713e-01
1.626307042077098919e-01
1.623859826217883273e-01
1.629717533937565799e-01
1.625320688777767975e-01
1.622436081575008848e-01
1.621152343331217216e-01
1.619093982524905939e-01
1.621061372091063824e-01
1.618104878995678120e-01
1.616336162137032295e-01
1.614712183909371712e-01
1.612800650761775922e-01
1.625165064830086659e-01
1.619160796052103446e-01
1.616231551079513606e-01
1.613724741130273532e-01
1.612136013018647118e-01
1.616985969316864225e-01
1.613891051157200496e-01
1.612356785039223694e-01
1.611018783982425540e-01
1.609878904486118090e-01
1.615097748799012578e-01
1.611752880409939581e-01
1.608952668928416707e-01
1.607049159817196538e-01
1.606011311337372238e-01
1.604736945816384042e-01
1.603928679976420468e-01
1.603010971391128359e-01
1.601461588737755071e-01
1.600208233591062235e-01
1.599132522246120569e-01
1.597956115148896628e-01
1.596809216703160561e-01
1.595545378927702707e-01
1.594486155124260063e-01
1.593575295154592009e-01
1.592816419121391991e-01
1.591816153179439475e-01
1.590952644880725686e-01
1.590215152296830248e-01
1.589335883892178947e-01
1.588231902965056563e-01
1.587258141749460227e-01
1.585854915409359578e-01
1.584497170764194995e-01
1.583254909190499882e-01
1.582043873787548349e-01
1.580878733699037364e-01
1.579868011708931430e-01
1.578553431781636318e-01
1.576978856062573320e-01
1.575821810865710715e-01
1.574463841520797047e-01
1.573159176062717823e-01
1.572052144386173467e-01
1.570911693456366331e-01
1.569902601821490939e-01
1.568877903733337520e-01
1.567733722475818381e-01
1.566404560159193327e-01
1.565292957061215351e-01
1.564053607630889742e-01
1.562490908375511467e-01
1.561270165725214820e-01
1.560056824735807646e-01
1.559036855463161175e-01
1.557683049137265907e-01
1.556522559252650206e-01
1.555355590964654922e-01
1.554174947912999316e-01
1.552666439653315744e-01
1.551581613172583474e-01
1.550599136439625436e-01
1.549368602218813284e-01
1.548176208911143659e-01
