8.314450112691111616e-02
3.474079937664576595e-02
2.149152303045795409e-02
1.625507244778358340e-02
1.300444256546903765e-02
1.119837983100274888e-02
9.318779096625071784e-03
8.119136046435142945e-03
7.257327049985515775e-03
6.591891273288235688e-03
6.013896896922541792e-03
5.579287661088910659e-03
5.148177688300678047e-03
4.828505701732184810e-03
4.517529250805289026e-03
4.272981032083113424e-03
3.991663527328765185e-03
3.762575465545028950e-03
3.554555538134327505e-03
3.366279145663407350e-03
3.362948556628423628e-03
3.332422079201709242e-03
3.304295146545761699e-03
3.281306142856728510e-03
3.259837228788069891e-03
3.206262723939944104e-03
3.152376105783408645e-03
3.104532380313637478e-03
3.081941634794047556e-03
3.042817799124335892e-03
3.027210503027743822e-03
2.983204021176838645e-03
2.937262721831365025e-03
2.890041806447055713e-03
2.840158950833253891e-03
2.787341204635191208e-03
2.659710531626728342e-03
2.553146979285290507e-03
2.439817095611918497e-03
2.348779471941483780e-03
2.331057467732606647e-03
2.289081588270107208e-03
2.253369929072500215e-03
2.242975086236944585e-03
2.237658943130808702e-03
2.220749759723600163e-03
2.207976395861382685e-03
2.191433589368787290e-03
2.174581666453378678e-03
2.151436756081078882e-03
2.124132134540096008e-03
2.088168653318492243e-03
2.049387494154279732e-03
2.034828659856612737e-03
2.018106529665642489e-03
1.996792917585506113e-03
1.972311996962110552e-03
1.957947360265674744e-03
1.933519832340018603e-03
1.913341809794577141e-03
1.898201922544360317e-03
1.888517508584063682e-03
1.880866519160385823e-03
1.870055394635723863e-03
1.852234583274480926e-03
1.842767543050596608e-03
1.832049736773470666e-03
1.820529847259288970e-03
1.809459797386868581e-03
1.784284044767044369e-03
1.771045419573447771e-03
1.754543962285246396e-03
1.738600194602679325e-03
1.723501943606890220e-03
1.710960862153639147e-03
1.688018078288700940e-03
1.672369983702339143e-03
1.656751951409393469e-03
1.640445341767746406e-03
1.628792383609556664e-03
1.611162466181001104e-03
1.593745086121099329e-03
1.583653069392295266e-03
1.573631111626120922e-03
1.566303768690614643e-03
1.555228188561814896e-03
1.547342928802482569e-03
1.539711006778555179e-03
1.529171094667153416e-03
1.518227862230858791e-03
1.506640285203578265e-03
1.491557497026823253e-03
1.478519692173875695e-03
1.462726836613925186e-03
1.452824893489272932e-03
1.447515573043881140e-03
1.441501570385189798e-03
1.436311544688611067e-03
1.430330914538305385e-03
1.423949214792612173e-03
2.492797576968473153e-03
1.735977760594997451e-03
1.414304896857742494e-03
1.254638993780463497e-03
1.160972877796808030e-03
1.094257588353848018e-03
1.033426980437202177e-03
9.893541785234681585e-04
9.453171929582829128e-04
9.003189591685424381e-04
8.555494063309892995e-04
8.142488808731569152e-04
7.788168598154183997e-04
7.471862895726422843e-04
7.203654524670685243e-04
6.930973140695001651e-04
6.692737098004985022e-04
6.473997840929256783e-04
6.279025076500417473e-04
6.074576593399689563e-04
5.890374881908143172e-04
5.715081781015345823e-04
5.563169388665682074e-04
5.397386678785119369e-04
5.243397584009958350e-04
5.107228135077893647e-04
4.973738230587849279e-04
4.851825134951059373e-04
4.732458246191919540e-04
4.633707872757081704e-04
4.534774610083244870e-04
4.422901713125887034e-04
4.326802316078165412e-04
4.247950374799405932e-04
4.167677848500299809e-04
4.106005816538934043e-04
4.022771410524443939e-04
3.950832550165587717e-04
3.870453662190148896e-04
3.789456071758492560e-04
3.707745358214189027e-04
3.629008616405255154e-04
3.551438894658684562e-04
3.480693477732960052e-04
3.411577103416399740e-04
3.354132524837015981e-04
3.304069757799718999e-04
3.243402319386954106e-04
3.183452970674835567e-04
3.130894983717134828e-04
3.079460685243944063e-04
3.038762847059932803e-04
2.989571047648627235e-04
2.948597555418630859e-04
2.910282360817887000e-04
2.870985693476518774e-04
2.832296594846739238e-04
2.793182755624484272e-04
2.759500573413136218e-04
2.721895329860821275e-04
2.690588794133959706e-04
2.660792305206394269e-04
2.624208015402006112e-04
2.593863335363538769e-04
2.559689139559206288e-04
2.524014696798764510e-04
2.494815736417175340e-04
2.466830849801244824e-04
2.435912996695023807e-04
2.406478694031148234e-04
2.377479946823730201e-04
2.350976818521944732e-04
2.321412785592213697e-04
2.295606481329450638e-04
2.270583428558682420e-04
2.246247418725797081e-04
2.224254980902235250e-04
2.203520467901532614e-04
2.181422146310006888e-04
2.159097925764133768e-04
2.138968096451136888e-04
2.120131010912508398e-04
2.104516132601337369e-04
2.087783608048403630e-04
2.073366342351105245e-04
2.060746790387243033e-04
2.048973155560035008e-04
2.035705618547023075e-04
2.023670842968401608e-04
2.010355316019311108e-04
1.996605079833583087e-04
1.981249930133116230e-04
1.967813332180196495e-04
1.954967198289630646e-04
1.939366498621131999e-04
1.924489874499310516e-04
1.907536557480473554e-04
1.890451308151435111e-04
1.874122820841793663e-04
1.855884439699503614e-04
2.980995159370631881e-03
1.539234026431591509e-03
9.611120208552325489e-04
6.715705956271881107e-04
5.189041676585538602e-04
4.523787278397450417e-04
3.899141509984193829e-04
3.487960311889531256e-04
3.137450779507339063e-04
2.887420322628995810e-04
2.693300041794506475e-04
2.523576233438902137e-04
2.360215355727218820e-04
2.240866367755967384e-04
2.149973976326223057e-04
2.063529032543711794e-04
1.981168335679131249e-04
1.911482481626586153e-04
1.848347915447810135e-04
1.799444098480436024e-04
1.751832309379082887e-04
1.706912326720396713e-04
1.653798217570340051e-04
1.610542607307502969e-04
1.572013453175823236e-04
1.535975800701223069e-04
1.497319136259896209e-04
1.463495719541723283e-04
1.433787046283964786e-04
1.404341824036330955e-04
1.374615099776242211e-04
1.344912084027586837e-04
1.316464447255279895e-04
1.291377894221813316e-04
1.270144710644651050e-04
1.249857758347110745e-04
1.229046141464225340e-04
1.208872605460338003e-04
1.186941322017842138e-04
1.168731413038763322e-04
1.153655309563239015e-04
1.131436705750734126e-04
1.111262016429655284e-04
1.094616257666547221e-04
1.077445119015047094e-04
1.061635480103327031e-04
1.045881398611246709e-04
1.029342486448448266e-04
1.015129037539690273e-04
1.002452850709224612e-04
9.854685230909323093e-05
9.719023041563208632e-05
9.597575799943282196e-05
9.457614708749044572e-05
9.325663426557456715e-05
9.196748927432615492e-05
9.081332770124818962e-05
8.959506108459446667e-05
8.831691867534787030e-05
8.702136470006236477e-05
8.568185987531382378e-05
8.441965809250211606e-05
8.300627324397552586e-05
8.192838835021441887e-05
8.099624722579885558e-05
8.012684550006667278e-05
7.936881924794030973e-05
7.851488544538212265e-05
7.773405561413300718e-05
7.702872546007265211e-05
7.624857848982722740e-05
7.556141480657106724e-05
7.493813830979813707e-05
7.428893226756326821e-05
7.366503299687119299e-05
7.288737409742254984e-05
7.213298993210523523e-05
7.138882758578283670e-05
7.063218527960957735e-05
6.992469565872557434e-05
6.924388985130637021e-05
6.859068890388277063e-05
6.779857023982799010e-05
6.707899310579669211e-05
6.633339149299782693e-05
6.551978155272152797e-05
6.467365320071253611e-05
6.399213064572475463e-05
6.325377954132489571e-05
6.253230977704867508e-05
6.172522616587740394e-05
6.101336891057662724e-05
6.035229095121993860e-05
5.975381264001595691e-05
5.914411777850138338e-05
5.857407586147883371e-05
5.790669663606089402e-05
5.720463574534125501e-05
5.649485659304225054e-05
5.581436363207369593e-05
5.330899750367637871e-03
3.690258195757030891e-03
3.056349042189481814e-03
2.650871457398330105e-03
2.303731262023125254e-03
1.568518681295883940e-03
9.207250304964878810e-04
6.527244391311618063e-04
4.901956586229172909e-04
3.886981835689147188e-04
3.283918019468132980e-04
2.865630717466318973e-04
2.517100908716782249e-04
2.268429423429377798e-04
2.062380491421869557e-04
1.824172910632825375e-04
1.654776384842226067e-04
1.515667274062728622e-04
1.397921919706393557e-04
1.301386966700437498e-04
1.190292359226925029e-04
1.107307145076749687e-04
1.046632178001850703e-04
9.932917723656174138e-05
9.351192386324729022e-05
8.870738546813054879e-05
8.438719408162540837e-05
7.943237729674782095e-05
7.592574285224789742e-05
7.248376854646742379e-05
6.945910641015355669e-05
6.684898469804713569e-05
6.448677230638581411e-05
6.260469880741403317e-05
6.015115967993518888e-05
5.767482795567298580e-05
5.587101200765664291e-05
5.402135108569436746e-05
5.231852543942556739e-05
5.048458170868154259e-05
4.902510044426536484e-05
4.698993705546017005e-05
4.532969702433982970e-05
4.391168642633343764e-05
4.260934098943249584e-05
4.135219696723672363e-05
4.026857331408830967e-05
3.913605407755238550e-05
3.795382812666266994e-05
3.675546918130450811e-05
3.567755388083682278e-05
3.451896367029258202e-05
3.349389626867709278e-05
3.257362023796779842e-05
3.171009504365908627e-05
3.070532444989477832e-05
2.998186613052406245e-05
2.904971313228581060e-05
2.806763836297344799e-05
2.744449694270451935e-05
2.660006956556897924e-05
2.590051665579635114e-05
2.521072610555776783e-05
2.454764449965501395e-05
2.386172967099341381e-05
2.315427798975254055e-05
2.248642632336219326e-05
2.166709862976942910e-05
2.108953853177609263e-05
2.048161449940484437e-05
2.002725862504504842e-05
1.958298380032289410e-05
1.900510432386233551e-05
1.836392941512055580e-05
1.774606477615791017e-05
1.731397646284365933e-05
1.678625924926205716e-05
1.635007983803427295e-05
1.593713243953248545e-05
1.556273955336728439e-05
1.520004609295966807e-05
1.487156072095940528e-05
1.453272709646637108e-05
1.415315268618965658e-05
1.380279388246046474e-05
1.346610112756127207e-05
1.309431149671604727e-05
1.266526976186007174e-05
1.231605769403914539e-05
1.196997269723593014e-05
1.160399021781770927e-05
1.126153398084123469e-05
1.092257992377412411e-05
1.063465631494728664e-05
1.032775014738783874e-05
1.000488940708296002e-05
9.705500873202992893e-06
9.440307565151686105e-06
9.183318672310451756e-06
8.924633440269041628e-06
1.487777895987089233e-03
7.602771050063731294e-04
4.810101524330024497e-04
3.692607398753490282e-04
2.884601471284846744e-04
2.577756632049302819e-04
2.182448168821727783e-04
1.884791511834291611e-04
1.645841413387531013e-04
1.434741058000344664e-04
1.265512032460899632e-04
1.130750957758156340e-04
1.013760102814587896e-04
9.239422481518992549e-05
8.320669089433268672e-05
7.613855114600533484e-05
6.948653995484752196e-05
6.411642795590459455e-05
5.911110192171831554e-05
5.472598378595448326e-05
5.081707467054332659e-05
4.691517283129396150e-05
4.375477861512393527e-05
4.071111472250930099e-05
3.806443676551024715e-05
3.600186460158226042e-05
3.373608576982543611e-05
3.151067275151901823e-05
2.942719112079301093e-05
2.754441166238554508e-05
2.586038905982668976e-05
2.431463417751455038e-05
2.287516838584563529e-05
2.151204921900277145e-05
2.026511311598272295e-05
1.922444332761412880e-05
1.798954724825606628e-05
1.698535410044730199e-05
1.609837689465707579e-05
1.526882821264347281e-05
1.453015593964678818e-05
1.370749883278089116e-05
1.295997060682002350e-05
1.227754056880169420e-05
1.151290987959510192e-05
1.089139512020130384e-05
1.032417047785649487e-05
9.850188130001320605e-06
9.279279446105822806e-06
8.716022819331171187e-06
8.297004421093506698e-06
7.794523957647798998e-06
7.350066051630199216e-06
6.975289372376478972e-06
6.700647753111974962e-06
6.387388522848243895e-06
6.055472200400981836e-06
5.776913261690195740e-06
5.483320119749909089e-06
5.244193405298732659e-06
5.028745664161087319e-06
4.791957531391120243e-06
4.582656554218829190e-06
4.392704463833450016e-06
4.173188050629245294e-06
3.957475849465532453e-06
3.751813213862674878e-06
3.597578910046967575e-06
3.437222394203535683e-06
3.285258315658264244e-06
3.143751757536389216e-06
3.016403501308292814e-06
2.906880319175548359e-06
2.808311573902329184e-06
2.703768699015906765e-06
2.590311276902617190e-06
2.502648473259800198e-06
2.410849495262683062e-06
2.310319481611632301e-06
2.232013062691028249e-06
2.151398211410851032e-06
2.076550126874133214e-06
2.004711522989822504e-06
1.923788941763386452e-06
1.857762090345716224e-06
1.781930174605611423e-06
1.719696425279099555e-06
1.659555156689250320e-06
1.603023134881298186e-06
1.546159731072020511e-06
1.494147029365277497e-06
1.437090493738360421e-06
1.387640135432683134e-06
1.335532496726276645e-06
1.287655590068535363e-06
1.238404023413010890e-06
1.187518049825255094e-06
1.143743929050028262e-06
1.102060917732971280e-06
1.063949781858357931e-06
