8.429685332157889066e-01
8.256569717865559488e-01
8.154330278354747774e-01
8.106915923032435023e-01
8.067840311404036457e-01
8.076718433857722479e-01
8.047385435504615936e-01
8.016895953690623688e-01
7.988971245483007522e-01
7.972581371354796609e-01
7.981247133106699199e-01
7.969571809285118658e-01
7.963794238970627326e-01
7.955451192977689434e-01
7.947337387956582289e-01
7.968554930655112889e-01
7.953363911342308246e-01
7.941806078209678876e-01
7.929999331571814247e-01
7.923237854513116574e-01
7.951718004609090729e-01
7.936589042961558205e-01
7.926904137466258549e-01
7.918575593072415542e-01
7.912532455616451132e-01
7.928762339975367057e-01
7.918839564668028741e-01
7.909324055881512550e-01
7.905228247223615723e-01
7.899040905834670001e-01
7.907574474796309483e-01
7.899816930111411839e-01
7.891703692981236751e-01
7.887451455327707528e-01
7.882744850365461797e-01
7.900104670763262726e-01
7.894790097570354437e-01
7.889917004646738175e-01
7.887532887668682324e-01
7.885198431969651089e-01
7.899558258873898842e-01
7.890279751436107825e-01
7.883093840985564427e-01
7.880064280866457826e-01
7.878610502574049379e-01
7.900303259501159081e-01
7.894815154366866539e-01
7.889405322705931312e-01
7.886997057041813530e-01
7.885559631559834193e-01
7.883980776752878006e-01
7.882780772250934653e-01
7.881733174778102757e-01
7.880762423954587037e-01
7.879865109449148974e-01
7.878482589346446074e-01
7.876720059939246177e-01
7.875233152937310965e-01
7.873830415382400139e-01
7.872084360797536595e-01
7.869813970055423713e-01
7.867392354034083990e-01
7.866109364002811244e-01
7.864546074321029367e-01
7.863176119568660027e-01
7.861214617703480290e-01
7.856628089136539206e-01
7.853531753448015351e-01
7.851493341482200794e-01
7.850397039340005767e-01
7.849144317714285002e-01
7.847988891497926778e-01
7.846985011726896886e-01
7.845841979145806722e-01
7.844263810330104336e-01
7.842413067342044464e-01
7.841494541942995999e-01
7.840706509843223815e-01
7.839756841912135510e-01
7.838674327044862222e-01
7.837341320307298353e-01
7.836196892024732685e-01
7.835082174152990797e-01
7.833658474909211966e-01
7.832523857662285760e-01
7.831090939540020779e-01
7.829957894745812608e-01
7.829011834855449381e-01
7.828235883614848012e-01
7.827442919344305139e-01
7.826781851520182576e-01
7.826180954997430383e-01
7.825634213790674254e-01
7.825219285722214702e-01
7.824828089922586383e-01
7.824567668151720667e-01
7.824283079021339127e-01
7.823901331250886493e-01
7.823502677225595558e-01
7.823044288837815996e-01
7.667010032137722142e-01
7.606400054389030885e-01
7.564426702383094669e-01
7.539299488213756506e-01
7.516803171568379183e-01
7.497968952800612152e-01
7.475903143835110898e-01
7.451771360930982135e-01
7.437211415359860078e-01
7.420916710188292242e-01
7.412749943896078664e-01
7.395847816131172481e-01
7.385025509553222456e-01
7.377877341203807893e-01
7.371959895470241442e-01
7.372757619986000099e-01
7.366523532022668519e-01
7.361044705506437635e-01
7.356295143262745473e-01
7.351935432275878979e-01
7.355895030230963361e-01
7.349914301256409432e-01
7.346205061009746240e-01
7.343102580081390940e-01
7.340416705903600736e-01
7.346010158895063258e-01
7.341197726333944518e-01
7.337301658130004345e-01
7.335818217449286971e-01
7.334232076088353924e-01
7.337175638660754506e-01
7.329514032525876743e-01
7.325183756382357414e-01
7.323027793733385415e-01
7.320965534596444169e-01
7.327674594350849224e-01
7.319848310715177941e-01
7.315716963076268620e-01
7.313766048891087168e-01
7.312225447911999687e-01
7.319649842409291507e-01
7.315301879969925425e-01
7.312640252324503765e-01
7.310676373400236683e-01
7.309068640262019745e-01
7.315253768182602423e-01
7.310482661183890229e-01
7.307504438678525949e-01
7.305963539286464137e-01
7.304483678280107029e-01
7.303488506277386882e-01
7.302648492760990262e-01
7.301628373372689440e-01
7.300504448070649355e-01
7.299468226563046169e-01
7.298292983679169899e-01
7.297109153486129873e-01
7.296372725833083495e-01
7.295803209190168115e-01
7.295348447745282350e-01
7.294823173112225945e-01
7.294308254845840445e-01
7.293680452053852292e-01
7.292965910992587064e-01
7.292274234190929683e-01
7.291348222505177334e-01
7.290495640956617951e-01
7.289705886512058974e-01
7.288966492316688583e-01
7.288119531517214256e-01
7.287312560330648781e-01
7.286349745735203332e-01
7.285533391820299132e-01
7.284615426076237465e-01
7.283421384538899535e-01
7.281700020473741430e-01
7.279849681307238862e-01
7.278464981049516114e-01
7.277418958077827016e-01
7.276758838690047249e-01
7.276195747992323382e-01
7.275581194661180362e-01
7.275012033691899971e-01
7.274536273833038802e-01
7.274055228665425865e-01
7.273585921526098952e-01
7.273022301675353685e-01
7.272543813740866003e-01
7.271956826061983792e-01
7.271288509457639604e-01
7.270301107864990398e-01
7.269296662599756820e-01
7.268363296779877247e-01
7.267384124218957409e-01
7.266581530676072820e-01
7.265557116828378348e-01
7.264527178883314340e-01
7.263160632545296869e-01
7.261370038708127028e-01
7.259580271295807963e-01
7.196606261545706040e-01
7.158545475539271896e-01
7.137478944135966508e-01
7.122596062236691283e-01
7.109068515198185834e-01
7.095449320038806906e-01
7.083047618681889146e-01
7.067336184568228097e-01
7.055898724696941793e-01
7.046539021761084598e-01
7.038854161672188914e-01
7.029717145482374807e-01
7.019258438003643796e-01
7.009933817565907610e-01
7.003336862199902590e-01
7.002793052318412315e-01
6.998319583057787119e-01
6.993148658501372461e-01
6.987790599055081486e-01
6.982560921464424641e-01
6.979745895561867419e-01
6.974088380708021173e-01
6.968352695810304809e-01
6.961245261417228214e-01
6.954513663484120922e-01
6.953607739731190174e-01
6.947314162382878244e-01
6.942166625438112026e-01
6.936647120685093260e-01
6.930920618160950619e-01
6.931904521639784544e-01
6.928023479908052007e-01
6.924984531803464183e-01
6.922281575511698426e-01
6.918905562120492014e-01
6.921568044538112252e-01
6.917168789030873066e-01
6.913379094911179523e-01
6.909916443533830055e-01
6.905884096750416479e-01
6.908028026525275811e-01
6.903240322758947833e-01
6.898555080790422789e-01
6.894743454292221463e-01
6.891134601210856525e-01
6.898483717341065136e-01
6.894511097288246182e-01
6.890797743014257515e-01
6.887711423092106600e-01
6.885140121106920752e-01
6.882280075856875845e-01
6.878038341547494383e-01
6.875376189018550521e-01
6.873078914813306461e-01
6.870685510490616155e-01
6.868126117556460075e-01
6.866107785678482456e-01
6.863901999771151452e-01
6.861849493184670745e-01
6.860010137713614675e-01
6.858306144581197694e-01
6.856749994007949045e-01
6.855141848188064380e-01
6.853666189361282690e-01
6.852578046034688564e-01
6.850880028581329828e-01
6.849382314434161456e-01
6.848033572943574843e-01
6.846988886254763429e-01
6.845834910177345245e-01
6.844790760409920072e-01
6.843759428178682880e-01
6.842886422566849536e-01
6.841778184655781248e-01
6.840839442550776806e-01
6.839843244637876518e-01
6.838647881967229170e-01
6.837301905189272500e-01
6.835895032167103036e-01
6.834770015746611804e-01
6.833675368096175928e-01
6.832398151608559678e-01
6.831214529487118492e-01
6.830306757150952368e-01
6.829578742371658073e-01
6.828831375520222347e-01
6.828301138498761302e-01
6.827593657666015670e-01
6.826799415934189375e-01
6.825891030854455144e-01
6.824923528122722738e-01
6.823599052370541429e-01
6.821881065359943763e-01
6.820259303874915968e-01
6.818626663660413145e-01
6.817136349040539001e-01
6.815807870938267454e-01
6.814706136769973499e-01
6.813688483862383460e-01
6.812722940108023595e-01
6.803250608952924328e-01
6.764379656764621940e-01
6.733047664291023082e-01
6.710717961066293702e-01
6.694956027916537655e-01
6.687765013191723229e-01
6.676711919622361213e-01
6.667998109330612877e-01
6.661585158296646769e-01
6.654875954378849379e-01
6.646554620158918736e-01
6.641208506434207459e-01
6.634982790468054725e-01
6.630779216683714283e-01
6.627028612297837240e-01
6.621936264292964669e-01
6.617054629655495512e-01
6.612281783753710673e-01
6.607774012306362188e-01
6.604127039030902591e-01
6.602265873008571484e-01
6.598519404110323450e-01
6.593381247915583998e-01
6.586737031268362630e-01
6.580940792466997147e-01
6.577042383642612844e-01
6.573136220885588132e-01
6.569171579803971817e-01
6.565603074441623832e-01
6.563087594098020450e-01
6.560137021041827499e-01
6.557578227270302040e-01
6.555218597088864341e-01
6.552519285775418867e-01
6.550205352438400741e-01
6.547988031319129654e-01
6.545032200862839211e-01
6.542537735444219349e-01
6.540002141311188621e-01
6.537581790686765038e-01
6.534422057563081809e-01
6.531224382707890852e-01
6.527354788223139748e-01
6.523829789613340147e-01
6.520931866603454363e-01
6.516676004917909548e-01
6.512644955472193242e-01
6.509510585114084424e-01
6.506530382764867948e-01
6.503439586393799932e-01
6.499332026509392346e-01
6.495591035720907902e-01
6.492507058623024907e-01
6.489757698269580377e-01
6.487574891612191141e-01
6.484939273928236325e-01
6.482435792570629962e-01
6.479181190540753699e-01
6.475738387154196252e-01
6.470316382319477588e-01
6.466649393455304873e-01
6.463142902173594218e-01
6.459939192946007047e-01
6.456748850410169993e-01
6.453512484218165701e-01
6.450984855500784265e-01
6.448144316433663814e-01
6.445850435905180476e-01
6.443718619898586297e-01
6.441476505393181062e-01
6.439377268234988128e-01
6.437466321474306641e-01
6.434963205171180256e-01
6.432480630758943274e-01
6.429818748096801651e-01
6.427345921708401688e-01
6.425363636918692833e-01
6.422844920222892107e-01
6.420418515798665959e-01
6.418380758298556366e-01
6.416304031936775898e-01
6.414211107683359669e-01
6.411930453720564582e-01
6.409684609901029617e-01
6.407204604925760272e-01
6.404925720828283930e-01
6.402389892328763654e-01
6.400477609406316493e-01
6.398930989643171197e-01
6.397482089493841118e-01
6.395983980714091688e-01
6.394639728051944028e-01
6.393064652402961068e-01
6.391319981862124688e-01
6.389247694522273147e-01
6.387138027412678776e-01
6.385190212381078867e-01
6.383464931015427890e-01
6.381910867138957943e-01
6.380088705444832975e-01
6.404871514838785806e-01
6.363189770747647023e-01
6.341300893540422479e-01
6.324884363948456434e-01
6.313860189319324689e-01
6.307375228705686121e-01
6.300368839059250492e-01
6.293128136132818407e-01
6.286728474951790435e-01
6.280731913454263848e-01
6.274314311298179181e-01
6.269377680243020112e-01
6.264180557518560510e-01
6.258900913323407478e-01
6.254545885338970157e-01
6.251348847230437933e-01
6.247335737231726194e-01
6.243820046605685903e-01
6.240262833465664016e-01
6.235489886962671813e-01
6.232245562834665131e-01
6.227899320677054984e-01
6.222923394826013199e-01
6.216422008741052663e-01
6.210686134697522842e-01
6.206455813469256011e-01
6.201569617151668767e-01
6.196386819632830889e-01
6.192039234157972194e-01
6.187576690710989702e-01
6.186576808686601314e-01
6.182593436003769316e-01
6.179380083144476732e-01
6.176440123083546396e-01
6.173033691421425662e-01
6.171261138904324817e-01
6.167967900150232996e-01
6.165118323070772899e-01
6.162416378260439087e-01
6.159537009465998469e-01
6.158878753474070766e-01
6.155466153919533223e-01
6.152277104748674619e-01
6.149715361025810401e-01
6.147394618963817337e-01
6.145474801056883818e-01
6.142941378753411508e-01
6.140694127285460935e-01
6.138656685570487159e-01
6.136674628592567737e-01
6.134458705922732902e-01
6.131920531794637919e-01
6.128746049784929983e-01
6.125247464436216482e-01
6.122149304455991592e-01
6.119322062332293033e-01
6.116415191070035950e-01
6.113864330280023296e-01
6.108329730672945601e-01
6.104597315754145548e-01
6.102656239590212861e-01
6.101293011864088456e-01
6.099943571613649640e-01
6.098872831200087274e-01
6.097787115558738202e-01
6.096421155311975149e-01
6.094676833008491057e-01
6.092849468169418969e-01
6.091141556128077950e-01
6.089621949675996238e-01
6.088162800307636013e-01
6.086504791118003688e-01
6.085007284451461329e-01
6.083159192594194131e-01
6.081409169112699242e-01
6.079850555813975932e-01
6.078433263029461298e-01
6.076861554768684393e-01
6.075169903763717461e-01
6.073715067229586984e-01
6.072091724542152402e-01
6.069642772586728574e-01
6.067888612854157593e-01
6.065665433073225143e-01
6.063507518157640330e-01
6.060614300645853492e-01
6.058733529226068004e-01
6.057289645422366808e-01
6.055906419574067501e-01
6.054846560224333984e-01
6.053907380699744545e-01
6.052504733752882560e-01
6.051324291198540983e-01
6.050074590045341205e-01
6.049079833420926144e-01
6.048114013121389521e-01
6.047049437741824907e-01
6.046091504913110315e-01
6.044975599474714523e-01
6.044030070391308573e-01
