2.428709814752052221e-01
8.785328098700354027e-02
5.920858373780611000e-02
3.977455785319741061e-02
3.122679687931329690e-02
2.604869635351171955e-02
2.110963975534969547e-02
1.701097125975732996e-02
1.453442230307567216e-02
1.207307814305791545e-02
1.072475713137251499e-02
9.443651878946877909e-03
8.480316950236448451e-03
7.787201607022989705e-03
7.187139065497036988e-03
6.774174283219430541e-03
6.398180115716002592e-03
6.066772933169185811e-03
5.698947538723698678e-03
5.323701382484909324e-03
5.041891558570959185e-03
4.790743583927168855e-03
4.523111363313190095e-03
4.328922462925709723e-03
4.140646294299744727e-03
4.067371402896581729e-03
3.904080530178715910e-03
3.753649675458968233e-03
3.645788769735093006e-03
3.540503775734597618e-03
3.535413189549456263e-03
3.376068372071658504e-03
3.224080593897076744e-03
3.082822969956962224e-03
2.967723940867840471e-03
3.040741060321371179e-03
2.944297998319858872e-03
2.886367801148904087e-03
2.825631960729904375e-03
2.753401553996788920e-03
2.747412603833594529e-03
2.674231201832247100e-03
2.617745248250073591e-03
2.544238928911859206e-03
2.481361922824749412e-03
2.484072343881795365e-03
2.416481110617129443e-03
2.366185705182190669e-03
2.325482362145024715e-03
2.274312088430522141e-03
2.206762876870371586e-03
2.141146861534727261e-03
2.062923176238087419e-03
1.969675168407521160e-03
1.898967828902297164e-03
1.847678869660732701e-03
1.788388243959187834e-03
1.725256019818772373e-03
1.668011459054484806e-03
1.624175343692223824e-03
1.593854121496926035e-03
1.565072225963151219e-03
1.533030909212916874e-03
1.501744488998571405e-03
1.480382735344217297e-03
1.457756286905414079e-03
1.431643364094177789e-03
1.407690140765445594e-03
1.384132133445583517e-03
1.362182789913001305e-03
1.346118888860841148e-03
1.328725053088574120e-03
1.314186246773593053e-03
1.297457632025975950e-03
1.280165465514037249e-03
1.258363471746007899e-03
1.238429116672781771e-03
1.216882158534455388e-03
1.195658901449668217e-03
1.171962705801185209e-03
1.153053084664220317e-03
1.135454054169071940e-03
1.117023210279564135e-03
1.105697673325324853e-03
1.095138818066697991e-03
1.083692473473325249e-03
1.071274367027889298e-03
1.059492749303516789e-03
1.049094827529347112e-03
1.037919233035160824e-03
1.024637912127193771e-03
1.013382346077345989e-03
1.005629493288688397e-03
9.983815464458382395e-04
9.906594593074597582e-04
9.806820665488949484e-04
9.715962022642922555e-04
9.635168022065514941e-04
9.553958708204689535e-04
9.480533260177475456e-04
8.182903762385804929e-04
7.358088551402419426e-04
6.777910346314061033e-04
6.292754149389857268e-04
5.907764336061688704e-04
5.609514716185401905e-04
5.375923067156209312e-04
5.202854032700275026e-04
5.040535778253615266e-04
4.879745983760372646e-04
4.746588116999416710e-04
4.643274068547903650e-04
4.535865644534079681e-04
4.419402887191789227e-04
4.323870726431918148e-04
4.246114993769799033e-04
4.168558306985564298e-04
4.096292872383427617e-04
4.038173865380048915e-04
3.970026013678660181e-04
3.912507790743845909e-04
3.844160483082814206e-04
3.777921637687088846e-04
3.727744916797776000e-04
3.672026652080397058e-04
3.610016071227604398e-04
3.552811468017087445e-04
3.504356993758707081e-04
3.468504623258404271e-04
3.433479389957385091e-04
3.401317272313494401e-04
3.367493894659603611e-04
3.336863183270983809e-04
3.304240186291367595e-04
3.269425744616168269e-04
3.241780897626818240e-04
3.207887508988876849e-04
3.176091736941548177e-04
3.146490977371183819e-04
3.112166740430211153e-04
3.082035204462140149e-04
3.053209705325424456e-04
3.026014270889898776e-04
3.002626302387346059e-04
2.973417212580165936e-04
2.950395357655119575e-04
2.927134737487113226e-04
2.905392785297747967e-04
2.882307100226035881e-04
2.863200717210496278e-04
2.839847647359060399e-04
2.813152653293077591e-04
2.791843873514304199e-04
2.771447804438958713e-04
2.750156806316762185e-04
2.727737933775149694e-04
2.707241896765389256e-04
2.685595932171969103e-04
2.660398713625430249e-04
2.636989489180146758e-04
2.609854391802510134e-04
2.586555072853323348e-04
2.563637065314689758e-04
2.540389490837710964e-04
2.519663774194644485e-04
2.500690133070193394e-04
2.479003124627024218e-04
2.454681541103565716e-04
2.432097939421467355e-04
2.409407430432232845e-04
2.385446567168923314e-04
2.370113871275864959e-04
2.350574351373015938e-04
2.331131751289676859e-04
2.308671896330494135e-04
2.290214480800624084e-04
2.270659065411681238e-04
2.252277040048610707e-04
2.234935775700770612e-04
2.217912808093649827e-04
2.201328753726613195e-04
2.182099965340252457e-04
2.162724556260840812e-04
2.142620310692076749e-04
2.125228191684476020e-04
2.110293302332176719e-04
2.095903291970672609e-04
2.081155013779357056e-04
2.069927020662230550e-04
2.058412819278047337e-04
2.045806644961426499e-04
2.033153814909597539e-04
2.017845050269084404e-04
2.002364063337980823e-04
1.988237539246945828e-04
1.974203623824039413e-04
1.961811233289340311e-04
1.948031749674269790e-04
1.934977070614630026e-04
1.922118566366859502e-04
2.663087278762947584e-04
2.255356466799960258e-04
2.075639420371936045e-04
1.999163382538958283e-04
1.934242543200260405e-04
1.838520251419245132e-04
1.774396766369422970e-04
1.721543475840673688e-04
1.661902148174522985e-04
1.608798350128263826e-04
1.558494135058755144e-04
1.521103411936366090e-04
1.482967596863259629e-04
1.449204102095025032e-04
1.416636758915654421e-04
1.391679942386725292e-04
1.372067571266501532e-04
1.351130069322860089e-04
1.333847149349280540e-04
1.319690055415456123e-04
1.307172783478204893e-04
1.295568432619040886e-04
1.284958251225479329e-04
1.274807772173154824e-04
1.264968311713315799e-04
1.256056164546165616e-04
1.246871852394579219e-04
1.237469555605292940e-04
1.230653862655843253e-04
1.223685060954855656e-04
1.216908961286105754e-04
1.207416934787431138e-04
1.198042966451700507e-04
1.189059414818254847e-04
1.179592804375192354e-04
1.170132057589815482e-04
1.156629124971011188e-04
1.145182325339620736e-04
1.135407026879102466e-04
1.125188788560638745e-04
1.117386953479961758e-04
1.108946745969314833e-04
1.099420644069100611e-04
1.090709262415792962e-04
1.082787723187366287e-04
1.075522465545448363e-04
1.069513758353366747e-04
1.063471190985669089e-04
1.056779768871719967e-04
1.048674316642793104e-04
1.040807607747160714e-04
1.032661728171604541e-04
1.023695023291973849e-04
1.016437000742263482e-04
1.010418671520281182e-04
1.003472699566629062e-04
9.964163181781340362e-05
9.903044584580559260e-05
9.847673544440106806e-05
9.787420209298961914e-05
9.719767419727659075e-05
9.662779846535466104e-05
9.594162053775167145e-05
9.529103958170667948e-05
9.472211246329057107e-05
9.418493355243283199e-05
9.361518303840438366e-05
9.316760202842754143e-05
9.268311149905610221e-05
9.223133420442302505e-05
9.168198883713648661e-05
9.116490576526962823e-05
9.062133075517380429e-05
8.999035477092990232e-05
8.937517746537968941e-05
8.868924787648647132e-05
8.813345367371861925e-05
8.760088305974686853e-05
8.707147250650475515e-05
8.665649089847402941e-05
8.625853806794737521e-05
8.580327529370053333e-05
8.538200698911598159e-05
8.495743023522654789e-05
8.456287950095147245e-05
8.418930361987831995e-05
8.384932869118370314e-05
8.350493098509219185e-05
8.319375979985573703e-05
8.291372636368748365e-05
8.259815021726423011e-05
8.231837057265103616e-05
8.208218361362944594e-05
8.185206103521393977e-05
8.155037710463192147e-05
8.124876978869226783e-05
8.095016188484202764e-05
8.065632641764478028e-05
8.034633472099814437e-05
8.009386511404129722e-05
3.189461641035846355e-04
2.279582809515414928e-04
1.927029112637714447e-04
1.760860052815008711e-04
1.656013773742297680e-04
1.505015436059225250e-04
1.370594155793697486e-04
1.259214863206504467e-04
1.149824585777001911e-04
1.067964857999947805e-04
1.005567243408934898e-04
9.538104952398963237e-05
9.052698832415742483e-05
8.800315921312210131e-05
8.563197572894719063e-05
8.336940429837949129e-05
8.127923135227185900e-05
7.921118088568404668e-05
7.750931864351597099e-05
7.620179416906869415e-05
7.536634256103808525e-05
7.451644294812481012e-05
7.370086346169948206e-05
7.290427282819560129e-05
7.224654687923082381e-05
7.157905342430178014e-05
7.093286639453661704e-05
7.039020576214189860e-05
6.993800128969805100e-05
6.953602347865451964e-05
6.910841620577236441e-05
6.854762394192431059e-05
6.815355759673240050e-05
6.771502058478666723e-05
6.731075797698239920e-05
6.695806793647569107e-05
6.662315561176175983e-05
6.628509137152703676e-05
6.591879082400209681e-05
6.556028695740881939e-05
6.518584120850454003e-05
6.477508037613821548e-05
6.440202281041986464e-05
6.404100851822904232e-05
6.369345427880131823e-05
6.342341962905320458e-05
6.321355040353045739e-05
6.303615326420963002e-05
6.285468110591699211e-05
6.269102328667528173e-05
6.248570517636309904e-05
6.226444574402387069e-05
6.199478433955401527e-05
6.174416688056726403e-05
6.148479200982206127e-05
6.120329867791316164e-05
6.093563649794443026e-05
6.068675072843966744e-05
6.044408116334492443e-05
6.024143306842071180e-05
6.006098099652774203e-05
5.988169187904543434e-05
5.972609527889177473e-05
5.955882390395480066e-05
5.935173100526195273e-05
5.916986298984448447e-05
5.900890590694169411e-05
5.883132766330223193e-05
5.865839378544732450e-05
5.849170427214018527e-05
5.831872011351626144e-05
5.812441369809409337e-05
5.790818126207994616e-05
5.769617101943575268e-05
5.749460912972412046e-05
5.729525894138900766e-05
5.709036626396166180e-05
5.688493688916138443e-05
5.671294866671955674e-05
5.655315913054727290e-05
5.635779179563546210e-05
5.614362241513177831e-05
5.596953481262372426e-05
5.580844216557823167e-05
5.565437921610999006e-05
5.550561946681056841e-05
5.534397337564968310e-05
5.520667470674074033e-05
5.505607676425835058e-05
5.491662939287609489e-05
5.474520952948384969e-05
5.459272071676841233e-05
5.445329031666424501e-05
5.430452087768014048e-05
5.416213087595388073e-05
5.402155112299281999e-05
5.385864188362337988e-05
5.373346187439938552e-05
5.360926097281822669e-05
5.348258687782940865e-05
3.194571556369797997e-04
2.027760122919960322e-04
1.526291856378952927e-04
1.327692936981405983e-04
1.216468134984477028e-04
9.800571543912537677e-05
9.125229418255152844e-05
8.616091676691832219e-05
8.164088621479208654e-05
7.698950025592628742e-05
7.121579656811954549e-05
6.668074869495064616e-05
6.393735656182896647e-05
6.165285239692559803e-05
5.967078762757014189e-05
5.668869395063017149e-05
5.511370070703713799e-05
5.408852326916785164e-05
5.308494136669350831e-05
5.229996546897090596e-05
5.131247270312893130e-05
5.062506686986102509e-05
5.010039623860908773e-05
4.967345287752748188e-05
4.936544597200802684e-05
4.899580638120477145e-05
4.866092466805372599e-05
4.844238311432967717e-05
4.825717606476923190e-05
4.805601577422084623e-05
4.781701654223046225e-05
4.761028952820263465e-05
4.739544346827019925e-05
4.721696036276513205e-05
4.701389517986043995e-05
4.682296251508187855e-05
4.664229762239033381e-05
4.648707359778881027e-05
4.634810109212171808e-05
4.622169851012183114e-05
4.606081999792643547e-05
4.589727424111255056e-05
4.573550166219338923e-05
4.558759572340618810e-05
4.545933588946406259e-05
4.532146123981838141e-05
4.519689152209895505e-05
4.508577040628513921e-05
4.497854747454488761e-05
4.488373223584724340e-05
4.477858074449907075e-05
4.467010786312337851e-05
4.456399890482198363e-05
4.445772066496152215e-05
4.434490933064847334e-05
4.421811299967331457e-05
4.407429396308394881e-05
4.393840417481162554e-05
4.377315330105728943e-05
4.365901370090955760e-05
4.352874871515012757e-05
4.344069721599666512e-05
4.333045138070572142e-05
4.321452153043205049e-05
4.310753181443301233e-05
4.299580002180817027e-05
4.288078378952163070e-05
4.277332460487742700e-05
4.267142791082246991e-05
4.254921440157733852e-05
4.242138490988510571e-05
4.229946142607392067e-05
4.218797375396967053e-05
4.206718682076517253e-05
4.195098551250662681e-05
4.183221578243941758e-05
4.170588982159593783e-05
4.158496078472523046e-05
4.147538080857537935e-05
4.137711901027851368e-05
4.127365549800591420e-05
4.117344949284810774e-05
4.108138586857456215e-05
4.097417347830416821e-05
4.087838503470801234e-05
4.076888179655152166e-05
4.068602424798582453e-05
4.059539818870179213e-05
4.050116339086849997e-05
4.040198749331294550e-05
4.031094714489223875e-05
4.021161398716012366e-05
4.011283761839959941e-05
4.001780904951032894e-05
3.993911130552347144e-05
3.985024242291231039e-05
3.975149054106390435e-05
3.964502642447524904e-05
3.953294291614081751e-05
3.943239595213175698e-05
