1.135751032427029239e-01
4.972443324147527571e-02
2.583114909844340737e-02
1.709260340803805261e-02
1.307658953986020299e-02
1.015150394554371720e-02
8.278477135659587094e-03
6.809753390243424367e-03
5.821940062909126100e-03
4.951818191397913335e-03
4.512245810510016539e-03
3.993590425895778701e-03
3.497899456939312837e-03
3.103186927580297259e-03
2.815852260872921554e-03
2.712291937920937885e-03
2.471124766471709342e-03
2.277356388295010206e-03
2.078917609570584552e-03
1.953263262630534295e-03
1.925997497037106824e-03
1.807756748126762136e-03
1.718826425598641303e-03
1.625951478086575365e-03
1.550123665808955100e-03
1.517439964013009811e-03
1.442821994780031951e-03
1.354170994178108788e-03
1.279123854562768271e-03
1.222110508300321965e-03
1.195193052110751037e-03
1.135204709572932864e-03
1.085352309079217013e-03
1.038474504782515217e-03
1.004987433466347389e-03
1.000376547530968134e-03
9.525593043162932597e-04
9.240946654410926156e-04
9.031723221496954206e-04
8.748215973266367396e-04
8.674657632059839694e-04
8.350272789802827902e-04
8.088342615576004768e-04
7.806272521014483243e-04
7.517590991079193099e-04
7.558813513159391446e-04
7.273289857655110616e-04
7.075925196988239576e-04
6.870504071166931440e-04
6.691292366884584071e-04
6.547912460878338664e-04
6.403981026824054693e-04
6.267072757159308826e-04
6.115531534591420182e-04
5.974026595871836150e-04
5.830994122098554508e-04
5.686043441617345991e-04
5.557274381333653090e-04
5.422851015324272033e-04
5.306924358582558801e-04
5.173426243085170548e-04
5.071325985974352735e-04
4.968125679418925302e-04
4.865200297440091192e-04
4.768865168124324094e-04
4.672544695515615416e-04
4.597707512200397578e-04
4.519327345205502271e-04
4.442058492142274555e-04
4.378839560685509561e-04
4.320245037681808530e-04
4.256118489682183181e-04
4.195071250490881704e-04
4.128664239342791343e-04
4.058021640833906212e-04
3.986098764529513575e-04
3.921992081137839407e-04
3.865882215934986969e-04
3.803831383732682271e-04
3.747593697704741222e-04
3.694635331742940451e-04
3.642198908374824390e-04
3.591094571689531188e-04
3.544913472605280770e-04
3.494204149897500548e-04
3.448044749756368796e-04
3.396458939580091992e-04
3.353375791780222786e-04
3.311202815940358641e-04
3.263793387409917048e-04
3.217914815376461657e-04
3.187326087114284411e-04
3.138450029426312609e-04
3.098103299714262578e-04
3.063708956453034559e-04
3.031563055763201705e-04
2.998770395902995603e-04
2.964586188562279680e-04
2.933559784726100369e-04
2.904476552064174343e-04
3.939845778095541970e-03
1.871364409194441929e-03
1.291081887357999709e-03
1.022058516950940556e-03
8.615337484509120796e-04
7.523996873403479991e-04
6.586176017138960616e-04
5.870023608371878086e-04
5.370400386488482494e-04
4.879738391990388175e-04
4.547959122725863832e-04
4.239335702057549899e-04
3.966133068117273157e-04
3.734532042342000716e-04
3.529960805635075859e-04
3.359028216320489204e-04
3.179773642573788662e-04
3.014135494742060939e-04
2.882601056785724278e-04
2.756081552724978160e-04
2.666961085988924342e-04
2.573308107468900378e-04
2.486493427307593924e-04
2.405968348671663510e-04
2.337270873082299345e-04
2.263419105996661935e-04
2.192583311779893363e-04
2.137237968868064880e-04
2.084496587783962642e-04
2.024331166274619923e-04
1.981714116571975306e-04
1.927136451515239289e-04
1.881583798487637812e-04
1.832937722791064229e-04
1.793342346806987982e-04
1.747095585325805615e-04
1.711126008617739756e-04
1.677685134351235426e-04
1.646073705007251430e-04
1.615648416716234021e-04
1.588060053843453104e-04
1.558047502552364102e-04
1.529551060402948735e-04
1.504380577293073357e-04
1.478473162245262694e-04
1.454430099941311024e-04
1.432264707546467583e-04
1.411753620933132081e-04
1.392149910986043352e-04
1.376571300691011468e-04
1.359407425423518276e-04
1.342308700550981114e-04
1.324219624662709594e-04
1.309404460897407657e-04
1.293834605656617848e-04
1.278596997496355650e-04
1.266446506873511707e-04
1.253409453244902526e-04
1.238525375015654521e-04
1.222193047239636084e-04
1.206645780263964772e-04
1.193117768196693643e-04
1.179288802323985125e-04
1.165924206311716964e-04
1.153228712269163664e-04
1.139666828642380822e-04
1.128029414577814933e-04
1.114003554159094690e-04
1.103000016811011110e-04
1.091074276187779091e-04
1.080506621134394581e-04
1.067917279640901324e-04
1.056302333802648104e-04
1.045986819084080804e-04
1.035742841517776908e-04
1.026342495009663352e-04
1.015301401459589640e-04
1.006065233765141031e-04
9.976777224138284200e-05
9.868185145249058461e-05
9.778718294849251397e-05
9.680831105724109356e-05
9.604840597141516207e-05
9.515439426053928622e-05
9.428276617965153253e-05
9.333259011770846287e-05
9.257734145060295854e-05
9.183973650492873982e-05
9.115608034942445346e-05
9.032770548898755953e-05
8.966007135782551069e-05
8.891447394327359308e-05
8.808951152171366143e-05
8.734813397368271118e-05
8.665546414518648076e-05
8.594271307421643921e-05
8.529845357031870957e-05
8.447763788131144934e-05
8.375599490180053838e-05
8.311998996707608992e-05
9.846521601313604872e-05
8.827362729454902787e-05
8.321129919976419397e-05
8.001503606009861792e-05
7.744272289476784464e-05
7.541813053086584900e-05
7.364070760842951263e-05
7.209806020143337004e-05
7.072013082058141898e-05
6.955545912853292945e-05
6.852342353774518017e-05
6.741179815111275652e-05
6.645036513065774001e-05
6.558837919287688269e-05
6.468484131720067239e-05
6.399025854035606420e-05
6.329277582794534760e-05
6.261674471163544220e-05
6.179468548679038916e-05
6.107246238322575689e-05
6.035730264046048103e-05
5.972687055860916575e-05
5.903513335042035961e-05
5.832476968199615627e-05
5.781029615871943940e-05
5.734597174754517033e-05
5.686494010836286403e-05
5.641069414398261982e-05
5.592152638849917710e-05
5.539949027048762846e-05
5.485062087975846600e-05
5.433325892614857786e-05
5.375731619289700000e-05
5.331099049131435036e-05
5.282527881941425594e-05
5.243528350673407534e-05
5.208868585205644945e-05
5.163008375267775179e-05
5.122836582393651016e-05
5.085884230422966720e-05
5.038345037864616318e-05
4.999949178797824046e-05
4.954519633909411971e-05
4.919123223914553448e-05
4.880402865593186422e-05
4.844640463245123297e-05
4.799687896226944970e-05
4.757740997288710240e-05
4.714659248382800281e-05
4.679353263724576900e-05
4.646873955754604542e-05
4.618573329105432146e-05
4.587278878914882930e-05
4.552507185066493261e-05
4.521837366792209114e-05
4.481824950217086685e-05
4.446846520296078369e-05
4.415248900789723148e-05
4.384428631757806769e-05
4.353521546390878865e-05
4.319176938637474695e-05
4.284468141862408718e-05
4.259070065920936651e-05
4.235920796817905365e-05
4.208031636731171223e-05
4.178478058903104707e-05
4.147644837410502296e-05
4.120470407220703087e-05
4.092034158049729373e-05
4.067703384877533531e-05
4.039618518057949296e-05
4.013807363799107796e-05
3.981932094882022037e-05
3.956620528296229402e-05
3.929836147925537814e-05
3.904326529610521219e-05
3.883551641931900681e-05
3.864329687510074485e-05
3.844626818844653211e-05
3.824453250697388830e-05
3.803653044207037410e-05
3.781907582294799579e-05
3.762465367287538782e-05
3.742927404434966235e-05
3.724941032837384699e-05
3.709933993885874455e-05
3.692429907427622981e-05
3.675330801702756571e-05
3.655167064106401359e-05
3.641671832844387853e-05
3.628257190755716934e-05
3.615739758988430078e-05
3.603229002264998277e-05
3.586883370997852522e-05
3.571669547557178743e-05
3.555034790296933547e-05
3.537224602789500308e-05
3.517798227810800646e-05
3.504293693092904127e-05
3.491873186390437962e-05
2.041123888799134599e-04
1.351909723811470221e-04
1.076520057373848022e-04
8.922986256932561320e-05
7.753878771009437899e-05
6.803908492261253845e-05
6.092205294114764476e-05
5.594148503579296819e-05
5.152595917820983217e-05
4.843016690665544351e-05
4.589281600801723381e-05
4.382474788819736201e-05
4.204257050350501446e-05
4.039438835864754080e-05
3.912523742661827163e-05
3.811710469848568147e-05
3.709062176457991180e-05
3.603011150020795739e-05
3.497661415546572629e-05
3.397945188917298696e-05
3.319290785843356800e-05
3.252803843385539324e-05
3.195279407578127342e-05
3.137551802472248000e-05
3.076208779209873309e-05
3.026551807423077866e-05
2.965707199648984915e-05
2.916204853341609248e-05
2.862570651077986017e-05
2.817671259483168269e-05
2.775512400059319438e-05
2.739775437994980290e-05
2.702667213916836367e-05
2.667524289663780201e-05
2.635496887920586072e-05
2.605728493491728601e-05
2.571686592318263084e-05
2.540137290373757858e-05
2.512871894031905545e-05
2.484719159717925822e-05
2.464480040442305157e-05
2.444803647576366694e-05
2.428260738780301268e-05
2.405415697777537663e-05
2.374958591422449586e-05
2.345627255132401917e-05
2.317384061604057870e-05
2.293767568462594050e-05
2.269206272906902532e-05
2.251420888395339623e-05
2.231293431182007603e-05
2.213201643883092211e-05
2.195036503164119360e-05
2.177019935464821350e-05
2.153056089248645713e-05
2.130915395998554020e-05
2.107023519057817394e-05
2.088032030825536623e-05
2.068146946055685203e-05
2.045632818216520878e-05
2.025760775894499337e-05
2.006808171292994553e-05
1.978598904208196888e-05
1.958440187665167124e-05
1.935513052222908594e-05
1.914683699802947840e-05
1.897013555732084760e-05
1.881313148768457531e-05
1.866158252394062035e-05
1.852058551796611482e-05
1.837756492606461428e-05
1.824618148072991333e-05
1.810591939070145930e-05
1.796745442959486795e-05
1.783726582016945358e-05
1.771656062662183486e-05
1.758250517325495504e-05
1.746328103955650709e-05
1.734871771496451060e-05
1.723602387318353966e-05
1.711623500400949444e-05
1.698918419451238458e-05
1.687756342310816777e-05
1.673017158375326245e-05
1.662826483969975227e-05
1.652910591369460388e-05
1.643797039680685370e-05
1.635829212176760015e-05
1.626613703099553886e-05
1.612687983869404571e-05
1.594964572345790145e-05
1.579499482764898176e-05
1.565732393730117687e-05
1.555217518708084827e-05
1.544632508976869392e-05
1.534902555983503556e-05
1.522618748117695346e-05
1.512002995600576735e-05
1.501523329832626790e-05
1.492579698544589918e-05
3.828833525112116678e-04
2.504604753036119907e-04
1.811100291530547319e-04
1.390761945239253096e-04
1.176891720144447796e-04
1.055481473400863120e-04
9.123375629746885039e-05
8.052315594182800124e-05
7.060669941598462281e-05
6.352632131607976942e-05
5.973359706641556059e-05
5.505064749556090126e-05
5.113183989527908736e-05
4.759862405220302773e-05
4.439341204792701510e-05
4.227927728083134503e-05
3.958202560406781764e-05
3.752987441849359212e-05
3.532496989035664958e-05
3.358105017657225707e-05
3.195931738316673505e-05
3.067955573120229664e-05
2.966277778827886642e-05
2.837259789220594126e-05
2.732767026490349343e-05
2.630693896072956763e-05
2.512352452129638827e-05
2.412948530519559210e-05
2.312597454055055588e-05
2.228025860891908299e-05
2.167267522942438454e-05
2.109627829286110932e-05
2.046487549860952172e-05
1.988838473891162465e-05
1.916935133090126006e-05
1.866036037933853074e-05
1.800542068256586107e-05
1.753157140534880004e-05
1.702735116050832701e-05
1.663107388942765798e-05
1.624721981131766534e-05
1.586165094143623713e-05
1.543436540824219284e-05
1.509998751209820740e-05
1.472103923110056808e-05
1.440102038736523405e-05
1.408922882015684813e-05
1.384461077072585670e-05
1.354881481727514304e-05
1.330067813960073777e-05
1.308774428091980893e-05
1.285925681243201930e-05
1.258848458364482112e-05
1.233303139744361210e-05
1.209935139348368960e-05
1.186885540013972569e-05
1.165428461458656168e-05
1.142290676823663001e-05
1.118849441544139339e-05
1.102803960464150316e-05
1.082943584768214119e-05
1.064567061263897466e-05
1.043360625710082284e-05
1.024851698502238062e-05
1.004306845382103692e-05
9.800718093068300839e-06
9.621245758214034706e-06
9.462454180876984721e-06
9.338143191365114485e-06
9.182028541911904250e-06
9.014530540145077343e-06
8.903820506402544620e-06
8.766265002270317994e-06
8.627751828983569538e-06
8.465257473602848885e-06
8.336335086462511889e-06
8.188731114348183954e-06
8.053656819410513488e-06
7.927574256043755943e-06
7.815780694486729107e-06
7.701864824280793318e-06
7.599302239094377678e-06
7.474281175641573840e-06
7.374985917549343388e-06
7.248101199419136374e-06
7.126625486018431438e-06
7.028242491709251158e-06
6.887451037689043375e-06
6.801661613043645081e-06
6.690240789250280834e-06
6.593449665749292445e-06
6.473451824034048699e-06
6.370181278544025195e-06
6.264562824154840112e-06
6.178334510434412524e-06
6.101179966833182780e-06
6.021122855400293629e-06
5.949196199020764183e-06
5.876175467347044441e-06
5.802753188382980621e-06
