9.705553389271228681e-01
9.231814345710368519e-01
5.593078444506374147e-01
2.194932442206315726e-01
6.552141526531241045e-02
3.112485305255779933e-02
1.209536379184449756e-02
7.744790470284888817e-03
5.449898310705893201e-03
3.544386308943893536e-03
2.991487495496335507e-03
2.675179988256573115e-03
2.357735228272063704e-03
1.407830695484436206e-03
1.195957647999731878e-03
9.451972356708406410e-04
7.854365917933259656e-04
6.349644891857844512e-04
5.487244818082428251e-04
4.672113557499584457e-04
4.040680605702309000e-04
3.854761522092466650e-04
3.545329705397486791e-04
3.249944351197490413e-04
1.887216443434766707e-04
1.681647042393810557e-04
1.582704534496899205e-04
1.528927637125690822e-04
1.386134481838600019e-04
1.284702935661894460e-04
1.242022050535949681e-04
1.207048440562845029e-04
1.192524532859272964e-04
8.952179648147062005e-05
7.822294105821090099e-05
7.457333186493359726e-05
7.253061572110081252e-05
7.138217426733297439e-05
7.050202862528935090e-05
6.945331025477158153e-05
6.864079484177607656e-05
6.715881597697938115e-05
6.566930461480538256e-05
6.516243949577608669e-05
6.457302336759277958e-05
6.354975255463577929e-05
5.734432904354909292e-05
5.349871690202143886e-05
3.444272385217902918e-05
3.089504828200271246e-05
3.058261883655360145e-05
3.038425225763659917e-05
3.015068463135459325e-05
2.974964278509445459e-05
2.948569000142332088e-05
2.924779146586568165e-05
2.900407295876057651e-05
2.885240216438997641e-05
2.856370469966290239e-05
2.820672956723154902e-05
2.782975871326171240e-05
2.754151849406869017e-05
2.742577321597041345e-05
2.670842029173650190e-05
2.623388075849443130e-05
2.330083886830640964e-05
2.101359889731613598e-05
2.085253705647905091e-05
2.070328884190165145e-05
2.064366884245859261e-05
2.057822371075398765e-05
2.035281112914509696e-05
2.015047707265049364e-05
1.994767275563045424e-05
1.976767766520249957e-05
1.928333298690646893e-05
1.887829039903207604e-05
1.859792408725801987e-05
1.839187791527880140e-05
1.824886501640098882e-05
1.811648007376899424e-05
1.793775856532544018e-05
1.777046347315658961e-05
1.765842084454741538e-05
1.754420530015297314e-05
1.189751554548180840e-05
9.566906039426340726e-06
9.472918204604518033e-06
9.431994110003957856e-06
9.244823158539144440e-06
9.078093475172994305e-06
9.001582071991223581e-06
8.951927439039070994e-06
8.882369828372086432e-06
8.839083896760139040e-06
8.811973855029357527e-06
8.660470058857089708e-06
8.426262846321224767e-06
8.385504247494804739e-06
8.348513925689272420e-06
8.339758438176631331e-06
8.142332229961992126e-06
7.832051907966710311e-06
7.800981511515094174e-06
7.773464595619110554e-06
7.759388254686941754e-06
7.703543601756946863e-06
7.650243469233033232e-06
7.588302728659773012e-06
7.523010831037455606e-06
7.498078857436179730e-06
7.473394737745284132e-06
7.452279971815359076e-06
7.430271464275516596e-06
7.402453703163674023e-06
7.389626542499696373e-06
7.232191050674681556e-06
7.099191444964237348e-06
7.089775826215703347e-06
6.788285942893258834e-06
6.491568017542164773e-06
6.430062430547325527e-06
6.368290310812997764e-06
6.335611381795161125e-06
6.309115849588856115e-06
6.273940353116775701e-06
6.242172019804169231e-06
6.219712692026760965e-06
6.200854144845016896e-06
6.186951361388070127e-06
6.174805351366543534e-06
6.157698369781085340e-06
6.141735727660400780e-06
6.104701651210378769e-06
6.072954334836748134e-06
6.057044361687274139e-06
6.016599663164644853e-06
5.968971922993469217e-06
5.948692264176224569e-06
5.919768935206002777e-06
5.899387690292945318e-06
5.887679464135738319e-06
5.715091292157346422e-06
5.589505700116883288e-06
5.510077842629653659e-06
5.436201890522454594e-06
5.316418056028495775e-06
5.204263934507395730e-06
5.192747440241038040e-06
5.182991735395493611e-06
5.052233816088012172e-06
4.941616875296206318e-06
4.925536824133452012e-06
4.911272090216372947e-06
4.883015994458105785e-06
4.859554910773102368e-06
4.814424158021186606e-06
4.777131401716736677e-06
4.766266157148814747e-06
4.751766709195329416e-06
4.740290611979547960e-06
4.730366942526193169e-06
4.709554205587270371e-06
4.690195829236063438e-06
4.681512890323865534e-06
4.654694819769356251e-06
4.625195005398269575e-06
4.616667548677085745e-06
4.607983141267348491e-06
4.570276947680009501e-06
4.536049578867972787e-06
4.514099060037722705e-06
4.497626018819366392e-06
4.411784619940561534e-06
4.325165252469647852e-06
4.302628098846810354e-06
4.285606854502037886e-06
4.217047700413371825e-06
4.155135142809664430e-06
4.139343532598434979e-06
4.128195373253278705e-06
4.092874729795068684e-06
4.044200124513010788e-06
4.032620645190848777e-06
4.025350467242221383e-06
4.019147497072437424e-06
4.012178336463487611e-06
4.007461327234414849e-06
3.999848106858543309e-06
3.992540711414720328e-06
3.933448168635701329e-06
3.898395841651012869e-06
3.882680702957337590e-06
3.859305538284567515e-06
3.851183055343722281e-06
3.846724287963098124e-06
3.838281151361778865e-06
3.832476899957708282e-06
3.812285832431596077e-06
3.795866311510994464e-06
3.728512840381820806e-06
3.671717437600128321e-06
3.664945646462927686e-06
3.659336663076540824e-06
3.640248788538214317e-06
3.625875945576658940e-06
3.533925071168693124e-06
3.453205510186802219e-06
3.449277123704973531e-06
3.431478085881157477e-06
3.416030577094373710e-06
3.391935463741764623e-06
3.366029328355360520e-06
3.348423631956626575e-06
3.331521563580382074e-06
3.307449976752593756e-06
3.283681845086020539e-06
3.280788910479399686e-06
3.263993047701708651e-06
3.253023022792591068e-06
3.235919459359037550e-06
3.218091598000275245e-06
3.215131797391416438e-06
3.212604314563631115e-06
3.161251581653260322e-06
3.144548512390027259e-06
3.131388224196559342e-06
3.118373452561753434e-06
3.110114694524426290e-06
3.102233987534430637e-06
3.098450206978954161e-06
3.094744520589467084e-06
3.091119946375937439e-06
3.071842117657132144e-06
3.039690244856975911e-06
3.022473507271504554e-06
3.003989495626030685e-06
2.988061047438570866e-06
2.985172631439081290e-06
2.980212063692355515e-06
2.976558730533098839e-06
2.903050687603735170e-06
2.837878527763371187e-06
2.829575346082750581e-06
2.825381073010520930e-06
2.821624839816127058e-06
2.812438475995794250e-06
2.807024637321008848e-06
2.804328344560633208e-06
2.801228218275459394e-06
2.787188824512238392e-06
2.774490514800911549e-06
2.772059094888383988e-06
2.768616556431362513e-06
2.766490005131604525e-06
2.759805037310397537e-06
2.753537541717899068e-06
2.750542544372633009e-06
2.747426247752798173e-06
2.738811811251872132e-06
2.729231951930094293e-06
2.724335537007980280e-06
2.718968737589246224e-06
2.715956888854936416e-06
2.713510252309973683e-06
2.708279624106907166e-06
2.702205940728110889e-06
2.699794158517479697e-06
2.697879141058723599e-06
2.691761371453016892e-06
2.681258640669961933e-06
2.675527348545037477e-06
2.671256081650911339e-06
2.666497217105398610e-06
2.612848048031007349e-06
2.551720439788422277e-06
2.546585031235090093e-06
2.538934770446486396e-06
2.533788694934635695e-06
2.529136995648142100e-06
2.524992160839202029e-06
2.501603318773005523e-06
2.478264166168038084e-06
2.471617543197302329e-06
2.467502678578780008e-06
2.466335949506513702e-06
2.455655414145667109e-06
2.446321672262987671e-06
2.444738511623656077e-06
2.441810759676173511e-06
2.437802565246812343e-06
2.431792125143037896e-06
2.427857745049233376e-06
2.425677585593167671e-06
2.406636038368104038e-06
2.390197060913910359e-06
2.386049508455300244e-06
2.381020342506947570e-06
2.371406808347508388e-06
2.361863236448085340e-06
2.359939415104402730e-06
2.356236622573373605e-06
2.352081700006926613e-06
2.342463486193200081e-06
2.333172336678062557e-06
2.309606283149961158e-06
2.291907351912258838e-06
2.288671405322911968e-06
2.285949696160849718e-06
2.283464530396142177e-06
2.275349992560104904e-06
2.268467493657993082e-06
2.266173637156470260e-06
2.263139950211253252e-06
2.260796213871063426e-06
2.259002262693065484e-06
2.257083257913237143e-06
2.253974305629061094e-06
2.250880911337522531e-06
2.249571108678569782e-06
2.247340528803137280e-06
2.245327644393724875e-06
2.243626697791913301e-06
2.216063296382024245e-06
2.185229871469990097e-06
2.178342004446725044e-06
2.172074102990069069e-06
2.165827675707232484e-06
2.160942178412317254e-06
2.098500100503486386e-06
2.042086609594321433e-06
2.039584719054683675e-06
2.035924798668518871e-06
2.033514359526279979e-06
2.030160627605283034e-06
2.027444696988009924e-06
2.026614551858429516e-06
2.023464137634971910e-06
2.021076739763069555e-06
2.017338568795057607e-06
2.014105301011279913e-06
1.999814598160207932e-06
1.989829857235317381e-06
1.986024438021834866e-06
1.984206793076457817e-06
1.978821568100560073e-06
1.970775827844009383e-06
1.967936647120785937e-06
1.965307662766130398e-06
1.964286069176817442e-06
1.963468472013853126e-06
1.962317516234845232e-06
1.956124712092966169e-06
1.950158572349257143e-06
1.946826957256223651e-06
1.944368196334676912e-06
1.936141103180488853e-06
1.928361345561033013e-06
1.927680132387759947e-06
1.912694928111339668e-06
1.898264064173029751e-06
1.896224360723337558e-06
1.894217264213431079e-06
1.892950138515891866e-06
1.890052391519037972e-06
1.887805385071338070e-06
1.886628680635431123e-06
1.885233456635548716e-06
1.883943020768991213e-06
1.882685450003430422e-06
1.879735211684166631e-06
1.877918710944295573e-06
1.873143967495167249e-06
1.869531155873636446e-06
1.866590680397606496e-06
1.861705014363503638e-06
1.858729317229707532e-06
1.857991882898131719e-06
1.856116617023715159e-06
1.854338649868853459e-06
1.853514499010550318e-06
1.850162574738321839e-06
1.846293444609569322e-06
1.844817971043073713e-06
1.841954049989346311e-06
1.838729866595399991e-06
1.837869668565835895e-06
1.836562318030398762e-06
1.834887036349952280e-06
1.831667796364120659e-06
1.829424981415576700e-06
1.827713091980633378e-06
1.826368327453740073e-06
1.820551611951829664e-06
1.816502071740119061e-06
1.813889673048317754e-06
1.809828929429854643e-06
1.806052870774309541e-06
1.801970278015374744e-06
1.800087905607692133e-06
1.798220922935117042e-06
1.797400487519453656e-06
1.796440641605152108e-06
1.795469596786594010e-06
1.794402311800957683e-06
1.793711005629682048e-06
1.776120621715744086e-06
1.764242444423283538e-06
1.762973617579138669e-06
1.761962891668525824e-06
1.760618529117557489e-06
1.757102458078472415e-06
1.753884242965686449e-06
1.750595905348119411e-06
1.747177911877694267e-06
1.746495186080749804e-06
1.745404567602932235e-06
1.744275622890176412e-06
1.743185354953333798e-06
1.742346642258231788e-06
1.732631500051353132e-06
1.725739489537632821e-06
1.721101569883482681e-06
1.718108353641131128e-06
1.713504973796843411e-06
1.708839484989902976e-06
1.701111432841153556e-06
1.693001763140383716e-06
1.690785785886563311e-06
1.688911138821938113e-06
1.688395199209218679e-06
1.687020411826204973e-06
1.685944776456494465e-06
1.683999441387194935e-06
1.681960073062032095e-06
1.655355497446301546e-06
1.632226520883170841e-06
1.630293563829980192e-06
1.627966665334559390e-06
1.626161809009329481e-06
1.625455663879040141e-06
1.624904341212566593e-06
1.620423591040317396e-06
1.615712402981296707e-06
1.614049451542811162e-06
1.611836853488018805e-06
1.611075196116983867e-06
1.607846897225977228e-06
1.605205642830502708e-06
1.603789692356085753e-06
1.603059123366451021e-06
1.600643053105820225e-06
1.597736208540521391e-06
1.594975014759866452e-06
1.592388905546263279e-06
1.591204677513274894e-06
1.590701561106300432e-06
1.589094568820604405e-06
1.587451526569541957e-06
1.586330226148984536e-06
1.585000632465712090e-06
1.584327611119080248e-06
1.583884698128042967e-06
1.572066921531275286e-06
1.557546568759213695e-06
1.555196921959596113e-06
1.551999082551709807e-06
1.549075626460909392e-06
1.546968875064314401e-06
1.545954599240587059e-06
1.544431941122874113e-06
1.543479375125368669e-06
1.542757720765161939e-06
1.541923337763107931e-06
1.539849095455013566e-06
1.537824667222925867e-06
1.536186070044190005e-06
1.535003779472812062e-06
1.520761206352275498e-06
1.509704137797501846e-06
1.508596836990241238e-06
1.507092900238957539e-06
1.506438876889050739e-06
1.505792850008167252e-06
1.505201810757076996e-06
1.504337403025029386e-06
1.503307880450347161e-06
1.502716968608262365e-06
1.498641868168667743e-06
1.494741155590981833e-06
1.494266049778454632e-06
1.493189561748757102e-06
1.491753268089918209e-06
1.490780581292612775e-06
1.488902826117786846e-06
1.487365011987637629e-06
1.486992961170911658e-06
1.485411307883824711e-06
1.483595453176437380e-06
1.481605365919138756e-06
