6.369851204489093144e-01
4.742306321539006553e-01
3.988307792544774077e-01
3.744392486896141459e-01
3.570584685886021292e-01
2.923241202012840101e-01
2.525838202218681494e-01
2.358808406944487568e-01
2.239768849794048500e-01
2.124080875405348345e-01
2.207875613280579352e-01
2.023550728140829924e-01
1.935929345839466631e-01
1.878493697718448818e-01
1.828343984326085137e-01
1.850242541667488916e-01
1.795805058501616369e-01
1.766242324498026595e-01
1.742008654575544768e-01
1.718045650074697950e-01
1.761724246607467848e-01
1.733703353181920703e-01
1.714898181462244930e-01
1.700305437585019619e-01
1.683816823902870574e-01
1.733453190607815164e-01
1.702656758488275968e-01
1.682714987997972478e-01
1.669136989147530503e-01
1.658511691661809784e-01
1.694959237937267715e-01
1.673048085920813555e-01
1.651554722027250011e-01
1.640012913541228912e-01
1.628989082916584563e-01
1.672016434800105700e-01
1.658519612833991574e-01
1.649335299161483748e-01
1.641178340384929490e-01
1.632103172664717827e-01
1.645622007683561205e-01
1.621470726467645618e-01
1.605071006589610383e-01
1.583220806002045289e-01
1.560451346227392511e-01
1.650332362246366980e-01
1.616584340957532007e-01
1.593401093884498632e-01
1.577071638405005971e-01
1.566738719891496989e-01
1.559450640644369501e-01
1.551935633097633327e-01
1.543859691162064729e-01
1.533412914026290597e-01
1.525838006765809773e-01
1.518902480196488158e-01
1.512720370533709169e-01
1.506732595643311690e-01
1.501525356446217485e-01
1.496596256876837339e-01
1.484530437471651143e-01
1.477164749654491238e-01
1.470376738569988684e-01
1.463058741193530576e-01
1.453032426549742129e-01
1.439250733648301805e-01
1.426558676833976358e-01
1.415512377324527338e-01
1.407500256127922622e-01
1.399292298525190714e-01
1.389464237318854545e-01
1.383154247928450598e-01
1.377613683585388049e-01
1.373617813411669997e-01
1.368293528380206125e-01
1.363859712499534138e-01
1.359133041740547831e-01
1.354935043094296077e-01
1.350476363965897597e-01
1.346456052432277450e-01
1.342104213954163350e-01
1.336033080773724735e-01
1.330151793439175723e-01
1.322978295797430093e-01
1.317356639780336292e-01
1.312177061911702913e-01
1.306316455031833468e-01
1.301017594342946393e-01
1.296661068972542741e-01
1.292004022032944011e-01
1.286998748280099025e-01
1.279594605115279837e-01
1.273010427515343101e-01
1.268690602801555156e-01
1.264183879409109257e-01
1.260611780723471242e-01
1.257188579469692702e-01
1.254163087693760947e-01
1.250999146990485478e-01
1.247064608631345967e-01
1.145087548866622063e-01
1.106297241324302322e-01
1.080145108630540668e-01
1.060675690483388056e-01
1.044030707331320001e-01
1.034815385201075522e-01
1.021989897431533761e-01
1.008886404474296505e-01
9.980084791068680183e-02
9.893762124483707066e-02
9.903784625476318160e-02
9.809922115600035186e-02
9.740003714161662995e-02
9.683999919269119239e-02
9.620909927359462543e-02
9.649830732795947053e-02
9.569892128213677851e-02
9.498958351298852909e-02
9.451394432587470473e-02
9.405733760512849373e-02
9.477292165042283667e-02
9.386332937906950724e-02
9.340174424801253594e-02
9.303837975021610196e-02
9.271522691333176913e-02
9.316395995409337827e-02
9.231160906709505454e-02
9.199029645530899801e-02
9.170911004376314235e-02
9.146147391289895234e-02
9.192325637429049623e-02
9.136201980852580451e-02
9.111914692478621791e-02
9.091524741221097827e-02
9.071398536800433232e-02
9.124184656831074713e-02
9.068291423393294581e-02
9.035767444127261461e-02
9.011457803188639704e-02
8.985998985363990998e-02
9.051790708444493183e-02
8.999937823873373210e-02
8.981026225128008189e-02
8.960999100043047505e-02
8.943657344225350303e-02
8.963801505500847144e-02
8.918067723120585988e-02
8.892521041953758976e-02
8.873107903413859909e-02
8.850419278399264400e-02
8.821456830787374748e-02
8.796395459622691204e-02
8.767747982762696957e-02
8.742885939827887976e-02
8.718884222987006993e-02
8.696107573226358189e-02
8.671507819369603243e-02
8.649284374773279216e-02
8.626294756969114796e-02
8.603287476114274135e-02
8.576699966624977411e-02
8.555334723538139674e-02
8.528132654067041574e-02
8.502654919390588428e-02
8.476039703863769148e-02
8.449074441957665771e-02
8.420576457606700205e-02
8.395605762611739464e-02
8.371208934893058229e-02
8.352645882450493442e-02
8.336391816377065889e-02
8.319078036955297739e-02
8.304195642350528650e-02
8.288208459459914246e-02
8.270843591321588861e-02
8.256115170643529844e-02
8.242121318365973337e-02
8.227434019531545961e-02
8.215132202938713046e-02
8.205247477046835602e-02
8.194553782516657281e-02
8.185446833290682678e-02
8.177883439459882053e-02
8.171144072748300069e-02
8.164567964649471765e-02
8.154215878974101217e-02
8.144578355569809247e-02
8.137456528411199375e-02
8.132096339208334801e-02
8.126483892778992024e-02
8.121111310873666000e-02
8.115900581509817580e-02
8.110416976444596859e-02
8.104455842655894360e-02
8.098974593483029838e-02
8.091753945937241177e-02
8.084489730941366026e-02
8.077313402873070869e-02
8.071229617218321495e-02
8.064600528280928271e-02
7.800380465580940281e-02
7.612343128704608664e-02
7.526278226391391879e-02
7.461815608475450001e-02
7.408200451779621554e-02
7.389063390566098788e-02
7.331463010923273960e-02
7.278145435507386851e-02
7.223584929962927059e-02
7.184664608852399381e-02
7.190349517332049467e-02
7.146634276146925091e-02
7.112180644511752192e-02
7.081607371366097081e-02
7.049437557957008438e-02
7.043382384653081030e-02
7.013771678751945515e-02
6.984828366338624583e-02
6.959445666851793444e-02
6.937998122300187420e-02
6.963728327612554725e-02
6.924392365362452839e-02
6.900482260771680088e-02
6.867917445347047900e-02
6.835815765974156966e-02
6.848461948061963789e-02
6.798317484311131031e-02
6.773205698010116571e-02
6.751454438062770569e-02
6.731056696832521391e-02
6.772391847861471137e-02
6.739845924669053689e-02
6.727084218711792962e-02
6.717871010290184242e-02
6.706675559481536930e-02
6.708238288681635242e-02
6.688637954974629984e-02
6.671163081498993064e-02
6.651241646252850637e-02
6.635800629260467376e-02
6.658869317779952945e-02
6.635700247969791854e-02
6.620556745864014658e-02
6.606103508224189791e-02
6.593647001065872093e-02
6.608618440534363980e-02
6.585283353935263151e-02
6.563636057884085495e-02
6.548314550173436888e-02
6.533733800144413129e-02
6.522018459001951984e-02
6.513626729755281342e-02
6.504269824404573797e-02
6.493754446717528439e-02
6.483636114195495681e-02
6.472719076789916481e-02
6.460592665820921732e-02
6.447713222896213348e-02
6.436902005812501770e-02
6.426596374452936411e-02
6.417069324271215680e-02
6.409199350173719334e-02
6.402418035919352213e-02
6.395154914363355980e-02
6.387116673615880758e-02
6.379211927902693480e-02
6.372157388444946169e-02
6.365531207031663308e-02
6.357663794158582848e-02
6.349371499502939886e-02
6.342529199518323613e-02
6.334998490798504633e-02
6.326114828088034991e-02
6.317496850269407882e-02
6.307648990649920850e-02
6.298842774700802449e-02
6.290907379203120042e-02
6.284333660477739447e-02
6.278092905491290676e-02
6.272352144097857740e-02
6.267156564950039643e-02
6.261052073265038764e-02
6.253472817445519805e-02
6.246214884776762899e-02
6.239918951300412603e-02
6.233269962780362689e-02
6.224394968331207340e-02
6.217135467902033807e-02
6.210810916951171184e-02
6.204940895627227004e-02
6.199495745382792300e-02
6.193879684704510502e-02
6.189002524315683623e-02
6.183492939998441740e-02
6.176911079301768137e-02
6.171170815763386830e-02
6.165088670934744386e-02
6.159166067579580767e-02
6.153801871010801394e-02
6.149160414249203038e-02
6.200145810675710550e-02
6.050602299391641403e-02
5.958217494380131651e-02
5.887641629026327955e-02
5.839062861270790522e-02
5.823454770379057205e-02
5.795502643945743548e-02
5.765848104705361549e-02
5.746113734992877586e-02
5.728658866442551401e-02
5.719948655264645715e-02
5.694914769553255374e-02
5.674188049793112143e-02
5.655989170485028333e-02
5.637718297150593610e-02
5.641856851403524026e-02
5.628405248772384156e-02
5.617145650273303731e-02
5.607789916388093016e-02
5.597850638066263068e-02
5.599860016493458242e-02
5.588962437636720709e-02
5.576876856663407628e-02
5.564211172402080269e-02
5.552271944418971095e-02
5.556801223636107651e-02
5.542611261832165737e-02
5.533412379428170186e-02
5.524265826229413784e-02
5.512311590762210278e-02
5.513201888723921751e-02
5.498813558172124805e-02
5.489902947546530798e-02
5.482266023132554428e-02
5.475796097394277501e-02
5.487792215520907735e-02
5.480005994269467745e-02
5.473468872740353680e-02
5.468131410054675318e-02
5.462051221380349875e-02
5.463776427413075815e-02
5.455245369626010588e-02
5.449221757306255826e-02
5.440781103743421582e-02
5.431711952624264372e-02
5.441970702867805071e-02
5.430734188473585605e-02
5.420726754914399065e-02
5.410393248829608454e-02
5.403667324935161609e-02
5.397189917359446198e-02
5.389793034455023224e-02
5.384294997609277711e-02
5.378182174271026184e-02
5.372249997329303639e-02
5.360383047011481328e-02
5.351840967021137541e-02
5.346033813009583302e-02
5.341526569298321592e-02
5.337405076607205923e-02
5.333785844736411291e-02
5.329392196087737177e-02
5.324494123581248461e-02
5.318553342659630007e-02
5.311792138830043891e-02
5.305084022383758924e-02
5.298782289544491653e-02
5.292087170297865573e-02
5.286734694414326613e-02
5.281572333344451697e-02
5.277036889037752670e-02
5.272923227417854880e-02
5.269399108497227480e-02
5.265287083998290013e-02
5.261567273792138594e-02
5.258163468728761780e-02
5.254697712291862832e-02
5.251036459990534450e-02
5.247876401695424770e-02
5.244457069188913217e-02
5.240779723298893272e-02
5.236523726482074370e-02
5.232154204504963629e-02
5.228167168045240454e-02
5.224447511628098340e-02
5.221063207410910761e-02
5.217577861386608895e-02
5.214340621868085446e-02
5.211303530911221005e-02
5.208257322845102899e-02
5.205276481129606642e-02
5.202123756788760989e-02
5.198914814836085030e-02
5.195444500017648570e-02
5.191697762784805437e-02
5.187085859899574075e-02
5.183094867857178378e-02
5.178770396965091949e-02
5.174690764746615185e-02
5.170478841518605373e-02
5.468393468749463415e-02
5.321848203628537499e-02
5.253950538960126815e-02
5.212182006685849717e-02
5.183813348279708161e-02
5.179481819528791026e-02
5.157609057637518868e-02
5.141296995656532282e-02
5.126351784372849829e-02
5.114360666256618365e-02
5.113817856623931873e-02
5.102332298754166245e-02
5.091241405562652034e-02
5.080902611078485370e-02
5.071768989537785155e-02
5.071581893803579766e-02
5.063283625733351612e-02
5.055259771991651996e-02
5.047045461385030185e-02
5.038700981621042213e-02
5.035818283908835569e-02
5.027790184243354638e-02
5.021486492449205030e-02
5.014981209720063837e-02
5.008356878367369036e-02
5.007465830835661214e-02
4.999206792070146066e-02
4.992747651090026495e-02
4.987601085207335472e-02
4.982076848224176180e-02
4.983294981325837869e-02
4.976259245601797471e-02
4.968906404704738489e-02
4.962627730227824052e-02
4.955531607693108853e-02
4.965156570830050325e-02
4.957653313243718524e-02
4.950442146701235224e-02
4.944725102167831648e-02
4.939105557347635983e-02
4.943995479459285802e-02
4.938396449566943153e-02
4.933336694368693764e-02
4.927702358660997900e-02
4.921688621957145265e-02
4.924518556425752647e-02
4.916423689890288273e-02
4.908890318535302083e-02
4.901316204601812582e-02
4.892112224731516579e-02
4.884024134074250317e-02
4.877098604571696722e-02
4.871725562418526695e-02
4.866136449301960293e-02
4.861292613541239732e-02
4.855502349444522359e-02
4.849068188872019541e-02
4.841468702048166983e-02
4.834552600508151832e-02
4.827129260757680174e-02
4.819277176145107811e-02
4.810907944954694732e-02
4.804010398648896063e-02
4.797553157105129834e-02
4.791836660361920713e-02
4.786145897100055335e-02
4.780115751071130348e-02
4.773762877116701636e-02
4.768151705629397608e-02
4.762995379519559258e-02
4.757635270765993990e-02
4.752336529959903105e-02
4.747682622696414168e-02
4.743062991396623101e-02
4.739079640587285508e-02
4.735058360226127028e-02
4.731586446018859471e-02
4.727917155164608476e-02
4.724708638534079463e-02
4.721609429310891226e-02
4.718863069279766176e-02
4.715941441835810877e-02
4.712934339984516108e-02
4.709821331099949687e-02
4.706436476600862895e-02
4.702393352884907951e-02
4.699296980918039185e-02
4.695658118877245324e-02
4.692572514147787949e-02
4.690054616400313875e-02
4.687260185335284657e-02
4.684725029684040642e-02
4.681569821483526350e-02
4.678490804120719743e-02
4.675058616425103314e-02
4.671500662812091975e-02
4.668315742054557349e-02
4.665678154251649834e-02
4.662702683645381790e-02
4.659452944230730448e-02
