1.786370810501241441e-02
8.922641558976778312e-03
5.835893575789789095e-03
4.236524043196534216e-03
3.409960879587468907e-03
3.861129094110185393e-03
3.124772134317759225e-03
2.569944446374389929e-03
2.211827571470004541e-03
1.962560726279398080e-03
1.761668251918864546e-03
1.572904404093516863e-03
1.381425638699829714e-03
1.232044382322601593e-03
1.108195361480400704e-03
1.016724690635609349e-03
9.392755932908515007e-04
8.693584576800033594e-04
8.146770735022717397e-04
7.677574149802687776e-04
7.440819529226476436e-04
7.084530292927961092e-04
6.670652164988454327e-04
6.300918034298782318e-04
5.900473203024966676e-04
5.683931357749911215e-04
5.413278259052459705e-04
5.221863809459287775e-04
4.993791450158667098e-04
4.763843467073613862e-04
4.644841163353304546e-04
4.488874136671205505e-04
4.360477289886375836e-04
4.195834314340433414e-04
3.951352877385395554e-04
3.845663884070666858e-04
3.673482917524239035e-04
3.552528120670083844e-04
3.437598572361417852e-04
3.321800490961129252e-04
3.271139943284495709e-04
3.181643557765731446e-04
3.120010437310332904e-04
3.039840635146462151e-04
2.935880281994971623e-04
2.896315493302979304e-04
2.815396845550399620e-04
2.743899380434413086e-04
2.685454352770573158e-04
2.625344806330667433e-04
2.559451876975354012e-04
2.506398178918742194e-04
2.436994298468403040e-04
2.384718853369653072e-04
2.343167933553820515e-04
2.308997157010957591e-04
2.262789480717003877e-04
2.233401099207066916e-04
2.202909941489742090e-04
2.164163059775652074e-04
2.131526596102536867e-04
2.104510694866689770e-04
2.072007662800256741e-04
2.040629894272435855e-04
2.005558799669021272e-04
1.978589413852739891e-04
1.953694567537680332e-04
1.930782262428618306e-04
1.912722916551824618e-04
1.890605458494809944e-04
1.867731834488715675e-04
1.841243451003769598e-04
1.813298403306923040e-04
1.786476077701357450e-04
1.763803660602938819e-04
1.742807247678196988e-04
1.721163516987244410e-04
1.700502150961849903e-04
1.681837000599766484e-04
1.661762405849262513e-04
1.641929313376772157e-04
1.627710792256272833e-04
1.615222270875972511e-04
1.601755393087523369e-04
1.586130179380138884e-04
1.570345563487772565e-04
1.556005354361945827e-04
1.541452506989454175e-04
1.523265896071803718e-04
1.505158572689809459e-04
1.490547628936781342e-04
1.475599863473059565e-04
1.457778013928017391e-04
1.441949127942729152e-04
1.429693065358461645e-04
1.416395416233125421e-04
1.404649596143030883e-04
1.390702570851558252e-04
1.379818565492113255e-04
1.368616006711465059e-04
1.494830889154255104e-04
1.345236612775820625e-04
1.258303611342770302e-04
1.197763166874315003e-04
1.142775292816135903e-04
1.084317915330608353e-04
1.036737766841910641e-04
9.865435857524357493e-05
9.437322547929118902e-05
9.056767415580729841e-05
8.664464566823689958e-05
8.284408907278408268e-05
8.011981306486562092e-05
7.762104374158517730e-05
7.503682124344402196e-05
7.231154550186726202e-05
7.034823713846619672e-05
6.877338267107879852e-05
6.738624755476177301e-05
6.578542441496873993e-05
6.406932891541843337e-05
6.239240478530014939e-05
6.036378736210188637e-05
5.871549351548393446e-05
5.718208699571137091e-05
5.612912644623900196e-05
5.508790322990962408e-05
5.406305936639056113e-05
5.321442815867895770e-05
5.222632166864685563e-05
5.134187939019986216e-05
5.049176867127395197e-05
4.966695010653919480e-05
4.876213783028988393e-05
4.784239695175840368e-05
4.705176678504780397e-05
4.606554457477304610e-05
4.519957781286161591e-05
4.445591864092444554e-05
4.385455834019968068e-05
4.332109881526821106e-05
4.266190770097818007e-05
4.194787896390149667e-05
4.145570966137184448e-05
4.084466485793540000e-05
4.027971052461289228e-05
3.979300620770877533e-05
3.933835706713484040e-05
3.892030493167059183e-05
3.847541725438258892e-05
3.798392746727290940e-05
3.761751263279506188e-05
3.723912296623672820e-05
3.680256051647802404e-05
3.637881776712702139e-05
3.609727105365238635e-05
3.575110505132368899e-05
3.546119884779669291e-05
3.524565775232858821e-05
3.499805365614118175e-05
3.477710144074321172e-05
3.448057736498772374e-05
3.422234772899078253e-05
3.394785425451895519e-05
3.362656790212006425e-05
3.341461559140919624e-05
3.316482539801807113e-05
3.291336587078119637e-05
3.266001306324981153e-05
3.247520331837574966e-05
3.225793339835802151e-05
3.199681998909853660e-05
3.175017599920950892e-05
3.152902400861427239e-05
3.127970553442365929e-05
3.102952928092297399e-05
3.086164308089623439e-05
3.065685413555716270e-05
3.046555037525723738e-05
3.030270637806675938e-05
3.011950727220589371e-05
2.993321955352428636e-05
2.976518032995340352e-05
2.958364510999393897e-05
2.942824340516558430e-05
2.925795255967296983e-05
2.908766825382239627e-05
2.892942963902345519e-05
2.877108250405839760e-05
2.862430651066767267e-05
2.847243709430915645e-05
2.832232330919450124e-05
2.818279946753191853e-05
2.805753947170257573e-05
2.792377100816234749e-05
2.778979061414786096e-05
2.763208829044533750e-05
2.750698593732004075e-05
2.737241009107065117e-05
2.724283112686966304e-05
2.157868803171160616e-04
1.485398373442756181e-04
1.119154116540764694e-04
9.115536026699474809e-05
8.213319542193805273e-05
7.868490466970276477e-05
7.362530358450237262e-05
6.828613230157283076e-05
6.248552822481241037e-05
5.818701308134733593e-05
5.490822531284649514e-05
5.178844899616322645e-05
4.933993537734796106e-05
4.661710233904644169e-05
4.419137243405745494e-05
4.259030583153729075e-05
4.037518212677564149e-05
3.835448983540438772e-05
3.660626785592630385e-05
3.528475650206311717e-05
3.429784769882957527e-05
3.320920670563438671e-05
3.223101214147263181e-05
3.113186484517356159e-05
3.009855933073836092e-05
2.934843698984343762e-05
2.855079575120281169e-05
2.781776125216134233e-05
2.705431173766157255e-05
2.646898929965162711e-05
2.598334753410824039e-05
2.530997338991601092e-05
2.472782817355064451e-05
2.418058639892033622e-05
2.383905683123957052e-05
2.355144658636493287e-05
2.320174131048458274e-05
2.264671396798908281e-05
2.202235070602299945e-05
2.140227350188741393e-05
2.099773783919822633e-05
2.041749419899443880e-05
1.972676174372500979e-05
1.912210319733676495e-05
1.860332824979358911e-05
1.816907063368420263e-05
1.779351599091917534e-05
1.746625381303827659e-05
1.704612337304366976e-05
1.668704487562279104e-05
1.642804795197255822e-05
1.617361161879710463e-05
1.594997847393870977e-05
1.574023135334675348e-05
1.550334192256576856e-05
1.526095897509725804e-05
1.494859708639972515e-05
1.467240317268261155e-05
1.447028522623781949e-05
1.422371739668929241e-05
1.398039718177544157e-05
1.371233801033946329e-05
1.346052501642896059e-05
1.325920139574185275e-05
1.307611969041864276e-05
1.291269420931461060e-05
1.274788618176793967e-05
1.259644127377489995e-05
1.246557590218368393e-05
1.233460409843163176e-05
1.220207258465908745e-05
1.210421059391877820e-05
1.200748074934125958e-05
1.190433040319003857e-05
1.179397487123376423e-05
1.164045826217489132e-05
1.150615967848256875e-05
1.138753376934946443e-05
1.127419448334961029e-05
1.114918410073828518e-05
1.104788025097787652e-05
1.091589190327097338e-05
1.078633563323026543e-05
1.066093461070644480e-05
1.056667431563120227e-05
1.048062572281442641e-05
1.040175598620422418e-05
1.031415689519843386e-05
1.023228448211834457e-05
1.015659958721699266e-05
1.008837587826667880e-05
1.001088532273447758e-05
9.923651735885194639e-06
9.836082526717578441e-06
9.759311442824584556e-06
9.690885381118898072e-06
9.622897441850768519e-06
9.573759046184311425e-06
9.520392011203704087e-06
9.467766247173935959e-06
2.708676641780899071e-04
1.605062861264883991e-04
1.144245146577843402e-04
7.833933600828985966e-05
5.751134741096346702e-05
4.576419085850678509e-05
3.646163034195679472e-05
3.229505678299010899e-05
2.999842067461378552e-05
2.794968785800026431e-05
2.615154890085901780e-05
2.472008222456606425e-05
2.351463377341904217e-05
2.236750760616283996e-05
2.114001928829431739e-05
2.042688649596874551e-05
1.976677801863298845e-05
1.919982363364924232e-05
1.858493466609292873e-05
1.808996036565226336e-05
1.762623656482756895e-05
1.718963201047720099e-05
1.674680319641688638e-05
1.638247722098507667e-05
1.601466834278459126e-05
1.578684963976931127e-05
1.543750700001705753e-05
1.512982614870863449e-05
1.482249452709984752e-05
1.449360965158236733e-05
1.432565566939785893e-05
1.407566348029375129e-05
1.377744563768192321e-05
1.349660756555051032e-05
1.327770848831700317e-05
1.318558366543033165e-05
1.293530370520815903e-05
1.263525641471962695e-05
1.234604465684174178e-05
1.212004670936119256e-05
1.194572827478865343e-05
1.173084304560691071e-05
1.149313153534285592e-05
1.128391959613281393e-05
1.107887733543978414e-05
1.093023895192029148e-05
1.071482605345945000e-05
1.051504605425394185e-05
1.031880934984872545e-05
1.012682156776466340e-05
9.923593512386335457e-06
9.767446795873044790e-06
9.613411973598833088e-06
9.432564586475416068e-06
9.272719842866946634e-06
9.124148446733108922e-06
9.008027330039306371e-06
8.893181924112750152e-06
8.784001558144082026e-06
8.697664391556713957e-06
8.604627486570367982e-06
8.501242417196099187e-06
8.406369590626034966e-06
8.320720376569192613e-06
8.247633349992857486e-06
8.157301639404604277e-06
8.072556099934677672e-06
7.980756012965659901e-06
7.901178385686328449e-06
7.812323089641550318e-06
7.737187616290581622e-06
7.665800828819662328e-06
7.603976031966857976e-06
7.537996652751954140e-06
7.462266714151144415e-06
7.406676716623213371e-06
7.334729812374139099e-06
7.257195033591442273e-06
7.192835757420982985e-06
7.143428504629110992e-06
7.093977432933661179e-06
7.047606675944401764e-06
7.004090046237728361e-06
6.967636069633616513e-06
6.926053828555584441e-06
6.886464301577718864e-06
6.845727171832228444e-06
6.804196797526874964e-06
6.764371871040093575e-06
6.721207132514902173e-06
6.671982150280982504e-06
6.636632295022082212e-06
6.588174518978368770e-06
6.552911426214766180e-06
6.514595504449966829e-06
6.483366075925098378e-06
6.449107874517406039e-06
6.410635576630895936e-06
6.375826255777176510e-06
6.335516294187794589e-06
4.498438828789393996e-04
2.236671377457970667e-04
1.520939297759545876e-04
1.160614488833599926e-04
9.169398842451666415e-05
7.220247641426631106e-05
5.949497690186535381e-05
5.272037820785926699e-05
4.860755558334697835e-05
4.493903889615941669e-05
4.179002608259465955e-05
3.881477196720914202e-05
3.685438754365470237e-05
3.458812506976679380e-05
3.294883878757171139e-05
3.097519327334290770e-05
2.962043450020316888e-05
2.818893126893207160e-05
2.656625571148424708e-05
2.521184959396302857e-05
2.356351052432553367e-05
2.233519576203254271e-05
2.123403497468076158e-05
2.032293570608217955e-05
1.947142415811406845e-05
1.871603235958534995e-05
1.810505960845392549e-05
1.748821869613715726e-05
1.684757393982424509e-05
1.614594517170597944e-05
1.542817758215442780e-05
1.474009101545042653e-05
1.414264762882087434e-05
1.358902829935499923e-05
1.306415563902160942e-05
1.259146506396082554e-05
1.204640543263114690e-05
1.159561331210352818e-05
1.121649642857986971e-05
1.086562081416633028e-05
1.047642549529053910e-05
1.016672064542371874e-05
9.886167964903524687e-06
9.622949096613736379e-06
9.404465098809954653e-06
9.209987007616968530e-06
9.005316055490321430e-06
8.818110928820980065e-06
8.608686848979092997e-06
8.354813771699162291e-06
8.189238571808654446e-06
8.056398525759251648e-06
7.938035361242784109e-06
7.848231885401358120e-06
7.735545855103345529e-06
7.641770593446962971e-06
7.551935886189693463e-06
7.462990636415384822e-06
7.359688396838093222e-06
7.256984701852810158e-06
7.139414100061299457e-06
7.007397151526427975e-06
6.842338860805315355e-06
6.650503947806693134e-06
6.474951304348166341e-06
6.266928913163617373e-06
6.146794298393823336e-06
6.038307724783114914e-06
5.926987122325095314e-06
5.830269265319603003e-06
5.754598649736720884e-06
5.672311274061801129e-06
5.599421423500702790e-06
5.520059523823502916e-06
5.424460085809994162e-06
5.328273911693291596e-06
5.248132242539126787e-06
5.167244096482372692e-06
5.091253139570950410e-06
5.013971951408490302e-06
4.942250828224863557e-06
4.882513311788118368e-06
4.816102144460032575e-06
4.739599855541956574e-06
4.666972190132545069e-06
4.597163823165153171e-06
4.534172271018201502e-06
4.469772152745855450e-06
4.417417636670067720e-06
4.367671819871676598e-06
4.310341334761360922e-06
4.262210510485801180e-06
4.224956541230221862e-06
4.175266429729979507e-06
4.122824989084560630e-06
4.072731629595317044e-06
4.028403655648780298e-06
3.990591049014211090e-06
3.951805086331828581e-06
3.905471606130881671e-06
