5.999518346240240163e-01
5.049906353833835126e-01
4.622028293898833295e-01
4.331023431301487814e-01
4.076434369296032534e-01
4.258708187983974436e-01
3.982967220294769128e-01
3.710982775624598884e-01
3.463796796256934929e-01
3.191664251921758066e-01
3.058664683467153811e-01
2.768410747246449755e-01
2.562599287530707426e-01
2.442989258830970678e-01
2.325145458489738248e-01
2.369469277153557485e-01
2.311418444238107772e-01
2.249579919745344769e-01
2.199323340072156241e-01
2.172882404317356131e-01
2.163321609188406380e-01
2.078016889380194243e-01
2.031491765620283829e-01
2.003632144489959910e-01
1.977055427008510835e-01
2.018416259667401291e-01
1.981135791140796465e-01
1.963667724690195404e-01
1.943268852552914316e-01
1.926340235052594885e-01
1.961146497581834069e-01
1.927657360995825853e-01
1.908710218915694867e-01
1.891223194987535494e-01
1.874945268208206561e-01
1.935612625623825411e-01
1.902315088010057276e-01
1.888270521026716442e-01
1.872026304781798933e-01
1.853766980809532783e-01
1.900125673035389928e-01
1.837457216754055933e-01
1.821678416065343753e-01
1.808553899315276658e-01
1.791636616262737292e-01
1.846179783860834867e-01
1.799549027483067498e-01
1.777775337381158338e-01
1.762587603270189818e-01
1.751123875484237313e-01
1.741081798728527086e-01
1.732334883386053015e-01
1.723037455361857151e-01
1.711601931582463765e-01
1.696010000184212663e-01
1.678880464524561411e-01
1.667468081065192620e-01
1.660247473091893411e-01
1.653521353516093084e-01
1.644226206047805228e-01
1.635471608324206294e-01
1.625560096756278328e-01
1.616688693660818243e-01
1.609202403798817294e-01
1.600934307773627940e-01
1.592569819113081875e-01
1.582676950392659654e-01
1.571858933799881175e-01
1.551055764567943474e-01
1.520239499135080385e-01
1.496886653475847651e-01
1.477645096042345951e-01
1.459186361803638809e-01
1.447421070531264287e-01
1.436560990277794270e-01
1.427091023339849551e-01
1.419290787227277806e-01
1.411415175287191737e-01
1.403887530350032276e-01
1.394541488238158211e-01
1.386357997408465825e-01
1.375313275177772743e-01
1.367185974271501736e-01
1.359331348732288336e-01
1.349078785655260515e-01
1.337593877140482168e-01
1.325487703629108227e-01
1.316630075789307908e-01
1.310549444412334175e-01
1.304980188483837455e-01
1.299489409783571858e-01
1.293623776151966998e-01
1.288366853955448255e-01
1.283452252645114200e-01
1.278069589233631620e-01
1.274038378889555123e-01
1.270237208106579641e-01
1.266120963959949386e-01
1.261045799175076476e-01
1.257147708314557688e-01
1.147299187374537788e-01
1.088321334472577423e-01
1.054584336524261312e-01
1.027523518428430233e-01
1.001240733080041578e-01
9.804085203856989505e-02
9.502803259838332739e-02
9.279257416465803987e-02
9.071316884213673215e-02
8.883797880268734515e-02
8.902945929231728672e-02
8.766518566223267805e-02
8.635824380811177314e-02
8.532218006634388618e-02
8.403018521651793582e-02
8.391467823642215218e-02
8.223013299018452904e-02
8.141298389284311321e-02
8.045531112324398604e-02
7.967384280907595373e-02
8.077287768304350357e-02
7.965655238850910536e-02
7.891851573088980165e-02
7.834777943708629011e-02
7.794808290872121126e-02
7.892015400028842831e-02
7.729575311451304664e-02
7.680732123794783983e-02
7.653531793757463453e-02
7.630245292086938746e-02
7.617330297089777713e-02
7.583795987209371314e-02
7.555481726058793646e-02
7.519692462778297670e-02
7.484863624884928457e-02
7.483656856781435718e-02
7.447659892260360959e-02
7.417507876436778280e-02
7.395928109204105705e-02
7.376245489181423864e-02
7.376094573947022948e-02
7.345608840796422068e-02
7.324829942877016109e-02
7.297517630858049720e-02
7.275638679146105570e-02
7.289930464668609167e-02
7.260184145001588596e-02
7.240277066952936769e-02
7.221747347941871731e-02
7.205596018975347905e-02
7.187762147226553489e-02
7.168375096118795309e-02
7.143727783294114009e-02
7.121327554464984555e-02
7.088608586128539168e-02
7.066356270749314661e-02
7.039655023113086663e-02
7.010508569872359041e-02
6.979980440084558591e-02
6.945732784477277877e-02
6.916615709834179893e-02
6.893952907658226770e-02
6.872427051755927718e-02
6.849904941694939797e-02
6.830321387804852429e-02
6.811081389838467837e-02
6.786192233577760524e-02
6.762886482638472141e-02
6.745226202934299919e-02
6.721393707701642239e-02
6.676110303529657342e-02
6.642300155907053527e-02
6.620915570427897412e-02
6.603259148702345094e-02
6.588624597759468182e-02
6.572986053826083974e-02
6.558400089128076094e-02
6.540343681636559547e-02
6.520377128814151824e-02
6.505061054822225408e-02
6.492892204618996854e-02
6.482385211086193200e-02
6.470962452778417084e-02
6.457654103708974913e-02
6.444823785801087612e-02
6.434933309922494238e-02
6.427127060828408123e-02
6.416740874688262042e-02
6.407696289945534474e-02
6.399444749479818451e-02
6.387944726816111030e-02
6.377174339481368748e-02
6.366824405043260138e-02
6.356206865363636660e-02
6.347607739256708181e-02
6.339879851140657607e-02
6.327983488709817972e-02
6.312513419997578534e-02
6.297598351570622699e-02
6.282739843976388461e-02
6.271437575668467601e-02
6.048207173807158138e-02
5.909109261925520051e-02
5.811562657496531503e-02
5.724028316251829340e-02
5.698240743158983906e-02
5.613730203071218977e-02
5.557354634165419943e-02
5.492677282465854155e-02
5.429125040231069788e-02
5.456764752334193613e-02
5.366829275961802065e-02
5.325828908105013915e-02
5.289635000604878123e-02
5.244657555077245070e-02
5.242723576965253873e-02
5.198185051102899301e-02
5.172491523904921423e-02
5.146377792369408871e-02
5.119902544073228617e-02
5.135983483354245732e-02
5.096702701523101592e-02
5.079007384173945400e-02
5.068109527338794662e-02
5.056465243111951668e-02
5.068790272071170555e-02
5.053847226971727724e-02
5.046346004851325062e-02
5.039324327241087587e-02
5.027275842028917918e-02
5.032474927695152617e-02
5.003627182165234361e-02
4.994879871772914259e-02
4.986418138477200640e-02
4.978617489693362708e-02
5.006147683731466264e-02
4.993194534709537863e-02
4.986886799729298853e-02
4.981030809981621538e-02
4.975414115234106510e-02
5.005992254992867180e-02
4.971578415462575562e-02
4.958567967976247604e-02
4.948535901355684274e-02
4.941193404114733317e-02
4.978730081687462311e-02
4.939089939200087820e-02
4.927214178960547669e-02
4.921476116291177011e-02
4.916450156218168249e-02
4.911973589660602324e-02
4.906045694065537532e-02
4.895759347748784851e-02
4.879986755499877288e-02
4.864127206045680551e-02
4.851887919343734340e-02
4.839824093647075720e-02
4.827731824245359155e-02
4.815923096942531512e-02
4.799545506300651604e-02
4.785117651498221880e-02
4.770067098449851800e-02
4.755749427010580455e-02
4.743078715205311519e-02
4.730104790066719245e-02
4.719098269216010638e-02
4.708857399433594160e-02
4.699739902930732266e-02
4.691032295173652028e-02
4.683227465977768400e-02
4.675044196350049142e-02
4.668657752082841506e-02
4.659621223321970540e-02
4.650301531947979850e-02
4.641328015953748859e-02
4.633152115191886689e-02
4.625432446357839039e-02
4.618310701541248481e-02
4.608880949420957052e-02
4.598398802420363557e-02
4.588945580548309255e-02
4.579068703676624635e-02
4.568040893230519012e-02
4.556494334610877023e-02
4.546132484677800623e-02
4.535423929589313397e-02
4.525024745737175891e-02
4.513928313179825513e-02
4.503757898624414363e-02
4.492751519755957407e-02
4.481639044682063366e-02
4.471455725560113947e-02
4.462135860080094357e-02
4.452915648748723143e-02
4.443991859140034723e-02
4.436427896865325488e-02
4.428057340181252438e-02
4.419826988763102954e-02
4.409792156832617605e-02
4.402096056630600690e-02
4.682614645138731546e-02
4.459953066562617058e-02
4.360273111853294609e-02
4.280429310662504233e-02
4.220222446679758321e-02
4.190356795152488933e-02
4.144015563007184128e-02
4.110301033542497484e-02
4.088809984990522672e-02
4.064594099411776573e-02
4.064889470388922954e-02
4.039479683626981399e-02
4.013488076285311873e-02
3.990389948760080657e-02
3.969537854852081549e-02
3.991561409709953184e-02
3.971331050778147131e-02
3.957185704689753641e-02
3.943491015999626981e-02
3.927033801761773552e-02
3.946017559556513898e-02
3.922907253594814375e-02
3.904615464193573332e-02
3.886340830269027768e-02
3.874038523281927299e-02
3.910332333840889352e-02
3.891526340222285080e-02
3.875354067955026627e-02
3.861483874653316023e-02
3.847636910101125823e-02
3.867723427615048226e-02
3.851459349282602973e-02
3.838386652662437865e-02
3.826932239418326387e-02
3.813353416052438910e-02
3.839403802848541380e-02
3.818029189193226230e-02
3.806616903865751161e-02
3.794910550185783688e-02
3.781475074363471051e-02
3.822608325487209663e-02
3.804427733197092432e-02
3.792072295714456198e-02
3.782885649481085300e-02
3.775129219848573359e-02
3.808378658379034387e-02
3.789769924789378186e-02
3.774563093627908428e-02
3.766347674141490992e-02
3.754711937363681279e-02
3.740479845873899423e-02
3.728467356880157957e-02
3.718350244507453300e-02
3.708592015673808223e-02
3.701493811682003698e-02
3.695538327409968876e-02
3.689049990033537590e-02
3.682487220496353381e-02
3.677456901546218709e-02
3.672479493927417044e-02
3.667909189370111012e-02
3.660633036054317807e-02
3.653735786917640394e-02
3.648448091543812777e-02
3.643742886271183340e-02
3.638474753033574954e-02
3.632527650809787984e-02
3.625687797400345413e-02
3.619632772410089072e-02
3.613550301017751792e-02
3.609029802362846012e-02
3.604688779341219673e-02
3.600556794825586493e-02
3.596182017189855640e-02
3.591944470327749356e-02
3.587369681608802013e-02
3.582662936390447472e-02
3.577860145668070035e-02
3.573261606058927148e-02
3.569337032956598765e-02
3.564953939310726294e-02
3.559600370676841569e-02
3.553719454449777437e-02
3.546772146103267798e-02
3.541360771947010821e-02
3.536208090993928771e-02
3.532204860321242618e-02
3.527482612114974520e-02
3.522551753578528899e-02
3.518357147328941836e-02
3.513403942678793718e-02
3.509217466727199836e-02
3.505788148451668973e-02
3.501171876723645909e-02
3.497524769382546334e-02
3.493677435825703198e-02
3.489878641105503831e-02
3.486131804389849126e-02
3.482712188270747217e-02
3.478980637168346823e-02
3.641095415560145071e-02
3.505304918334016528e-02
3.434480972988395581e-02
3.384963017244109473e-02
3.347398676319468525e-02
3.338459195251155393e-02
3.313891903426908342e-02
3.289727948795843904e-02
3.266636154843066686e-02
3.249681405301547976e-02
3.249303855606366920e-02
3.233623871291135127e-02
3.219752455256074536e-02
3.202198750139267219e-02
3.185771465150857157e-02
3.188115796813219271e-02
3.169000115057098166e-02
3.152946811550396550e-02
3.138238379882917622e-02
3.124541249133448370e-02
3.130360683320002058e-02
3.116509269597523765e-02
3.105409460381214695e-02
3.094750184443643623e-02
3.082514820371059019e-02
3.111024807377506946e-02
3.102795542252713423e-02
3.095879359563868602e-02
3.089804565066654046e-02
3.083229420217108857e-02
3.081094603468686327e-02
3.073819170415321295e-02
3.067390959980978785e-02
3.058640279142286686e-02
3.044572940180014300e-02
3.069411610410063829e-02
3.062037886663497577e-02
3.057579156050184432e-02
3.054265020609027437e-02
3.050890987957204786e-02
3.050927945590432150e-02
3.045540586463430302e-02
3.040869858672927070e-02
3.037187022823418028e-02
3.034260546160017641e-02
3.043879353594026310e-02
3.038276257301541702e-02
3.035450340265777661e-02
3.033174199194113921e-02
3.030507724210696613e-02
3.026674522778520851e-02
3.022371859474623154e-02
3.017849760928485725e-02
3.013128229374459691e-02
3.007209452095483543e-02
3.003210138047698874e-02
2.997727944261916952e-02
2.991006150931091456e-02
2.984239768794849992e-02
2.977558246890752575e-02
2.970317002970921869e-02
2.962893466789606745e-02
2.954747687575944720e-02
2.947883250338237046e-02
2.941833811044675118e-02
2.935241164228646199e-02
2.929184393432422359e-02
2.924113981475947102e-02
2.918996832958249688e-02
2.914988396075199328e-02
2.911018701811177861e-02
2.907278586425567773e-02
2.903089887121444029e-02
2.899141338198752901e-02
2.894825654132330423e-02
2.891309335853739157e-02
2.887368741961180221e-02
2.883762286336602823e-02
2.880336355533693812e-02
2.876852147026044346e-02
2.873391069201663983e-02
2.869624352423578301e-02
2.865753705959991904e-02
2.862213141822938373e-02
2.858498875128568165e-02
2.854338227740857437e-02
2.849967701149349122e-02
2.845300906320727061e-02
2.840903268678144841e-02
2.836392422037799232e-02
2.831328532189136479e-02
2.826429644732542448e-02
2.821972747840370208e-02
2.817286484099685781e-02
2.812850536977706123e-02
2.808994380916357211e-02
2.804790744300016819e-02
2.799597066026551437e-02
2.794538731097754788e-02
2.789868251511733177e-02
