1.587469702840333396e-01
6.127757224449024986e-02
3.806061758688306096e-02
2.779480375662408617e-02
2.101910993798281752e-02
3.483460022204191986e-02
2.383214491850691244e-02
1.870666493025378505e-02
1.558471726936281644e-02
1.342512097753946823e-02
1.587125148426206736e-02
1.343733115768669384e-02
1.215833876943408533e-02
1.112357597205689864e-02
1.023041356137042307e-02
1.044200600221717283e-02
9.463899687682623962e-03
8.850353507891813715e-03
8.347101173626868958e-03
7.862410396447805372e-03
8.123786649240525085e-03
7.615782625289958460e-03
7.267824810781413347e-03
6.986765644407610422e-03
6.744117446277465497e-03
6.760630078745306394e-03
6.355306187205059416e-03
6.088477035314626348e-03
5.840193413705238069e-03
5.632058577206726542e-03
5.793816759196414312e-03
5.471546479799175092e-03
5.268990736558870625e-03
5.133156792153625511e-03
5.000630888877688300e-03
5.054137730622832413e-03
4.892615624751051571e-03
4.811449607879637012e-03
4.724739141961127251e-03
4.580199107621894979e-03
4.513960572493974990e-03
4.324989834156082319e-03
4.216958481148751735e-03
4.088739421873764310e-03
3.984989811951117865e-03
4.105978174561627884e-03
3.952330894255043706e-03
3.893947016008989306e-03
3.850674627810900166e-03
3.814892410100781742e-03
3.779310238670576926e-03
3.712174769601056870e-03
3.624776334149809945e-03
3.508822085960228068e-03
3.402253456788130806e-03
3.313579668348365891e-03
3.220001614370881539e-03
3.134614585141111756e-03
3.070109451568153215e-03
3.021832985379129758e-03
2.969430725977279927e-03
2.916485551686503683e-03
2.868674889812866929e-03
2.823496599404775806e-03
2.783134487076268683e-03
2.745853928308887148e-03
2.710962211425013701e-03
2.679792565468254537e-03
2.645287050926497466e-03
2.610579143968832973e-03
2.570375579804897847e-03
2.534356353457387686e-03
2.505953680854933197e-03
2.479004794917239601e-03
2.444471699956712960e-03
2.414593664484171714e-03
2.380712556661538151e-03
2.345874512561691404e-03
2.311125440376476416e-03
2.282134991153750118e-03
2.257033870136833115e-03
2.232082470464979724e-03
2.208590339633173440e-03
2.185314033655716501e-03
2.166340817196021461e-03
2.145982882291870911e-03
2.126773725441400299e-03
2.110954301358434256e-03
2.096780961046775058e-03
2.079750031013183776e-03
2.060721901859526462e-03
2.041954961978283828e-03
2.022466162984048240e-03
2.005912707469657830e-03
1.990719898791883970e-03
1.978067138604653382e-03
1.965333669493252600e-03
1.950854553343186071e-03
1.935866383285061955e-03
1.921620197386095718e-03
2.105062684907942853e-03
1.895005553223185315e-03
1.751457885169526753e-03
1.649530485797408340e-03
1.552696277468627395e-03
1.469704161581973775e-03
1.398697444931407650e-03
1.335840037281346444e-03
1.276499171499858535e-03
1.226289357333562677e-03
1.201449760316157739e-03
1.161319733089786208e-03
1.128873474380019063e-03
1.095634041769736168e-03
1.070919642069836789e-03
1.051574157450633693e-03
1.027370606660555664e-03
1.008055745957818624e-03
9.854240078981434461e-04
9.575950698545235285e-04
9.296382479264807697e-04
9.040115506795358543e-04
8.812103219612677603e-04
8.613180750412981765e-04
8.470688338449657061e-04
8.354606485183370141e-04
8.175734718547084503e-04
8.029782644360933383e-04
7.889030107487430199e-04
7.758804812654916021e-04
7.689668927154548863e-04
7.574679879250576821e-04
7.495505358327818769e-04
7.414680987708211759e-04
7.330801030492561888e-04
7.266233452676566134e-04
7.181139513480603752e-04
7.098192898121400947e-04
6.999849515171277427e-04
6.874101371956016200e-04
6.805725392896357908e-04
6.688461378919109560e-04
6.605001895513864770e-04
6.523927164717003386e-04
6.443314247240437441e-04
6.418291445734033897e-04
6.314018924673749263e-04
6.245843919563181731e-04
6.178089479952471536e-04
6.119327265882010996e-04
6.051430344531972833e-04
5.997197969561735486e-04
5.935970133730526267e-04
5.869888170443120744e-04
5.804962759143958298e-04
5.753320624837166735e-04
5.699276538988164078e-04
5.648823722119747327e-04
5.613024107193633188e-04
5.574972478610992722e-04
5.544118676367853224e-04
5.507277264416440225e-04
5.472762927595509457e-04
5.440185557037524990e-04
5.402111208393366604e-04
5.364383122326432532e-04
5.325719435625173113e-04
5.285054955580899749e-04
5.239577187714118808e-04
5.198191886809404782e-04
5.165785704296768687e-04
5.131918207434931064e-04
5.098105069303752535e-04
5.063534323762528249e-04
5.032201160349207905e-04
5.001180037041108280e-04
4.971553426372470183e-04
4.945250454302701137e-04
4.920686896742538152e-04
4.893261495273171745e-04
4.863919647711807226e-04
4.828943310675405036e-04
4.802652102287346589e-04
4.778602059023174761e-04
4.753913012992013300e-04
4.731051105286853569e-04
4.706441626700526553e-04
4.680839139729084755e-04
4.651206648564505121e-04
4.623010363898944386e-04
4.601078802138047481e-04
4.576362937751669337e-04
4.552409600243466250e-04
4.530860959282020733e-04
4.507153354805051621e-04
4.487281319709730126e-04
4.467520465021371776e-04
4.447681172551763338e-04
4.427685901442229453e-04
4.404817647472560266e-04
6.754158090692067695e-04
5.501817030689851477e-04
4.898260651694534475e-04
4.427542760285400956e-04
4.104266017420575259e-04
3.830535455171554349e-04
3.630476646078019745e-04
3.463187161472855435e-04
3.317634275993787039e-04
3.197288271361737070e-04
3.091468623988648831e-04
2.996733444402178048e-04
2.907475673288177674e-04
2.830209095229894046e-04
2.751473694814510771e-04
2.675810914371909064e-04
2.602091244421647588e-04
2.535836727232450446e-04
2.483019690649332042e-04
2.427278708200314363e-04
2.379350222165832463e-04
2.329243900519965284e-04
2.282462691300491482e-04
2.238739020682650857e-04
2.203071516813509545e-04
2.175514066643671838e-04
2.145111869391996004e-04
2.114454020205900145e-04
2.085557795471793831e-04
2.052858150314967303e-04
2.024607144302708933e-04
1.996348971102687145e-04
1.969986423915736783e-04
1.940618616098400994e-04
1.914292473561687640e-04
1.892954996069648715e-04
1.871606561040585785e-04
1.849607083895579414e-04
1.830268081626121410e-04
1.810718073066622366e-04
1.796263388770753041e-04
1.779404312290477712e-04
1.761625502015383535e-04
1.746282346911569121e-04
1.730440079481866157e-04
1.717273548657930729e-04
1.703662748242245500e-04
1.691763609761874664e-04
1.678820894539656138e-04
1.667006060504686667e-04
1.654706524177839951e-04
1.643453155603691622e-04
1.632228125090831030e-04
1.622183106425147201e-04
1.611506832762489897e-04
1.600954458975407783e-04
1.590445846981494661e-04
1.580383693527307939e-04
1.570561568094982292e-04
1.560954870083534332e-04
1.550790488086886958e-04
1.541065556975645609e-04
1.529625610250217715e-04
1.517197997943015627e-04
1.506733119566072059e-04
1.498214797281624826e-04
1.489482131429152752e-04
1.480786467717563784e-04
1.471711154054825650e-04
1.463690027129872318e-04
1.455009659537120502e-04
1.446204900424380598e-04
1.438085103872297019e-04
1.430890133918075451e-04
1.423132090552406252e-04
1.415132555499300790e-04
1.407285191080801824e-04
1.399941793531962774e-04
1.392959295707453028e-04
1.386505003754615062e-04
1.380039684038757662e-04
1.372921134347221048e-04
1.365393734956515362e-04
1.358703748982935194e-04
1.352604085817950817e-04
1.346281171230005876e-04
1.340450082624424963e-04
1.334905439711926321e-04
1.329089398791422289e-04
1.323847559182636242e-04
1.319138421907932012e-04
1.314125979745918210e-04
1.309316312226926427e-04
1.304018919923086433e-04
1.299213158292613355e-04
1.294602884761970288e-04
1.289846260890429252e-04
1.284702433501536351e-04
1.279282421763686659e-04
1.274223133075060791e-04
7.586312914895365633e-04
5.493514145250433115e-04
4.680693858695549438e-04
4.179291088931333235e-04
3.802118277860310554e-04
3.493747021599037401e-04
3.250896016125238270e-04
2.991953208215885176e-04
2.770839630084273586e-04
2.580896765694722420e-04
2.394769226710856077e-04
2.226709523262270266e-04
2.096034724068861980e-04
1.972177447708391769e-04
1.865177955174891257e-04
1.733937439041326417e-04
1.661371194230326729e-04
1.581384677168110237e-04
1.515683673733623181e-04
1.456739173430955550e-04
1.387532148445680305e-04
1.334578023121832900e-04
1.289789959624434556e-04
1.240658219381500819e-04
1.197013279161082325e-04
1.153606792776440008e-04
1.111539132785369950e-04
1.076759780653373672e-04
1.044542507119840507e-04
1.013595955743974741e-04
9.815776400738337494e-05
9.548202710983062075e-05
9.259242503220985058e-05
9.047217137419713822e-05
8.803524151810140973e-05
8.627317094247490253e-05
8.454410787123090487e-05
8.295499515490657879e-05
8.144968431578880749e-05
8.017375846963861004e-05
7.902812862919976955e-05
7.783099871760172054e-05
7.676364540959613883e-05
7.574456268703562249e-05
7.480926021466877693e-05
7.369395702693874977e-05
7.273825038488869249e-05
7.182248692056276669e-05
7.101063509588347554e-05
7.017752835769115142e-05
6.941798745525451649e-05
6.872681420872533606e-05
6.804402799846727455e-05
6.735069838674785756e-05
6.677147070121872640e-05
6.619200864362380008e-05
6.565107078604080532e-05
6.504320307432590357e-05
6.444192732544230741e-05
6.380936345092347631e-05
6.323412611984279810e-05
6.271836178617135223e-05
6.223798691863858959e-05
6.176882605652851406e-05
6.131323960977467624e-05
6.086876082051056991e-05
6.041517434818174893e-05
5.997909402693915105e-05
5.953093232585093586e-05
5.905268241929884792e-05
5.865907582299148283e-05
5.823854773747015378e-05
5.784257365556388740e-05
5.744632713417199723e-05
5.708600294409067229e-05
5.670346071042651679e-05
5.631035262934495548e-05
5.602572820000208142e-05
5.572494534501586105e-05
5.537968286094453350e-05
5.504246581413021452e-05
5.469664700765851546e-05
5.434058760885088462e-05
5.407458009181122683e-05
5.378959769818818687e-05
5.349953854390801310e-05
5.318441140105888783e-05
5.288529204189548093e-05
5.255660229012749002e-05
5.226225088407089869e-05
5.193745983131307610e-05
5.163794469153012182e-05
5.133619700018493440e-05
5.106809996769567434e-05
5.077969110971188802e-05
5.046800580979938361e-05
5.013505876725027588e-05
4.983858867650456229e-05
4.959954536132138691e-05
4.929488547416898314e-05
1.152775618767940945e-03
6.527579376092427534e-04
4.604988917066210261e-04
3.456462936450474229e-04
2.753831465110830263e-04
2.321555675260242519e-04
2.045629576482044807e-04
1.823506842444165392e-04
1.641492094491135061e-04
1.492747402099257371e-04
1.377511202528163611e-04
1.276679363576011927e-04
1.186614103819891682e-04
1.109815053647245011e-04
1.034331989056028824e-04
9.697059203169171163e-05
9.060108079918553423e-05
8.469477473729304911e-05
8.023620067030873444e-05
7.625208885587071467e-05
7.293037641560483006e-05
6.967461794314867450e-05
6.676108581617745381e-05
6.400053419694909688e-05
6.147294669126185157e-05
5.947740438569533282e-05
5.747783149145121155e-05
5.602164884862020271e-05
5.439171192018793684e-05
5.273481652126983465e-05
5.092696800111647879e-05
4.955310697112753768e-05
4.811996698458098810e-05
4.679187610294222754e-05
4.563631478057630794e-05
4.444105772414903204e-05
4.346018967447530474e-05
4.251360852231493960e-05
4.169815032710867084e-05
4.086868829205386115e-05
4.012018884983271271e-05
3.927104671747413148e-05
3.855272535764744718e-05
3.788657460447379351e-05
3.726754806569379492e-05
3.669481400694217163e-05
3.613250214584549951e-05
3.559318215310900547e-05
3.504485023153358679e-05
3.447371952053969343e-05
3.395579506930482939e-05
3.346992481126608167e-05
3.300541698098167153e-05
3.257205737965305722e-05
3.213017338549421385e-05
3.169861938188350359e-05
3.121859953392186861e-05
3.082877679945806752e-05
3.043820117327597364e-05
3.008203698342011833e-05
2.971490255701840152e-05
2.935731262194517024e-05
2.898444959831180932e-05
2.862841976595956870e-05
2.827097733718114423e-05
2.793212784844726219e-05
2.761981365718325316e-05
2.733831330803413378e-05
2.704248263128137509e-05
2.679643284574816157e-05
2.655449516736202228e-05
2.632959130532701357e-05
2.608499121774368384e-05
2.584930588459678866e-05
2.561194243180184779e-05
2.534286818214480288e-05
2.512047390128139998e-05
2.487067842888609879e-05
2.464442111983141615e-05
2.446043173422952281e-05
2.425901506329454751e-05
2.403400975272130234e-05
2.380726610155229985e-05
2.358439251342877584e-05
2.339144023635875407e-05
2.319979509169958090e-05
2.299354966722938078e-05
2.279818650839223414e-05
2.263642606406978229e-05
2.247030570452393072e-05
2.230144997135209524e-05
2.216373085696972248e-05
2.203651083133986504e-05
2.190427618581310671e-05
2.175940168420385643e-05
2.161322601684306666e-05
2.146486416318846971e-05
2.133477461650824824e-05
2.120337867528329607e-05
2.107283133748639060e-05
