2.169965402690025857e-01
7.509285583741905079e-02
4.570870437551862592e-02
3.207613079322187838e-02
2.447969147860103861e-02
2.380121811644473132e-02
1.690142285594330163e-02
1.357915382229771262e-02
1.171188479929458071e-02
1.004315094867863113e-02
9.800072678776959936e-03
8.330728484777401299e-03
7.575123624773801717e-03
6.891724701269769798e-03
6.229404212772122855e-03
6.661463456586362748e-03
5.860393776366925808e-03
5.525247250128672606e-03
5.269292705645399824e-03
4.958320070310952808e-03
4.937155337093447269e-03
4.587952084902556515e-03
4.355323358707413953e-03
4.082116302639819672e-03
3.843225448520083080e-03
4.003801523200076554e-03
3.663691220163333481e-03
3.489600885255098213e-03
3.400012366274366305e-03
3.288697693288391687e-03
3.336076366237413979e-03
3.220646643006547065e-03
3.156848170080983011e-03
3.070828763581465691e-03
2.942625361340773203e-03
2.977715892624507865e-03
2.836848941675928961e-03
2.750108997809855380e-03
2.694134072488407142e-03
2.642652908037418803e-03
2.704665692109533507e-03
2.617392580704246043e-03
2.547983374407630092e-03
2.502510521571113880e-03
2.426538270361216273e-03
2.450088285852696120e-03
2.346123886048026921e-03
2.291717442044056714e-03
2.228808319904629354e-03
2.186693515723386275e-03
2.158265530240987759e-03
2.119211035109560409e-03
2.068259860084738482e-03
2.017959777942271091e-03
1.934102745853023700e-03
1.839404350204811326e-03
1.747357804931317076e-03
1.690866986134021517e-03
1.645571757021539825e-03
1.606039529805376297e-03
1.582284255275221308e-03
1.553221660028929543e-03
1.523174664472905487e-03
1.491778960166700082e-03
1.449173099638395405e-03
1.410655187477662326e-03
1.373471655279453986e-03
1.343812633727150185e-03
1.320180974329346378e-03
1.295219335209614638e-03
1.273814690632620169e-03
1.254274598616734624e-03
1.233819356695352440e-03
1.212873278134688620e-03
1.192486534957065388e-03
1.171707830565105754e-03
1.150664341074633841e-03
1.127118126665328920e-03
1.104364546576033822e-03
1.082109747446522580e-03
1.064093086648288267e-03
1.043877337505673278e-03
1.027294275951347487e-03
1.008729256433704442e-03
9.954175629945524132e-04
9.769450622630574538e-04
9.601738912065104284e-04
9.419706458040312189e-04
9.273297891494369435e-04
9.151983537527941899e-04
8.980547387474324943e-04
8.837551710640796339e-04
8.710052785164797357e-04
8.555312262899175549e-04
8.430448650658337864e-04
8.317029755010553948e-04
8.204982641111657890e-04
8.116448306923255106e-04
8.033306579937375073e-04
7.933834750241539535e-04
8.310531989284437046e-04
7.480001629443913452e-04
6.882139625302198267e-04
6.402878334148303296e-04
6.047448408881019293e-04
5.733417494011119105e-04
5.399369982621838281e-04
5.184874910167353934e-04
4.991817508088668099e-04
4.779529743792724919e-04
4.568156502065114175e-04
4.428746013590110380e-04
4.303542583550021392e-04
4.159881871338573490e-04
4.025281328887942941e-04
3.927482321455846035e-04
3.807761063761623695e-04
3.711550963499888798e-04
3.610888266558672627e-04
3.519464294047928185e-04
3.429514002234141734e-04
3.344654161023750396e-04
3.275812117673748149e-04
3.202431121214184898e-04
3.135241084378569219e-04
3.073135152237815295e-04
3.015316946614849747e-04
2.974174836612272408e-04
2.924593503741733185e-04
2.878229675399947068e-04
2.834744520182150979e-04
2.786457699749958711e-04
2.744002891699135480e-04
2.708880455867276969e-04
2.674862471584549912e-04
2.647331038192508998e-04
2.610662471653111779e-04
2.579424767565727966e-04
2.548201814481998928e-04
2.521255271860998039e-04
2.498145246169657043e-04
2.463430933780940985e-04
2.435514440983127570e-04
2.408485423873277275e-04
2.379619676172544903e-04
2.361539585280556615e-04
2.336774841755154958e-04
2.311906765994339104e-04
2.287322707349023700e-04
2.261580334527311844e-04
2.239807148686084350e-04
2.218079973554975594e-04
2.195656586733188930e-04
2.170726791318843127e-04
2.146192896594603845e-04
2.120459551860289123e-04
2.095162050874080524e-04
2.075603238944330551e-04
2.054410012182476440e-04
2.037319827920866359e-04
2.017138523453997567e-04
2.001120457022390964e-04
1.983130827827728345e-04
1.962776614337586125e-04
1.946111839013472998e-04
1.929030744551791837e-04
1.912871046834452890e-04
1.896885740420271057e-04
1.878943000777313541e-04
1.863895023964843526e-04
1.850857187866896271e-04
1.833456147850767834e-04
1.820218046043594684e-04
1.806122936765009487e-04
1.788636076902202728e-04
1.771743766022424143e-04
1.755141811321114938e-04
1.742384213382793781e-04
1.731605948492150537e-04
1.719410004521101367e-04
1.709797967620877346e-04
1.698924785791725131e-04
1.689321182201753769e-04
1.676946078946775997e-04
1.665614524906980343e-04
1.652943654598217408e-04
1.642373114700642787e-04
1.632805146191549294e-04
1.621335477481546008e-04
1.611003686130173739e-04
1.601783099493367824e-04
1.592221097137929428e-04
1.583637375112146846e-04
1.576449309526878199e-04
1.567067972424808541e-04
1.556214770385682268e-04
1.543532015339493097e-04
1.531934055892782360e-04
1.521702829966284929e-04
1.512728048400428489e-04
2.190111829827090571e-04
1.976797590668070254e-04
1.835248157619668067e-04
1.733174836335615919e-04
1.659252278802106405e-04
1.593828031157101517e-04
1.530304058068848846e-04
1.474570961265360739e-04
1.421584025584604735e-04
1.381864340873015804e-04
1.349635736758120295e-04
1.318232994153790884e-04
1.289498149917876269e-04
1.262005258878375134e-04
1.235466765128110614e-04
1.207615669989585449e-04
1.178788621079949220e-04
1.155345430248237921e-04
1.131696693158054841e-04
1.108666396614241625e-04
1.086146888385800761e-04
1.060846100177268797e-04
1.035167733928187570e-04
1.013219478844443173e-04
9.937882693222296990e-05
9.788368513581244788e-05
9.644669315726249535e-05
9.492636839120640745e-05
9.358661495405199012e-05
9.226985664153451630e-05
9.121404079492471419e-05
9.001396532759469511e-05
8.874803258901827396e-05
8.770350678783004142e-05
8.649155904820087567e-05
8.514846590363510804e-05
8.417718193500378242e-05
8.339913646018358559e-05
8.258730447785909089e-05
8.172073061851067529e-05
8.100055657606585174e-05
8.021016499505633369e-05
7.942221340424422660e-05
7.863445838182515197e-05
7.793600648593070990e-05
7.718595234524701549e-05
7.637968795064833385e-05
7.554178059817741949e-05
7.485021184432871712e-05
7.411629470333947010e-05
7.339224224264128847e-05
7.268740957671461598e-05
7.201837819225012747e-05
7.133641538136630282e-05
7.079182786616446295e-05
7.024863562542167693e-05
6.976981675516976550e-05
6.919291169499025161e-05
6.865261834372768086e-05
6.812205322062446370e-05
6.760935626901207684e-05
6.714162236956177038e-05
6.663947663513849963e-05
6.616511662126867328e-05
6.565050142761798377e-05
6.519629208287186311e-05
6.475410408441011447e-05
6.425385298941500498e-05
6.379902921297592752e-05
6.341363032403677812e-05
6.292514016191207691e-05
6.242196628689100114e-05
6.205857658680703466e-05
6.169381877492350578e-05
6.131158245684922761e-05
6.088665831266211351e-05
6.041710856240480124e-05
5.994692457505655572e-05
5.949106226328899021e-05
5.914293286588528508e-05
5.882617618859796097e-05
5.851310230966104859e-05
5.815943417142802735e-05
5.778512603593708840e-05
5.746158363907016245e-05
5.711283515286580002e-05
5.679217634079642438e-05
5.646829130623571386e-05
5.620677950261098165e-05
5.594858053143979450e-05
5.567140250322069757e-05
5.543563871026341029e-05
5.522815561619561631e-05
5.495398821716131416e-05
5.470309760926844072e-05
5.445949292201556386e-05
5.422740425023917350e-05
5.396278305021665110e-05
5.373581399730274863e-05
5.347629339275490932e-05
8.283401286279310611e-05
7.282548067974032289e-05
6.663073297780103081e-05
6.283450750007579257e-05
5.986330642788358883e-05
5.722554949736230039e-05
5.493432912494355952e-05
5.303228674879722257e-05
5.134603077570856647e-05
4.987463713031859363e-05
4.852838426893671885e-05
4.742738808485373435e-05
4.648234735031002050e-05
4.561809644110406778e-05
4.473292213346803192e-05
4.408705187205643443e-05
4.339371291619672843e-05
4.273068543479565886e-05
4.208348608064759209e-05
4.146434531167763666e-05
4.090073838608610483e-05
4.031521298843617618e-05
3.984039166827422736e-05
3.945532942071530941e-05
3.907226984236106975e-05
3.866476355307577533e-05
3.827354365324018746e-05
3.790461044206791508e-05
3.755858774109913859e-05
3.721310070782997165e-05
3.686645296494808419e-05
3.658547572163561027e-05
3.629615336585697373e-05
3.592783270521744573e-05
3.556124997677364956e-05
3.525778573616787317e-05
3.498407224708312188e-05
3.471317615979968335e-05
3.439221701633740782e-05
3.408333653492733170e-05
3.381591524101864807e-05
3.354443389970722980e-05
3.329938923504161902e-05
3.306833642748797561e-05
3.283259793656364520e-05
3.261721136520053215e-05
3.241281321041561300e-05
3.220662934439895826e-05
3.199360487731584798e-05
3.177050782156870008e-05
3.151920860731732745e-05
3.132690613713746963e-05
3.116147374067417360e-05
3.102216251936049991e-05
3.089041829230901093e-05
3.073367895914229115e-05
3.054377684191218403e-05
3.034058485498220077e-05
3.013213570600597796e-05
2.995069018787876566e-05
2.974998030935788266e-05
2.956852043546043230e-05
2.939985749721061201e-05
2.924322683056727992e-05
2.908104839023032128e-05
2.891014809289601173e-05
2.876277056197017160e-05
2.860702589334606006e-05
2.845392059758254742e-05
2.826687363763279070e-05
2.811896381117127828e-05
2.797290984551061466e-05
2.782755256532449319e-05
2.766987281242424580e-05
2.751411654929610104e-05
2.739518076551351742e-05
2.727456116374704534e-05
2.716687372795941556e-05
2.704587781814051970e-05
2.687529484741685333e-05
2.673611921717299828e-05
2.660371380539320362e-05
2.648646711070863700e-05
2.634611656701977452e-05
2.620086353279313328e-05
2.605679541418818511e-05
2.590731250066116272e-05
2.575985482287391552e-05
2.560526596556758616e-05
2.544880798038940298e-05
2.532236697439917768e-05
2.517632786067978173e-05
2.503810716807987414e-05
2.490213438998684347e-05
2.477283792252092900e-05
2.464302689993390090e-05
2.453616023736908899e-05
2.442248255329060777e-05
2.433405923557529813e-05
2.425121586532860162e-05
4.218263762376720492e-05
3.714683233505300554e-05
3.410322448975066354e-05
3.207321630821041410e-05
3.064222559027533077e-05
2.933167453717471342e-05
2.834080917878690613e-05
2.742500638543904489e-05
2.667745463407111809e-05
2.600998455168023900e-05
2.545176418399116934e-05
2.487338503555097606e-05
2.436602965898115633e-05
2.398372046196963844e-05
2.361508456823707371e-05
2.328064221720188741e-05
2.292079541756389079e-05
2.254415645648612289e-05
2.226201862145779097e-05
2.196377591958923687e-05
2.169878152279416388e-05
2.146375389761020694e-05
2.118814984465236658e-05
2.095026695543656466e-05
2.071064690542117842e-05
2.049410352476242587e-05
2.027295211004811554e-05
2.005320438761590778e-05
1.985682444590736778e-05
1.964194061837500573e-05
1.946211041701714095e-05
1.929166678721722265e-05
1.909459746053097679e-05
1.892431799130737550e-05
1.874294077976520147e-05
1.858227751499959662e-05
1.842805180273520096e-05
1.827886188592850580e-05
1.812905489076423150e-05
1.797661981248386783e-05
1.783939717480749763e-05
1.771005986084150154e-05
1.758816103903419750e-05
1.745219293190921982e-05
1.732041549203880182e-05
1.719868327003163229e-05
1.705733865832263356e-05
1.693113678252691569e-05
1.681755722430060477e-05
1.669733600787000539e-05
1.657281445521083707e-05
1.646167218913645203e-05
1.634826747763675311e-05
1.624587027184423775e-05
1.614345612847530639e-05
1.603347150470270686e-05
1.592911094498301094e-05
1.582481094953743425e-05
1.574063615161378301e-05
1.564441190185516145e-05
1.555594905470055625e-05
1.548027796313918068e-05
1.539519638617829262e-05
1.531535616517814888e-05
1.522551693994577570e-05
1.514653077673490823e-05
1.506449303841169939e-05
1.498860433755799810e-05
1.490866652714391121e-05
1.485204001507975181e-05
1.479474352676211420e-05
1.472555889211396537e-05
1.466225607002569251e-05
1.457388189075104090e-05
1.449999904930742841e-05
1.442687156790558217e-05
1.434750120533707368e-05
1.427855302106108687e-05
1.420851896405735108e-05
1.413436423607130578e-05
1.406019491641828970e-05
1.397917901046962621e-05
1.391145794089755510e-05
1.384265258813171532e-05
1.376629973487421244e-05
1.369391008892090740e-05
1.363052417990686219e-05
1.356175819284934733e-05
1.349293385159409546e-05
1.342060934371620659e-05
1.332811880779867209e-05
1.325591536186110866e-05
1.318236639100679822e-05
1.311462608494262987e-05
1.305088825583192370e-05
1.297294440231483012e-05
1.290470198228639039e-05
1.284527096778439221e-05
1.277888235945367235e-05
1.270656090287855303e-05
