8.003825873522789625e-01
6.093614849391353339e-01
5.412024732934734850e-01
4.930935374462649401e-01
4.603754570858581974e-01
4.463628144172444023e-01
4.212943012351880179e-01
3.999796183060324584e-01
3.804135308344432920e-01
3.633184888504080168e-01
3.566535197486448427e-01
3.449164636957226526e-01
3.356003163181224824e-01
3.251321589078695062e-01
3.153904997459913151e-01
3.136581695407291148e-01
3.067454594267268186e-01
3.003840568227389429e-01
2.943551093062951596e-01
2.891012135072625888e-01
2.881615594308548078e-01
2.823779810502445864e-01
2.777002200105679330e-01
2.737013662050939988e-01
2.695426614148651034e-01
2.706039741890411965e-01
2.662593826866873070e-01
2.625949167717788746e-01
2.591918253429016383e-01
2.559633683817799654e-01
2.574022736478782103e-01
2.539819064405863802e-01
2.510511091381059101e-01
2.483325670380460148e-01
2.458115557602594259e-01
2.467991847488739121e-01
2.436092393035550474e-01
2.413349761994249831e-01
2.390006065218977793e-01
2.368533442543870604e-01
2.385716348788493313e-01
2.363064444126161123e-01
2.348978654867896754e-01
2.334887821297924049e-01
2.319321101179777911e-01
2.320503605603687070e-01
2.300029865429909781e-01
2.286017889084872301e-01
2.271704665037744264e-01
2.254883067981811318e-01
2.237989639906126926e-01
2.224345215423987332e-01
2.211125923060929810e-01
2.200561648393332681e-01
2.188706742762020763e-01
2.177043844907397552e-01
2.166540697268583004e-01
2.155842924034634678e-01
2.144203592927650948e-01
2.133000752314475612e-01
2.122895599083382823e-01
2.114055624416725232e-01
2.105518722708076274e-01
2.095590349520597417e-01
2.085825406389764380e-01
2.076279893128291643e-01
2.067655536452809584e-01
2.058862517285928173e-01
2.048341442801795698e-01
2.039142442410275535e-01
2.028056083708079105e-01
2.019330317118736839e-01
2.010893964156658387e-01
2.002466707174279936e-01
1.993302353870840815e-01
1.984801234728534036e-01
1.976943108641579794e-01
1.968917923538061887e-01
1.961238400253828840e-01
1.954160516779435142e-01
1.947578506378132568e-01
1.940422223860102657e-01
1.934175745740202013e-01
1.927897476638558427e-01
1.921123260028482771e-01
1.913466795813118237e-01
1.907173225664532124e-01
1.901235551511838706e-01
1.895926436307458218e-01
1.890400606676251039e-01
1.885037481771677237e-01
1.879133631510743474e-01
1.873611752104109851e-01
1.867522370100846985e-01
1.862246860690750239e-01
1.856876071628731362e-01
1.851001533190650972e-01
1.845029750950660519e-01
1.839310274470985773e-01
1.834121836084049995e-01
1.691604190195075130e-01
1.615847879770520024e-01
1.570315243390339455e-01
1.537378035302847112e-01
1.511894136821926582e-01
1.490584545247747306e-01
1.471096105601032156e-01
1.453554776111085634e-01
1.436018184028122202e-01
1.422255992468170749e-01
1.410701261690739394e-01
1.396645025921920136e-01
1.383661255193492090e-01
1.370261368802554447e-01
1.358583610322654789e-01
1.351568686751521142e-01
1.341120888427057567e-01
1.330340392245973613e-01
1.319084112887465299e-01
1.308946204809656455e-01
1.306789480082203581e-01
1.297944733992049404e-01
1.289192737017558765e-01
1.280528222596926669e-01
1.271541897467978743e-01
1.272101674029604834e-01
1.263356248815347138e-01
1.255994780418796253e-01
1.248627715160458701e-01
1.240903951454279397e-01
1.242689444729975085e-01
1.235681020352551174e-01
1.228917246264413649e-01
1.221510286240981014e-01
1.215417749340315795e-01
1.218113614371152814e-01
1.211031979784766149e-01
1.204556369785513142e-01
1.198545571646260771e-01
1.192661058631003662e-01
1.194501267051521209e-01
1.186821594636112281e-01
1.180632306742472604e-01
1.175516660871118724e-01
1.170829720602480639e-01
1.174218251020450604e-01
1.168835902001804511e-01
1.164066678908246555e-01
1.158875680976365896e-01
1.153877743613435924e-01
1.148497595809933741e-01
1.143488662290751551e-01
1.138615039023946340e-01
1.134623190695373540e-01
1.130339195211044062e-01
1.126835633446098967e-01
1.122365270287417199e-01
1.118354061719246673e-01
1.114998448634075962e-01
1.111315308575657745e-01
1.107785828858645072e-01
1.104416502822873208e-01
1.100618225635816849e-01
1.097039892955397611e-01
1.093275206505542052e-01
1.089734828694851332e-01
1.086483748807021699e-01
1.083435231300551721e-01
1.080706431674906820e-01
1.077630647568398742e-01
1.075049251264181965e-01
1.072399980222143168e-01
1.069727500811828019e-01
1.066862726246135817e-01
1.064185307611394959e-01
1.061885736077342463e-01
1.059670853280671038e-01
1.057287202985610908e-01
1.054835722222783462e-01
1.052313903650401450e-01
1.049872579492043823e-01
1.047516481632275870e-01
1.044992038242064381e-01
1.042466381527690639e-01
1.040100167454686558e-01
1.038265673908579378e-01
1.036193717867832237e-01
1.034387398963734356e-01
1.032621828897952176e-01
1.030660844007966898e-01
1.028522584892614111e-01
1.026761471423728866e-01
1.025016579594487526e-01
1.023396172326731246e-01
1.021621302829401196e-01
1.019893448757090565e-01
1.018249340508861900e-01
1.016356168043128089e-01
1.014691517440226981e-01
1.013482903507584992e-01
9.996446561739970316e-02
9.849585278289434143e-02
9.751653462930023886e-02
9.668621926063025729e-02
9.610818192567151252e-02
9.563235797858514464e-02
9.515520604561124307e-02
9.478026976458306385e-02
9.441508483318346301e-02
9.414547113334337247e-02
9.389976856756551693e-02
9.369626680664221163e-02
9.347959845841018189e-02
9.323726234788497214e-02
9.303149538853218437e-02
9.284577967611427896e-02
9.263190912351056128e-02
9.241984715266436667e-02
9.224489789564552233e-02
9.208228955412239847e-02
9.196008370664768283e-02
9.177426852090124487e-02
9.156624015997014143e-02
9.135875231335932600e-02
9.116929276576429819e-02
9.105918933047865704e-02
9.089908652895876962e-02
9.074758893010112515e-02
9.057926103708713317e-02
9.043630257057949651e-02
9.033449972746065981e-02
9.017065912013433326e-02
9.000422664539874107e-02
8.985851852371687376e-02
8.971425832183177462e-02
8.963132798898157394e-02
8.947394672708502972e-02
8.931665080444731175e-02
8.917419868005878325e-02
8.902672746463988207e-02
8.898235104507062898e-02
8.886693014491883758e-02
8.876841371407831471e-02
8.863745645980947163e-02
8.849718369836709342e-02
8.843236314077666804e-02
8.829275748313761274e-02
8.816214137825913177e-02
8.804003690427616990e-02
8.788732232084263407e-02
8.773619946883447207e-02
8.756871463099105690e-02
8.739574246121355194e-02
8.724522521481024862e-02
8.708708251465846484e-02
8.695266139849935905e-02
8.681958237473996753e-02
8.668182793500248118e-02
8.654319681617678173e-02
8.642396208494763921e-02
8.631276064457173158e-02
8.619921722415176124e-02
8.607856903518078251e-02
8.595960417507353402e-02
8.583979208284792106e-02
8.572598167913708656e-02
8.560202760802887445e-02
8.549117869110094137e-02
8.536232283260125620e-02
8.525694150157822615e-02
8.513107118442256316e-02
8.499643158926821485e-02
8.486676319671113133e-02
8.475800811897210574e-02
8.465570102517834539e-02
8.454388932455909889e-02
8.443369502446693153e-02
8.432974359087545835e-02
8.421755107684580910e-02
8.409448886788845057e-02
8.399078583773703088e-02
8.387768920098985503e-02
8.375657996214577738e-02
8.362960682382233890e-02
8.351054169776996050e-02
8.340657137107328201e-02
8.328374831651849663e-02
8.319104605515437179e-02
8.309818306124562570e-02
8.300018315560703241e-02
8.290433712933779897e-02
8.280051012668407373e-02
8.270217314580990964e-02
8.259159425999559878e-02
8.248582328276592157e-02
8.239657895732574455e-02
8.229242716041568206e-02
8.219427420667388406e-02
8.209416677266763440e-02
8.199518727473102675e-02
8.186970806406161649e-02
8.117516393877682868e-02
8.065626688101890096e-02
8.025967593632837849e-02
7.996025223632362289e-02
7.969100995948176502e-02
7.945775000757630824e-02
7.923974312508530460e-02
7.906351234183701948e-02
7.889651335426517420e-02
7.874907719927067007e-02
7.860340196500105459e-02
7.846970095773357634e-02
7.833423245978982097e-02
7.822585624930498971e-02
7.812063612032607574e-02
7.800849890057941216e-02
7.789471834274500073e-02
7.780017047147599896e-02
7.770894175788191360e-02
7.762446443848831923e-02
7.752448195134559183e-02
7.743694514770528559e-02
7.734621439910006890e-02
7.726233152276022753e-02
7.720706155248802105e-02
7.712686145981957619e-02
7.703782552495748448e-02
7.695984324891209927e-02
7.687946865172436139e-02
7.681486373579438087e-02
7.673797616796335097e-02
7.665511377019663952e-02
7.658010050283037273e-02
7.649331420615240740e-02
7.643971470996419049e-02
7.636501082083983760e-02
7.630525442769563182e-02
7.624294471951473251e-02
7.616936707612184665e-02
7.612014235720053479e-02
7.604493066922893285e-02
7.596849284420152670e-02
7.590589873321144931e-02
7.583023590860897556e-02
7.579079145506233128e-02
7.571821916953067055e-02
7.564116802794219885e-02
7.555865988210339057e-02
7.547456699614331355e-02
7.539552471337801487e-02
7.531820325051445664e-02
7.524403188736815407e-02
7.517011165922725391e-02
7.509135124437080200e-02
7.501900875281276859e-02
7.493877155919725919e-02
7.484304790046741873e-02
7.475583376760061571e-02
7.467525989932559394e-02
7.459676204470312710e-02
7.451588853243543142e-02
7.443232383226265625e-02
7.433966934080704636e-02
7.425796811098853145e-02
7.418471730812574438e-02
7.412270229773383623e-02
7.405735253546757990e-02
7.398073478290251304e-02
7.389881885879168166e-02
7.382524127445928841e-02
7.375648813984005125e-02
7.369342101430370606e-02
7.363031499316781414e-02
7.355523139135008992e-02
7.349590692114878199e-02
7.343888000820837647e-02
7.337831498603056279e-02
7.331930388317918490e-02
7.325639294464764140e-02
7.318699119413629717e-02
7.311547871211837579e-02
7.304488537097091061e-02
7.298475332315149111e-02
7.292691913556914596e-02
7.287187857252856726e-02
7.281801517683793301e-02
7.276817077529673661e-02
7.271771592872752765e-02
7.265835795377834083e-02
7.260209492207973792e-02
7.255189225704863909e-02
7.248606367578998289e-02
7.241286439167124445e-02
7.234396659802494467e-02
7.229010448299208469e-02
7.221939689806550211e-02
7.214647974721671853e-02
7.208330202976609424e-02
7.202556180141136966e-02
7.223787523492038176e-02
7.183509139251885445e-02
7.155348473151393329e-02
7.131554944639897919e-02
7.113156564723911723e-02
7.095265442643026998e-02
7.080912507258702027e-02
7.067278327556840434e-02
7.054394830193466692e-02
7.045666474606172847e-02
7.038160328930460896e-02
7.029687969006294390e-02
7.022722324113932213e-02
7.015939421369446483e-02
7.007663185735844846e-02
7.000754297790434677e-02
6.993582199741886496e-02
6.987044938437782238e-02
6.980520803982645517e-02
6.974790504108650813e-02
6.968962550060332772e-02
6.962435568601246794e-02
6.955026645862426304e-02
6.949032698406210073e-02
6.942909736959915201e-02
6.938444647948355248e-02
6.932551495188556123e-02
6.926674985806291485e-02
6.921400337114921864e-02
6.915425408539875585e-02
6.910657949375706433e-02
6.904727091303124176e-02
6.899220478893493269e-02
6.893933025345320986e-02
6.888586870054599909e-02
6.883767599737852794e-02
6.877231658480811860e-02
6.871299337787217798e-02
6.865387101688678884e-02
6.859035548219263867e-02
6.856961155556706711e-02
6.850983852942321706e-02
6.845082802163343638e-02
6.838950810379798573e-02
6.833033993733451938e-02
6.829298387684626381e-02
6.823822774456216045e-02
6.818682258037102317e-02
6.812666545710803490e-02
6.806439468258038139e-02
6.799907054475755330e-02
6.794437969557959311e-02
6.789365256655914560e-02
6.783771007046805745e-02
6.778578138741826742e-02
6.772192591215651924e-02
6.766903714489504174e-02
6.761089557861005295e-02
6.755487453368637374e-02
6.749537386593967847e-02
6.744348750790955804e-02
6.738641931991322387e-02
6.732190228648403385e-02
6.726388506446107085e-02
6.721911045711578825e-02
6.716853023016745861e-02
6.711747054054202632e-02
6.706754090104671828e-02
6.701658841978694325e-02
6.696620655122909049e-02
6.691596991111002646e-02
6.686436864632019916e-02
6.681573734166258716e-02
6.676840321413338164e-02
6.671921090303893631e-02
6.666637108119177757e-02
6.661945761473576921e-02
6.657113075677585645e-02
6.652765055864512389e-02
6.648284096169461421e-02
6.644438736740244933e-02
6.640449708913533089e-02
6.636505863698549668e-02
6.632505227574531093e-02
6.628246714347461876e-02
6.624405245820726151e-02
6.620316580630380976e-02
6.615378168097955924e-02
6.611080699293472862e-02
6.606529402151964381e-02
6.601327503343804026e-02
6.596941818892901321e-02
6.592645033189485637e-02
6.588717286645126570e-02
6.585225953633921936e-02
6.580881179766900901e-02
6.577186582391994496e-02
6.573427049030160230e-02
6.569260494058694333e-02
6.564792290902046745e-02
