8.824617030036843168e-01
8.444989305695810300e-01
8.315235056978429462e-01
8.232603451729153532e-01
8.146002370095893896e-01
8.141890221444120224e-01
8.056163895570418454e-01
7.988872517097418413e-01
7.947473463233619695e-01
7.899982989266454148e-01
7.895390741165423387e-01
7.866726920536420975e-01
7.832299881148163667e-01
7.801977543928996228e-01
7.777750910758414182e-01
7.765416007153846945e-01
7.736482005587619337e-01
7.711690287269572508e-01
7.693382053288039257e-01
7.677715597205804210e-01
7.681715104695941987e-01
7.664958180260091902e-01
7.657202492007272321e-01
7.650207442169312255e-01
7.643684959416473523e-01
7.648698914802491977e-01
7.638804011681520345e-01
7.634554871610649274e-01
7.630539605809559811e-01
7.625716881076508580e-01
7.642048036011052092e-01
7.621453491480560949e-01
7.615280990215050894e-01
7.613269169511602819e-01
7.611380218297988387e-01
7.627091015311646682e-01
7.617775535674153886e-01
7.613659578460012511e-01
7.611774024429889263e-01
7.609623035307275796e-01
7.625381809361215790e-01
7.612184175817956477e-01
7.605754922797205442e-01
7.603168584115689299e-01
7.601571860497652322e-01
7.622177504204046272e-01
7.608956442157814859e-01
7.602819303286042496e-01
7.600956412955899300e-01
7.599684592836876140e-01
7.598046413795206400e-01
7.595367407035464868e-01
7.592007394278388333e-01
7.589113483195067955e-01
7.585272147210837534e-01
7.583145240248441166e-01
7.581255952721361879e-01
7.579573953565620359e-01
7.577825318642488206e-01
7.575041228212250344e-01
7.571865459447296720e-01
7.570092453185477410e-01
7.568303219690243333e-01
7.566685715593196582e-01
7.564834481256937915e-01
7.562977095420858609e-01
7.561194995473737857e-01
7.560055028232403052e-01
7.559078326457606689e-01
7.557584200044874523e-01
7.556655735849164834e-01
7.555523770652922133e-01
7.554340877528538112e-01
7.553095156687342770e-01
7.552292957097731518e-01
7.551256845804678042e-01
7.549828321497173977e-01
7.549014105145164244e-01
7.546561839528321824e-01
7.544702507035920824e-01
7.542364614330563377e-01
7.539858279758973048e-01
7.538433680357874422e-01
7.537232380142198096e-01
7.536319987003278209e-01
7.535236008998008606e-01
7.533894247955997825e-01
7.532566830493223620e-01
7.531421391382175923e-01
7.530599452289169493e-01
7.529778494376743181e-01
7.528941109495653761e-01
7.528014988727946832e-01
7.526570225210675869e-01
7.525629786561617296e-01
7.524713075098453663e-01
7.524002327049710281e-01
7.523139981082560546e-01
7.522276459413361760e-01
7.521170970633762609e-01
7.318891880573783482e-01
7.235759944131729959e-01
7.188877831043030131e-01
7.159057032500738549e-01
7.138476663652187915e-01
7.126896111610107054e-01
7.108077988531463776e-01
7.091852649855469037e-01
7.080133694878064654e-01
7.068335958826937881e-01
7.065234215311217980e-01
7.051057656315051769e-01
7.038883959097523846e-01
7.028598114240444117e-01
7.020114698596496838e-01
7.035571304927409342e-01
7.020779088913889909e-01
7.008219915755037333e-01
6.994916557152537351e-01
6.980072202829736838e-01
6.987889599951252473e-01
6.972570291195842040e-01
6.958865125260509377e-01
6.948976134244095881e-01
6.941654092155473688e-01
6.953848151085042506e-01
6.937568958523273599e-01
6.927824208446079490e-01
6.921411702788832221e-01
6.914454554914977180e-01
6.931794286936948657e-01
6.911171530404817132e-01
6.893809853958379197e-01
6.884484735986680093e-01
6.877553325416376762e-01
6.900859228872242568e-01
6.883613892226102537e-01
6.873300975392490075e-01
6.867809584418741453e-01
6.864597449531831819e-01
6.882761169412192626e-01
6.868762957624516829e-01
6.859373702765468872e-01
6.854732926893620792e-01
6.851981266633538903e-01
6.875151676459474448e-01
6.866891125872806034e-01
6.861495573438117779e-01
6.858214693709098198e-01
6.853651331352735854e-01
6.849593407794163369e-01
6.845256324042355844e-01
6.840106057401755812e-01
6.833942677713170655e-01
6.826675302212177332e-01
6.819763024670687512e-01
6.813964266614277454e-01
6.807472458191017317e-01
6.801330945915146087e-01
6.793246891854940461e-01
6.785221849052115450e-01
6.779401871958549153e-01
6.772799977847937525e-01
6.768004343113183108e-01
6.765108127338569366e-01
6.761667309240372292e-01
6.759107125797244597e-01
6.756796975181920129e-01
6.754659883532533327e-01
6.752309835657216430e-01
6.749877996717267292e-01
6.747130494936234291e-01
6.743721253220337220e-01
6.739157208178447878e-01
6.734504795804133748e-01
6.729510369104398926e-01
6.723379371351965172e-01
6.717505408569527381e-01
6.713112516961132759e-01
6.708599184957859674e-01
6.702885996907935739e-01
6.697838128125619406e-01
6.693130835077297780e-01
6.689802367033714781e-01
6.685173448514573069e-01
6.681398976467298745e-01
6.676805382079954443e-01
6.672318607053030481e-01
6.667686131130060589e-01
6.664575830297475578e-01
6.661392046139460454e-01
6.657533642644334337e-01
6.653066583579118065e-01
6.647158831572068660e-01
6.641206751196726543e-01
6.636473916594823885e-01
6.633074976401034384e-01
6.629827691513136001e-01
6.626969808923057759e-01
6.624468464346394692e-01
6.565632203677210788e-01
6.516076452993505574e-01
6.480654578209287253e-01
6.451666590660426470e-01
6.417677891172632876e-01
6.392718490212887517e-01
6.377646718346049459e-01
6.365794055929012707e-01
6.356180453018764887e-01
6.349862642216632658e-01
6.349265369689492955e-01
6.342063061969955839e-01
6.334251808024681241e-01
6.326809843407331657e-01
6.320199535499979593e-01
6.321943111461486575e-01
6.315263502167259846e-01
6.309339569068628251e-01
6.303902375403486191e-01
6.297274382448458940e-01
6.299364127603855890e-01
6.288220151229195753e-01
6.279984049424945924e-01
6.273606555318748113e-01
6.268685460209022509e-01
6.280761729400264892e-01
6.271909743631695067e-01
6.267196451722222283e-01
6.262356613606531175e-01
6.257794750519060090e-01
6.262689874939750823e-01
6.253133793622649428e-01
6.247631824893609132e-01
6.244804607477790759e-01
6.242147375918833951e-01
6.252093324402284713e-01
6.242678638206586861e-01
6.234693305741083602e-01
6.230139487121871822e-01
6.224123163987294038e-01
6.224702102820723892e-01
6.215259135010070546e-01
6.210712287495253614e-01
6.208036586948036950e-01
6.205885600224508858e-01
6.218134991850134963e-01
6.210088436550169622e-01
6.204000799372105801e-01
6.200893371468646498e-01
6.198474305232415382e-01
6.196468896214286648e-01
6.194240056128441640e-01
6.191875777759001664e-01
6.189355605458062293e-01
6.186366561266507524e-01
6.183483817272423799e-01
6.179794395220530312e-01
6.174394117314961905e-01
6.169862976995652559e-01
6.165965124508983042e-01
6.161886346893530320e-01
6.158083978605061182e-01
6.154502152089280642e-01
6.149127133069753892e-01
6.145130948113203262e-01
6.140510723142933447e-01
6.135670618047457392e-01
6.131168314119516127e-01
6.127300917939023650e-01
6.123105269766814240e-01
6.118102270183853886e-01
6.113363848061252881e-01
6.108861242237152434e-01
6.104954872839929436e-01
6.100035226909454877e-01
6.093765962419450677e-01
6.091071847409624818e-01
6.089131446399409509e-01
6.087467543473774612e-01
6.085959110691619989e-01
6.084399938988628298e-01
6.082901526101951450e-01
6.081051237208927596e-01
6.079086555370150080e-01
6.077399241609977576e-01
6.075456244712581499e-01
6.072943102986883002e-01
6.070814007022610204e-01
6.068607588137234776e-01
6.066158768506270116e-01
6.063320536417975415e-01
6.060914966723235375e-01
6.058397467383304091e-01
6.055805294194241961e-01
6.052725576549331521e-01
6.049594558399497002e-01
6.046346503001702732e-01
6.043807266803811196e-01
6.041278951003086206e-01
6.038752745705082692e-01
5.995927396359629347e-01
5.939674080692546321e-01
5.909182835908139975e-01
5.883905645269491558e-01
5.864830157472469274e-01
5.851100518742964329e-01
5.834905126936514863e-01
5.825369881740392053e-01
5.817846688839308777e-01
5.809897986601471054e-01
5.806849030956549029e-01
5.798796526065541634e-01
5.792981541882851193e-01
5.786658042724454054e-01
5.779650378703251601e-01
5.783090407537382349e-01
5.777865756776742190e-01
5.772328207249640686e-01
5.764612453724220487e-01
5.758224818869297490e-01
5.764447840392751266e-01
5.754832486525295332e-01
5.748361963319821299e-01
5.743680523372124425e-01
5.739455780557289888e-01
5.748779812873080486e-01
5.739064974926691987e-01
5.732114573911489819e-01
5.727567485857021357e-01
5.723504595919954863e-01
5.740567391379346462e-01
5.728007677724638036e-01
5.720380114356351520e-01
5.715186473758216978e-01
5.711847831999147251e-01
5.728692176939466085e-01
5.717925503643731533e-01
5.710310719793740830e-01
5.704883189370376639e-01
5.700441174813040135e-01
5.715025307108376751e-01
5.700560011181663445e-01
5.692843284606520227e-01
5.689154355421556231e-01
5.686937411690859978e-01
5.705387224216564857e-01
5.693894492267981278e-01
5.686604222313933477e-01
5.682050478721526465e-01
5.678632747610665721e-01
5.676435980124197034e-01
5.674836260288402823e-01
5.672818887631796425e-01
5.670464898293182676e-01
5.668213366517581564e-01
5.665251384799421253e-01
5.661618175470907177e-01
5.658265642814819252e-01
5.654594261425166524e-01
5.650007566429191552e-01
5.646363286523764513e-01
5.642702515311051048e-01
5.638775893150594909e-01
5.635056707421454147e-01
5.631094938450560416e-01
5.627471627556918099e-01
5.623668580675821316e-01
5.619121533707046590e-01
5.614097906842218100e-01
5.608808227080069875e-01
5.604181875579132832e-01
5.600015181636082140e-01
5.595739441556991656e-01
5.590801160554176308e-01
5.586399408496055541e-01
5.582338040272228907e-01
5.578977920897880693e-01
5.575974376927540499e-01
5.573424438322973629e-01
5.571266131060595983e-01
5.569136375212965229e-01
5.567056012406931265e-01
5.565140225962493803e-01
5.563343854170217373e-01
5.561446695059780732e-01
5.559393764152856798e-01
5.557309708996174269e-01
5.555310471423026142e-01
5.553082393905979242e-01
5.550973887518497740e-01
5.548516453101537405e-01
5.545936731644197648e-01
5.543458332868322902e-01
5.540433327940210706e-01
5.536231865989726941e-01
5.532532781582414350e-01
5.529008539522572985e-01
5.526360303073780678e-01
5.523696233344579376e-01
5.521111045119336813e-01
5.598078080133574996e-01
5.533272631478174386e-01
5.496458740831461354e-01
5.464626698196319854e-01
5.441646468093879196e-01
5.427812945961006941e-01
5.409974928652839798e-01
5.393771275670138365e-01
5.382875752727411811e-01
5.371603545320312589e-01
5.373844865928986136e-01
5.365208366417774100e-01
5.355803000421681670e-01
5.349149727302889845e-01
5.342860506950359856e-01
5.348689753501771893e-01
5.341027995688653052e-01
5.333121164002456727e-01
5.324642597933033628e-01
5.318550906945865853e-01
5.335440066397805214e-01
5.324794784648900769e-01
5.315198934561095045e-01
5.308692433535452393e-01
5.303087639334460590e-01
5.314070665125484316e-01
5.301779345147583644e-01
5.294194631030870735e-01
5.287248116042910784e-01
5.281173180321965255e-01
5.305865022917423124e-01
5.294921042719769044e-01
5.286981005388720067e-01
5.280412626761064043e-01
5.275492131125545381e-01
5.284647341902735107e-01
5.275498908030271661e-01
5.268878726034682547e-01
5.263447304373001234e-01
5.260124141870367032e-01
5.278040910526872187e-01
5.268808094951361598e-01
5.263450227015005201e-01
5.259327125945109094e-01
5.255341657848324743e-01
5.267014578108454304e-01
5.256573713319978580e-01
5.252292637325368663e-01
5.248598192691595887e-01
5.244949013838959839e-01
5.242766490129240342e-01
5.240424949824570300e-01
5.237214887965637722e-01
5.233869973311116031e-01
5.231121344226417058e-01
5.228169574952652443e-01
5.224992561190592300e-01
5.222166748552896642e-01
5.219364704137540167e-01
5.216251369006499328e-01
5.213014830904382224e-01
5.209743663981232231e-01
5.206343132746141800e-01
5.202891707506099861e-01
5.198998956397716809e-01
5.195092135959540336e-01
5.190580054448276082e-01
5.186170353333993122e-01
5.180860427763589460e-01
5.176487832659057986e-01
5.172205130629529135e-01
5.168682013559777744e-01
5.164787246521660435e-01
5.161269869762998841e-01
5.157008414709518540e-01
5.152761625034918413e-01
5.148747453914706007e-01
5.145229255203146446e-01
5.141960019165121576e-01
5.138602654774366840e-01
5.135077814571595844e-01
5.131491648950904372e-01
5.127794152686988571e-01
5.123734514862807732e-01
5.119784951826222841e-01
5.114737446226118589e-01
5.109830824726363518e-01
5.105218087364521429e-01
5.101431892683842007e-01
5.097286110596532804e-01
5.093555832331879696e-01
5.090439084395019798e-01
5.087769347445384449e-01
5.083898491182436974e-01
5.079521415472981749e-01
5.076042860128785472e-01
5.073056419683484863e-01
5.070604873185852179e-01
5.068820658495690745e-01
5.067512167730408024e-01
