3.090025403712777785e-01
1.506298664627465644e-01
8.054074319202252086e-02
5.332391182987057665e-02
4.140387356618034642e-02
3.297679409728696692e-02
2.839736378781333032e-02
2.422741101909239164e-02
2.020817401480942688e-02
1.633659251576927152e-02
1.367081067650583945e-02
1.140460534029248858e-02
9.930377917482066663e-03
9.188142793209794559e-03
8.499831520803158638e-03
7.726686752047646350e-03
7.242821371803535857e-03
6.955726848277408135e-03
6.734869589420745817e-03
6.520432618962398313e-03
6.338584191452655350e-03
6.198211507867665802e-03
6.064937671354914649e-03
5.769444173506796912e-03
5.606734474845035190e-03
5.440004557121510403e-03
5.235123525656281904e-03
5.042850057238232146e-03
4.860814012046953472e-03
4.734290333768706623e-03
4.639923000849603164e-03
4.560791934127032474e-03
4.441162001869026869e-03
4.301006222279439226e-03
4.074245014791794302e-03
3.915634376975499729e-03
3.772551614885139189e-03
3.673197502320447397e-03
3.536601895685683936e-03
3.414185078679716958e-03
3.368118388903350302e-03
3.296980727021200323e-03
3.238916957432006610e-03
3.178702275336603607e-03
3.120208829909465117e-03
3.062832900759271133e-03
2.996317185964082318e-03
2.953937831977615502e-03
2.897143216737711139e-03
2.859201412562240464e-03
2.826064691421729860e-03
2.770171508328178687e-03
2.719812245696868937e-03
2.678676447657006143e-03
2.604695965718962017e-03
2.555449988834405852e-03
2.514724223427491651e-03
2.461616634991670161e-03
2.423230497362104802e-03
2.384358132143301560e-03
2.351726575113911952e-03
2.326315811537972046e-03
2.267823790625363330e-03
2.212402562317522005e-03
2.176075656853364640e-03
2.130420658950580356e-03
2.081187126792193032e-03
2.053894104825498661e-03
2.019712133767378147e-03
1.984268280317885193e-03
1.960087030089853900e-03
1.934239513223252015e-03
1.912855572835300009e-03
1.892008202100988433e-03
1.880215721551211543e-03
1.867549283990376169e-03
1.859430978676860280e-03
1.852558177700194863e-03
1.843382787424368077e-03
1.833703684219916514e-03
1.822260126874170050e-03
1.807120422984277112e-03
1.789426547200597978e-03
1.772992080142100132e-03
1.752514237576852226e-03
1.732187634864978780e-03
1.704797146391415132e-03
1.677845705944857550e-03
1.657930257477050699e-03
1.623948062988811490e-03
1.603934402170039243e-03
1.585789792921720679e-03
1.574013421047957542e-03
1.565159748802671556e-03
1.549145320878016902e-03
1.533746437385571232e-03
1.519728599451341568e-03
1.503612844242709469e-03
1.490214381380810735e-03
1.474633095861958279e-03
1.431598579269103026e-03
1.367883722740000519e-03
1.335277751272946579e-03
1.303174796565488309e-03
1.274870298451137498e-03
1.248034609165281882e-03
1.226099131300917647e-03
1.209621145421927238e-03
1.191259834394287672e-03
1.166058592785178564e-03
1.122188366686745946e-03
1.102053974950749013e-03
1.083698256622284096e-03
1.068253722808121427e-03
1.054452719972038361e-03
1.044371414226312423e-03
1.037321998371047412e-03
1.026660661641148322e-03
1.008504799580413726e-03
9.832419891675696182e-04
9.641150085994602088e-04
9.466339754748005460e-04
9.291849989887104389e-04
9.092394035670602493e-04
8.908367279074310471e-04
8.700769004724643978e-04
8.441962486075094358e-04
8.289831382592464330e-04
8.163271398329004051e-04
8.068318679482319906e-04
7.978409237625078577e-04
7.918990616215653691e-04
7.856536128459195006e-04
7.793089902863055808e-04
7.716980468814163075e-04
7.644983626495476100e-04
7.595355500050565657e-04
7.542849759088974529e-04
7.516027509300532514e-04
7.478402023951121131e-04
7.417002084028097427e-04
7.351704291121552567e-04
7.299594756794556454e-04
7.235355418628930738e-04
7.182620366071803967e-04
7.143048315323540648e-04
7.109947063686664157e-04
7.071638734496588649e-04
7.040932893452866992e-04
6.989011758792935871e-04
6.954200071463551014e-04
6.915822100093205280e-04
6.869415000886325545e-04
6.830812654105582107e-04
6.798561655954510384e-04
6.772153344575089972e-04
6.746456231845527653e-04
6.715637252585663318e-04
6.688916655348800446e-04
6.641180704592778436e-04
6.597534195029098507e-04
6.552718154333264612e-04
6.504370507329325238e-04
6.451832832775940014e-04
6.392917160005370195e-04
6.343411750042699361e-04
6.269680364576993726e-04
6.216716815677134729e-04
6.169812284500110315e-04
6.081323429882889726e-04
5.998753666077088565e-04
5.937553454050129237e-04
5.862821699076448470e-04
5.794664892553874494e-04
5.738261998947930377e-04
5.674933544876995797e-04
5.633769387387795079e-04
5.592265152535583683e-04
5.565048503486871726e-04
5.545752560425814192e-04
5.528553122156271496e-04
5.506880447097100249e-04
5.489612977765683140e-04
5.468771925113951465e-04
5.436862161878394792e-04
5.409910131567566066e-04
5.383365170978431048e-04
5.354356026506420759e-04
5.309181392951170140e-04
5.273644352516852806e-04
5.254796599378321661e-04
5.241063364524876011e-04
5.230031938024845518e-04
5.220603755214521221e-04
5.209242454252523613e-04
5.199663881702395107e-04
5.193333736438828386e-04
5.187701701272835666e-04
5.180094235619015289e-04
5.170853779429907329e-04
5.190219148944920239e-04
5.118452234441847343e-04
5.042294355960372405e-04
4.929821283004410084e-04
4.828135649334910602e-04
4.724816767975254851e-04
4.634211803669427291e-04
4.561989140430331552e-04
4.495510180965737383e-04
4.445336208463764190e-04
4.404422608680856328e-04
4.371639258103627960e-04
4.342574452117512677e-04
4.313049355057991586e-04
4.288586525076735502e-04
4.267831054174477438e-04
4.252799188759292625e-04
4.236450364256978533e-04
4.222450694514500911e-04
4.207730491987398541e-04
4.188502807008423067e-04
4.175576064013754437e-04
4.160421285564738282e-04
4.145960855509125856e-04
4.134281244738664081e-04
4.119242781981348120e-04
4.101802634585205768e-04
4.082944608275123439e-04
4.067472175926957066e-04
4.055457526765027156e-04
4.037492581706760941e-04
4.023871297749077609e-04
4.005640502026657640e-04
3.986067510714507724e-04
3.971304646363700563e-04
3.952047081463766812e-04
3.932850301293872660e-04
3.912368139323111910e-04
3.897033024639466083e-04
3.882971458255210506e-04
3.863409141446263605e-04
3.839004846067101823e-04
3.821976810057044920e-04
3.809568963133190328e-04
3.791047639942944853e-04
3.776714442634891114e-04
3.759892686514409044e-04
3.743804631201782238e-04
3.731356288965531317e-04
3.714108665075915058e-04
3.695947380204201663e-04
3.680254653994211099e-04
3.664940070532739583e-04
3.649975603211635879e-04
3.640795142325729816e-04
3.627645227455194633e-04
3.616098655041680501e-04
3.602642952274602681e-04
3.591185360104653013e-04
3.579902946064410555e-04
3.565903707328238340e-04
3.549491033077841677e-04
3.534919452879310958e-04
3.520019741171518030e-04
3.493941535540482160e-04
3.469774588899620488e-04
3.444986837405873627e-04
3.416583276868306873e-04
3.394152013735145723e-04
3.369837594330280829e-04
3.341954857648743644e-04
3.308027052427348655e-04
3.278909265021573904e-04
3.254440042307789045e-04
3.219656998305342466e-04
3.192929258773631596e-04
3.169547850061978371e-04
3.144554491242725460e-04
3.115540361380663543e-04
3.094780795812709560e-04
3.079605602233097175e-04
3.052194775905659645e-04
3.024861634067242178e-04
3.005468651461827806e-04
2.980967235084750551e-04
2.959746911101005808e-04
2.936434181819818886e-04
2.914256004692537426e-04
2.899917869760651207e-04
2.886040322181195332e-04
2.865448742204040346e-04
2.846993084315439966e-04
2.835984316544071823e-04
2.822228581571284704e-04
2.803874977344749438e-04
2.788013576997162173e-04
2.772175031061057792e-04
2.759692037766804662e-04
2.745151356572693500e-04
2.731915824893937353e-04
3.049639594351359400e-04
2.965234847435170074e-04
2.923233105525241664e-04
2.891964456840279054e-04
2.868988944552729268e-04
2.839664008760640857e-04
2.813233150857958774e-04
2.792528253014150063e-04
2.773096989094058786e-04
2.751200661353618983e-04
2.730630860038576113e-04
2.715276974627846068e-04
2.695594818229769688e-04
2.683242771908468422e-04
2.668097068349887732e-04
2.657671474244889900e-04
2.644022055529340019e-04
2.627501794674226023e-04
2.613107058630614182e-04
2.598507402658311108e-04
2.587960984171522425e-04
2.573660452772496979e-04
2.559874461840819780e-04
2.552978058365586471e-04
2.538632145221237572e-04
2.529398199664913919e-04
2.519896147348129559e-04
2.511356988666724730e-04
2.502492446772728771e-04
2.494151116945881046e-04
2.487314828485409635e-04
2.478140075596435674e-04
2.472219728677900680e-04
2.464161752942255396e-04
2.457160292346607434e-04
2.449407294215897755e-04
2.443550626652837973e-04
2.434655193045532175e-04
2.429106723064425766e-04
2.422950116497498601e-04
2.417100033499888399e-04
2.410392991732644707e-04
2.403000972542061124e-04
2.395261386761698009e-04
2.389067845126826466e-04
2.382267485556054869e-04
2.375517801203140945e-04
2.370146034892694532e-04
2.365124159745546351e-04
2.360423219282543189e-04
2.356320926277932087e-04
2.353037388846023132e-04
2.350983511996482386e-04
2.349393383376058785e-04
2.347794071202477344e-04
2.345828640522529219e-04
2.344359369974245157e-04
2.342976415915589707e-04
2.341369937547613104e-04
2.339795926790786296e-04
2.338185451331313471e-04
2.335878198550662944e-04
2.332652646477381014e-04
2.329288728444681741e-04
2.324887174994958122e-04
2.321758697257477388e-04
2.318230543408669091e-04
2.313741244071749483e-04
2.311532839858231395e-04
2.308364927431280080e-04
2.303480148612888870e-04
2.297968720151157083e-04
2.292821685882118362e-04
2.286945154245040377e-04
2.282212147289397843e-04
2.275379855174317273e-04
2.270688044957055421e-04
2.265384998185959134e-04
2.260666358635796992e-04
2.255095641571886692e-04
2.248936100074107303e-04
2.241161756183302422e-04
2.232273258989496141e-04
2.223906787583666410e-04
2.214624550157973267e-04
2.207845758192869383e-04
2.201478717993821067e-04
2.192646161046997216e-04
2.181735350549205083e-04
2.171632186567842827e-04
2.165006404848267730e-04
2.157813666878559010e-04
2.147831718303620254e-04
2.138187542529001593e-04
2.131211299103211154e-04
2.121474184188452668e-04
2.111110765174567235e-04
2.100954857516062970e-04
2.089256657203472525e-04
2.081125992484502481e-04
5.106904149489008195e-04
4.661766557640495108e-04
4.399256402530728628e-04
4.225571858857280882e-04
4.100549912177837162e-04
3.925198208261561502e-04
3.760127028475884021e-04
3.618053477935644384e-04
3.503377820418867509e-04
3.401199264866206591e-04
3.303255072611903202e-04
3.253613685561196280e-04
3.195265540261683023e-04
3.134671830652564751e-04
3.093212893838948193e-04
3.027633696140142553e-04
2.984403629114839814e-04
2.912213160713276214e-04
2.860293862816763863e-04
2.806210847429059388e-04
2.761097174141018888e-04
2.715022512639549178e-04
2.680229373570665622e-04
2.638147224467173231e-04
2.600671969201967851e-04
2.560358287744809525e-04
2.522334467578399601e-04
2.495038374123681674e-04
2.476965656018506688e-04
2.455839501000416742e-04
2.437061362422384661e-04
2.418163738594408319e-04
2.397900054822080370e-04
2.378798288023330828e-04
2.357959548459113378e-04
2.337460005997229974e-04
2.314116778319666868e-04
2.291218840996512532e-04
2.270445634732409703e-04
2.253361260451009504e-04
2.232547660773447496e-04
2.211062378511087295e-04
2.198691108256203332e-04
2.179762510002160151e-04
2.165150262573520561e-04
2.151858289036855793e-04
2.138782630167978226e-04
2.125459870150140913e-04
2.115389759051281590e-04
2.104075861180888980e-04
2.096753473054513396e-04
2.087238075254957859e-04
2.079931910260110755e-04
2.073730941271852211e-04
2.069398939564611893e-04
2.064673397487460369e-04
2.059638297580301141e-04
2.056157391223797037e-04
2.053001765138988508e-04
2.050169810690631231e-04
2.047637352465504421e-04
2.044700534289746225e-04
2.042015616245289116e-04
2.038140944124425149e-04
2.034967316558692230e-04
2.032092670602122272e-04
2.030442157229021230e-04
2.028813517055373856e-04
2.027275755424881110e-04
2.025603304977910120e-04
2.023323441755477895e-04
2.020960268818711028e-04
2.018541267703049830e-04
2.015686668080761813e-04
2.013627570212361037e-04
2.010558081168159288e-04
2.007704142420080903e-04
2.004116421049501051e-04
2.000615357090847256e-04
1.996436530690805569e-04
1.990989637403005731e-04
1.986385888862144007e-04
1.981759790230515177e-04
1.977256957769678281e-04
1.970633082988173092e-04
1.965445198066945621e-04
1.959894158710924017e-04
1.954653833637222231e-04
1.949396025688298869e-04
1.944870763945113188e-04
1.939334766557735280e-04
1.935414937910759630e-04
1.931219285237851320e-04
1.927338147661462333e-04
1.923718086982435078e-04
1.920779780911453728e-04
1.917881035517666360e-04
1.915144757745441614e-04
1.911549044275298234e-04
1.907425636546747035e-04
