8.999799566112209881e-01
7.949359229845868180e-01
7.190484331603351764e-01
6.575081128421815801e-01
6.157962458445316312e-01
6.555579359185214061e-01
5.995607398238097518e-01
5.594456099135858285e-01
5.289342511639024691e-01
5.023610886567356770e-01
4.987909806345314778e-01
4.758456441232680745e-01
4.589289660616308053e-01
4.431640934286569800e-01
4.278783434478145020e-01
4.262421458002543795e-01
4.118272495409308620e-01
4.015542948140628510e-01
3.916476950463599893e-01
3.832584906481911746e-01
3.870739199815546039e-01
3.769058244643924693e-01
3.700953797812819301e-01
3.633751861371991021e-01
3.563373716072540387e-01
3.588959221714264625e-01
3.499065236265252454e-01
3.452755655169816862e-01
3.407477245221574025e-01
3.352971297173668042e-01
3.372004172735826311e-01
3.300636736429994333e-01
3.262902716528828795e-01
3.225306010094304288e-01
3.180246714938377850e-01
3.201449517824596636e-01
3.130993559362748591e-01
3.092260248415119595e-01
3.063470379756687567e-01
3.028571794261515349e-01
3.058809305091652608e-01
3.011644081127212158e-01
2.985792910138355682e-01
2.960151869868731245e-01
2.931585466544684992e-01
2.983838155678218418e-01
2.906065094680305161e-01
2.863874162148999925e-01
2.837564493688505829e-01
2.814390998767090646e-01
2.787241370305624244e-01
2.758610422575077936e-01
2.731340910999345284e-01
2.702231348057007598e-01
2.675914166502086911e-01
2.653828135587774639e-01
2.627490555107025449e-01
2.602189201779060990e-01
2.581475078628623909e-01
2.557773889637015019e-01
2.534347368861706862e-01
2.509273356802033672e-01
2.482178088314502817e-01
2.458643215119656333e-01
2.437548527324249203e-01
2.416458877493410373e-01
2.395732754779301976e-01
2.376979158821826699e-01
2.356669568657299707e-01
2.336890053111342347e-01
2.317851018194852786e-01
2.299582586477122159e-01
2.283247806510520783e-01
2.265080964524072149e-01
2.245338290839714590e-01
2.227995719722264123e-01
2.213126519549075688e-01
2.198989410643712450e-01
2.185296979548707885e-01
2.172271640869000431e-01
2.159530087907401141e-01
2.148977572454638940e-01
2.138873946403235804e-01
2.127715531414546279e-01
2.116781540690558794e-01
2.105596793808075518e-01
2.095115620147247892e-01
2.084735861959453318e-01
2.073681415699416275e-01
2.062972537520699756e-01
2.053380146478340218e-01
2.042415447059472700e-01
2.031217638628138311e-01
2.020004703033914384e-01
2.010065233018504538e-01
2.000779046715165099e-01
1.991252339803787907e-01
1.981415385822312414e-01
1.972732777850526031e-01
1.963138529584033398e-01
1.788750939794309935e-01
1.540254810231543314e-01
1.358028225855409665e-01
1.219516178121624050e-01
1.112535193345613599e-01
1.026090403690564506e-01
9.426281989281487528e-02
8.742565564070274575e-02
8.152710002924280774e-02
7.637130171730885375e-02
7.193523531805368076e-02
6.705311020550573653e-02
6.254621819821976070e-02
5.873637430931162584e-02
5.549001265201237293e-02
5.310502714625396636e-02
5.002759689997875875e-02
4.756252892241241009e-02
4.489409432181638848e-02
4.238598750440775165e-02
4.058720717616848966e-02
3.844371934489797943e-02
3.634768917025747725e-02
3.449247929932091478e-02
3.279469170558991370e-02
3.167422119056305385e-02
3.008669927497601565e-02
2.868350210213796436e-02
2.716578193594911331e-02
2.584583481301843191e-02
2.505019164483137523e-02
2.376461744214809421e-02
2.270011188548738679e-02
2.173178966020607172e-02
2.072362123734317052e-02
2.016205611405842008e-02
1.937248234472923811e-02
1.867520620113193724e-02
1.789863987539594761e-02
1.717881991768519315e-02
1.697698235487649782e-02
1.638329604233911690e-02
1.604261279798073828e-02
1.558891689127619995e-02
1.518315508739534470e-02
1.499144792645945405e-02
1.454380966458371748e-02
1.407200573812573616e-02
1.360605014230665231e-02
1.319041332735490166e-02
1.275782465721466384e-02
1.227846384667126076e-02
1.186334538187031051e-02
1.145282355647233435e-02
1.109124557024932650e-02
1.074432178050277985e-02
1.038117332303023672e-02
1.004876230096340105e-02
9.743798168368849807e-03
9.463019618697811330e-03
9.224612009683209185e-03
8.986031398867097564e-03
8.749238804268181027e-03
8.541836232124877179e-03
8.335888010765572093e-03
8.133383754574908739e-03
7.969782620606567780e-03
7.816126791578784788e-03
7.643556389204055404e-03
7.484805646737802826e-03
7.310914981223988300e-03
7.144903340679201187e-03
6.966741122689714544e-03
6.805480691082343297e-03
6.659691468760831068e-03
6.525919416104765912e-03
6.377323861929360196e-03
6.246868003328232694e-03
6.129976887196403670e-03
6.006414936781941799e-03
5.891160633167116280e-03
5.791299192625550679e-03
5.681266136061617622e-03
5.569739106518986974e-03
5.452673545427324728e-03
5.349238382253206602e-03
5.248090404671868457e-03
5.139594690824694258e-03
5.028164806458659299e-03
4.932105333763487330e-03
4.829413672865144960e-03
4.734515622961594540e-03
4.649750965930681164e-03
4.553743613821352107e-03
4.462318996760280924e-03
4.368038465400831023e-03
4.284083312959124056e-03
4.200534152289241673e-03
4.107287000626012527e-03
4.022403145202062963e-03
2.653373268414254901e-02
1.698939424560122827e-02
1.245329058067465647e-02
9.448905235727207350e-03
7.525027279499062020e-03
6.323662292160091986e-03
5.465856332238723352e-03
4.827904820797795232e-03
4.390908903254768514e-03
4.116771133425859742e-03
3.968667466374584292e-03
3.845392247352557268e-03
3.758064367608385335e-03
3.692779265969574690e-03
3.650848410450948777e-03
3.627546309104415397e-03
3.598866589385853101e-03
3.570538586143465632e-03
3.543815467182334124e-03
3.513037743860026197e-03
3.479685795188111261e-03
3.430919125581841957e-03
3.379203941117793833e-03
3.314913609633088429e-03
3.247048267492092487e-03
3.185528533604869896e-03
3.108625385744364679e-03
3.034194959335380273e-03
2.966071081515891505e-03
2.886766872926867320e-03
2.841074582324776797e-03
2.779190337033386835e-03
2.729720119835733500e-03
2.682234937996921809e-03
2.638683851231890271e-03
2.613450974837808367e-03
2.586247276296417021e-03
2.561253744961443975e-03
2.533336399106137209e-03
2.504765211494113398e-03
2.480197735085939992e-03
2.451301784211644755e-03
2.422326856286574452e-03
2.392185620046302294e-03
2.359510250080978921e-03
2.332652537784449514e-03
2.298384511962208408e-03
2.261033459607675235e-03
2.217926515909541055e-03
2.176677569901928292e-03
2.134083205787196038e-03
2.089257864918119944e-03
2.038601202731267232e-03
1.982706774098998755e-03
1.928384279309881865e-03
1.868351270066016508e-03
1.806724261945043351e-03
1.757182703870092131e-03
1.702112471171089974e-03
1.645294585540602603e-03
1.589574767152028166e-03
1.524374382272530469e-03
1.458700138195948232e-03
1.391015829844501278e-03
1.327833994887536988e-03
1.272216274227083591e-03
1.219853032274209473e-03
1.174350219335912500e-03
1.133244929335377148e-03
1.096147372826981100e-03
1.057975560728754072e-03
1.021914078332868472e-03
9.844718861584877360e-04
9.465090009941256807e-04
9.094406847016798688e-04
8.755226021089373587e-04
8.436248961272393206e-04
8.121228336130212506e-04
7.828035276397992499e-04
7.566015555441217479e-04
7.365143479039738209e-04
7.179667570891140604e-04
7.030903804168423064e-04
6.873835679025984977e-04
6.734227543734772232e-04
6.588655773833411314e-04
6.470174268023154429e-04
6.340618727307012915e-04
6.242302815564538566e-04
6.141093540185283035e-04
6.049295727730461501e-04
5.958287203593337763e-04
5.863910690519971020e-04
5.769934911049543749e-04
5.683958939934574640e-04
5.574173887916120161e-04
5.474667649046142904e-04
5.381905125938732945e-04
5.281128864824913239e-04
5.186958682076397943e-04
1.598818012884332951e-02
8.262153778290129771e-03
5.097772093862167585e-03
3.433210791641815810e-03
2.378887427441721009e-03
1.802241564577644400e-03
1.423202993907608273e-03
1.178426529357198263e-03
1.009812121714264224e-03
8.862692788232798616e-04
8.018252031641380072e-04
7.256215516522220282e-04
6.626584100854010723e-04
6.123186608667955744e-04
5.687676760596455192e-04
5.450416340664302351e-04
5.269502084293128594e-04
5.146768300038874954e-04
5.068401648072848363e-04
5.014861084033825052e-04
4.982201254306406566e-04
4.945287533676943383e-04
4.913451329205016649e-04
4.879256469146590501e-04
4.844326026320833136e-04
4.806536172508507946e-04
4.774754212879639783e-04
4.745692422933171805e-04
4.718589333573395715e-04
4.692566091170717580e-04
4.664673120507431873e-04
4.638658916152225628e-04
4.606423702205083692e-04
4.563737028896062086e-04
4.501558893100085978e-04
4.425737656025503027e-04
4.326966209964295098e-04
4.215209282033297250e-04
4.099687447537681798e-04
3.990015630487712462e-04
3.908367286898705253e-04
3.818722055955086139e-04
3.731325254270322642e-04
3.624650872613172786e-04
3.503679420766163443e-04
3.377738880974544429e-04
3.217393729466337844e-04
3.029092342567080761e-04
2.832643571197093779e-04
2.642651117899344785e-04
2.476894677316193250e-04
2.298811825569233578e-04
2.124225794266589224e-04
1.984213620559322215e-04
1.855776888689970308e-04
1.739739663509902315e-04
1.641648923247552465e-04
1.564471819255413242e-04
1.487566561247545408e-04
1.412195349911369126e-04
1.339268428308545652e-04
1.281050490853113304e-04
1.226559972798110841e-04
1.183281458194761053e-04
1.142542416839713597e-04
1.104607473043039517e-04
1.069038634774322589e-04
1.039560121484013632e-04
1.007938123111173868e-04
9.800186448947441678e-05
9.490583018370757254e-05
9.136946118773314328e-05
8.793249306889041575e-05
8.426100146074498912e-05
8.078319496257454276e-05
7.742286446188534007e-05
7.434587941911988986e-05
7.135869043108666898e-05
6.902516706156851505e-05
6.703471372538237960e-05
6.514524542166001870e-05
6.348759397596178300e-05
6.202242060856239382e-05
6.061452550985187431e-05
5.920404253144404894e-05
5.737159211425809318e-05
5.555390560359347983e-05
5.353601357119619968e-05
5.123816712641004155e-05
4.855937391067760101e-05
4.549424784821866883e-05
4.246017464363877389e-05
3.988717083697820994e-05
3.738769053113182034e-05
3.509732949079867186e-05
3.322948641454813548e-05
3.179194542083297101e-05
3.061484998920684916e-05
2.971671170894222265e-05
2.905016143433992003e-05
1.376241820114285433e-02
6.528908584992001822e-03
3.768701769268487187e-03
2.232215712041552957e-03
1.380657136154583029e-03
9.289486924346489769e-04
6.493051661099827343e-04
4.587675287287824432e-04
3.338929960291135918e-04
2.557708353234848064e-04
2.094699173725521866e-04
1.736512341917484674e-04
1.485591497098849361e-04
1.276001648577524880e-04
1.084963935414034845e-04
9.414442069467984233e-05
8.253809422138687910e-05
7.360467856883497412e-05
6.742014289318998504e-05
6.245775065632049776e-05
5.844762627470590741e-05
5.380919971177238739e-05
4.861997911869815695e-05
4.284822383658383742e-05
3.788984587125956754e-05
3.359406733900889146e-05
3.026504146642388090e-05
2.819724213145118866e-05
2.666816046660184513e-05
2.553487370362225760e-05
2.472576221774057883e-05
2.404106426388893117e-05
2.345525058608731621e-05
2.298855161658408622e-05
2.255849890525058097e-05
2.219665192162474185e-05
2.192121303036753555e-05
2.169797568450303839e-05
2.147657469519995285e-05
2.127184159969849387e-05
2.108654557150305188e-05
2.084738350560856889e-05
2.058385407285689392e-05
2.030132420833202639e-05
2.000648520428617423e-05
1.973323748828168065e-05
1.940618353437420179e-05
1.899777164225437741e-05
1.851214313686562612e-05
1.801229718874123670e-05
1.748214822534408745e-05
1.694523289853832639e-05
1.647327855673651127e-05
1.601123151832184064e-05
1.552236549058794060e-05
1.499300453958906389e-05
1.445194662541732944e-05
1.382143563424941458e-05
1.310364018821797533e-05
1.236337742305978700e-05
1.158806949275233206e-05
1.090242271130786335e-05
1.037150899160982374e-05
9.896506904252576418e-06
9.539877878126469996e-06
9.240159007058950226e-06
8.982084818861854045e-06
8.783633517753481961e-06
8.642832829112258170e-06
8.521105755078073834e-06
8.409014066077379287e-06
8.293161276516098225e-06
8.149210726153416294e-06
7.960925438776773720e-06
7.774411349913587749e-06
7.594759390776503027e-06
7.449485570969254251e-06
7.330779357565373051e-06
7.230315392025629498e-06
7.126063893358261525e-06
7.020501407389389173e-06
6.895339617745324516e-06
6.761481325372315339e-06
6.633675780875443628e-06
6.512536674436593558e-06
6.411807287996222586e-06
6.310421626302663571e-06
6.204187169496028606e-06
6.074805221495086563e-06
5.923265599673581713e-06
5.763390284126688672e-06
5.602481658720994759e-06
5.417139961035940235e-06
5.261642863303003909e-06
5.112522902737779284e-06
4.984107636640708871e-06
4.861552786149397773e-06
4.757187064269626298e-06
4.639838174754387675e-06
4.501537688128258084e-06
