1.802535114175835285e-01
9.002957395260963169e-02
6.382750259750931410e-02
5.034852329350945205e-02
4.180205852147719781e-02
3.662255783575283502e-02
3.245809189101728220e-02
2.875626150421970589e-02
2.575443531113661907e-02
2.355274214486234932e-02
2.183019704278171130e-02
2.022740162990565443e-02
1.872360952585202035e-02
1.749028727953816018e-02
1.654730749250803851e-02
1.573699690042961591e-02
1.492578169690654544e-02
1.406387891682304818e-02
1.343337050025959940e-02
1.279342027580989208e-02
1.231220994851033729e-02
1.173451883913161596e-02
1.120424484160512796e-02
1.067673017133445069e-02
1.030409220941073956e-02
9.963780340147844125e-03
9.655122077472679670e-03
9.354848593570767867e-03
9.088713995815901961e-03
8.852236436546459877e-03
8.647357629983297780e-03
8.432742651235416304e-03
8.202144915429233907e-03
7.911571638459482386e-03
7.689382377063609317e-03
7.539985496526639165e-03
7.391342133142689112e-03
7.219648194138761008e-03
7.065655509577219509e-03
6.925838215878312755e-03
6.787225007315073055e-03
6.649913150823819931e-03
6.523712142489959155e-03
6.407599712550754445e-03
6.301990477112749851e-03
6.227577301433935737e-03
6.138531382463319717e-03
6.050647328015313839e-03
5.950667101727284344e-03
5.865123941528928471e-03
5.782403021178225168e-03
5.685825244128375755e-03
5.592728446219335722e-03
5.506892827092701830e-03
5.434281277329713888e-03
5.352491003594327980e-03
5.276454331080638466e-03
5.204466771648859000e-03
5.143374578445825997e-03
5.082545516347680703e-03
5.027394313818446189e-03
4.973731338450729580e-03
4.921874171339228089e-03
4.869863962116749434e-03
4.818202282426164648e-03
4.775652075438449780e-03
4.730388915943091639e-03
4.690418895277195278e-03
4.648032943210351695e-03
4.609559094258466536e-03
4.565481464375245428e-03
4.529099305606684896e-03
4.492150424841488687e-03
4.452987094905691209e-03
4.418535868135429340e-03
4.386676631718878540e-03
4.351012291290678666e-03
4.315716885668868796e-03
4.283545732604321539e-03
4.249316445072101080e-03
4.215898918334375599e-03
4.188874847028238764e-03
4.158442468636948733e-03
4.128670561322256120e-03
4.099265781866231854e-03
4.073587451731163801e-03
4.044869737746949016e-03
4.013132327563143260e-03
3.981486724717049619e-03
3.951975695354032099e-03
3.917587636398108843e-03
3.885049601168481543e-03
3.857873481025115951e-03
3.827063710525379758e-03
3.801018880289221049e-03
3.770680354593512751e-03
3.747139068724825769e-03
3.720100555745275376e-03
3.694544942542061020e-03
3.669814548525426878e-03
4.806391228039280303e-03
3.962938376791065413e-03
3.540673007293982082e-03
3.304012275756502536e-03
3.146532612525295303e-03
3.038786026262714143e-03
2.953587559719791488e-03
2.884450529704741650e-03
2.823145066488807510e-03
2.763642474073723168e-03
2.716654939604661208e-03
2.671647259772575930e-03
2.630274630412215205e-03
2.585293393345733381e-03
2.554994540040175007e-03
2.522203027934436653e-03
2.487104998565717925e-03
2.451627667014610705e-03
2.418349997318896931e-03
2.390715251249587395e-03
2.364665195652377715e-03
2.342536240952775191e-03
2.322067147983727410e-03
2.297740524824882277e-03
2.273808524384341931e-03
2.253876449461977328e-03
2.231976514134622128e-03
2.212715614306892762e-03
2.189126781729905206e-03
2.168440990878785918e-03
2.150663009503043892e-03
2.129742384352201982e-03
2.111824007501851563e-03
2.094429133415220794e-03
2.076614873148854498e-03
2.061752955570442681e-03
2.046604344337113555e-03
2.031110572247400974e-03
2.015609155053976406e-03
1.999077911959281674e-03
1.987520601755771946e-03
1.972445047231404739e-03
1.959519240321442278e-03
1.945126025600550255e-03
1.932974392703910686e-03
1.926565681880371052e-03
1.914428536090986193e-03
1.902314210108236583e-03
1.888170168661832326e-03
1.875630131175910070e-03
1.862007264915403141e-03
1.848832167660272290e-03
1.837856560730508374e-03
1.829920805962771853e-03
1.818919951479513889e-03
1.808296845209075941e-03
1.798782566891611633e-03
1.790343652123737835e-03
1.782234318593586787e-03
1.773148338407509262e-03
1.763648759534928263e-03
1.752241519051780157e-03
1.742623784350169017e-03
1.734230731241785456e-03
1.725483628671263796e-03
1.718224639005067793e-03
1.709959310106139814e-03
1.702447010896428452e-03
1.694519565746762388e-03
1.687293937757403713e-03
1.679671135392005752e-03
1.671967023196168408e-03
1.664044662887792774e-03
1.656301858354700899e-03
1.648442168639074239e-03
1.641397949721444668e-03
1.633567151174460802e-03
1.625586408564386144e-03
1.615961840047676996e-03
1.607309458523670329e-03
1.597974004360688729e-03
1.589868309772296279e-03
1.579883093494898480e-03
1.572155560666594959e-03
1.564635521579713648e-03
1.555751462007191367e-03
1.547005239959226702e-03
1.538642212721777047e-03
1.531696016239363729e-03
1.525193788457666335e-03
1.517665830956056857e-03
1.511478205271112084e-03
1.504627510528802311e-03
1.497953549407260573e-03
1.490413015387410641e-03
1.482755536743193825e-03
1.475903217104022891e-03
1.468486631303268309e-03
1.461473615468245838e-03
1.454913508103051556e-03
4.205250887113951529e-03
2.925468962030970590e-03
2.396571550499377971e-03
2.066947268610882203e-03
1.853243470887129497e-03
1.704878722530027944e-03
1.588718131517820103e-03
1.506703114255691141e-03
1.435303000859736730e-03
1.375253011683735035e-03
1.328866282776114969e-03
1.291423942580186088e-03
1.254263330626492366e-03
1.224269831929242127e-03
1.194448297163837889e-03
1.165060983905279613e-03
1.139593073445250042e-03
1.116246260770161966e-03
1.099140968810025012e-03
1.080565364499012915e-03
1.063616680205127984e-03
1.047254417052147007e-03
1.030826948501804103e-03
1.014993582591886467e-03
9.987724551768842329e-04
9.854156211625078338e-04
9.704789176372270428e-04
9.601302458452712352e-04
9.479396926904137821e-04
9.377330887332810871e-04
9.263716183861640504e-04
9.141373826310673261e-04
9.047799949194241685e-04
8.952338954699451011e-04
8.865526023408852639e-04
8.762395641458009402e-04
8.670935486619589516e-04
8.569882960200072685e-04
8.489697295027970195e-04
8.411360960343274408e-04
8.334890107026037085e-04
8.256259385547353108e-04
8.183129044821176425e-04
8.108306396233088678e-04
8.027561152107614596e-04
7.954910546207475449e-04
7.895103755758421226e-04
7.836254070076010495e-04
7.763366057978583583e-04
7.700010253122868556e-04
7.639873053743960604e-04
7.587915371449659640e-04
7.535301175227916053e-04
7.480864229528707719e-04
7.432504142344751588e-04
7.386720471187171360e-04
7.331715451029479323e-04
7.277062006477056462e-04
7.232071619534237786e-04
7.184214836714475231e-04
7.136589538641460251e-04
7.089449524482695393e-04
7.041066363774795998e-04
6.982435128921994985e-04
6.932050641931679401e-04
6.880234617243551022e-04
6.835564011085318997e-04
6.795156777920924188e-04
6.766927538654396966e-04
6.726139782701484474e-04
6.679257997332239656e-04
6.636963763534278835e-04
6.592317138265344802e-04
6.551816648266869892e-04
6.505399557955432975e-04
6.462645759043671818e-04
6.419987368439754446e-04
6.377486993139391607e-04
6.346490384225806974e-04
6.306041120588748699e-04
6.269642936443774054e-04
6.236472989100448963e-04
6.200998605480155914e-04
6.164812149119157326e-04
6.128329023623570399e-04
6.101880835619659469e-04
6.068475385112764636e-04
6.042551108150920683e-04
6.018246171001573677e-04
5.995996939062767615e-04
5.967810457130209379e-04
5.941199620758765877e-04
5.917534242740842736e-04
5.890270084235832253e-04
5.865547118550908058e-04
5.836737840868955023e-04
5.810010611129732324e-04
5.787404750952968762e-04
5.759685955077903765e-04
5.727706068557972827e-04
6.218907429082908174e-03
3.818652418715363234e-03
2.747001110011806305e-03
2.077526907367743553e-03
1.729022508095893248e-03
1.569321675881376514e-03
1.376271144916294768e-03
1.229653449813485327e-03
1.112514457835102940e-03
1.027463087432624886e-03
9.511084802694519088e-04
8.846645372483834344e-04
8.324761472047052021e-04
7.787642561678917354e-04
7.315215498121136481e-04
6.967543443157432929e-04
6.623398596295198724e-04
6.348721107546344972e-04
6.045647123224201589e-04
5.792303785875702786e-04
5.571551849906088106e-04
5.350209515539226628e-04
5.149321696136364588e-04
4.939392514744781653e-04
4.784777444947087678e-04
4.617098095850342455e-04
4.438095529375263109e-04
4.291665634184259315e-04
4.146662171290716164e-04
4.025994855977865490e-04
3.915344302725177247e-04
3.791994613494104830e-04
3.682820543714108519e-04
3.575679036689220140e-04
3.471105743685176204e-04
3.361544886702298989e-04
3.265559352146867457e-04
3.158265048435503815e-04
3.070897532714255145e-04
2.982376393299337449e-04
2.901350387040138568e-04
2.823096216042518059e-04
2.745300368084942840e-04
2.667259987868255897e-04
2.591876012086646907e-04
2.531614475472826107e-04
2.461579048200789911e-04
2.384227148408589122e-04
2.319384115712449948e-04
2.249690172917668889e-04
2.186613815151321346e-04
2.123926825774460577e-04
2.058573244966662092e-04
1.994367178575986608e-04
1.938577185462719051e-04
1.884923399776090370e-04
1.828080506374300828e-04
1.772468139939771656e-04
1.725455799484031257e-04
1.681215095357018515e-04
1.638813018453271332e-04
1.587960065925282833e-04
1.547118323446954491e-04
1.501092789825126512e-04
1.463957881644763757e-04
1.428365512046647016e-04
1.389529586303323353e-04
1.351470236465588174e-04
1.310262898603304423e-04
1.270485555587519367e-04
1.236166483712253109e-04
1.203922802103723566e-04
1.171276269323092675e-04
1.138158879793503087e-04
1.108066100157262284e-04
1.072152803161754460e-04
1.043592270925107523e-04
1.016243701377072015e-04
9.857105254294466084e-05
9.577419098583225994e-05
9.289516832728419689e-05
9.024825295481115749e-05
8.742105208164372798e-05
8.485205759834923338e-05
8.265542717109209216e-05
8.063452198516606994e-05
7.861412402983646692e-05
7.675406729911215576e-05
7.489032594435289796e-05
7.257405571908953927e-05
7.078099463931845491e-05
6.913868366719551578e-05
6.735022553862504539e-05
6.562970350079638620e-05
6.424251013541269848e-05
6.268606515914720476e-05
6.130289243659970755e-05
5.984378363803316271e-05
5.838974847755113020e-05
5.668775468119207896e-05
3.730599495228174856e-02
3.266451104354187174e-02
3.016220491695581485e-02
2.770258186912696180e-02
2.529244922956561115e-02
2.354062929759988612e-02
1.706341744542858030e-02
1.520049361221501028e-02
1.354982831297446393e-02
1.224291407766807047e-02
1.164901069730299096e-02
1.054699678126312656e-02
9.611797117492120249e-03
8.782428861418174748e-03
7.927550825258445136e-03
8.897538739074933173e-03
8.063351915825675564e-03
7.617421470101169885e-03
6.882102810375872494e-03
6.517591890896117825e-03
6.525345236485156214e-03
6.128031735957378302e-03
5.735545107641451187e-03
5.338656487632989327e-03
4.916114586009643662e-03
4.656170235000460338e-03
4.166407290254031323e-03
3.879278149508377359e-03
3.571217436792463538e-03
3.265007732757803545e-03
2.915112268397454087e-03
2.579745099223772903e-03
2.352127996370047963e-03
2.168299797338239104e-03
1.994494356285844879e-03
1.978560917463096681e-03
1.846512790260107593e-03
1.716445657572231729e-03
1.617130216515639662e-03
1.539329557134053823e-03
1.498901564729397543e-03
1.446864079795875599e-03
1.390267164492686334e-03
1.343680059315751621e-03
1.307242079666292786e-03
1.262067495728627165e-03
1.223661926050932788e-03
1.198687558429603920e-03
1.168117265156607375e-03
1.141826059911208672e-03
1.108375399081682833e-03
1.071756894127050275e-03
1.038697291027086862e-03
1.008296982388956963e-03
9.846583433189110782e-04
9.561441303947314967e-04
9.298986237534926161e-04
9.111873072505063302e-04
8.923342320575399032e-04
8.699763275520804636e-04
8.504698279104520734e-04
8.302070440380708398e-04
8.114722483089493966e-04
7.977185470528946236e-04
7.808929045296864394e-04
7.633697740780235382e-04
7.528308028029159554e-04
7.342606240837991046e-04
7.127297843270109443e-04
7.046329570658149037e-04
6.962775905382233852e-04
6.891486838273613771e-04
6.802497945950119248e-04
6.703193642496823408e-04
6.592046549247210490e-04
6.527580800713567990e-04
6.407712515677172274e-04
6.304086826675424490e-04
6.212380319041979019e-04
6.127287773476786234e-04
6.068575024092569183e-04
6.007217517679299410e-04
5.944238443096275942e-04
5.823467320148773951e-04
5.746822977302247764e-04
5.671371648243346292e-04
5.587828801853843936e-04
5.497999715705199041e-04
5.413319314721316703e-04
5.329193912551779665e-04
5.249568366481102005e-04
5.149969159632982515e-04
5.058158623632370886e-04
4.972224550071834785e-04
4.847786324110081634e-04
4.678553091961781948e-04
4.611958711550304016e-04
4.537385222668879111e-04
4.435133323383325067e-04
4.359655343240467231e-04
