9.939964954372203509e-01
9.747996832465096739e-01
9.417751139165061458e-01
9.120017180736084139e-01
8.821851043878811138e-01
8.449857299279255329e-01
8.056893993467023618e-01
7.839188275743336209e-01
7.672694890062904394e-01
7.609366401355645015e-01
7.324049857841528066e-01
7.211907464663873668e-01
6.954490358276889106e-01
6.872005798924695208e-01
6.840737734439833462e-01
6.737498683350188200e-01
6.649094125634944508e-01
6.431572665368501251e-01
6.043170754360265295e-01
5.902230894467215272e-01
5.796803861125564561e-01
5.665043247708880791e-01
5.577159705454434180e-01
5.248604924027022722e-01
5.163427046760600270e-01
5.106497408475749733e-01
5.076355114979392846e-01
5.044844608255373286e-01
5.017828372625163791e-01
4.983357043701126532e-01
4.911872174441704875e-01
4.888177909237437779e-01
4.878813834129057114e-01
4.872246534445425215e-01
4.855179647328501380e-01
4.788281082051805138e-01
4.726373158749128112e-01
4.689291581843879064e-01
4.662854619678537538e-01
4.661106708793038012e-01
4.656557706990961942e-01
4.650215026386987915e-01
4.648798307681978881e-01
4.647861883854370046e-01
4.646905856113477395e-01
4.636917643321731286e-01
4.630985864122983409e-01
4.628935399425436192e-01
4.625072093077599034e-01
4.622263167789532057e-01
4.492421242779724988e-01
4.478609956297222583e-01
4.477933802668905838e-01
4.472227213409560864e-01
4.469371052919654530e-01
4.468112876334074390e-01
4.437865963003689851e-01
4.424458526553259885e-01
4.423383970752871597e-01
4.422219988931550549e-01
4.403305148860728879e-01
4.394295282967867755e-01
4.388541068052247973e-01
4.385802057202672910e-01
4.379317191646144303e-01
4.376188965768715300e-01
4.363318727848902734e-01
4.354687331466215450e-01
4.353303761572733799e-01
4.352337710324007403e-01
4.350791036326983052e-01
4.291644501024358127e-01
4.255101367880588237e-01
4.215745564267857626e-01
4.196823471519607329e-01
4.193276272990701381e-01
4.191467657485453135e-01
4.187536390937001696e-01
4.186207066190978932e-01
4.185415352164485459e-01
4.184573888890005255e-01
4.184197955325973384e-01
4.183791202697628719e-01
4.183125787945469187e-01
4.180891945102850338e-01
4.178677330265911927e-01
4.178169077558164246e-01
4.163713353477105916e-01
4.121573197124782095e-01
4.113967268120578002e-01
4.110104583236748321e-01
4.108327912092534229e-01
4.058796689170236505e-01
4.042699176851963783e-01
4.032768298418110686e-01
4.028909547782009160e-01
4.027398865722343624e-01
4.026267848968169694e-01
3.962119433318578854e-01
3.949112004640762952e-01
3.946726843369011140e-01
3.941476397573634438e-01
3.933559029984230460e-01
3.929050497316184942e-01
3.927029390734878000e-01
3.909959297709237891e-01
3.901424531446935351e-01
3.893652522603123778e-01
3.888443450664484935e-01
3.887024984401192818e-01
3.886783624280732985e-01
3.886655510146058146e-01
3.886532513740548200e-01
3.878564065960379836e-01
3.871153814899860324e-01
3.871007555708647629e-01
3.870870256179761437e-01
3.870773721614442775e-01
3.870586836701864208e-01
3.870420962416643573e-01
3.870286417349540486e-01
3.870164405798937612e-01
3.870115183388475599e-01
3.867221365935539223e-01
3.863000290023121952e-01
3.862217909013294648e-01
3.861809370976228561e-01
3.861645652271205598e-01
3.861445668934820330e-01
3.861355836122267737e-01
3.861309617426388341e-01
3.857047820943078076e-01
3.856737361288315458e-01
3.856415777245695287e-01
3.856120903133166133e-01
3.852978917906532130e-01
3.847652816974153622e-01
3.843167821806888762e-01
3.837286809199434989e-01
3.831695341088972584e-01
3.831584464470517148e-01
3.831482839995180023e-01
3.822524581293545998e-01
3.815672782957166276e-01
3.807609759486997869e-01
3.802828082081839978e-01
3.802760601510355998e-01
3.795161317888919861e-01
3.787138405741717895e-01
3.774526802013450921e-01
3.771523765604421485e-01
3.770976534053843143e-01
3.770813801436999069e-01
3.770769677131084463e-01
3.766050467241431887e-01
3.761479833210049084e-01
3.759702481113676997e-01
3.752945587912637215e-01
3.746268173485314268e-01
3.743044680900822763e-01
3.741092622247009780e-01
3.737321532563789850e-01
3.736398987061033128e-01
3.736243415782437571e-01
3.736150706718545655e-01
3.736123912942405645e-01
3.736091540179677928e-01
3.733846658923839490e-01
3.732103814011035747e-01
3.726413422941237674e-01
3.719096987407397026e-01
3.718832302261105838e-01
3.717099678575430666e-01
3.716235605157350297e-01
3.716103685499511644e-01
3.716038017839642382e-01
3.707836908574771440e-01
3.684645491072268131e-01
3.678751886577708574e-01
3.675773835358093211e-01
3.674126325424222905e-01
3.673768966700771688e-01
3.668675075687973797e-01
3.664116451621916570e-01
3.663876695363513236e-01
3.663828827421574119e-01
3.659399357103519934e-01
3.656717613392599375e-01
3.655568021668164636e-01
3.654302475722596699e-01
3.654145536942241534e-01
3.654064314525221069e-01
3.653951418149974373e-01
3.653849563261491462e-01
3.650134829703617356e-01
3.647916017691290591e-01
3.647860025296952302e-01
3.647830230665841111e-01
3.633968616318969946e-01
3.631123845306504783e-01
3.626905180170548193e-01
3.624907609777465733e-01
3.621635848952334813e-01
3.621460148674073287e-01
3.621309802380578424e-01
3.621067098408053964e-01
3.602267609916319224e-01
3.588330947953054517e-01
3.587994888114163228e-01
3.587391672568220335e-01
3.586493934853169363e-01
3.585764423784644217e-01
3.585608939409378193e-01
3.585493616720752952e-01
3.584349318846993815e-01
3.580036445261300937e-01
3.574963539124825784e-01
3.574342451937585485e-01
3.574268844441012560e-01
3.542316185972100850e-01
3.538270225981586248e-01
3.535342781216426755e-01
3.535064424515609316e-01
3.534409763912486069e-01
3.532540626590681132e-01
3.532301497232693266e-01
3.530761618139656166e-01
3.529530260982029488e-01
3.527452391396948550e-01
3.525506793261500849e-01
3.525289958499497889e-01
3.525129052574076383e-01
3.525064777682780370e-01
3.511098755355709922e-01
3.508977196997405956e-01
3.505207162654188635e-01
3.505108637443423714e-01
3.504996513480301834e-01
3.504013627893711735e-01
3.503990964317917345e-01
3.503700793210071662e-01
3.500315368551177864e-01
3.497347717972484338e-01
3.497169317519914777e-01
3.497102685609453365e-01
3.497077572816510993e-01
3.497059253952556346e-01
3.487384129177822367e-01
3.481120695283504429e-01
3.481089310304212869e-01
3.481050656590224945e-01
3.478353367960461684e-01
3.478139484374863089e-01
3.477987391518990723e-01
3.476707532178854865e-01
3.476550016362164874e-01
3.476540017063061705e-01
3.476531035327427022e-01
3.475851881273295807e-01
3.475648007842375153e-01
3.462586759638979217e-01
3.453921682414267114e-01
3.452226972959827611e-01
3.451920714178470795e-01
3.451668066461335282e-01
3.449825835586104450e-01
3.446695431048676372e-01
3.444125024117186129e-01
3.443911599936995693e-01
3.443830111116465975e-01
3.442579682011112641e-01
3.441975871375911877e-01
3.439676382026490287e-01
3.438016322254371926e-01
3.437492764356921415e-01
3.437472625548403937e-01
3.435319357746541846e-01
3.434382179062494544e-01
3.433795963047799327e-01
3.433567302687134393e-01
3.433462007027047735e-01
3.433048363272233616e-01
3.432858871006542190e-01
3.432772494913924888e-01
3.432718337273105713e-01
3.432697828304170362e-01
3.426736578305682457e-01
3.424449487372381307e-01
3.423216271800879618e-01
3.421466589099160238e-01
3.420312194624092195e-01
3.419988299110799379e-01
3.419576341442770451e-01
3.418704166977663550e-01
3.418524522244949515e-01
3.418288072521014076e-01
3.416147831795065537e-01
3.415861050031867574e-01
3.415388309641542164e-01
3.415189005812888090e-01
3.415128306025529414e-01
3.413899135758921011e-01
3.413818908634213556e-01
3.413153948644608859e-01
3.413079033527536277e-01
3.413055838520683838e-01
3.413038019298822445e-01
3.411016002237279299e-01
3.409049923548096994e-01
3.408654337399781298e-01
3.408489788688625066e-01
3.408398214592591180e-01
3.407618736180929031e-01
3.407264853453546571e-01
3.406639550520867976e-01
3.406477406962171162e-01
3.405963140415436685e-01
3.405583099787489187e-01
3.405067508925622710e-01
3.404745127543814531e-01
3.404656066253470836e-01
3.404579190290782931e-01
3.403594318053067003e-01
3.402742252720898919e-01
3.402722099224504415e-01
3.402666768670901121e-01
3.401724196012608781e-01
3.401414487710093248e-01
3.401326200204785599e-01
3.399165144243536107e-01
3.397150270622263379e-01
3.397140302216246632e-01
3.397131167909203664e-01
3.392161460850791066e-01
3.389177885138552893e-01
3.387381856087883780e-01
3.387143184001999985e-01
3.386733916174332615e-01
3.386420231169301465e-01
3.385957840507890504e-01
3.385809758720881302e-01
3.382185252938108566e-01
3.379662173971625383e-01
3.378939615640415561e-01
3.378887932608959921e-01
3.378832987601275706e-01
3.377836732142326936e-01
3.377790456468985347e-01
3.377005301111133395e-01
3.376973428486061413e-01
3.376067736261048058e-01
3.375439179973176440e-01
3.375307111935336168e-01
3.375261710146208460e-01
3.375261710146208460e-01
3.375261710146208460e-01
3.375261710146208460e-01
3.375261710146208460e-01
3.375261710146208460e-01
3.375261710146208460e-01
3.375261710146208460e-01
3.375261710146208460e-01
3.375261710146208460e-01
3.375261710146208460e-01
3.375261710146208460e-01
3.375261710146208460e-01
3.375261710146208460e-01
3.375261710146208460e-01
3.375261710146208460e-01
3.375261710146208460e-01
3.375261710146208460e-01
3.375261710146208460e-01
3.375261710146208460e-01
3.375261710146208460e-01
3.375261710146208460e-01
3.375261710146208460e-01
3.375261710146208460e-01
3.375261710146208460e-01
3.375261710146208460e-01
3.375261710146208460e-01
3.375261710146208460e-01
3.375261710146208460e-01
3.375261710146208460e-01
3.375261710146208460e-01
3.375261710146208460e-01
3.375261710146208460e-01
3.375261710146208460e-01
3.375261710146208460e-01
3.375261710146208460e-01
3.375261710146208460e-01
3.375261710146208460e-01
3.375261710146208460e-01
3.375261710146208460e-01
3.375261710146208460e-01
3.375261710146208460e-01
3.375261710146208460e-01
3.375261710146208460e-01
3.375261710146208460e-01
3.375261710146208460e-01
3.375261710146208460e-01
3.375261710146208460e-01
3.375261710146208460e-01
3.375261710146208460e-01
3.375261710146208460e-01
3.375261710146208460e-01
3.375261710146208460e-01
3.375261710146208460e-01
3.375261710146208460e-01
3.375261710146208460e-01
3.375261710146208460e-01
3.375261710146208460e-01
3.375261710146208460e-01
3.375261710146208460e-01
3.375261710146208460e-01
3.375261710146208460e-01
3.375261710146208460e-01
3.375261710146208460e-01
3.375261710146208460e-01
3.375261710146208460e-01
3.375261710146208460e-01
3.375261710146208460e-01
3.375261710146208460e-01
3.375261710146208460e-01
3.375261710146208460e-01
3.375261710146208460e-01
3.375261710146208460e-01
3.375261710146208460e-01
3.375261710146208460e-01
3.375261710146208460e-01
3.375261710146208460e-01
3.375261710146208460e-01
3.375261710146208460e-01
3.375261710146208460e-01
3.375261710146208460e-01
3.375261710146208460e-01
3.375261710146208460e-01
3.375261710146208460e-01
3.375261710146208460e-01
3.375261710146208460e-01
3.375261710146208460e-01
3.375261710146208460e-01
3.375261710146208460e-01
3.375261710146208460e-01
3.375261710146208460e-01
3.375261710146208460e-01
3.375261710146208460e-01
3.375261710146208460e-01
3.375261710146208460e-01
3.375261710146208460e-01
3.375261710146208460e-01
3.375261710146208460e-01
3.375261710146208460e-01
3.375261710146208460e-01
3.375261710146208460e-01
3.375261710146208460e-01
3.375261710146208460e-01
3.375261710146208460e-01
3.375261710146208460e-01
3.375261710146208460e-01
3.375261710146208460e-01
3.375261710146208460e-01
3.375261710146208460e-01
3.375261710146208460e-01
3.375261710146208460e-01
3.375261710146208460e-01
3.375261710146208460e-01
3.375261710146208460e-01
3.375261710146208460e-01
3.375261710146208460e-01
3.375261710146208460e-01
3.375261710146208460e-01
3.375261710146208460e-01
3.375261710146208460e-01
3.375261710146208460e-01
3.375261710146208460e-01
3.375261710146208460e-01
3.375261710146208460e-01
3.375261710146208460e-01
3.375261710146208460e-01
3.375261710146208460e-01
3.375261710146208460e-01
3.375261710146208460e-01
3.375261710146208460e-01
3.375261710146208460e-01
3.375261710146208460e-01
3.375261710146208460e-01
3.375261710146208460e-01
3.375261710146208460e-01
3.375261710146208460e-01
3.375261710146208460e-01
3.375261710146208460e-01
3.375261710146208460e-01
3.375261710146208460e-01
3.375261710146208460e-01
3.375261710146208460e-01
3.375261710146208460e-01
3.375261710146208460e-01
3.375261710146208460e-01
3.375261710146208460e-01
3.375261710146208460e-01
