4.881084735947887054e-01
3.277622229428235889e-01
2.616111629030501429e-01
2.244288611981826165e-01
2.032860371115287612e-01
2.000785739295953547e-01
1.791601489642307421e-01
1.606049458837346122e-01
1.474033820632124903e-01
1.365689522159156954e-01
1.314888555950118887e-01
1.239157048839375497e-01
1.174564358928456842e-01
1.116175394172851526e-01
1.062210613431095046e-01
1.031700082837425370e-01
9.766895709156876715e-02
9.323567587983126737e-02
8.945174359854415891e-02
8.609453599323375894e-02
8.463943005552056198e-02
8.129851015960527783e-02
7.860763845579153697e-02
7.606759847682628695e-02
7.402314898170377078e-02
7.347825629975773820e-02
7.155327401980704494e-02
6.988350607144951099e-02
6.818283742135852754e-02
6.670610997865078495e-02
6.633230842666981708e-02
6.453829501758624743e-02
6.313008882071907690e-02
6.180226414618823078e-02
6.067139048388481976e-02
6.038104186395164968e-02
5.912317043214358053e-02
5.798727349166255679e-02
5.690667269009216933e-02
5.586365983245228373e-02
5.563818408541663235e-02
5.439311238701594053e-02
5.349263052778439193e-02
5.262535076330922962e-02
5.179825575626064577e-02
5.196752569189850429e-02
5.106139403395467541e-02
5.014245192387096345e-02
4.939816437882879607e-02
4.864620813458912091e-02
4.785175334820106208e-02
4.729583235557185267e-02
4.675387070830680503e-02
4.624029046108858731e-02
4.573496061850007566e-02
4.526732785541213305e-02
4.471348379425522240e-02
4.417525171083386964e-02
4.365487631020074227e-02
4.325064996470073808e-02
4.282373640558286010e-02
4.229898124905751705e-02
4.183959162844105850e-02
4.143897624823072307e-02
4.087104396344373725e-02
4.041070606932824910e-02
3.992478652115502569e-02
3.957287108575439916e-02
3.920964217299856974e-02
3.887582642794924770e-02
3.850950426601054688e-02
3.812952547430326078e-02
3.775942953213061448e-02
3.735873834705598362e-02
3.701874354636625064e-02
3.667164054346971902e-02
3.636608145935268932e-02
3.601771792346541295e-02
3.567367717152669648e-02
3.535697578647836736e-02
3.496984853923492537e-02
3.465833888743678759e-02
3.438818430471434623e-02
3.411561701061976287e-02
3.382857396518189341e-02
3.358569404470961028e-02
3.335373941461224068e-02
3.307224025724946753e-02
3.280265261797091214e-02
3.250043714096834124e-02
3.220490388810565152e-02
3.190426108788185083e-02
3.165248768273666580e-02
3.134713699061913994e-02
3.109148604458848719e-02
3.079759725018716907e-02
3.054235142933086136e-02
3.028705805426605210e-02
3.007950866883810775e-02
2.988586031551845532e-02
3.099457968383109024e-02
2.836952574939998264e-02
2.638014426186727907e-02
2.516486229220274429e-02
2.414291214765972374e-02
2.330708838689348611e-02
2.249816462413979992e-02
2.192374966595312183e-02
2.138014192038894395e-02
2.093927633747000652e-02
2.048051950231568816e-02
2.003168543078021752e-02
1.967350355364094402e-02
1.935834509529126002e-02
1.907939277135010936e-02
1.884063754766670401e-02
1.852600004224987454e-02
1.823633094514855515e-02
1.800813536690473032e-02
1.777101426135608425e-02
1.761659857430086448e-02
1.744541879888990288e-02
1.726933720510214973e-02
1.707281337523815223e-02
1.687443398429869235e-02
1.671892593154761242e-02
1.648610979322511286e-02
1.626903126928247109e-02
1.603623781232864018e-02
1.583478286863051684e-02
1.575252078861668140e-02
1.558330560256503475e-02
1.541899644392564182e-02
1.527543301812595705e-02
1.513386585945218112e-02
1.505940663984023202e-02
1.491925211821369668e-02
1.477418496976341117e-02
1.461701407312774280e-02
1.447931101910757828e-02
1.443076627601695520e-02
1.431107351793279268e-02
1.418832022112547983e-02
1.407114577562960066e-02
1.394402725149056221e-02
1.387793708048115464e-02
1.375678524376417432e-02
1.363527262050026785e-02
1.350771682747038682e-02
1.340730621601745644e-02
1.329408923967576560e-02
1.318273199640801994e-02
1.309418402068037238e-02
1.299756176452222280e-02
1.289958821664238114e-02
1.279755038875452812e-02
1.270092881239628414e-02
1.260204721044255564e-02
1.251060770408973441e-02
1.242381471849588956e-02
1.233610797189130422e-02
1.224458246506525232e-02
1.215544250522049979e-02
1.206686830925737287e-02
1.198927551143982861e-02
1.191697228548509353e-02
1.183780644636131009e-02
1.176328332098921722e-02
1.169129881661823932e-02
1.161937266075647318e-02
1.155105918020333730e-02
1.148724213630365927e-02
1.141795295684959639e-02
1.134867258169283168e-02
1.129002076374210732e-02
1.122776845009032867e-02
1.115932561424163270e-02
1.109456699603237825e-02
1.103094663817628419e-02
1.097232421579436359e-02
1.091502260439150378e-02
1.084961386307473248e-02
1.079487696753685284e-02
1.074355113101739360e-02
1.068701197570168238e-02
1.063323093445538506e-02
1.058504568648755209e-02
1.053530293086313990e-02
1.048503172421385264e-02
1.042611633272448775e-02
1.037068046387998321e-02
1.031794928354157724e-02
1.027343024343907625e-02
1.023156322878852019e-02
1.019366357954847903e-02
1.014489967076774406e-02
1.010444750245455964e-02
1.006368246989816639e-02
1.002508904165649688e-02
9.984802575810218170e-03
9.908856560081644865e-03
9.319539282636415956e-03
8.915918302956349351e-03
8.588015488272007086e-03
8.335165518973328136e-03
8.112277469917879985e-03
7.909946248106699412e-03
7.726559750761960443e-03
7.563878150888275406e-03
7.405329530616217189e-03
7.254766628900259293e-03
7.116339338276484253e-03
6.998651818497657502e-03
6.877827732657880097e-03
6.767304337869432980e-03
6.669768861063955778e-03
6.565754680239526200e-03
6.458019166517548620e-03
6.361494333668343479e-03
6.264126562030718041e-03
6.188211132180119166e-03
6.102791127979236355e-03
6.013529814952301052e-03
5.928189316696995392e-03
5.839478359150896900e-03
5.795015144298811330e-03
5.715966790601901062e-03
5.652442352453036084e-03
5.575091652299732359e-03
5.512714514693052223e-03
5.469195433975243374e-03
5.402377238305011015e-03
5.342744374899579228e-03
5.284955574660464214e-03
5.232012312053501389e-03
5.193488721702217530e-03
5.133081257577801378e-03
5.075883607661440047e-03
5.021700355960121223e-03
4.969998204834441720e-03
4.941080441197264091e-03
4.898162543045261712e-03
4.858959552569032565e-03
4.811019136761712778e-03
4.769329199042934148e-03
4.738100901265974475e-03
4.692079506448961802e-03
4.651114918878894444e-03
4.612420178800348547e-03
4.575011162225030639e-03
4.536745960843430875e-03
4.500470318771807032e-03
4.463982555917644403e-03
4.429763291314539955e-03
4.400386537213765714e-03
4.368675664873310736e-03
4.333679873884237546e-03
4.299547203031580181e-03
4.269039496096548904e-03
4.238547448437890615e-03
4.203810042177596150e-03
4.171770964876871969e-03
4.137388857697040651e-03
4.104953039663809290e-03
4.075308916421036855e-03
4.046572475921693564e-03
4.017321516266321273e-03
3.987477494198246250e-03
3.958442308355329502e-03
3.932331723808166896e-03
3.904738850241624547e-03
3.878596151783464917e-03
3.852016368282986779e-03
3.827618676620298931e-03
3.801015564528558051e-03
3.775354173558923172e-03
3.748731576221816728e-03
3.724351538849530845e-03
3.694857887436616990e-03
3.665474090227861803e-03
3.636907457634269876e-03
3.613433441636051610e-03
3.589650329430565077e-03
3.567177293788028995e-03
3.543170888487001853e-03
3.521707115920145667e-03
3.501824682292174317e-03
3.481417565523801071e-03
3.459595095617882740e-03
3.440204043812297632e-03
3.420582796865148656e-03
3.400551264721402272e-03
3.380753536952152676e-03
3.358841600504001556e-03
3.337177915585778400e-03
3.318846899941365215e-03
3.301087654596201754e-03
3.280868121783045606e-03
3.264610163541485297e-03
3.247404420314650448e-03
4.380085458221613139e-03
3.805208037067714377e-03
3.476076555608823091e-03
3.254054061604809509e-03
3.085575214912007150e-03
2.954983325710135080e-03
2.834232713830187565e-03
2.737383627948779697e-03
2.637543115926410837e-03
2.542037442049855517e-03
2.457036945697492654e-03
2.374212943524739352e-03
2.294418243789856683e-03
2.218000674952582893e-03
2.143904160872369107e-03
2.081993302898791851e-03
2.016123882098113176e-03
1.958990345866788631e-03
1.888600559178207471e-03
1.829797119089831073e-03
1.786942654011919838e-03
1.739578808007991766e-03
1.688628384077725531e-03
1.643110556978343798e-03
1.584092449099685444e-03
1.533953102000152691e-03
1.482382456251959361e-03
1.442815021628649462e-03
1.401063240384072157e-03
1.363664732320562373e-03
1.331001867434020072e-03
1.296196106978721131e-03
1.261254308694377199e-03
1.225619423585632556e-03
1.193048460206888811e-03
1.168168913599665999e-03
1.137541917881586869e-03
1.106437330546241465e-03
1.079619776059028433e-03
1.053840070603311073e-03
1.028725832810768129e-03
1.003453581494892890e-03
9.782353062733025514e-04
9.542210454958976280e-04
9.262936414312970910e-04
9.073103682482428108e-04
8.855838881745868368e-04
8.651481919502333143e-04
8.439268481790273896e-04
8.213764487226211984e-04
8.037550024644439777e-04
7.868473272772340916e-04
7.690208651994271099e-04
7.511215868159553050e-04
7.331834659955993030e-04
7.131099973449393477e-04
6.972790714933331481e-04
6.821200894049953781e-04
6.656184514729729211e-04
6.495345976618323563e-04
6.328387036795787325e-04
6.172356758168515319e-04
6.018486671867320651e-04
5.882823435935654677e-04
5.760584797018099106e-04
5.640216125998928501e-04
5.506105277923400943e-04
5.373574776517941196e-04
5.261642983017613025e-04
5.167844370652053751e-04
5.069482194090063837e-04
4.964477048231798672e-04
4.861600488741497569e-04
4.770191812867935954e-04
4.664262981931292969e-04
4.570970992263645970e-04
4.465681590797880769e-04
4.379101406849835332e-04
4.289320643390609131e-04
4.192006044639234115e-04
4.107599133769839254e-04
4.019138690591675649e-04
3.942024651085473974e-04
3.874687889272209395e-04
3.799016807011157339e-04
3.737341739887130548e-04
3.678293346728292901e-04
3.613476770883313469e-04
3.550382963477938096e-04
3.494476759977896093e-04
3.438865284005497764e-04
3.383378390901769757e-04
3.334804571218284936e-04
3.280641027416151103e-04
3.226088680863561063e-04
3.175412015910700236e-04
3.125419039614228071e-04
3.082364235793907275e-04
3.030106227622046938e-04
2.987807656802816654e-04
3.517040103455789865e-03
2.378151308449232958e-03
1.834228145819252320e-03
1.487778476009456608e-03
1.260774417595515555e-03
1.080111198490552905e-03
9.529275783602482626e-04
8.459955635462202079e-04
7.591740283250201105e-04
6.939715154116652112e-04
6.434713808658771997e-04
5.924800641729300373e-04
5.510887322309554817e-04
5.144707961176887530e-04
4.799407308533557969e-04
4.520699433314848505e-04
4.275722093626145169e-04
4.025309975990228224e-04
3.794242870277558972e-04
3.573805434155104222e-04
3.380237712672457201e-04
3.197932990973704798e-04
3.026169497409928995e-04
2.857041752949741886e-04
2.698999886812623330e-04
2.564976694325842434e-04
2.426227245972871016e-04
2.304283975632595452e-04
2.213965172706943557e-04
2.125440727533844834e-04
2.041119572826428420e-04
1.955451020871778892e-04
1.875732859204200860e-04
1.793761474800345307e-04
1.727401424304915846e-04
1.664780944430373623e-04
1.605100511472652897e-04
1.549772940933590850e-04
1.495228913827553643e-04
1.441788372572585467e-04
1.398256785647574948e-04
1.354328278336521332e-04
1.313307406541810031e-04
1.274049765040373959e-04
1.236190187516452799e-04
1.203028279535673067e-04
1.169978803230592863e-04
1.142881524684962304e-04
1.117219727460501557e-04
1.091101735512835507e-04
1.065002492873183272e-04
1.042478931172852397e-04
1.016508245055022477e-04
9.942915715221554323e-05
9.718739806394349138e-05
9.515595850577124694e-05
9.359447804600138320e-05
9.202145101176860029e-05
9.059767353268054278e-05
8.905346105517991770e-05
8.724750409009173076e-05
8.576095798886659838e-05
8.438506581412879074e-05
8.286764591840822835e-05
8.130373928656000661e-05
7.997224486350982533e-05
7.869412121223614642e-05
7.759995705040439442e-05
7.634762446326067537e-05
7.523803593215717944e-05
7.402805429698004216e-05
7.281084280285860606e-05
7.166092674894183065e-05
7.057207607805845930e-05
6.938353451657291288e-05
6.837240326979374041e-05
6.732110713529671571e-05
6.610002466242312575e-05
6.506258709537307116e-05
6.391558263257818360e-05
6.261572879197479006e-05
6.134986900037870717e-05
6.017046395671315795e-05
5.905509398285996309e-05
5.804857494801291592e-05
5.698867863545652287e-05
5.586509546526504148e-05
5.486171215155370625e-05
5.384532647604615909e-05
5.277290397848532431e-05
5.174976424007159240e-05
5.052741284826639621e-05
4.922242430929100820e-05
4.811817369803504305e-05
4.710499423730308427e-05
4.605833494567693941e-05
4.494976706997553059e-05
4.388300279040943029e-05
4.294352030536302902e-05
4.189959989521429385e-05
