2.050601205176851849e-01
1.221044120515014236e-01
9.371928660458159199e-02
8.088702715069955029e-02
7.207250525409253372e-02
6.554770449787494790e-02
6.107788954813599125e-02
5.697338468968637937e-02
5.364872871400224591e-02
5.106694371344336347e-02
4.771841903907980686e-02
4.536661009002241479e-02
4.361491395829538570e-02
4.229643485249098139e-02
4.120829452998989867e-02
4.013252423277620384e-02
3.899027724735368988e-02
3.812691369068041403e-02
3.730686070052757763e-02
3.654357458310848739e-02
3.596560988493335137e-02
3.527921969747021408e-02
3.448578021550465639e-02
3.373676933246626958e-02
3.313928269878727018e-02
3.254163993464808530e-02
3.194516518353728018e-02
3.142424934339459880e-02
3.080541414660982816e-02
3.034709580289946668e-02
2.972569415623404696e-02
2.922348072227944071e-02
2.876545299623139290e-02
2.841371435528835393e-02
2.800731233394470471e-02
2.761963258263227736e-02
2.730391653592869478e-02
2.696118464299602710e-02
2.669748338147692399e-02
2.638662275387983203e-02
2.609052814060319747e-02
2.581625920641035868e-02
2.558381986362366980e-02
2.533918964832680698e-02
2.513207575604912633e-02
2.490052435953276494e-02
2.470265497878219862e-02
2.455678208993524597e-02
2.440858630285627773e-02
2.425976648568025501e-02
2.412329698098552438e-02
2.396358676843182711e-02
2.380515618590296409e-02
2.363498692405534632e-02
2.348357935138988342e-02
2.336058281888403823e-02
2.322542079266090922e-02
2.310471749310095274e-02
2.298492687148899830e-02
2.286865877520045248e-02
2.275195635299445338e-02
2.265207366346482301e-02
2.253664075854647231e-02
2.242665741408144883e-02
2.231984442076966058e-02
2.220386277232445915e-02
2.210768659604361516e-02
2.201337927318857204e-02
2.192131053491613857e-02
2.183421650619015580e-02
2.174941227597557494e-02
2.163669061020793982e-02
2.152049190163794062e-02
2.140385245219252400e-02
2.130029749212038886e-02
2.117001090968662763e-02
2.107334202370561571e-02
2.097846781742261982e-02
2.089035550501561894e-02
2.081747169046071003e-02
2.072636088945374253e-02
2.063161994156344908e-02
2.056288477108406121e-02
2.049039328468692939e-02
2.042230456431997840e-02
2.036418578189753970e-02
2.030699327651955960e-02
2.025283201304731162e-02
2.019213094755352086e-02
2.013754110147737003e-02
2.007767237056017062e-02
2.002137420288427339e-02
1.995248562962622166e-02
1.988215104104215647e-02
1.981126287185093135e-02
1.974108130267401146e-02
1.966861667469252742e-02
1.960056174709309124e-02
1.953437579111380953e-02
1.947513594547902599e-02
1.116810996490453234e-01
7.024040365206798975e-02
5.388924358755711741e-02
4.690862697796075592e-02
4.209439912587464167e-02
3.867470254603921215e-02
3.599852202726341183e-02
3.340156111626435553e-02
3.146184222620891646e-02
2.978743213339921092e-02
2.848306165402542806e-02
2.736042400502611965e-02
2.641611543694715250e-02
2.560190352337448141e-02
2.495540528411605702e-02
2.425936293322835183e-02
2.370969376130804135e-02
2.316260255273315527e-02
2.272610761405137805e-02
2.239119235008523237e-02
2.202968874599609342e-02
2.172555986633755223e-02
2.141197409700073759e-02
2.114704935701349278e-02
2.086951173536690657e-02
2.063922765047239080e-02
2.039593031115938260e-02
2.022604436393250771e-02
2.002427836651226797e-02
1.987620231629035061e-02
1.974147523078232519e-02
1.961657019690697668e-02
1.950873513776460802e-02
1.939263683270300853e-02
1.929200216111029084e-02
1.920978830498607307e-02
1.913356751224764424e-02
1.904278414708088576e-02
1.896763149448342164e-02
1.889082670872727771e-02
1.882165297093804299e-02
1.874597353952196788e-02
1.867457510944315821e-02
1.861510883728235283e-02
1.855465866160881452e-02
1.849987056501400592e-02
1.843079572082757106e-02
1.836407629967029553e-02
1.831041266451773411e-02
1.825756960864038936e-02
1.819971221995675403e-02
1.814530495549706093e-02
1.809460862814238347e-02
1.803074263041701611e-02
1.797818314738299297e-02
1.792070345404414913e-02
1.785810424272100266e-02
1.781022782940996224e-02
1.775310232755146142e-02
1.769770027192647810e-02
1.764554336878467258e-02
1.759155147005312531e-02
1.754164501213536370e-02
1.749096581682794624e-02
1.744060920175673907e-02
1.739226858355255589e-02
1.734171319915883344e-02
1.729322603806619438e-02
1.724795845249965653e-02
1.719865437925684887e-02
1.715134612141317946e-02
1.710871819082732809e-02
1.706061730885418543e-02
1.701754114624307382e-02
1.697140891633235060e-02
1.691708880305224649e-02
1.686648795251036517e-02
1.681784347254764236e-02
1.677661779908369913e-02
1.673252315855583081e-02
1.669002934447242140e-02
1.664176993100913854e-02
1.658850313966215434e-02
1.654228151661930185e-02
1.649829857906021102e-02
1.645145157417033863e-02
1.641285299735242148e-02
1.636992799980452329e-02
1.632483768836074170e-02
1.627571156229895913e-02
1.623191590930729913e-02
1.618982613727219799e-02
1.614747925078443766e-02
1.610858230765314925e-02
1.607191616003580265e-02
1.603085452432033778e-02
1.599199874704831242e-02
1.593872498537922400e-02
1.589326940462313167e-02
1.585045924513446558e-02
1.586727180496387904e-02
1.562228943280426913e-02
1.545143509628389006e-02
1.532149342873495926e-02
1.520083239760630645e-02
1.512444650789984864e-02
1.503148796300011157e-02
1.496131662400962056e-02
1.489838505118032917e-02
1.482951628116734380e-02
1.477471029504000451e-02
1.472017382479846870e-02
1.466399372809324558e-02
1.461099147669188761e-02
1.456074808996086524e-02
1.452592105015733728e-02
1.448033332543758288e-02
1.443910004854060541e-02
1.439804807159834193e-02
1.435954915628593481e-02
1.433417385773639793e-02
1.430165518646181813e-02
1.426261662346158324e-02
1.423088593521873446e-02
1.420186733351665002e-02
1.417344552326052151e-02
1.414263770700888330e-02
1.411355975510843012e-02
1.408238691919971169e-02
1.404956651051362734e-02
1.402493594871834746e-02
1.399663309936684079e-02
1.396624899388330260e-02
1.394112682932822055e-02
1.391678873082833300e-02
1.389399561206831543e-02
1.386451447953447602e-02
1.383853165053868309e-02
1.381267945295560490e-02
1.378895866699462666e-02
1.377549806202761802e-02
1.374952222917094277e-02
1.372726571739912513e-02
1.370433512090331839e-02
1.368477271528285508e-02
1.367647183541237203e-02
1.365380890860819034e-02
1.362866347435353481e-02
1.360697910105374865e-02
1.358693545553917893e-02
1.356858596673989927e-02
1.354884505589993779e-02
1.353112415742761289e-02
1.351154249158088329e-02
1.349556672719981476e-02
1.347587147596664495e-02
1.345498649932149078e-02
1.343222124036973046e-02
1.341282084529095246e-02
1.339262293869234767e-02
1.337196836833645479e-02
1.335178887680290617e-02
1.333510994966861582e-02
1.331628078848799170e-02
1.329841650850178969e-02
1.327803394891586761e-02
1.325860170606989706e-02
1.324316717650313169e-02
1.322501629621408194e-02
1.320742584826893953e-02
1.318936256698084036e-02
1.316975802597262352e-02
1.315315901774229482e-02
1.313882440859239983e-02
1.312435309582267451e-02
1.311115326847886280e-02
1.309744729727875361e-02
1.308195837475755428e-02
1.306500978980510569e-02
1.304487796938476329e-02
1.303048904642429076e-02
1.301777490802357579e-02
1.300282852064708894e-02
1.299170522406147867e-02
1.298168968200901635e-02
1.297372502150435231e-02
1.296584720017894543e-02
1.295910627644267406e-02
1.295260852391775207e-02
1.294693344253168912e-02
1.293924188097499324e-02
1.293111042504857533e-02
1.292460141970030139e-02
1.291747774338319020e-02
1.290736169724648191e-02
1.289610580483035313e-02
1.288372258962503306e-02
1.287407688148689555e-02
1.286466946400742148e-02
1.285542332113922409e-02
1.288690769109913058e-02
1.270113747526323104e-02
1.257011399599488807e-02
1.246597013458597414e-02
1.236991165123466421e-02
1.230867745564773533e-02
1.223708440653586624e-02
1.218431841606802679e-02
1.213543276552288622e-02
1.209016007113654888e-02
1.206243699232347616e-02
1.202169674106715221e-02
1.198489023311000157e-02
1.195071354997629710e-02
1.191312632381007208e-02
1.189284700132826889e-02
1.186254056703968385e-02
1.183009600307935276e-02
1.179614507757734999e-02
1.175991786293150224e-02
1.174536757429968034e-02
1.171228327743714312e-02
1.168252233142962060e-02
1.165500506987313459e-02
1.162909789182428079e-02
1.162833339499753926e-02
1.160292630135889395e-02
1.157334268432615512e-02
1.154532625206509261e-02
1.152559911245363243e-02
1.152931502366146346e-02
1.149533456237267735e-02
1.146935911044596676e-02
1.144555249987136425e-02
1.142203079277825072e-02
1.143232336055178752e-02
1.138952545340941869e-02
1.135729490386529726e-02
1.133517035087438368e-02
1.131753049404641762e-02
1.135968574894125060e-02
1.134374147743352247e-02
1.132923867244335289e-02
1.131568865057089313e-02
1.129934620490305117e-02
1.131017226768905697e-02
1.128961429433387315e-02
1.127291324705897296e-02
1.125548999520109908e-02
1.123935194368072023e-02
1.122376556458771872e-02
1.120937638310551092e-02
1.119441315669464018e-02
1.117812834549817592e-02
1.116384919498639335e-02
1.115198691772706363e-02
1.113801868433207318e-02
1.112477280341504955e-02
1.110870980589956890e-02
1.109355391032527081e-02
1.107970425694975586e-02
1.106523068096037371e-02
1.104893489438942347e-02
1.103347409879731553e-02
1.101929807320459025e-02
1.100825647657666280e-02
1.099383605983242883e-02
1.097910078438239789e-02
1.096495522023860879e-02
1.095191143574408832e-02
1.093925783191142254e-02
1.092804421945946930e-02
1.091623339301125289e-02
1.090467871357417469e-02
1.089305561318822287e-02
1.088026186903278715e-02
1.086770298554961753e-02
1.085677226504687398e-02
1.084546967695511691e-02
1.083503237446725546e-02
1.082217023164964639e-02
1.081171616558273055e-02
1.080143048439624089e-02
1.078998304488947360e-02
1.077962152722550943e-02
1.076972117563309780e-02
1.075850346398967046e-02
1.074550460381080465e-02
1.073368203732746190e-02
1.072056018745510923e-02
1.070537860784055717e-02
1.069334965758103086e-02
1.068047657664429433e-02
1.066908265758554145e-02
1.065648689193244604e-02
1.064313647025824996e-02
1.063046790638645135e-02
1.062033086595421533e-02
1.060960686671765137e-02
1.059846210249932447e-02
1.170495527879627379e-02
1.139459275311953748e-02
1.116800881998397145e-02
1.099859592571886951e-02
1.086422969024949947e-02
1.073597514213554642e-02
1.062662654643852130e-02
1.052964563416647521e-02
1.044712826466136744e-02
1.036672847228922723e-02
1.030668230101688780e-02
1.024746168057698130e-02
1.018842057041328616e-02
1.013391436617646149e-02
1.008587312854829568e-02
1.005520119835622700e-02
1.000839475641903710e-02
9.964124875921230931e-03
9.918103123609023353e-03
9.871565573857645978e-03
9.845819212461061343e-03
9.802275674171466099e-03
9.768453080177316034e-03
9.736062423423006915e-03
9.699698522869027242e-03
9.688754689362102934e-03
9.647770595370429997e-03
9.608271225016475764e-03
9.578646347916823511e-03
9.544587309799618460e-03
9.538168314559308802e-03
9.500101045224062721e-03
9.469757968366108308e-03
9.434594440503098547e-03
9.400366131472810347e-03
9.393391312576927082e-03
9.365649599276307594e-03
9.338176595544991909e-03
9.309358679162379330e-03
9.280071640018410645e-03
9.281297388200267923e-03
9.249422783952212374e-03
9.219692769312413938e-03
9.192341619544571601e-03
9.166917159407218449e-03
9.176714962918846100e-03
9.137359342651965241e-03
9.111645398216036348e-03
9.089515896412212956e-03
9.068831351707634658e-03
9.048949666863186775e-03
9.028762749398247522e-03
9.008083748183610615e-03
8.988209191293497144e-03
8.968832281660560693e-03
8.950339230422110076e-03
8.934517698617449807e-03
8.915195166622187292e-03
8.890078032646638040e-03
8.871472180997508686e-03
8.852703532594097258e-03
8.833870293537640986e-03
8.815441700779354933e-03
8.796098312314865400e-03
8.773747980323352152e-03
8.750314186720132767e-03
8.728563745845175498e-03
8.708530265677385390e-03
8.686548986410720999e-03
8.664660872667210439e-03
8.643577307183432715e-03
8.622555712243190271e-03
8.605357523766472144e-03
8.584501372752333798e-03
8.565605153588312648e-03
8.543477635073343582e-03
8.521215814077829839e-03
8.495013886453588528e-03
8.475899041156602712e-03
8.452656311841907563e-03
8.430714143081706816e-03
8.407621804090768466e-03
8.388285456197698206e-03
8.370795122408875022e-03
8.352723183082893729e-03
8.334644780609691897e-03
8.316784609179405513e-03
8.297502093154076469e-03
8.280053378504083003e-03
8.261604444447229537e-03
8.244169265848576636e-03
8.227902331197455357e-03
8.212568871154356936e-03
8.197112070656011745e-03
8.180859431294594183e-03
8.162594909877399565e-03
8.146315445054865684e-03
8.133475596837471192e-03
8.116377249422278978e-03
8.101467873393428110e-03
