5.135428710586865675e-01
3.520927324323087082e-01
2.867066282057160742e-01
2.532203116346103955e-01
2.353707753244840550e-01
2.373605096204127740e-01
2.214734841636115392e-01
2.087858637681308804e-01
1.979874767972641669e-01
1.884217470980820985e-01
1.846327312446290614e-01
1.776311907402001455e-01
1.720968781926285052e-01
1.674848622765186257e-01
1.638174921277214258e-01
1.645056817991609743e-01
1.599950888452700282e-01
1.563434717415539688e-01
1.535825051078793524e-01
1.510745582116624075e-01
1.508499656166004677e-01
1.477181252295660940e-01
1.452677120352020845e-01
1.432549857306261165e-01
1.413409124207459788e-01
1.421356847221557917e-01
1.397497906504836795e-01
1.377615539836629099e-01
1.361114308529380590e-01
1.348055353984775606e-01
1.359495709498752813e-01
1.340597797385056633e-01
1.329256841688111757e-01
1.316317359168293899e-01
1.302385452320680703e-01
1.294526112504150450e-01
1.279822129096858940e-01
1.270017572591479182e-01
1.257750621154446469e-01
1.246574210847708059e-01
1.245581268554064730e-01
1.233951791026975109e-01
1.222984133355528580e-01
1.213119297089862852e-01
1.202970248044119145e-01
1.201866220366512167e-01
1.190878246912465133e-01
1.181655189661971334e-01
1.173037148671009638e-01
1.164014513138864754e-01
1.156118279579309016e-01
1.148342406741887506e-01
1.141098237002766691e-01
1.134146311164998672e-01
1.128074026150445858e-01
1.122476423501210241e-01
1.117649316383716313e-01
1.112530283984999174e-01
1.108028424477172785e-01
1.104157394664384700e-01
1.100859909815125048e-01
1.096971519788808580e-01
1.093518821075590841e-01
1.090012461113872289e-01
1.086447441197052471e-01
1.082738477077799105e-01
1.079321209539575305e-01
1.075914951819657017e-01
1.072902189659309391e-01
1.069558536137455579e-01
1.065846736739217288e-01
1.063032947972668563e-01
1.060387494693604549e-01
1.057430731372994703e-01
1.054914630674635007e-01
1.052384851262765653e-01
1.049932243117167874e-01
1.047656462371699682e-01
1.044845028974228235e-01
1.042223661549333547e-01
1.039620076916113744e-01
1.036952258994026238e-01
1.034366012991984884e-01
1.031922089120759084e-01
1.029699039216976364e-01
1.027373947113648378e-01
1.024443580607652393e-01
1.021839962369797128e-01
1.019386163078833257e-01
1.016544392652747458e-01
1.014148214475177334e-01
1.012064379317984819e-01
1.009701670469849433e-01
1.007061467065741706e-01
1.005072206330327317e-01
1.002849480819057310e-01
1.000749830635522114e-01
9.982963717511394997e-02
9.962550177440629429e-02
9.941579462334437789e-02
9.533140657536683105e-02
8.690217995375003335e-02
8.215684494528727178e-02
7.901080773476085173e-02
7.625745122849371394e-02
7.466415669128911858e-02
7.299741339969587073e-02
7.171203815899429568e-02
7.065733498103922428e-02
6.944640716312525108e-02
6.866185186854890932e-02
6.739350353355214041e-02
6.621170043739645072e-02
6.521317875475211856e-02
6.419226776222114461e-02
6.426100933375862578e-02
6.357473526306633982e-02
6.306604544073422802e-02
6.263864330325506768e-02
6.207103308215926318e-02
6.216606879086251924e-02
6.163813654094318917e-02
6.136750070499474158e-02
6.101400412741703194e-02
6.068112321980295015e-02
6.066243142687956225e-02
6.035938255393401286e-02
5.995580222094762379e-02
5.965368593372220862e-02
5.925421168262789973e-02
5.912162621859753248e-02
5.885401961510814545e-02
5.857937039445897803e-02
5.822586688593101717e-02
5.783114610581838178e-02
5.808954054610281775e-02
5.777228994542659563e-02
5.742673337037446785e-02
5.712002037157769968e-02
5.685352171291066514e-02
5.699607049718975749e-02
5.674458229308165791e-02
5.649077040426155744e-02
5.625862922188176046e-02
5.597896857665780185e-02
5.619366693621515030e-02
5.591954820556133826e-02
5.569170518002946463e-02
5.546212441965538142e-02
5.522472846244828870e-02
5.499778285220174173e-02
5.476004285678101602e-02
5.455510564710245452e-02
5.441686392585880216e-02
5.416930423899155023e-02
5.400506626781112485e-02
5.383758530152341765e-02
5.359481220721063616e-02
5.341450378822360651e-02
5.322479061758872421e-02
5.312917691851892082e-02
5.306835225441181719e-02
5.291892829464249492e-02
5.269027235408386967e-02
5.250784480082483496e-02
5.234538671010763311e-02
5.216742177467866004e-02
5.202263434453986007e-02
5.193366019322447069e-02
5.180620684685287303e-02
5.167305404682064063e-02
5.152064895329461214e-02
5.135107906860846005e-02
5.122373805357247761e-02
5.108512540503377941e-02
5.097169176328943813e-02
5.081235286211398944e-02
5.061887628222121877e-02
5.041898051900492450e-02
5.024445387462626866e-02
5.008120299805367270e-02
4.991762158226430851e-02
4.974812171070161493e-02
4.960340386565768173e-02
4.944938882064999625e-02
4.927994624932765383e-02
4.915731739484761886e-02
4.900774079988950288e-02
4.888498445341430548e-02
4.874653338391279206e-02
4.858058455714507617e-02
4.840741849670953528e-02
4.825152016437882219e-02
4.807704016771032624e-02
4.788275137381568097e-02
4.773319748344334590e-02
4.756939950359886926e-02
4.743158257216330276e-02
4.725736767949594019e-02
4.716163595098783051e-02
5.358324167134132648e-02
4.540374463584261056e-02
4.096527846154812691e-02
3.792794253131834270e-02
3.571040597713296544e-02
3.393873274057587069e-02
3.199583101041652416e-02
3.033511720404500830e-02
2.890578774169353868e-02
2.765087461496172280e-02
2.691263140606424756e-02
2.579807763802864293e-02
2.487896698310387844e-02
2.412969908821086668e-02
2.318319940850343056e-02
2.280219994140223611e-02
2.215988063512267653e-02
2.142282871692278642e-02
2.080679457414221639e-02
2.014797011122613710e-02
2.004448912681952230e-02
1.943045260260018933e-02
1.885158936212518940e-02
1.841309239757198124e-02
1.808247511878293898e-02
1.795267460506062146e-02
1.748098426392837371e-02
1.698282567134449736e-02
1.656168147430637019e-02
1.619263954433266400e-02
1.611527188746806477e-02
1.576427901876690033e-02
1.545646904210304200e-02
1.506662045701556187e-02
1.471688043483476704e-02
1.484592035844469957e-02
1.442046646939311103e-02
1.404579401267493088e-02
1.372651095929562810e-02
1.343882907650494757e-02
1.350436458424396531e-02
1.321911686505956168e-02
1.303292729900214740e-02
1.276116148747634058e-02
1.249883496353428568e-02
1.262915318596414052e-02
1.235691524216621547e-02
1.204115196147459085e-02
1.172934026357359306e-02
1.149115388963821774e-02
1.133541724961715895e-02
1.116435389934562587e-02
1.099936117582355800e-02
1.082697517651581669e-02
1.067221650782393914e-02
1.050888140048918118e-02
1.037289375935933171e-02
1.019080864468223553e-02
1.002959127558326023e-02
9.887739696030876588e-03
9.744196318584653557e-03
9.622557745261734602e-03
9.480135753598758694e-03
9.332860602924611393e-03
9.186654852707639568e-03
9.059881095379784463e-03
8.932737905750701493e-03
8.807609317515134942e-03
8.656021728921135111e-03
8.507187894829930028e-03
8.369078407935250097e-03
8.235179849996217966e-03
8.140371552943235015e-03
8.058903813459989546e-03
7.966508698656331322e-03
7.882794352434998111e-03
7.791881361946768197e-03
7.689821610249106786e-03
7.578613421125126627e-03
7.454646858620730607e-03
7.347780758450091730e-03
7.265804602888208813e-03
7.143745115328627680e-03
7.040360024347011234e-03
6.955469116902025968e-03
6.795257405517281073e-03
6.714154522128673586e-03
6.633368186629660240e-03
6.512483190378027913e-03
6.412487578052305376e-03
6.342080786542463912e-03
6.251531947502862903e-03
6.191783116492467764e-03
6.118823379364932494e-03
6.027673127724958099e-03
5.946259909351090701e-03
5.898122934981428651e-03
5.826948530350446916e-03
5.748488384048250181e-03
5.686906110395222730e-03
4.300574454849441508e-02
2.837142344615044623e-02
2.157534576053640046e-02
1.760932216535219044e-02
1.500588409890584590e-02
1.473653877690163198e-02
1.256722657887117227e-02
1.108496742727201056e-02
9.805082066026035020e-03
8.704987313399102644e-03
7.695098590280974316e-03
6.848092424494008588e-03
6.159734089257110426e-03
5.587049025939043630e-03
5.041839392953314201e-03
4.639924079134712803e-03
4.194119104200589622e-03
3.817058415503715111e-03
3.486442066115849094e-03
3.215160338193253243e-03
3.022597933567838617e-03
2.758415515326030718e-03
2.535575062646854266e-03
2.326539891832029531e-03
2.143846577736404756e-03
2.003978776755498473e-03
1.831042501269051831e-03
1.676861440867105169e-03
1.516266951481535109e-03
1.376719700176894969e-03
1.277890453331989628e-03
1.157103887443022752e-03
1.053765491804613003e-03
9.540631223933514248e-04
8.631102678661134540e-04
7.965166352728185505e-04
7.265320563235580162e-04
6.635965600788315327e-04
6.062759165266889396e-04
5.505658752927504278e-04
5.125616630456018494e-04
4.715291111778796107e-04
4.375972362233519330e-04
4.015211142660409177e-04
3.717781377853484150e-04
3.485573046395668180e-04
3.212691470546157209e-04
2.964984157750930852e-04
2.732451468419830483e-04
2.552473056670905471e-04
2.349384321667395345e-04
2.164533916299821832e-04
1.984754343340497504e-04
1.820466156471350222e-04
1.688945145141325247e-04
1.562565470888864982e-04
1.451924900145815252e-04
1.351963327175680128e-04
1.259724595934578475e-04
1.185380480524223206e-04
1.107878385694606373e-04
1.024729789962001107e-04
9.533278026290695325e-05
8.720207869664996865e-05
8.095796225096406730e-05
7.517002327335923291e-05
6.978447139583644971e-05
6.443981139873674430e-05
5.904105805928878064e-05
5.480887309200541921e-05
5.069645150283836222e-05
4.647763431742049786e-05
4.327424662506914146e-05
3.991101490415163440e-05
3.673410592211863505e-05
3.410294824336565717e-05
3.135418005657220303e-05
2.871393470908955179e-05
2.650801301623573089e-05
2.434953578983524192e-05
2.240914500353885459e-05
2.066538659644793520e-05
1.891075905811306343e-05
1.731115084944652809e-05
1.585563910613543173e-05
1.464724150939635788e-05
1.360362184928679904e-05
1.257975220815755712e-05
1.162077271579387316e-05
1.061557250448768584e-05
9.847494082392875561e-06
9.126903173809567188e-06
8.458506242455293738e-06
7.755299178921966859e-06
7.077645485734697259e-06
6.389471882531497766e-06
5.874287496898104147e-06
5.386701387678131695e-06
4.948351788936819231e-06
4.561834330842536801e-06
5.552964026713420181e-02
3.358859197287718257e-02
2.608170583763186334e-02
2.000123633059637876e-02
1.587225660696247806e-02
1.418336874431888085e-02
1.254888334841819386e-02
1.090140420227906325e-02
9.801381402100810616e-03
8.710151828267514648e-03
7.690059274374830972e-03
6.790864722142657926e-03
6.138111802777173644e-03
5.562994718707074682e-03
5.119956920477576265e-03
4.780403398070193904e-03
4.457063160696923473e-03
4.036216658603816905e-03
3.691161347450966097e-03
3.450564159556783733e-03
3.274380642592408883e-03
3.001901842606640239e-03
2.726493936809517519e-03
2.504615158909975856e-03
2.288377265910677017e-03
2.137831145031774110e-03
1.959857209275311235e-03
1.775218971028052085e-03
1.603551648389333045e-03
1.489374944617728128e-03
1.383951861187291202e-03
1.300809528973419097e-03
1.219203217455417688e-03
1.141771318528661538e-03
1.057166612018239915e-03
9.996528886865472738e-04
9.268706163630117305e-04
8.670806921553925704e-04
8.064750228175050122e-04
7.412725295653120258e-04
6.820350463770838119e-04
6.252297648851937433e-04
5.768191464959618537e-04
5.313165281702502589e-04
4.856283122508618243e-04
4.504801037072662549e-04
4.142429093364386633e-04
3.870532899947244101e-04
3.590000460183227229e-04
3.334228077358519934e-04
3.103343853476891968e-04
2.886098993357075226e-04
2.638807424772480602e-04
2.429165256478563000e-04
2.197628677731213462e-04
2.019171285510790138e-04
1.835102606520270987e-04
1.682638012630659186e-04
1.567033467953661942e-04
1.451094824682162669e-04
1.354749352464689578e-04
1.271674013725977801e-04
1.175737459484499625e-04
1.070621519599859484e-04
1.000672907521140786e-04
9.272115149965338044e-05
8.702215992251814800e-05
8.115271395312784425e-05
7.587130299647149251e-05
7.056956896436804587e-05
6.540776172736954071e-05
6.117571641083715769e-05
5.756912600490086680e-05
5.412779090462317103e-05
5.053616225027348404e-05
4.707815746154703495e-05
4.403565633512635164e-05
4.128235517515912214e-05
3.795822527520906859e-05
3.571047927460595944e-05
3.302979665442217058e-05
3.101205212775059615e-05
2.950500488122320569e-05
2.776117127523815723e-05
2.582205285911087816e-05
2.429039333285753566e-05
2.285455068797990198e-05
2.120360928511323757e-05
1.999082576176592854e-05
1.892069448888602810e-05
1.767490912391771882e-05
1.675259483067575823e-05
1.570351502435221488e-05
1.460288273276061104e-05
1.367196719550970571e-05
1.278628497031167359e-05
1.204822250497767466e-05
1.100170183698581627e-05
1.014099407300127560e-05
9.552271129213709579e-06
