3.036797888845238491e-01
1.602359954473247527e-01
1.115476338339150969e-01
8.968485936796097291e-02
7.447639486805396336e-02
7.553574453432387870e-02
6.422782097037690874e-02
5.491783354678157758e-02
4.892519225106513325e-02
4.404166471656344867e-02
4.447409164613699145e-02
4.026182116725929988e-02
3.706920798019949087e-02
3.429592766296115508e-02
3.204565271567184209e-02
3.101974171044829393e-02
2.888679037071220645e-02
2.718514313005669300e-02
2.598942342630736896e-02
2.478613280696515681e-02
2.423824564952752406e-02
2.316127475643760258e-02
2.217022826830647789e-02
2.132640127084955289e-02
2.045169720189517204e-02
2.022875946681243486e-02
1.941330263464435477e-02
1.879758174137567336e-02
1.823972990746321535e-02
1.763403471199318298e-02
1.757043985287264076e-02
1.698070189997052948e-02
1.650012502648351420e-02
1.608466641599437183e-02
1.568125400597706817e-02
1.548088002023311101e-02
1.510487416645286789e-02
1.477398444374983591e-02
1.445306459221052005e-02
1.414494492184200161e-02
1.414852900692763898e-02
1.388563772498113170e-02
1.366005227539399819e-02
1.344178592290300352e-02
1.319963921069363007e-02
1.314045785273352043e-02
1.287536903738072287e-02
1.265929116499930375e-02
1.244636466862935470e-02
1.220915347606956608e-02
1.200391769939909183e-02
1.182555075308203314e-02
1.167635858762163144e-02
1.151532375886936757e-02
1.132924617153986679e-02
1.113798424018501085e-02
1.100148413903382326e-02
1.087223775310238415e-02
1.071189384740835714e-02
1.054542060244071690e-02
1.041392295414547871e-02
1.028754999107093018e-02
1.014964011680542094e-02
9.992574641673010460e-03
9.875581220397319782e-03
9.761415118884082115e-03
9.651858736364756636e-03
9.547123314271814543e-03
9.447583860809228434e-03
9.350278142230421946e-03
9.244932440581159205e-03
9.144562461753137639e-03
9.040022638890964427e-03
8.953324932045758633e-03
8.863015184072320016e-03
8.784956130933612925e-03
8.720142507356637776e-03
8.644011024187690101e-03
8.563133580324819999e-03
8.482445110102269231e-03
8.389161145272749573e-03
8.316761974875038974e-03
8.246479084494568595e-03
8.166424195367076935e-03
8.098881598853855876e-03
8.030825496584749132e-03
7.971366302648516186e-03
7.900412190636984383e-03
7.834979160148696983e-03
7.779664053131896823e-03
7.713495219609386999e-03
7.654203601114763049e-03
7.597328888533375763e-03
7.549766037388971548e-03
7.494899042198793250e-03
7.447159627523062229e-03
7.398464289313874502e-03
7.361352817902988219e-03
7.316585119356431438e-03
7.271725567353562285e-03
7.899731788710763480e-03
6.853302531578741447e-03
6.248571347945638954e-03
5.838442534636164444e-03
5.490154462944594679e-03
5.334949235723829633e-03
5.143075261753153431e-03
4.960181653406083718e-03
4.815057845517279646e-03
4.656308471008534754e-03
4.524999286578980200e-03
4.393155873312452886e-03
4.288983306032155031e-03
4.192888241635105671e-03
4.081968331020962432e-03
3.977040182260873323e-03
3.894806524171962134e-03
3.810931642791332355e-03
3.726119929603961909e-03
3.644186262022279521e-03
3.570980622340941008e-03
3.474260218980886657e-03
3.415595843770891267e-03
3.371804690495904758e-03
3.318757617585167772e-03
3.272660339692184256e-03
3.234266990094756145e-03
3.191324381966930898e-03
3.137782885615659784e-03
3.083190068289984754e-03
3.039206797197711515e-03
2.992435754131032247e-03
2.948399655916872451e-03
2.912941567551050482e-03
2.874053099086581499e-03
2.840114817950314171e-03
2.799058729714198890e-03
2.748299783726359038e-03
2.706093346635949238e-03
2.674393101145544800e-03
2.642000483606004452e-03
2.607999648137906360e-03
2.573502383938484385e-03
2.537765933120654082e-03
2.506842768414146126e-03
2.480730335031149092e-03
2.455488930594890672e-03
2.428767988025997467e-03
2.406400656779238145e-03
2.386682981644829872e-03
2.368167470885451740e-03
2.347819070393966385e-03
2.327710916947112185e-03
2.307328282601992138e-03
2.285770005320292286e-03
2.266051158123316353e-03
2.240629439656231185e-03
2.215651154207041573e-03
2.193379844192433481e-03
2.170675201086210131e-03
2.149196512805137682e-03
2.125111370093960526e-03
2.103907278640572334e-03
2.079554383686245921e-03
2.059353541367220462e-03
2.039181192210334174e-03
2.018154693048949695e-03
1.999999351870501620e-03
1.977108520993765915e-03
1.957943766523769120e-03
1.935039679243574957e-03
1.915005987116677683e-03
1.896746417341398138e-03
1.883324082978434909e-03
1.866596778165332616e-03
1.852062711528774074e-03
1.836425159367301510e-03
1.820173050955508276e-03
1.805823198509763769e-03
1.792745322250762418e-03
1.780678791247865570e-03
1.763773754073141332e-03
1.749857050143189142e-03
1.737584821031467990e-03
1.724148265683162103e-03
1.713753457018177577e-03
1.703756738762632079e-03
1.692412328475736104e-03
1.682586254160556337e-03
1.670905415989325758e-03
1.661279911702426542e-03
1.650753441677225855e-03
1.637529342760332468e-03
1.624778890985723685e-03
1.613210697839476864e-03
1.603558244508261448e-03
1.595277027170421275e-03
1.587849765576305810e-03
1.578486500451336660e-03
1.570227721331114842e-03
5.979914497205175705e-03
3.751772577778864689e-03
2.864570121441138706e-03
2.270557645479637492e-03
1.956832830402938615e-03
1.880185769849762210e-03
1.683026445705876947e-03
1.549883740962313371e-03
1.432959792098727680e-03
1.336479005941667740e-03
1.256128518975691217e-03
1.189051828585460007e-03
1.118824044206430000e-03
1.067381843727449511e-03
1.012729050327216542e-03
9.644009133534215631e-04
9.234035889081774811e-04
8.883379169478509843e-04
8.567599077232003306e-04
8.233565360445069823e-04
7.917081946240995139e-04
7.626887393432935916e-04
7.353647370969031150e-04
7.130483884472350788e-04
6.907143768694810849e-04
6.692648820380800879e-04
6.491611939311708055e-04
6.320611231553280090e-04
6.129531482280294171e-04
5.981750687363815476e-04
5.806326668173840584e-04
5.654281777700138597e-04
5.485784529006303882e-04
5.331434470214918998e-04
5.164785458880072257e-04
5.049680675711225872e-04
4.913271099092496232e-04
4.780043463980518164e-04
4.664328432922867180e-04
4.543437052207786485e-04
4.425796242148484494e-04
4.321547735866154163e-04
4.214468592138142632e-04
4.103239291939789028e-04
3.988212016747439575e-04
3.897638307929638854e-04
3.805109367931802742e-04
3.716782053502835047e-04
3.620436406177986524e-04
3.535203055343453995e-04
3.455575323992663545e-04
3.369279947185767625e-04
3.283258046234063397e-04
3.205316285096772300e-04
3.128460926465772380e-04
3.057154054717896308e-04
2.988319164098907879e-04
2.918065948254960191e-04
2.863641065328742627e-04
2.800140908457800963e-04
2.742146563376498657e-04
2.686751299565713407e-04
2.623842442802251174e-04
2.563322095462163279e-04
2.517532077506289966e-04
2.464687295399414909e-04
2.415920113526122371e-04
2.367615095898525121e-04
2.325955744556057697e-04
2.283623072788483553e-04
2.245573872573445847e-04
2.201545817687474002e-04
2.161491692854102410e-04
2.124941634500456553e-04
2.081003834116495327e-04
2.039353390565400918e-04
1.999767966814832191e-04
1.962260831882492863e-04
1.931231985661863756e-04
1.897973470927406564e-04
1.862252820289789874e-04
1.828069977104463349e-04
1.792993944426182491e-04
1.764464979351825858e-04
1.737075073294681448e-04
1.712500743614560545e-04
1.688783398197417004e-04
1.669284462186489701e-04
1.651125280089131228e-04
1.631576219474750852e-04
1.613572363358759931e-04
1.597805793684161898e-04
1.581594918024436332e-04
1.562715302504407865e-04
1.541076594533929143e-04
1.519320822883101125e-04
1.499849491384894077e-04
1.480547913960425055e-04
1.455708042690582299e-04
1.433524532281114461e-04
6.083577948313095320e-03
3.353296822086499103e-03
2.244162301209100697e-03
1.647263498141612968e-03
1.306057078329472473e-03
1.489699429732517294e-03
1.106493961973289497e-03
9.031219977718901769e-04
7.602845944141872108e-04
6.545170590215716689e-04
5.708912435550816131e-04
4.985686853898870039e-04
4.384746239012322759e-04
3.842707552808132389e-04
3.430497974901187573e-04
3.099088217126353415e-04
2.800025412029642324e-04
2.561199490241441740e-04
2.350238474757237691e-04
2.144816972114853043e-04
1.989178231088476617e-04
1.842680807462377041e-04
1.708793158275657346e-04
1.569979457744270107e-04
1.462294048077554033e-04
1.363264495057693127e-04
1.278772833349023428e-04
1.195927306661611229e-04
1.131417001262538128e-04
1.066460243750762255e-04
1.008977622224933944e-04
9.535978600981659316e-05
9.008929348143699897e-05
8.504968256811177804e-05
8.050014176386291508e-05
7.625362029961114485e-05
7.233259410372026475e-05
6.901734184577826736e-05
6.614138570738281055e-05
6.307666766275469043e-05
6.061953804434412147e-05
5.812074969999386342e-05
5.578866733992367949e-05
5.340496438490573302e-05
5.112750149668174717e-05
4.902098064858191893e-05
4.728749350424603696e-05
4.529068595209753391e-05
4.352275465250954420e-05
4.200617158737447390e-05
4.023548790554448809e-05
3.876625733568128901e-05
3.725642985837606411e-05
3.582017720368689046e-05
3.447988647780335397e-05
3.311325362170492245e-05
3.196790175461063999e-05
3.065957416544524934e-05
2.939112397252904052e-05
2.824845695601037866e-05
2.718594499754773438e-05
2.614768601463370924e-05
2.514116245848431981e-05
2.423845838414889645e-05
2.320800618718956012e-05
2.226839713490774074e-05
2.118761418010908979e-05
2.025111841261624637e-05
1.945021828471501225e-05
1.852527667921423084e-05
1.769044671989077608e-05
1.690619964623902487e-05
1.625172574347378160e-05
1.568202048943610936e-05
1.510253570385984798e-05
1.457848323321799061e-05
1.402184928553816334e-05
1.358660095560912494e-05
1.310867146750060696e-05
1.267701519582451551e-05
1.225705795115595864e-05
1.188780430517677300e-05
1.153347683552293328e-05
1.117858086764459139e-05
1.085085988509567133e-05
1.059137075674572118e-05
1.032818815435084409e-05
1.006756849072254855e-05
9.784853922068727876e-06
9.503708673309060057e-06
9.277880366906900248e-06
9.092113122912071215e-06
8.907469987590264571e-06
8.736478051482120374e-06
8.546638112736046027e-06
8.348641671844130231e-06
8.179843453981116557e-06
8.006485725276564846e-06
7.824861782575354642e-06
7.631139960587595848e-06
6.608626493357240735e-03
3.301695088363562885e-03
2.128502931551050272e-03
1.483135971308329783e-03
1.087214167380664426e-03
1.020072313271960145e-03
7.465388240952679786e-04
5.789702133735248439e-04
4.683295297954473890e-04
3.856355230434445509e-04
3.192859544356523006e-04
2.664163945237720010e-04
2.233814372265999313e-04
1.877316587777098282e-04
1.598374200401274576e-04
1.366709422755104167e-04
1.145201608026041775e-04
9.718392325499362341e-05
8.489687524251925664e-05
7.560564980926656774e-05
6.716786880933518712e-05
5.916623964511961460e-05
5.287405475574319548e-05
4.706064189683578099e-05
4.207429920378954254e-05
3.796030671968005234e-05
3.402945702177750752e-05
3.053689293499974516e-05
2.788948050394128618e-05
2.506286708334457588e-05
2.253459535872587218e-05
2.047604243967048631e-05
1.867404141247909214e-05
1.702401886212359905e-05
1.563079965362546589e-05
1.438611089393772881e-05
1.335613638228778787e-05
1.259727462590071137e-05
1.182130225821293746e-05
1.111992206982623866e-05
1.046100892296779131e-05
9.848820407757989095e-06
9.418913888478097710e-06
8.890560196180130113e-06
8.439903263407493947e-06
7.997885738120553802e-06
7.652933456565616681e-06
7.277835056778176069e-06
6.936013706609527998e-06
6.581563772143972829e-06
6.282271131222102592e-06
5.939713760777890503e-06
5.662089634784562417e-06
5.381713334814124821e-06
5.134526760988767194e-06
4.896151901808764560e-06
4.665536436543783382e-06
4.492615554345168755e-06
4.338860705209767020e-06
4.192970044229942014e-06
4.056706307769183590e-06
3.939724032387087795e-06
3.841130618907336879e-06
3.747392065745827989e-06
3.667225317518686186e-06
3.602336514903596017e-06
3.540080930914524385e-06
3.491638985763045840e-06
3.446960460594065629e-06
3.400850453759490893e-06
3.356450451479910561e-06
3.318682408957011509e-06
3.281022272887781920e-06
3.243253508845018968e-06
3.203378123493658904e-06
3.166188864059370352e-06
3.126605608884372561e-06
3.084261105875155814e-06
3.044747325574641850e-06
3.001283935581348595e-06
2.966425029872275523e-06
2.929953398666798358e-06
2.888888494670640420e-06
2.851408028707579383e-06
2.803889973325864484e-06
2.762852679487164883e-06
2.712425455683276253e-06
2.665393785913559059e-06
2.622454289858352247e-06
2.568687173766198922e-06
2.517375893608133589e-06
2.460940203789949975e-06
2.402346313453480722e-06
2.351107860065139752e-06
2.301341191358032692e-06
2.236865249278126831e-06
2.175781551910112847e-06
2.114102108441187098e-06
2.046347709904003488e-06
1.978338090250271633e-06
