9.211646737243317506e-02
4.224852239497692979e-02
2.588599936461728757e-02
1.928075962020812592e-02
1.478881240853239729e-02
1.260432892828909635e-02
1.128552034872580545e-02
1.021016491524900406e-02
9.229759351876191953e-03
8.585393631751963434e-03
7.951324618914434525e-03
7.349821886084497748e-03
6.989595849268977548e-03
6.722848752958109075e-03
6.395145116993396391e-03
6.120245231053032461e-03
5.779012397546129734e-03
5.438487604561935765e-03
5.148094800739722553e-03
4.881434095279742896e-03
4.629790544337972213e-03
4.492021641793074969e-03
4.257911002070689614e-03
4.110358565550004117e-03
4.006252438781702022e-03
3.849446955943966204e-03
3.752452629278894922e-03
3.682961716268115353e-03
3.605039765663696060e-03
3.517721150370849148e-03
3.425744362252813348e-03
3.311300745592936877e-03
3.163669093128605551e-03
3.067392186320233929e-03
2.990512488829503209e-03
2.902158829952762066e-03
2.849679541608585599e-03
2.812054765357937646e-03
2.789974989591907303e-03
2.767393665852122507e-03
2.727539024468754892e-03
2.670673684754821999e-03
2.611417843251321626e-03
2.553435876010755855e-03
2.464897020995155882e-03
2.395223454514202894e-03
2.341434207614875255e-03
2.306893830781610571e-03
2.265197467313589778e-03
2.239601966336863745e-03
2.208360414333822384e-03
2.175223156357697623e-03
2.142562841126698873e-03
2.112848651089558639e-03
2.086510166377870869e-03
2.069748660037673983e-03
2.053422104950949467e-03
2.042997925030296241e-03
2.028069831770725612e-03
2.019551490221500618e-03
2.009903033882069843e-03
1.998463878965140925e-03
1.975277628382905715e-03
1.954342212394408456e-03
1.926784975404496067e-03
1.898528908270877801e-03
1.867580940876457452e-03
1.842771891787010332e-03
1.816133067459009239e-03
1.792762653262292179e-03
1.772898008829770214e-03
1.757673286755368760e-03
1.738063795105936364e-03
1.718905831381948267e-03
1.692537015703617261e-03
1.665150213788203293e-03
1.631802160702959309e-03
1.574878320529915802e-03
1.550176273932293196e-03
1.515606427690541040e-03
1.493932918940396549e-03
1.477117594206445563e-03
1.463349709699736335e-03
1.446659611855933636e-03
1.431755174248501312e-03
1.417032478174828003e-03
1.402942383394428739e-03
1.388021044231680951e-03
1.379350043391649105e-03
1.370369370193335158e-03
1.363474472076569178e-03
1.356458830491548851e-03
1.349246250379645311e-03
1.340471924118099081e-03
1.332863901120216743e-03
1.320907876285545065e-03
1.310247540636542106e-03
1.301997584843980153e-03
1.292951269120271723e-03
1.283491166878757877e-03
4.869780432376743552e-03
3.912142521598684780e-03
3.368399140509607641e-03
3.016667359845255809e-03
2.789534250759934282e-03
2.339015808657861871e-03
1.998696884228894424e-03
1.728147753935275728e-03
1.559582660519311017e-03
1.458015711005474120e-03
1.397899741919891164e-03
1.350446862600415080e-03
1.314477810609202468e-03
1.279357927757732247e-03
1.250939133786522616e-03
1.227449156886956799e-03
1.210756830107578928e-03
1.195692272544194180e-03
1.186593305253834038e-03
1.176139717602009156e-03
1.166242243924096910e-03
1.160760696481891304e-03
1.153445266022318878e-03
1.148024309491288159e-03
1.141787856994574057e-03
1.136361092257148330e-03
1.132665368932626133e-03
1.126969662605288580e-03
1.121333153213253681e-03
1.115084970137582808e-03
1.110320919966339363e-03
1.105273176813075398e-03
1.099842958440972601e-03
1.095256266683564302e-03
1.091306789631795067e-03
1.087414652143710867e-03
1.084267019548829222e-03
1.081776281828237835e-03
1.078199750054417618e-03
1.074937292221894020e-03
1.071645591623893948e-03
1.068811935450781530e-03
1.065483993420483994e-03
1.061539291918888166e-03
1.057307008749833275e-03
1.053375255153665398e-03
1.048681359856966150e-03
1.045139860383342530e-03
1.041831222152683843e-03
1.037704009291326359e-03
1.034052471506896175e-03
1.029258491688983274e-03
1.022650586794627160e-03
1.017507764641657677e-03
1.009941201434438451e-03
1.002923544325052662e-03
9.964719638482463001e-04
9.884802086655825569e-04
9.788759974228757738e-04
9.702631164443800346e-04
9.600312215913826917e-04
9.472380741739573271e-04
9.359729700384845181e-04
9.266945581215815450e-04
9.164896138128086726e-04
9.092797702381134493e-04
9.010970955288532831e-04
8.906101178637710562e-04
8.821140143720594554e-04
8.754075081520160465e-04
8.706150771267428569e-04
8.653673972112633627e-04
8.603387957461096185e-04
8.562605588474457140e-04
8.527915944197132000e-04
8.489056562172328469e-04
8.454110094756099808e-04
8.409542375729482785e-04
8.348175670995638823e-04
8.288320231332759434e-04
8.246293177577444962e-04
8.200327973736896980e-04
8.148913696191138409e-04
8.059943514755025466e-04
7.990064360425549279e-04
7.937344039834747520e-04
7.890897664139298042e-04
7.864606346966667534e-04
7.823778179374663543e-04
7.785181694142179675e-04
7.752095125757014040e-04
7.717581260797107918e-04
7.686779467199157320e-04
7.647362770425065754e-04
7.605252811461688054e-04
7.560371317351410100e-04
7.522467836398435883e-04
7.489897386348324778e-04
7.453552440134386409e-04
7.416606451196768599e-04
6.308669353387802783e-03
4.546951690843204288e-03
3.856699108134819566e-03
3.529359706913196525e-03
3.218285980508855948e-03
2.548713784481950514e-03
2.247060719174982096e-03
1.912445435283780838e-03
1.647182524056394056e-03
1.415376138211413325e-03
1.279889869811268351e-03
1.193323131369644153e-03
1.134682910910884404e-03
1.063843498755713025e-03
9.997688201176743467e-04
9.375471648663480590e-04
9.047832376023397542e-04
8.716769217261947662e-04
8.438156951701112924e-04
8.253465068217838907e-04
8.103629584925071700e-04
7.967335999258930244e-04
7.862359945413534973e-04
7.784116952444714889e-04
7.720110286669709969e-04
7.678655121533939755e-04
7.636511161444631442e-04
7.604682457870295476e-04
7.572025942703874621e-04
7.545083945637685733e-04
7.509835963885853156e-04
7.482808542694401651e-04
7.459747523824850329e-04
7.433938973683150344e-04
7.410099763556490457e-04
7.383729142688051379e-04
7.364114328621907193e-04
7.345765290258091844e-04
7.330455806404915110e-04
7.316318930040318887e-04
7.303953229313270810e-04
7.292664720539028100e-04
7.282238378576068186e-04
7.271870225066431577e-04
7.262809316568316978e-04
7.252749432837702487e-04
7.243258578399430162e-04
7.230133459672912714e-04
7.219321096726012948e-04
7.204691493620182536e-04
7.191872136924628515e-04
7.182950447201307898e-04
7.170529825159761622e-04
7.157692222102461860e-04
7.146300687817027254e-04
7.133746800377375108e-04
7.121335664326610771e-04
7.110363723099654776e-04
7.095138515357288060e-04
7.078193087168290583e-04
7.061216166690497927e-04
7.040586162426337724e-04
7.017638495181260884e-04
6.991019083220913026e-04
6.968940227527251454e-04
6.942336101257435936e-04
6.918473643656426839e-04
6.901788791800239804e-04
6.885945467277383323e-04
6.865526073297714303e-04
6.841177181139184100e-04
6.818154626035851078e-04
6.796939780931495357e-04
6.781445858680030820e-04
6.758268236479215985e-04
6.729957048145679454e-04
6.705690895039353875e-04
6.680072723397766825e-04
6.660718919373898993e-04
6.642758695143439682e-04
6.624298997670270217e-04
6.602139413713509772e-04
6.585585634925365459e-04
6.573104528825500720e-04
6.560177542795486011e-04
6.551106524038476141e-04
6.542237581104806427e-04
6.534851664022268318e-04
6.528925355637616021e-04
6.521749077010858923e-04
6.513805052073058004e-04
6.505334521384919166e-04
6.497803532360162592e-04
6.490309179668879262e-04
6.481330136288622088e-04
6.471090100969605812e-04
6.460304108024089286e-04
6.449981878969356748e-04
6.439349513867158054e-04
6.425772459681870861e-04
6.163821228112833193e-03
4.179568883583110149e-03
3.585914146296337399e-03
3.252013642981471230e-03
3.013419066796667843e-03
2.412874303311005400e-03
2.087176202962707020e-03
1.775008765895684775e-03
1.514635576155912112e-03
1.322525912264086931e-03
1.205901275932424587e-03
1.125579569528423370e-03
1.054805806997614588e-03
9.782451479696187453e-04
9.102270434108720087e-04
8.676070114448252877e-04
8.227238308544102593e-04
7.883587512884054731e-04
7.648583063737924258e-04
7.408647654045038156e-04
7.218368814348731207e-04
7.115705143093748386e-04
7.034118079374698882e-04
6.956571769019662989e-04
6.889176619959486636e-04
6.848286960022350765e-04
6.805915545591639196e-04
6.777750769540565523e-04
6.754376920448072882e-04
6.730108073618841979e-04
6.713730408572899473e-04
6.697965805167813017e-04
6.684881117589098120e-04
6.671970324852772877e-04
6.662677623997172605e-04
6.651688283017966703e-04
6.639529273359918386e-04
6.625126167110403919e-04
6.613087657062889473e-04
6.600968805734865139e-04
6.589166221533084228e-04
6.580235624882062795e-04
6.569251440226579926e-04
6.561718816926058505e-04
6.551688629094852123e-04
6.542316373741289713e-04
6.533629105249609808e-04
6.527157719348168500e-04
6.521277692047873888e-04
6.516262853691556995e-04
6.511288604080708040e-04
6.505719041249611668e-04
6.499387652338494553e-04
6.491536338970456095e-04
6.483313719270961464e-04
6.472479225000266631e-04
6.461527213314291473e-04
6.449418949309285208e-04
6.437474424743903131e-04
6.425988993454117030e-04
6.414458543365237622e-04
6.402883193239338648e-04
6.388770469396481749e-04
6.373218674116454870e-04
6.361903026913446647e-04
6.349277612120141859e-04
6.335990151535317392e-04
6.317264406473654817e-04
6.303264120245925676e-04
6.291526018159900643e-04
6.281974477349880175e-04
6.274143468553815143e-04
6.262529541717193858e-04
6.253623555883242686e-04
6.242906778990998115e-04
6.232620115738510052e-04
6.220350225064032656e-04
6.207640578758693477e-04
6.195153002666141514e-04
6.183057780969450400e-04
6.167005259499582556e-04
6.152502863595581562e-04
6.138441628843493460e-04
6.124162394244767309e-04
6.110590396764312539e-04
6.099223926043789582e-04
6.087722299036254798e-04
6.079025233642443120e-04
6.071424318360665482e-04
6.066561121956906858e-04
6.061589555873477279e-04
6.057864853972923236e-04
6.054401285569480226e-04
6.049131173794985907e-04
6.044399239434251501e-04
6.041328838566426690e-04
6.037186813870395064e-04
6.032556744409059250e-04
6.027846710576646033e-04
6.022632100358170978e-04
6.097005739311948426e-03
4.194596850720129846e-03
3.555121619673019991e-03
3.033492286718416850e-03
2.779264589060886047e-03
2.357416595016516726e-03
2.063908223777979369e-03
1.791245263660241980e-03
1.516858087310963632e-03
1.333740205128568354e-03
1.206096382077585316e-03
1.102085320921972417e-03
1.020092320149818118e-03
9.447300192732059317e-04
9.034194937460284696e-04
8.511582470185767883e-04
8.152408376242613547e-04
7.870080519738705850e-04
7.536401810205769743e-04
7.296161723145725385e-04
7.135396425623532742e-04
6.959117137744184889e-04
6.826039640603715148e-04
6.714135692864096156e-04
6.608004621762488939e-04
6.553236594549759512e-04
6.507363004304497897e-04
6.466758876257142335e-04
6.419440069942279831e-04
6.383614194236268474e-04
6.350685188183032319e-04
6.327379176581305513e-04
6.310027240200879973e-04
6.295512632600366041e-04
6.280323544804215178e-04
6.266733743812952879e-04
6.255212379405775906e-04
6.241409205386737411e-04
6.230467233372819283e-04
6.217591652086157166e-04
6.207457417280158336e-04
6.197411734596511984e-04
6.189072500501928203e-04
6.180287789140691615e-04
6.174966456730936974e-04
6.169460033556919704e-04
6.164582204545120256e-04
6.160532115368601638e-04
6.155876804210655331e-04
6.152064147763628647e-04
6.148129465029282884e-04
6.144004406113527141e-04
6.139340749310635316e-04
6.134511969001892875e-04
6.129230068323755125e-04
6.122778603397313613e-04
6.116646527519211361e-04
6.109451694073612937e-04
6.102422400710900583e-04
6.095004752468899259e-04
6.087619176241099248e-04
6.076158425007735075e-04
6.065141134641976193e-04
6.053283527219409854e-04
6.038961657282070159e-04
6.021883707016287106e-04
6.009778448478526360e-04
5.999034554554156162e-04
5.987039071604663377e-04
5.978358213861281788e-04
5.968833694157693343e-04
5.961072877645208880e-04
5.950592276415353921e-04
5.941225270159998387e-04
5.930794213407667922e-04
5.921488547347668200e-04
5.911310680657042797e-04
5.900896252615403731e-04
5.889877537461853845e-04
5.879229548411630049e-04
5.868835683651849522e-04
5.856493088125363502e-04
5.845427638240722036e-04
5.832030407773177404e-04
5.820998110451335982e-04
5.808047986353825215e-04
5.795380874535979590e-04
5.787733591231594699e-04
5.778251706241858054e-04
5.770514266384693192e-04
5.760718091080499221e-04
5.753493984793273987e-04
5.746872829881398068e-04
5.741542375958622610e-04
5.736485706559619991e-04
5.732462743062966644e-04
5.728458174382055528e-04
5.726094148294153582e-04
5.722764028283559932e-04
5.720139702219596443e-04
