8.898870394302145492e-02
5.453132849273679972e-02
3.576257130836196091e-02
2.650988984720453051e-02
2.079200912855904207e-02
1.762429557145556158e-02
1.485382160006383165e-02
1.282210051314182538e-02
1.124354064071192254e-02
1.009702536105061034e-02
9.247997037550791458e-03
8.559609556029428371e-03
7.940701996235394189e-03
7.357926463046662521e-03
6.838699386559425261e-03
6.456432414420877619e-03
6.063479340749386264e-03
5.709463154644602370e-03
5.419820241719889437e-03
5.182102125965711015e-03
4.937822809820093493e-03
4.731681743659490492e-03
4.538141106871011049e-03
4.322406497568022365e-03
4.138871763967951097e-03
3.997146843791587849e-03
3.837017872054607204e-03
3.681926477796337947e-03
3.578593770573683126e-03
3.489174959304073946e-03
3.416902389445400715e-03
3.343806077599229074e-03
3.267227404057136426e-03
3.200190453416592792e-03
3.129858167390572876e-03
3.065425766360904084e-03
2.980115012018290637e-03
2.902634766186727635e-03
2.820907407260182277e-03
2.713439265596789135e-03
2.638318058900939421e-03
2.556904615211108654e-03
2.482334874779691062e-03
2.417589963987823963e-03
2.352078746863608787e-03
2.313079430049821712e-03
2.259052221474642987e-03
2.185974818968269753e-03
2.117242608375890546e-03
2.076457768511977015e-03
2.032637536717887914e-03
1.997287397893729617e-03
1.959703523040851221e-03
1.916735388802893016e-03
1.877145545489893909e-03
1.843555366701729505e-03
1.810980087094057021e-03
1.778378223746382913e-03
1.748886863208960751e-03
1.720908949950745613e-03
1.688254759431797973e-03
1.659100354926741367e-03
1.633418758849599023e-03
1.606588377484495208e-03
1.585184988584815036e-03
1.558903329898664531e-03
1.532438733673762050e-03
1.509530397266701119e-03
1.484504477851201522e-03
1.463063455983021214e-03
1.440220885768998165e-03
1.420235250319885423e-03
1.395878722252329261e-03
1.371961237426781678e-03
1.355833645233838662e-03
1.335375580622192226e-03
1.321076124080858456e-03
1.301570011356658393e-03
1.286763027809561307e-03
1.269124987640267259e-03
1.252512030349844279e-03
1.234004205005599869e-03
1.218530508764669286e-03
1.203086370845667238e-03
1.190456628861997525e-03
1.176676670319033117e-03
1.164131510405208656e-03
1.153233734536044221e-03
1.140537577533575495e-03
1.127401795753682229e-03
1.114389121734392233e-03
1.101705224834539573e-03
1.090396673972265354e-03
1.077924099507354900e-03
1.066464434361169035e-03
1.054745005480639108e-03
1.044762577490564561e-03
1.032574044475670838e-03
1.021598720553147611e-03
1.013275085031418218e-03
9.562266260727474805e-04
9.146898844942673214e-04
8.824601734261195525e-04
8.577034941763717231e-04
8.371344116236732009e-04
8.176668294543977316e-04
7.988339488019008568e-04
7.832925181116619662e-04
7.688977830290280591e-04
7.562562377026268599e-04
7.435254167577041735e-04
7.318364074781195288e-04
7.192202681614554048e-04
7.082345884769323001e-04
6.970977150381027672e-04
6.862262695906135718e-04
6.772227291154179997e-04
6.685486122909459553e-04
6.596502714045070648e-04
6.511223954810189908e-04
6.433582702111814624e-04
6.348852836949464042e-04
6.271023942181892753e-04
6.204898597563492319e-04
6.145866055411299076e-04
6.081642609833894271e-04
6.018840470968106222e-04
5.952475773591816514e-04
5.896376606176758576e-04
5.843761145666736970e-04
5.791659904292438023e-04
5.733482819956764844e-04
5.673337797818833218e-04
5.622531356217915464e-04
5.571319553169721108e-04
5.514939169106408516e-04
5.469710021541305438e-04
5.420029684500138464e-04
5.373631952785046413e-04
5.322919665393395072e-04
5.280782002674270668e-04
5.242690567940590978e-04
5.199849097471781175e-04
5.163964125661120452e-04
5.122938212608273926e-04
5.091508129597367358e-04
5.047267793746988305e-04
5.008749309969971622e-04
4.971530636398158176e-04
4.930788777136219277e-04
4.893845031181728172e-04
4.863278716562690219e-04
4.835653218770167758e-04
4.802896113336687007e-04
4.763828524463260589e-04
4.730629956295752630e-04
4.695865892215172533e-04
4.666201705311624889e-04
4.636179114213816069e-04
4.610313231923947059e-04
4.586606878348020310e-04
4.565410714178457906e-04
4.538617237287307640e-04
4.514986176994250765e-04
4.481254476504884648e-04
4.453957908979323376e-04
4.427947705408435768e-04
4.406222061297880945e-04
4.386293964221549269e-04
4.364136000008082307e-04
4.344749817430530237e-04
4.324595971928994081e-04
4.301368913061422985e-04
4.281575866626378219e-04
4.263330565821017823e-04
4.244220959162271463e-04
4.224029090150022668e-04
4.205898632307180480e-04
4.186088416019037822e-04
4.166706789464635647e-04
4.149067061448025585e-04
4.128808406729067397e-04
4.104707797986867422e-04
4.076889056215954733e-04
4.053963179301596086e-04
4.034399786043940369e-04
4.016077215810352177e-04
3.998872719337579298e-04
3.979812665913997770e-04
3.960269708933043440e-04
3.936266052404678258e-04
3.913848668901315567e-04
3.890089856346513018e-04
3.868703923536863658e-04
3.847943013225444873e-04
3.825178334189643990e-04
3.802460433248635446e-04
3.781657995872875710e-04
3.760654847364119512e-04
3.741355489919270545e-04
8.079116780564815376e-04
6.288666595264156374e-04
5.370701232378539015e-04
4.836326874088012207e-04
4.525854345443228112e-04
4.318691420214679721e-04
4.144743686452313823e-04
3.998308599946287316e-04
3.876594536335855527e-04
3.795529973472057590e-04
3.720373049545558320e-04
3.639870737320265301e-04
3.569953570714328936e-04
3.510247060605141650e-04
3.444649728475991917e-04
3.391209982943455643e-04
3.334951797904610609e-04
3.284114142323979186e-04
3.237234403283944508e-04
3.196754085083535054e-04
3.159967733686108249e-04
3.128842193988645086e-04
3.097381400892264009e-04
3.064567776914378129e-04
3.031791725220417833e-04
3.005506911658047250e-04
2.980685081970296715e-04
2.952812196256895364e-04
2.924855446437381388e-04
2.898421594539731449e-04
2.877666168945613220e-04
2.851163451998534829e-04
2.822642047683060506e-04
2.793669405637562420e-04
2.767246687515543526e-04
2.738798374587591710e-04
2.712925785617510428e-04
2.690423494749056557e-04
2.668479360365320994e-04
2.644595939851509246e-04
2.624671818646465583e-04
2.602440762403827922e-04
2.580930727191649830e-04
2.562053227237682997e-04
2.541039257059474329e-04
2.525018294304361447e-04
2.504876473558071727e-04
2.486630464315792177e-04
2.465881774567707453e-04
2.449906295105810840e-04
2.433029785755010230e-04
2.419014877046248273e-04
2.402637636499101528e-04
2.386534426835472292e-04
2.366250624894415103e-04
2.350573983096324786e-04
2.333304052994065211e-04
2.316064845692181163e-04
2.302048426630996921e-04
2.285014783002436631e-04
2.272279662827750518e-04
2.256014719796229707e-04
2.241641782143458724e-04
2.224391257952627453e-04
2.210933002484865065e-04
2.197328908747619709e-04
2.187045397009436702e-04
2.174691090352127987e-04
2.160156233758191017e-04
2.148663552504560858e-04
2.136467403624547814e-04
2.125323780561091003e-04
2.113518560415401199e-04
2.101254805888738708e-04
2.089907932498964770e-04
2.078703038324290786e-04
2.067418030602827467e-04
2.055595322585823030e-04
2.043663256548438722e-04
2.029234474821757256e-04
2.018384672444581863e-04
2.006160779444084467e-04
1.993164739537856694e-04
1.980884468823663081e-04
1.969661958135016685e-04
1.957276414708540601e-04
1.946745144611085744e-04
1.933781470792648007e-04
1.923196460311308936e-04
1.912426947760517096e-04
1.901194235340872101e-04
1.888541533592848708e-04
1.878260829985667194e-04
1.867249045741724669e-04
1.856319950042860617e-04
1.845748777360888741e-04
1.836669753175212440e-04
1.828269400125009448e-04
1.818813608863073311e-04
1.810012864989128884e-04
1.001020734207312603e-03
6.637670983953763764e-04
5.309058360409330164e-04
4.596250091991587058e-04
4.202671952749410128e-04
3.919263938190873276e-04
3.595856212033362686e-04
3.403056582628738989e-04
3.269694555221092699e-04
3.119368814845179905e-04
2.987727610758830255e-04
2.876435781527873878e-04
2.784400703305116753e-04
2.691278672859098373e-04
2.604212352292747988e-04
2.517082285594324036e-04
2.440069029035539332e-04
2.370690057698734466e-04
2.306581012022484989e-04
2.248801002962539969e-04
2.205565242012110373e-04
2.159925617414429138e-04
2.108975932807690865e-04
2.059413202778424812e-04
2.006612275048535337e-04
1.960370218174830486e-04
1.909358578263247721e-04
1.865596111070625101e-04
1.820422045492003753e-04
1.781167059508141095e-04
1.747406261633740511e-04
1.711130873573777332e-04
1.682391765103556343e-04
1.650693094062705168e-04
1.621667605290229698e-04
1.593997579483884155e-04
1.563465098521002060e-04
1.535401591934333349e-04
1.506704370226878329e-04
1.481586415462143598e-04
1.456331037202058653e-04
1.434915035320766968e-04
1.411550916412398842e-04
1.390574447138923867e-04
1.369860620703512927e-04
1.352027464549887602e-04
1.330053482561971325e-04
1.311768096304486407e-04
1.295885604694521870e-04
1.278923856095728927e-04
1.258757284154228247e-04
1.237978726816374919e-04
1.220214843413232900e-04
1.202901466056555688e-04
1.186061520844480311e-04
1.168632544543344161e-04
1.152999362859573156e-04
1.137353718438880319e-04
1.120777605453395203e-04
1.104796814459114014e-04
1.087912971434998376e-04
1.070846354924149640e-04
1.055442273163417121e-04
1.038310994861399368e-04
1.019751054784063897e-04
1.002531866882400662e-04
9.862220595859064176e-05
9.697438246208127572e-05
9.570178662003733393e-05
9.451184986642350943e-05
9.327475469972517394e-05
9.204653997911741554e-05
9.067352932914191034e-05
8.921110111249772523e-05
8.784616695861256991e-05
8.658770575115677778e-05
8.535954780985216170e-05
8.429859236499822434e-05
8.329731972743585058e-05
8.218068071983996865e-05
8.111650256650338765e-05
8.019677132871537895e-05
7.936391979807066804e-05
7.835952383466368825e-05
7.718188917566628864e-05
7.615614735864044763e-05
7.525952407132539086e-05
7.442754265520680522e-05
7.353050678983983918e-05
7.265049659686333920e-05
7.181235468689794446e-05
7.098517971927033473e-05
7.004716781376559833e-05
6.907049146701630890e-05
6.823564588602971817e-05
6.726482281139713984e-05
6.632715842378349494e-05
6.547664933992158919e-05
6.469512356949876628e-05
6.390473679111884216e-05
4.521820331580863315e-04
2.997710368996076100e-04
2.213366126954765850e-04
1.858329128288607366e-04
1.602448766851471724e-04
1.456100904371477440e-04
1.338763661428607444e-04
1.229788111744234901e-04
1.145053759763896587e-04
1.078584282705681346e-04
1.020120819075120890e-04
9.669081917643912243e-05
9.179363987436878908e-05
8.771493112147754948e-05
8.303830196469868857e-05
7.946114423978663591e-05
7.627623145472178887e-05
7.373087193722337878e-05
7.121957649916936289e-05
6.863463441330509992e-05
6.624083466727391175e-05
6.406323450287260504e-05
6.189846764501594179e-05
6.008427562586576848e-05
5.804768950677821295e-05
5.636422866414571471e-05
5.438809596084723453e-05
5.262779177223786436e-05
5.124899392804646239e-05
4.968786025356192128e-05
4.836814081407868798e-05
4.713253127829534594e-05
4.598223124241321275e-05
4.485583279449782858e-05
4.339662511095308182e-05
4.219492029298268544e-05
4.103986928967137839e-05
3.991920722894091821e-05
3.890920874692256230e-05
3.792091569172206258e-05
3.707600395378459461e-05
3.609898221211724179e-05
3.515293380565818343e-05
3.401744651417793001e-05
3.322330756642692722e-05
3.253147145806856622e-05
3.174996433116353706e-05
3.100326226569686579e-05
3.014408666100115762e-05
2.920027720841539691e-05
2.837416399237177545e-05
2.763030534568732466e-05
2.693147390182784815e-05
2.631500337680502859e-05
2.573442072189515938e-05
2.502015948402153047e-05
2.431281517487712099e-05
2.373895229982068083e-05
2.317042771892203779e-05
2.255593739595203933e-05
2.189274494211319009e-05
2.117080157236693214e-05
2.056352733809251420e-05
2.003808962055287162e-05
1.948106513403875565e-05
1.887998582776024512e-05
1.835935210090178455e-05
1.800079234659395270e-05
1.763087312463372587e-05
1.728140091705070009e-05
1.696415201767500737e-05
1.656319248571835068e-05
1.612745521614020378e-05
1.569002150030701829e-05
1.529403704222823888e-05
1.486933403179284272e-05
1.453063729902962767e-05
1.423734468442873921e-05
1.386206090617753734e-05
1.343245319358236529e-05
1.308258897093632665e-05
1.269727151917819465e-05
1.232974534719672948e-05
1.198287051011335423e-05
1.164813452528059841e-05
1.132812404167000759e-05
1.104256581449744872e-05
1.083618266151760765e-05
1.059872747865920572e-05
1.035086317960057158e-05
1.012167593841638929e-05
9.857530605971052140e-06
9.625457164761620305e-06
9.362679850484925215e-06
9.146004540665363152e-06
8.940073866680336046e-06
8.748356324620046250e-06
8.537957831792519875e-06
8.324244390427625585e-06
8.145386365050154897e-06
