2.131389749128085875e-01
4.520677080353852767e-02
9.667572810992312513e-03
5.439413282666100309e-03
3.365983892319567971e-03
2.362709984390197557e-03
1.899818999701631539e-03
1.595367351622296263e-03
1.272065629010317531e-03
1.088397177349871613e-03
9.667487218262165501e-04
8.860259530608366593e-04
8.204170040958227907e-04
7.322677804307855219e-04
6.740558350716723034e-04
6.235020817117793322e-04
5.918596271623425935e-04
5.290166460960837435e-04
4.725594751806775208e-04
4.186083828620851895e-04
3.722809551211010313e-04
3.539421238598516764e-04
3.317681605868984598e-04
3.188128455180490447e-04
3.065184167968581304e-04
2.950629541251955875e-04
2.877038798569288443e-04
2.633328847874888998e-04
2.449538402881411086e-04
2.395694759347806230e-04
2.310602387600624752e-04
2.247122274114651331e-04
2.171861187505058383e-04
2.116086004185016578e-04
2.031813095578992301e-04
1.955173948502648214e-04
1.912163370443671542e-04
1.826213863024205518e-04
1.765422812273147559e-04
1.717315664781528782e-04
1.649385733787487218e-04
1.595929113118869415e-04
1.501972656617350950e-04
1.454469829850359825e-04
1.429976899408945770e-04
1.408509737578380434e-04
1.396695161490103939e-04
1.378867256374156751e-04
1.357564517991639505e-04
1.324992879391429402e-04
1.299566112065895997e-04
1.286799739452025690e-04
1.269660011947558865e-04
1.251112894077086968e-04
1.230800650546317329e-04
1.218353230658225493e-04
1.205069379703724210e-04
1.193747536489801904e-04
1.180890955844533574e-04
1.165850910101336158e-04
1.143852534113345022e-04
1.131274271307019586e-04
1.123868306473949742e-04
1.113640315298432298e-04
1.104003613132010652e-04
1.089576730656978014e-04
1.077379202150161410e-04
1.066501594577023765e-04
1.055103752921932481e-04
1.036187338627193822e-04
1.017015966802193065e-04
1.002659337732867914e-04
9.918379644867200337e-05
9.834747968996166041e-05
9.747081408487302681e-05
9.682587828740376495e-05
9.624553822877780123e-05
9.473472381772570460e-05
9.329964568954835337e-05
9.265948670238914695e-05
9.189018759871416735e-05
9.141846372194492858e-05
9.082441685205681599e-05
9.013347485879938934e-05
8.968069162633959584e-05
8.903312050503891682e-05
8.846522065907524122e-05
8.788751014696725256e-05
8.647148175030446309e-05
8.529840860945983464e-05
8.413773442656796622e-05
8.298406297409963931e-05
8.248107886739678340e-05
8.191721391185689154e-05
8.152231687498009548e-05
8.112962012043582478e-05
8.018056324059779250e-05
7.952193401433009805e-05
7.897635060864927482e-05
7.819374310361892357e-05
7.768480452795908811e-05
7.708830114506582505e-05
7.663320824899915026e-05
7.621454255772257106e-05
7.557843143553414939e-05
7.509616764337211244e-05
7.295018106695968206e-05
7.122578827327401697e-05
7.039019047545083685e-05
6.996692084791274744e-05
6.956435434340406539e-05
6.925967857720735958e-05
6.895280738957128340e-05
6.863495738760588675e-05
6.755185787986811357e-05
6.601487975090582726e-05
6.546312859427642862e-05
6.515900951278018902e-05
6.470726180482940491e-05
6.431077502283266678e-05
6.365809158551385071e-05
6.301661687067642811e-05
6.278011959347503464e-05
6.235369315297279488e-05
6.185709060052725769e-05
6.153197583305753857e-05
6.130649919074323813e-05
6.107568507159731759e-05
6.052892630892954507e-05
5.996038570414122839e-05
5.965650959796159970e-05
5.938946682681599010e-05
5.759207406902391114e-05
5.618230548197157201e-05
5.547944900133551022e-05
5.509342585674761400e-05
5.488606752039800753e-05
5.471466705028746129e-05
5.454853317898005215e-05
5.442490554762244168e-05
5.413401728079035162e-05
5.390021274784434783e-05
5.373718925667701166e-05
5.347861905256077813e-05
5.323237336955437108e-05
5.304690451277190591e-05
5.284257952757390582e-05
5.268206744782208883e-05
5.239980173614958061e-05
5.191209059402659103e-05
5.144898281670405739e-05
5.104764869549737767e-05
5.078302857333182263e-05
5.060617988129433151e-05
5.045961827136819037e-05
5.024755978743951498e-05
4.989323083091447340e-05
4.964264831052733626e-05
4.952109499962736877e-05
4.939239793890278792e-05
4.925293127700506495e-05
4.911423666338540626e-05
4.897240552962517786e-05
4.865217103641128552e-05
4.833287450870001051e-05
4.822385039551988064e-05
4.811311297915136218e-05
4.801984118719187177e-05
4.792044037567214174e-05
4.767786839891173062e-05
4.745729107649425036e-05
4.730412845647817452e-05
4.714457838557131768e-05
4.702772591965427118e-05
4.692302366601833446e-05
4.656019170607392265e-05
4.607444888010599768e-05
4.594498932776554294e-05
4.584353036492087342e-05
4.568673299803148978e-05
4.550689174556835960e-05
4.534193836382489391e-05
4.520642018323670227e-05
4.510457167939858360e-05
4.501955491155377033e-05
4.486909624861307010e-05
4.470700196422598650e-05
4.454742021033665918e-05
4.441009000425398534e-05
4.424444924828746794e-05
4.408122660403576790e-05
4.398042500857973053e-05
4.385361565405006046e-05
4.372687093126036633e-05
4.360860550051227832e-05
4.349775950375563030e-05
4.340646069415431769e-05
4.327432076772826927e-05
4.315340555488278586e-05
4.303940287820768191e-05
4.270453427206396434e-05
4.238364915191068951e-05
4.228465698039436628e-05
4.219516542800849575e-05
4.197495577453667871e-05
4.179998883360098349e-05
4.169255462825163035e-05
4.155283490768167789e-05
4.145692920150308570e-05
4.137689001793436362e-05
4.128244112202866399e-05
4.119960559166107689e-05
4.113084552383390499e-05
4.104716698776651187e-05
4.095080681740304772e-05
4.085801148629883103e-05
4.076354394492050080e-05
4.067929926057901961e-05
4.060644223643561297e-05
4.050684874795128975e-05
4.039562271011087446e-05
4.024483855286161858e-05
4.014536202150273734e-05
4.006872510237489548e-05
3.999257442711549236e-05
3.977131907299785013e-05
3.949071443413317391e-05
3.940891414453521493e-05
3.932964260197320208e-05
3.925476616300729209e-05
3.916857480181992627e-05
3.909767837183313532e-05
3.902419416660790630e-05
3.894535859915282774e-05
3.885240349953647694e-05
3.876811883955315330e-05
3.869532767072968936e-05
3.862720058281578662e-05
3.856641364428377267e-05
3.840491545763003090e-05
3.819915026890482063e-05
3.812048380086170528e-05
3.806286756233225895e-05
3.799209736549601454e-05
3.789520985713929776e-05
3.778291331090694928e-05
3.765895375462566209e-05
3.760788564474504210e-05
3.753630220918108203e-05
3.728939576854455225e-05
3.707909495552809545e-05
3.700012658761663492e-05
3.693381218750868794e-05
3.677603398640501406e-05
3.663394104916297187e-05
3.655142984621568555e-05
3.647820593215731172e-05
3.640269780490317653e-05
3.633719385934002004e-05
3.627220396598442980e-05
3.618466133486772585e-05
3.614021947483757850e-05
3.608514902169260714e-05
3.599638906475351028e-05
3.589058330667909183e-05
3.576203381964260318e-05
3.568930725572845212e-05
3.562174571781264463e-05
3.549120005697169687e-05
3.533865199221683414e-05
3.528059428937570713e-05
3.517683190999246223e-05
3.507755275805694704e-05
3.495785536012649609e-05
3.484747957057663027e-05
3.479072669709933009e-05
3.471655672305074789e-05
3.466212940999395249e-05
3.458944772871353705e-05
3.451034111818932545e-05
3.442259231417182106e-05
3.433799120122775137e-05
3.423224882980367906e-05
3.410271408101358490e-05
3.405658685976901279e-05
3.398918724949585943e-05
3.393300070631516911e-05
3.388177110846062284e-05
3.376902132317593987e-05
3.364147107529896611e-05
3.355356690661549150e-05
3.347891399399755241e-05
3.342874668563872685e-05
3.336340457778393212e-05
3.332283868298566008e-05
3.326048251669554785e-05
3.320424236779649614e-05
3.313870621014273978e-05
3.307274575557275119e-05
3.302854017460977060e-05
3.297907234882503462e-05
3.291451735800184081e-05
3.285055758443896007e-05
3.281196805636737556e-05
3.277474149354664569e-05
3.269346540230968806e-05
3.261601514332865590e-05
3.257673932105972341e-05
3.253489803821396631e-05
3.221499561807161566e-05
3.191013050700742707e-05
3.182630358247677386e-05
3.176465899917689284e-05
3.170634736111147055e-05
3.160386621642636862e-05
3.151229835574622913e-05
3.147740965521500696e-05
3.142062742677713969e-05
3.134579693645677323e-05
3.131285584242981098e-05
3.128259352356128176e-05
3.124400208769676998e-05
3.118681871490418993e-05
3.114508024922141272e-05
3.109183327954242413e-05
3.105009055895900232e-05
3.101084954640883696e-05
3.096023248005688136e-05
3.090641683607262875e-05
3.087827087978038286e-05
3.083152065788261531e-05
3.075769726032746897e-05
3.072001127755759326e-05
3.067163564895798760e-05
3.063391929598037976e-05
3.058303731705224821e-05
3.053947605788405874e-05
3.046422803446555250e-05
3.036668845047847321e-05
3.027857583857060703e-05
3.018696418491407781e-05
3.013862619773627810e-05
3.009245677084805275e-05
3.000563187058127054e-05
2.991900401254819370e-05
2.987772361422111683e-05
2.983562706036679805e-05
2.974783914949054097e-05
2.965203231861323973e-05
2.960669421524353266e-05
2.955692874218037328e-05
2.947713907017094975e-05
2.941382496410826759e-05
2.937934013311179127e-05
2.932378111242295619e-05
2.927875789364997198e-05
2.924941027432087859e-05
2.919495076610475714e-05
2.914024675714204849e-05
2.910113637441718909e-05
2.906350932331047199e-05
2.903582027507662839e-05
2.899674632957358991e-05
2.893711682841325377e-05
2.890622484968554626e-05
2.886843046365533043e-05
2.881720252684214138e-05
2.875823474425520768e-05
2.872789625207237919e-05
2.870074462786391571e-05
2.866895893411562993e-05
2.859155110844818808e-05
2.852483621227473737e-05
2.845942007897725239e-05
2.841484056106071310e-05
2.833164072302085009e-05
2.825091629868210763e-05
2.821608703863622564e-05
2.817293281048522058e-05
2.813420501146327577e-05
2.810261955079953141e-05
2.806744457884415443e-05
2.802844268067351723e-05
2.799302973565410540e-05
2.793543477944188298e-05
2.787261074814221872e-05
2.774619065637079585e-05
2.760257283127666639e-05
2.755221440157748871e-05
2.751405741639390275e-05
2.746948839720166278e-05
2.743675316812682030e-05
2.738418001504706913e-05
2.731213729948047910e-05
2.725468830521499597e-05
2.720105687090774229e-05
2.713849554895376653e-05
2.708865473939530834e-05
2.704770842464066300e-05
2.700717520300425920e-05
2.697531955161453106e-05
2.694510915742017389e-05
2.689967486460788972e-05
2.685568957945961766e-05
2.682738968430024211e-05
2.677841213348184908e-05
2.675382058364347758e-05
2.664882519432620704e-05
2.654884094012460076e-05
2.651575349623042617e-05
2.648798702353436212e-05
2.645674218732999486e-05
2.642800150773792634e-05
2.640013471486767367e-05
2.637599398795266713e-05
2.632406133942096662e-05
2.628571663372889414e-05
2.610856708722573082e-05
2.595971570351713535e-05
2.590210358752892902e-05
2.584564868056941103e-05
2.580276859217132691e-05
2.576835171848015761e-05
2.573537751292097201e-05
2.570523623865601296e-05
2.566764273781248334e-05
2.561543345914277326e-05
2.554988120466520881e-05
2.549107079007699011e-05
2.544887055981593415e-05
2.538607370611136116e-05
2.532897514899780410e-05
2.528696858263411603e-05
2.525218197296689199e-05
2.522423974090813663e-05
2.519584063888808827e-05
2.516408185574510789e-05
2.514310752119845342e-05
2.511659150560366450e-05
2.509948452736843761e-05
2.506654529551334700e-05
2.503227646301013547e-05
2.499540237814417809e-05
2.495562672942210728e-05
2.493339858582106997e-05
2.488355266226385552e-05
2.484310092369994849e-05
2.480229050657404500e-05
2.475738951074477127e-05
2.471969906984768914e-05
2.467566551940184925e-05
2.464932428168236883e-05
2.461730371711555606e-05
2.458631404160920641e-05
2.454705708927776040e-05
2.451942921118859401e-05
2.449057658334226998e-05
2.446234787433556332e-05
2.440947450878774413e-05
2.435863575549831818e-05
2.430576331678805467e-05
2.424191023418914288e-05
2.421707893490041022e-05
2.419227720886063114e-05
2.417103440187803697e-05
2.412420191289611293e-05
2.408185216010274158e-05
2.402728878962426604e-05
2.396937381326150383e-05
2.393386176659081574e-05
2.390877368935275307e-05
2.389332968696846011e-05
2.383661425733548024e-05
2.377532171822753363e-05
2.375872414166786881e-05
2.365931680755070470e-05
2.358938936347785819e-05
2.356093664422429640e-05
2.353156116275969165e-05
2.350821845727800300e-05
2.347531854668015442e-05
2.345024100648034079e-05
2.342882704652694947e-05
2.340603930421355933e-05
2.338852953917176588e-05
2.336760364121247702e-05
2.334170462128266272e-05
2.331305371659674812e-05
2.325973219960736737e-05
2.319740022306007125e-05
2.317362841064206185e-05
2.315316552097943347e-05
2.313449044642796554e-05
2.310552621627323962e-05
2.307328973431819306e-05
2.302249922225452255e-05
2.296527162673197913e-05
2.293084653136361539e-05
2.289895867054385175e-05
2.287897519403496070e-05
