9.819985280559143659e-01
8.732286317421847910e-01
6.840915031403881352e-01
4.443300497684373185e-01
3.036463684381159323e-01
2.341233083398170656e-01
1.884405968527886055e-01
7.271506576076403050e-02
3.721539556293807643e-02
2.629350008914210779e-02
2.459136482558634679e-02
2.281271946726470823e-02
1.137127576723265254e-02
1.075816493376054346e-02
1.033194081478589800e-02
8.368931119132292165e-03
7.306133592713637097e-03
6.256750729258142747e-03
5.832639643677547600e-03
4.964549846332723913e-03
4.363182329233751544e-03
4.277327757956860509e-03
3.893611865913708739e-03
3.754576781785047643e-03
3.520155007534297477e-03
3.266258908311019463e-03
3.012183194662627905e-03
2.833316573972167324e-03
2.762702988155503296e-03
2.067528090431672468e-03
1.846957577729162019e-03
1.749123093084011199e-03
1.726289856130621683e-03
1.713121456654184260e-03
1.700229379813972524e-03
1.594554338295730168e-03
1.512330781004909497e-03
1.049893464925382575e-03
9.257723652161301778e-04
8.823084407413878810e-04
8.638045400809209835e-04
8.589198066156113068e-04
7.985215540472710141e-04
7.850484826313819040e-04
7.791654243109295570e-04
7.633059083547429156e-04
7.586043310795056787e-04
7.566717026750818505e-04
7.520763947125543762e-04
7.146331936057412479e-04
6.988427420754115106e-04
6.919763085460993316e-04
6.879515525882339737e-04
6.550082017766215622e-04
6.274279280857091501e-04
6.224792928640744639e-04
6.054000234564845548e-04
5.951095925388346459e-04
5.912848168868650896e-04
5.874547062132332411e-04
5.851381245075564126e-04
5.844939440388897609e-04
5.832601770249712294e-04
5.096717539072768369e-04
4.745268932698997431e-04
4.550480782956687741e-04
4.540262534865611749e-04
4.497950113091169042e-04
4.426621876744836178e-04
4.337416820218753565e-04
4.274871910514812167e-04
4.220692692576669038e-04
4.197227512450754021e-04
3.989720720153746626e-04
3.822565123441574227e-04
3.395047355670993846e-04
3.279008327029203445e-04
3.187244335850114747e-04
3.129582666274029982e-04
3.085054219771709129e-04
3.044381411232072784e-04
3.012718729212359283e-04
2.984636094265353916e-04
2.957817976406643535e-04
2.918427790297208882e-04
2.884651812377054636e-04
2.873478990019646398e-04
2.726251336401872677e-04
2.607085467690666665e-04
2.539334469417000358e-04
2.481110057806947943e-04
2.457642787665201083e-04
2.425530457933544669e-04
2.410008518134070855e-04
2.360192233441405906e-04
2.310558899481981727e-04
2.260390877953094427e-04
2.225262810627298021e-04
2.222197270960728113e-04
2.146008498938255758e-04
2.093272080129084220e-04
2.074047863683588114e-04
2.061331899050775302e-04
1.975962716594643973e-04
1.880282262378771155e-04
1.863555793304081363e-04
1.853168580827492366e-04
1.825134360201263956e-04
1.799811529381738001e-04
1.776081471248481094e-04
1.756513745655198793e-04
1.738190249615978087e-04
1.730609365528742614e-04
1.721972546921358353e-04
1.718469967852736461e-04
1.677074394681832921e-04
1.641380961639564158e-04
1.623417299456643068e-04
1.605649144489631965e-04
1.585548038979138269e-04
1.563994135912257660e-04
1.543162455606214697e-04
1.525768843963931122e-04
1.515212338157833055e-04
1.504240006337594787e-04
1.495713095292296212e-04
1.487271540448322025e-04
1.479636490878063506e-04
1.464349062474086332e-04
1.450140406730358530e-04
1.414762869314145806e-04
1.387115109635427923e-04
1.262605694356596503e-04
1.158489890571186282e-04
1.151522361267800327e-04
1.144202377849650500e-04
1.139138698079002849e-04
1.134865595201100304e-04
1.127989605652891613e-04
1.121642114789685385e-04
1.116825927560185507e-04
1.111071859674096763e-04
1.107499968315250047e-04
1.102948268329765821e-04
1.099544010240919564e-04
1.093029873745776523e-04
1.086407437019416540e-04
1.078618382584056577e-04
1.071413684095845465e-04
1.069163453852598795e-04
1.066536372077332305e-04
1.050655173377006304e-04
1.031882962425378946e-04
1.014086173762869362e-04
9.914966889520041384e-05
9.905902526336002247e-05
9.792929500518753202e-05
9.695147233823440307e-05
9.674008079665612106e-05
9.612443787022280383e-05
9.554790155179532056e-05
9.525286967145259816e-05
9.504498771073634038e-05
9.468308027523959552e-05
9.429607832530906796e-05
9.376257484771607388e-05
9.346747228482945430e-05
9.290602529513608380e-05
9.236658044147894183e-05
9.179458672368226186e-05
9.111862418909453978e-05
9.035782257166708733e-05
8.955325041681690904e-05
8.930388307514135400e-05
8.893708166092374290e-05
8.868734433387835897e-05
8.858205535548049393e-05
8.712137387855830250e-05
8.542161895711862583e-05
8.504885634706722136e-05
8.450786245700817718e-05
8.420348184827453064e-05
8.394776266791487997e-05
8.316732375358401228e-05
8.236744743367445398e-05
8.227203186400622629e-05
8.194925911456821894e-05
8.168119750011561969e-05
8.162984984665756566e-05
8.157555594915271216e-05
8.101670629425163897e-05
8.045106366876841083e-05
7.808729346864033900e-05
7.599197047986462703e-05
7.558147536082641959e-05
7.517496728523762072e-05
7.490282379847219613e-05
7.467068206413568195e-05
7.426196000394721291e-05
7.388212857425857541e-05
7.340963186079936119e-05
7.273013169544413116e-05
7.251165156172537422e-05
7.233700443630232727e-05
7.224712418272690134e-05
7.211971859266266068e-05
7.199382647275121190e-05
7.189694058241390714e-05
7.167434688499633208e-05
7.153361818261248859e-05
7.105946551464843383e-05
7.069305458304790235e-05
7.049351106595286721e-05
7.016297839968757208e-05
6.954228921899614335e-05
6.883773670228907570e-05
6.875794084071310962e-05
6.866719144534430346e-05
6.849628809761785424e-05
6.829926374442032392e-05
6.807578313582746902e-05
6.787329567996249413e-05
6.761968413910268672e-05
6.739070224169651862e-05
6.731575864134160282e-05
6.718371141856309468e-05
6.708738574590328123e-05
6.691556177307991023e-05
6.668745119064581936e-05
6.650274046560100628e-05
6.637521000912089319e-05
6.601018696264610258e-05
6.562808148754989174e-05
6.518856277597412407e-05
6.474478100789988859e-05
6.456648309538085592e-05
6.437842766121149691e-05
6.426015279305437051e-05
6.417173263506461417e-05
6.404823815921884824e-05
6.392338024926255571e-05
6.382540188075442992e-05
6.373308604477238935e-05
6.362370521071295654e-05
6.355154691403027399e-05
6.322104481074528027e-05
6.295764322110349650e-05
6.282437231833663631e-05
6.266187744733187656e-05
6.256651709661700074e-05
6.247630157014319571e-05
6.240560696083022525e-05
6.230379351358326793e-05
6.224084221610051769e-05
6.082833165278182417e-05
5.961224768041910012e-05
5.847922258624422279e-05
5.755959275949763690e-05
5.742888831139446711e-05
5.733396354088074459e-05
5.714231601141879746e-05
5.696218702595834719e-05
5.689661467361114888e-05
5.681462728396728429e-05
5.672937557269908517e-05
5.661668640313851898e-05
5.654056593030833041e-05
5.643888455054530225e-05
5.637130265231781189e-05
5.632879863926020680e-05
5.625088264276672145e-05
5.615329081349495132e-05
5.602958607036862215e-05
5.593145498044365077e-05
5.579778778961970638e-05
5.561413636528814082e-05
5.557813349688104580e-05
5.548143937764125097e-05
5.534997614018784029e-05
5.504948754210725923e-05
5.473288841469300551e-05
5.440708631830521488e-05
5.390315386171409562e-05
5.378524312826966756e-05
5.354972912304989852e-05
5.332984836342733652e-05
5.305413660644780344e-05
5.279147231686087102e-05
5.262247733061597028e-05
5.227763898805667524e-05
5.209488575617788995e-05
5.200591062982318295e-05
5.190293557636575409e-05
5.178691802434332004e-05
5.168354988741836835e-05
5.164090385281379505e-05
5.153995872204440265e-05
5.142653380650724876e-05
5.135632574284257194e-05
5.111841418049132337e-05
5.085550425273178070e-05
5.080968839346531294e-05
5.074118530878516325e-05
5.067780139454978382e-05
5.051146800027394223e-05
5.034667490096703747e-05
5.028311506252031577e-05
5.022606704465004739e-05
4.974325596260201974e-05
4.928673134858839488e-05
4.912235905768849720e-05
4.899087067610076007e-05
4.886233285255094907e-05
4.852236876433773109e-05
4.819010979688722381e-05
4.817475081988224956e-05
4.778267918743084916e-05
4.732791298167982275e-05
4.686177077805860416e-05
4.655910897584067295e-05
4.644632962317428454e-05
4.635285844072659046e-05
4.629823561214010518e-05
4.626562640115895508e-05
4.620178822763423891e-05
4.611531829098865313e-05
4.602192233039589483e-05
4.586281239603279242e-05
4.568751835039883640e-05
4.566679504788769299e-05
4.557539507293481925e-05
4.547778134728538020e-05
4.541493611017337518e-05
4.535190118476375553e-05
4.525725505772297254e-05
4.518309024240835145e-05
4.512748433227662640e-05
4.502121074681485077e-05
4.493542987360429230e-05
4.458628704707273942e-05
4.418500479068315437e-05
4.406126557133966277e-05
4.395468381245017900e-05
4.391867560017928443e-05
4.387904569218710585e-05
4.364891546721977805e-05
4.344728137494769380e-05
4.339048216170651257e-05
4.332035965090463739e-05
4.329065762338615354e-05
4.273687946928512977e-05
4.220983413773765722e-05
4.214557421292810521e-05
4.208532496827584814e-05
4.157612006514902207e-05
4.126149645337174259e-05
4.122027253350599130e-05
4.117653168512055907e-05
4.100247733967134824e-05
4.083872088257615112e-05
4.077512724037265216e-05
4.071500063697444026e-05
4.054162060250631893e-05
4.034151271433432568e-05
4.032616837278857780e-05
4.017706827959549050e-05
4.006129106686481220e-05
3.998983035923717947e-05
3.990737357227345990e-05
3.985075633704818687e-05
3.979957272947083315e-05
3.976428455356103306e-05
3.970353227090529167e-05
3.963295819686894593e-05
3.960392359442139489e-05
3.948013881114304213e-05
3.934616143267304154e-05
3.928316323834427239e-05
3.916391243142661519e-05
3.906173487262896028e-05
3.901828695514183634e-05
3.896786243463714152e-05
3.893510405863596105e-05
3.887526799371805410e-05
3.881951098826614746e-05
3.872855399326091236e-05
3.866340613327623265e-05
3.862228264917402163e-05
3.859005114228482590e-05
3.854489647713636963e-05
3.850390414253968696e-05
3.842989359519219351e-05
3.839149645235116483e-05
3.836029835170994722e-05
3.831926203979945603e-05
3.827467523071439331e-05
3.823038769555085927e-05
3.819418980999922099e-05
3.811186067502804090e-05
3.803278803888098067e-05
3.793004749607883816e-05
3.782552567621065472e-05
3.757277449761298058e-05
3.733240573300493370e-05
3.731042218213536141e-05
3.715583351830237881e-05
3.707291268297585357e-05
3.697342923320223799e-05
3.684031845757647773e-05
3.672465971154589934e-05
3.669294997200131146e-05
3.663710553190712159e-05
3.656676028616325164e-05
3.650894681485789716e-05
3.647833961685990184e-05
3.643904937126650289e-05
3.637279467168205206e-05
3.632397409290892510e-05
3.617261032226243354e-05
3.604126371003096060e-05
3.553448176664299304e-05
3.495623339262381944e-05
3.491088333591364106e-05
3.486283924536557108e-05
3.482257875884196466e-05
3.479187596169650850e-05
3.475239541092101493e-05
3.470320022513453034e-05
3.469202047372448093e-05
3.461180771700050006e-05
3.453720693362980279e-05
3.449158726470410270e-05
3.441550652491866968e-05
3.437944659367093628e-05
3.433761701163290776e-05
3.432213437598166997e-05
3.425432947525818694e-05
3.418830771383376209e-05
3.412314933504779829e-05
3.406375680115321489e-05
3.364236212142673107e-05
3.328807294804444588e-05
3.321656256242212405e-05
3.316197572612386980e-05
3.314108173670805943e-05
3.309680029383574768e-05
3.307713942555596176e-05
3.305200237441789049e-05
3.301392895141167460e-05
3.298585425352579015e-05
3.292092422746908947e-05
3.285478078463834674e-05
3.280870446243164810e-05
3.277580371811121947e-05
3.268772163236965126e-05
3.261390647925696003e-05
3.255392893661986472e-05
3.250175113678476928e-05
3.249312022526387598e-05
3.240000083175348405e-05
3.231072514733326038e-05
3.228621984618163302e-05
3.225897619589466325e-05
3.220429213706161729e-05
3.216481263195848861e-05
3.209782030275229372e-05
3.202727730603639321e-05
3.200687342541775726e-05
3.196182796873660287e-05
3.191619348345519345e-05
3.188796520132542134e-05
3.186299322056438830e-05
3.179743452631353850e-05
3.172877305088910894e-05
3.172285917366311498e-05
3.120576426818650803e-05
3.076008672620064006e-05
3.072309689229824536e-05
3.066858969408621001e-05
3.062425010558220362e-05
3.061064479838788744e-05
3.059412781589508732e-05
3.054132719553959450e-05
3.049337399983276250e-05
3.032414336595382642e-05
3.015628318337342897e-05
3.012616156665848870e-05
3.010764741612420172e-05
3.006945957655663676e-05
3.003498853860813930e-05
2.995914366414484942e-05
2.987258190768598212e-05
2.984349188346055649e-05
2.980920650066891235e-05
2.979762732286865575e-05
2.957648027820582593e-05
2.938149184299853123e-05
2.936198145114502728e-05
2.932421800423642050e-05
2.929423136266275996e-05
