8.480551304248489242e-01
7.382083454388682631e-01
6.663458804889466069e-01
6.196673742576876975e-01
5.874315246156655013e-01
6.117477333958258878e-01
5.772735942086096861e-01
5.534920213504778141e-01
5.328835897333227267e-01
5.166659909447010035e-01
5.444649559224815638e-01
5.213867429698970657e-01
5.089733217227364603e-01
4.981978318269306150e-01
4.898042189132440494e-01
5.130590822138925144e-01
4.952022100593420628e-01
4.858928102803347637e-01
4.782382407177985795e-01
4.705065056056544348e-01
4.811510234711515177e-01
4.700899156697401771e-01
4.638431788847025006e-01
4.577497804995932507e-01
4.514110073560431702e-01
4.626245361459738192e-01
4.527918267799327934e-01
4.478061818723563237e-01
4.440030952650110274e-01
4.400757137443315203e-01
4.520822509138223144e-01
4.425510426496145344e-01
4.387457016218895833e-01
4.359489687388051760e-01
4.330207721995232850e-01
4.478569515959649472e-01
4.376389585295660245e-01
4.335645800369450908e-01
4.314320392357594014e-01
4.289933329430506426e-01
4.445523627805361699e-01
4.336678324706402243e-01
4.286330147628543141e-01
4.261351865973961872e-01
4.242781946693006678e-01
4.367271853661769954e-01
4.300921810649250832e-01
4.275594117125767202e-01
4.256719514984023678e-01
4.238586931876048847e-01
4.219684506188925432e-01
4.203148873430741506e-01
4.181864988248751303e-01
4.159899487097857285e-01
4.140052160958832550e-01
4.121445679389021954e-01
4.101017245253303911e-01
4.085007650626470421e-01
4.070407613857489060e-01
4.056112870185341057e-01
4.043719112243203129e-01
4.032262125259115093e-01
4.020824449048136517e-01
4.009650430758472939e-01
3.999306320375005663e-01
3.990371387688920191e-01
3.981179528702937231e-01
3.971907598550740714e-01
3.961356227895254101e-01
3.949247477720271293e-01
3.936437847348535635e-01
3.923731136041639367e-01
3.911028601782672864e-01
3.899831324815881128e-01
3.889186114151436113e-01
3.880107283647395433e-01
3.870978306896186716e-01
3.863026749618077571e-01
3.855592789740345805e-01
3.848298443170907190e-01
3.842254759354840621e-01
3.836056597461496853e-01
3.830202812704859294e-01
3.824288502418188851e-01
3.818145876779818204e-01
3.812436168120221791e-01
3.806498246469345315e-01
3.800129072391749685e-01
3.794412864743548219e-01
3.788999958281010216e-01
3.783489285298988203e-01
3.777918727842982105e-01
3.772680190606656492e-01
3.768008474536421737e-01
3.763603446778202577e-01
3.759431625385769582e-01
3.755306170938094712e-01
3.751391415142104613e-01
3.747585820126980716e-01
3.743643519647873452e-01
3.317482660988523291e-01
3.080523274045206539e-01
2.901125375940872830e-01
2.754306894809216977e-01
2.631692092751157230e-01
2.536793632636101803e-01
2.456132789104212566e-01
2.380223185173252209e-01
2.310238013330629669e-01
2.246223376532711369e-01
2.196026133982825479e-01
2.138597230544786176e-01
2.084676449323947800e-01
2.034209359458944710e-01
1.986236416362506252e-01
1.950997187602613037e-01
1.903598119201531935e-01
1.862406507148243462e-01
1.823134005503527777e-01
1.783623658510421484e-01
1.758446767214469908e-01
1.722403400760359748e-01
1.688621582305758484e-01
1.658423519660303658e-01
1.631841373558258756e-01
1.625496803600391948e-01
1.598080405378980162e-01
1.574626619351739143e-01
1.551184232945977404e-01
1.531087590256707542e-01
1.525802190750396581e-01
1.506447554458255900e-01
1.492371640302355973e-01
1.478777072512160173e-01
1.462663383708810716e-01
1.458183337440059624e-01
1.440004213979252934e-01
1.427541833059155219e-01
1.416184469653678502e-01
1.405125207720047120e-01
1.408141802276247911e-01
1.389238846398502258e-01
1.379652452228324888e-01
1.372027565151585915e-01
1.363034731083099804e-01
1.365552247271046293e-01
1.346287044556779278e-01
1.336821375991847916e-01
1.325499773929413039e-01
1.314634809016173300e-01
1.305542338935236635e-01
1.297870972095654385e-01
1.286164588369377304e-01
1.274253537419539339e-01
1.264552850803836170e-01
1.256271090578893745e-01
1.248829769745297830e-01
1.242929987057024427e-01
1.236735991478645630e-01
1.230389990035159892e-01
1.224733809761668207e-01
1.218962959463487511e-01
1.213013443874547820e-01
1.207760315331988105e-01
1.202861308589043277e-01
1.197732448374598802e-01
1.192936861547988503e-01
1.188113381582135697e-01
1.183373866497077626e-01
1.178901379669419630e-01
1.173590436769433171e-01
1.168124798365207107e-01
1.162997990426322126e-01
1.158658327723254416e-01
1.154404799105606255e-01
1.149307225207983202e-01
1.143899773433445094e-01
1.139391234132471620e-01
1.134090147494687811e-01
1.128727150578596600e-01
1.124461290362312321e-01
1.120195718122913714e-01
1.116158593403432236e-01
1.112282784402540553e-01
1.108396276514508894e-01
1.104559704667757852e-01
1.100023095843303544e-01
1.096167445069113761e-01
1.091870523205812071e-01
1.087760305923385629e-01
1.083249402766179453e-01
1.079331589718759560e-01
1.075653509003609842e-01
1.071782054307379856e-01
1.067382524462367616e-01
1.063181979624843176e-01
1.059092523861578233e-01
1.055590502493918281e-01
1.051640811427532879e-01
1.047056779567079043e-01
1.155362951980705710e-01
1.019043349421374367e-01
9.275451886191132811e-02
8.505249194637483356e-02
7.902537638163040223e-02
7.445623351794723732e-02
7.019339344534347713e-02
6.649967786342547704e-02
6.305610185209140073e-02
5.973836149557339853e-02
5.695538341805183452e-02
5.427278174563671814e-02
5.233704112712988382e-02
5.021862777078940632e-02
4.796173012461081575e-02
4.609026062865891754e-02
4.400449023477102928e-02
4.206592324460105975e-02
4.018923034265750593e-02
3.831238308752003829e-02
3.682079628771518787e-02
3.517325281376541130e-02
3.379669518385310101e-02
3.250978442983292610e-02
3.130206823398917065e-02
3.047233418293372395e-02
2.927449558618088268e-02
2.812380344517050393e-02
2.714499273398274237e-02
2.617879057035095783e-02
2.548419912497281239e-02
2.455701950396944888e-02
2.362816587168039412e-02
2.282604071673352900e-02
2.212702481665358017e-02
2.166973824603344451e-02
2.084361993002918981e-02
2.019689566208753700e-02
1.951305602408761122e-02
1.884952501020295892e-02
1.846021723455664593e-02
1.782042612517221319e-02
1.726489063414401656e-02
1.669680590931749142e-02
1.618068312018309737e-02
1.605084935170305108e-02
1.550824514356971030e-02
1.500474127862209094e-02
1.447300927015952692e-02
1.397145406983422641e-02
1.351779384706309345e-02
1.309071758873704520e-02
1.264360092238390326e-02
1.223573660958588057e-02
1.187619526566770223e-02
1.154807990583719968e-02
1.120670875576913576e-02
1.085314250317112594e-02
1.050938081829363817e-02
1.016208890786466507e-02
9.855589545233583645e-03
9.542393000907594888e-03
9.230237396920743312e-03
8.930949343953395805e-03
8.646743156706639122e-03
8.369459403061699568e-03
8.111774160344902701e-03
7.895192626329766358e-03
7.675405181515829005e-03
7.450971869276060665e-03
7.226665649747354182e-03
7.025025012268775251e-03
6.813895149048672210e-03
6.596360117635488921e-03
6.416699785222940156e-03
6.242328471580509998e-03
6.050531998535438848e-03
5.868132685235764694e-03
5.703972889414518459e-03
5.541849446136145989e-03
5.388906352234264924e-03
5.230558731163643255e-03
5.074164480433640718e-03
4.907927053017529032e-03
4.747719792329504161e-03
4.604994363196895577e-03
4.470978879466584212e-03
4.338590693028993375e-03
4.212107220074164278e-03
4.094466435430868176e-03
3.982210777145309827e-03
3.867374406383728563e-03
3.764334809760894445e-03
3.649604163738211660e-03
3.542142994533030442e-03
3.447755510318964867e-03
3.356379493532373436e-03
3.254617620157252388e-03
3.160498965793974609e-03
3.057682191811560059e-03
3.495208924606007378e-02
2.523328169894397885e-02
1.992755245130092487e-02
1.642577273597144866e-02
1.381521306626466543e-02
1.194974843227629771e-02
1.023349861646716610e-02
8.834849526518901916e-03
7.795944027720264416e-03
6.897412191737313861e-03
6.122435350902059870e-03
5.446320690620952074e-03
4.806312378532195256e-03
4.266618480080594869e-03
3.790862753118563917e-03
3.403916349598467683e-03
3.043992840333849086e-03
2.724167809580517637e-03
2.433874060771702274e-03
2.180666918992281954e-03
1.981939892823577493e-03
1.771485644148695048e-03
1.587769287145686945e-03
1.420870823350392931e-03
1.279673701734027492e-03
1.168790139022933853e-03
1.047186642014218128e-03
9.481101955886082986e-04
8.595474736636705710e-04
7.748679763900904625e-04
7.015093407630551515e-04
6.324233131071179369e-04
5.610017844152775154e-04
4.947199704028754780e-04
4.408455293803711212e-04
4.023062381678484058e-04
3.543798551774866488e-04
3.155823689031680111e-04
2.810457248798259268e-04
2.508773719426624776e-04
2.283423061292979672e-04
2.046877701547813934e-04
1.830831161980886218e-04
1.611414906505137697e-04
1.440088623215591776e-04
1.324851581270956489e-04
1.183116574802062373e-04
1.057607531647485218e-04
9.435218509371202543e-05
8.453207008992292984e-05
7.524351521609360879e-05
6.759327261312599033e-05
6.114560985776460139e-05
5.580659341749548847e-05
5.091184331200098145e-05
4.618180979244104718e-05
4.135097993163212491e-05
3.671108633653822115e-05
3.263764185619304567e-05
2.907101705623476115e-05
2.571695806203000797e-05
2.308292376295926069e-05
2.111319148451480773e-05
1.926446198437800297e-05
1.742337187343458873e-05
1.582702840119579616e-05
1.434085725796081367e-05
1.300848298642205445e-05
1.170408718353425002e-05
1.026254174931307792e-05
9.050326438811579497e-06
7.992588686220646334e-06
7.086424662230179854e-06
6.318197160979879681e-06
5.605666139635370907e-06
5.014780835247091238e-06
4.552690744946388150e-06
4.091816865568505669e-06
3.723441605246657100e-06
3.367916751581186434e-06
3.048940555495091166e-06
2.732148065027775308e-06
2.407631040462152592e-06
2.151767923318685228e-06
1.952980114659645382e-06
1.789430025990474312e-06
1.622516954760023196e-06
1.461751286755485867e-06
1.323742425265550522e-06
1.184012817623983365e-06
1.063396454045336070e-06
9.717488443970711438e-07
8.782666221327862490e-07
7.939772056555416072e-07
7.216249478834620057e-07
6.398431669561966352e-07
5.726630030068565018e-07
5.196804483947466713e-07
4.655610846194294861e-07
4.167821231125301028e-07
3.162170647849808086e-02
2.131316631894376520e-02
1.555054836580267372e-02
1.211362093193798541e-02
9.431519806250707877e-03
7.529023027170033723e-03
6.033769386855782242e-03
4.857490992636178881e-03
3.866724148795311344e-03
3.145251689316301471e-03
2.608136112253431425e-03
2.103954225065196842e-03
1.698150215522544956e-03
1.380002202043234755e-03
1.127563652505647867e-03
9.367898642498458887e-04
7.748807661646505297e-04
6.421034791912915611e-04
5.317362634949667237e-04
4.389161212582139431e-04
3.733006275404751172e-04
3.091981777780785029e-04
2.606968137137191666e-04
2.192255891887569762e-04
1.853736340799405061e-04
1.577879967202352627e-04
1.332419916097501023e-04
1.134972795258245123e-04
9.605492835901325189e-05
8.149993347969467926e-05
7.006760503012702407e-05
5.959642798652444519e-05
5.083348677899233775e-05
4.321774312067690145e-05
3.636909702638181245e-05
3.108196340524945969e-05
2.637260764189184841e-05
2.258244901638557100e-05
1.931884115926080941e-05
1.630930354249766171e-05
1.400409688281258561e-05
1.190936507151121137e-05
1.008337097148052575e-05
8.576182085173531921e-06
7.405380300785321910e-06
6.463756557424524988e-06
5.600510141362233894e-06
4.804174238708040379e-06
4.039311230414701288e-06
3.453716682002711584e-06
2.947490392292232750e-06
2.469065689858011075e-06
2.075717125103582449e-06
1.728187680162450563e-06
1.417776050283364019e-06
1.201220874850696311e-06
1.021506613811585084e-06
8.591132972859783509e-07
7.376232368425568506e-07
6.183112502561978375e-07
5.204391355246319904e-07
4.373494666368971530e-07
3.715188842891597460e-07
3.103401897003170559e-07
2.604227760786230376e-07
2.181244038461781663e-07
1.810624892724396613e-07
1.511626358338282739e-07
1.305909831830221932e-07
1.106540824779893071e-07
9.412973650988417986e-08
8.483778511886426188e-08
8.483778511886426188e-08
8.483778511886426188e-08
8.483778511886426188e-08
8.483778511886426188e-08
8.483778511886426188e-08
8.483778511886426188e-08
8.483778511886426188e-08
8.483778511886426188e-08
8.483778511886426188e-08
8.483778511886424865e-08
8.483778511886426188e-08
8.483778511886427512e-08
8.483778511886426188e-08
8.483778511886426188e-08
8.483778511886426188e-08
8.483778511886426188e-08
8.483778511886426188e-08
8.483778511886426188e-08
8.483778511886426188e-08
8.483778511886426188e-08
8.483778511886426188e-08
8.483778511886426188e-08
8.483778511886426188e-08
8.483778511886426188e-08
8.483778511886426188e-08
8.483778511886426188e-08
8.483778511886426188e-08
8.483778511886426188e-08
