4.058250090331583237e-01
2.391362394012634951e-01
1.898775730350181767e-01
1.610102764935161801e-01
1.422988449349736340e-01
1.547959899960953123e-01
1.338525952462430724e-01
1.165181912317390933e-01
1.092807982621994828e-01
1.021906043277448772e-01
1.033530793319865082e-01
9.689600717574470279e-02
9.167731006086587975e-02
8.758426493696060133e-02
8.483536396837119964e-02
8.213020761276697279e-02
7.712968084350214915e-02
7.210516277807228758e-02
6.878659923053936920e-02
6.598475024901638564e-02
6.681617864320980871e-02
6.363714835374370549e-02
6.100737032844220226e-02
5.858416342084141887e-02
5.554370170627828673e-02
6.015252487385282232e-02
5.507815569335539757e-02
5.143485830192991853e-02
4.784313451495078584e-02
4.506283259941963604e-02
4.468105258879147973e-02
4.238914796302968580e-02
4.100332451340102380e-02
4.012746216638334723e-02
3.931508269833479396e-02
3.983954661450243157e-02
3.864935754509021132e-02
3.760332905017919197e-02
3.675026211567947870e-02
3.569904668405944614e-02
3.825905370095789015e-02
3.678177568674304010e-02
3.546648369011339702e-02
3.436671197000342598e-02
3.334938097653887545e-02
3.558334598665034015e-02
3.369518683934479009e-02
3.255550173288357385e-02
3.190712577091456975e-02
3.135785388939385521e-02
3.065175842906597142e-02
3.003025461973424237e-02
2.932395984378378950e-02
2.867151073899943184e-02
2.802132733489480151e-02
2.755646818497136177e-02
2.699085264095031633e-02
2.642353098223513067e-02
2.578850743169653487e-02
2.519290962629417568e-02
2.466525269653404087e-02
2.417153645008043167e-02
2.382987219436343007e-02
2.352217419286158073e-02
2.318116787148660415e-02
2.286286276984429364e-02
2.245814534203938867e-02
2.212110626911504424e-02
2.182168864476818904e-02
2.159719164784913367e-02
2.133320057714791634e-02
2.104285201555480475e-02
2.075046630103083434e-02
2.051262210788111842e-02
2.029516385780946383e-02
2.011588032247179844e-02
1.992394549287970773e-02
1.967120233771596852e-02
1.934417978081139078e-02
1.893447204936299366e-02
1.849409565753038984e-02
1.801075399685020742e-02
1.750271461133517600e-02
1.702353143848852474e-02
1.667514350068976040e-02
1.618722008179152363e-02
1.586763504693313245e-02
1.561123912336542449e-02
1.537483408684262379e-02
1.510779483049209254e-02
1.491713660338065718e-02
1.466679725924503394e-02
1.434272224068778440e-02
1.412818306868504452e-02
1.396515718800088110e-02
1.382554259799587473e-02
1.359459319662574897e-02
1.344142773774235911e-02
1.331004458882844438e-02
1.320650903247142134e-02
1.181955717273280512e-02
1.086654242896829478e-02
1.032288985257680258e-02
9.897788820044835234e-03
9.498761003609645232e-03
9.177491436391849167e-03
8.895831807113138354e-03
8.601753338828401277e-03
8.311631074490052895e-03
8.034389499178822697e-03
7.859928640385238294e-03
7.663920223137867839e-03
7.498086271292238834e-03
7.298751839474262697e-03
7.042091411336427048e-03
6.848514323778448487e-03
6.680044485656880596e-03
6.490169633431260195e-03
6.382896213447886852e-03
6.261189248702646488e-03
6.163765456812029045e-03
6.050365441454359436e-03
5.964982393163610792e-03
5.885413145859953385e-03
5.799137860607984397e-03
5.721999951494118920e-03
5.638480786871188401e-03
5.562607654669871060e-03
5.493938493449535866e-03
5.410026058542639557e-03
5.346301668113212675e-03
5.272120895849282708e-03
5.185150057016637420e-03
5.102371548086057952e-03
5.026240172526957525e-03
4.964111428052989106e-03
4.887637483242681345e-03
4.795177127596562082e-03
4.719393211001922210e-03
4.646299169474421044e-03
4.598074318931121701e-03
4.536696272178810524e-03
4.475892068778783428e-03
4.422871011403575227e-03
4.360168120954172229e-03
4.341812249031678540e-03
4.283874368766762801e-03
4.237135595932820832e-03
4.187641483709562615e-03
4.136760923795197199e-03
4.091726909082405231e-03
4.055513768021951765e-03
4.011030157534056610e-03
3.963783451916767266e-03
3.929688495620567781e-03
3.894156721273989066e-03
3.842924510219128398e-03
3.805562728797461363e-03
3.768810615863934111e-03
3.731606431217289466e-03
3.702004734518007240e-03
3.676400688579188267e-03
3.648939069431397179e-03
3.621798163915460056e-03
3.598638094511065564e-03
3.577271133771276965e-03
3.549860800211124528e-03
3.529505305010259726e-03
3.504788023524257196e-03
3.484377323998658505e-03
3.458200964789825537e-03
3.437672844060447961e-03
3.410240705526512359e-03
3.387775364747741113e-03
3.362629793674614537e-03
3.338946184490310803e-03
3.320865687983414263e-03
3.309749204506543495e-03
3.296561173789216894e-03
3.285150521323480181e-03
3.272182006833685743e-03
3.260798277329151913e-03
3.249718194139616240e-03
3.241418019064821587e-03
3.232779462853050453e-03
3.223837429471438244e-03
3.213982244164285788e-03
3.203315082141611203e-03
3.194031054558480083e-03
3.184465530513824316e-03
3.171315248234422672e-03
3.158274273435242741e-03
3.144823345704772684e-03
3.131748631634957616e-03
3.117799207723374183e-03
3.103139551041585609e-03
3.089464129907733107e-03
3.078593390508414795e-03
3.065668685077329193e-03
3.050588580469078097e-03
3.212290625818900198e-03
2.958815276528756547e-03
2.859851570442535715e-03
2.791628632642943232e-03
2.717466042621280616e-03
2.657766036001916066e-03
2.608669083737243360e-03
2.562745597622807531e-03
2.525213311078175482e-03
2.490547543834389921e-03
2.455241166352224030e-03
2.424302292158348436e-03
2.388883180010100641e-03
2.357578592952941886e-03
2.328252679360315238e-03
2.300225304463726292e-03
2.276084783799048068e-03
2.256307895862475280e-03
2.235264489436303813e-03
2.216695408159403274e-03
2.199432193315608609e-03
2.183586589588370260e-03
2.169195229057860417e-03
2.153290690621994467e-03
2.139482869134417924e-03
2.125031398941127844e-03
2.108557670513355395e-03
2.091574088093887777e-03
2.076421202204748340e-03
2.060800206071335995e-03
2.051961693358540003e-03
2.039236794065324605e-03
2.027405168953058060e-03
2.017903194411781089e-03
2.006248706858255060e-03
2.000835237888853001e-03
1.991587468035451065e-03
1.981630600002690177e-03
1.971919366557365119e-03
1.960460293026027728e-03
1.953472047819660926e-03
1.944550398710700708e-03
1.935170574715892444e-03
1.926359694352158770e-03
1.919015589042750167e-03
1.914983016743607462e-03
1.905796185458851367e-03
1.895343366728476650e-03
1.884096435270954297e-03
1.871571025059262650e-03
1.862379563785788832e-03
1.851848309059752522e-03
1.842791888957920603e-03
1.834613937542967869e-03
1.823516452617914571e-03
1.812766559817768257e-03
1.806118795497557586e-03
1.798821832229575545e-03
1.790933726453633121e-03
1.783063955059853130e-03
1.775727683472415113e-03
1.769382957438003345e-03
1.763645353331040741e-03
1.757489073707986862e-03
1.751915771313254091e-03
1.746102005326433983e-03
1.740568769529933328e-03
1.732977269913567537e-03
1.727305033541443871e-03
1.721468742329398342e-03
1.715692655070209663e-03
1.709133745313732439e-03
1.703322220036706039e-03
1.696022155228321887e-03
1.687502564000938413e-03
1.679270320418535089e-03
1.669414976796316933e-03
1.660650782135281080e-03
1.655342594872918254e-03
1.648306104619448945e-03
1.642843110978215717e-03
1.634840339961890054e-03
1.628306409681070255e-03
1.619144684924968616e-03
1.610622431121837804e-03
1.604987074510330841e-03
1.597155497007924675e-03
1.589940884125737655e-03
1.582012124274980109e-03
1.572854922894895537e-03
1.566638658796266860e-03
1.559245552245607002e-03
1.551269580054928220e-03
1.544739670367370173e-03
1.536663604179543813e-03
1.529659974434905215e-03
1.522554828065174120e-03
1.515863926306908888e-03
1.508611862114856046e-03
1.501318544575293247e-03
2.438412036505562073e-03
2.098806084710091741e-03
1.922920272537997867e-03
1.821417848601423594e-03
1.736581155841850771e-03
1.660588654044228233e-03
1.615283240722484607e-03
1.574892531578631419e-03
1.536027068832656944e-03
1.499763623593413546e-03
1.467430464250508732e-03
1.445597989651706576e-03
1.426846299000232403e-03
1.409187179029288686e-03
1.395226595201960696e-03
1.380939516109251121e-03
1.367523038845286842e-03
1.357734949148907020e-03
1.347899865191172454e-03
1.338639113522612943e-03
1.328049408790601829e-03
1.316908226771677272e-03
1.304668487290856901e-03
1.294657007519620182e-03
1.283933947417493322e-03
1.275072532602927614e-03
1.265602290949432085e-03
1.258704108105328538e-03
1.251161080589310165e-03
1.244859579621280946e-03
1.237484460760481051e-03
1.230903678049826994e-03
1.225084572927821703e-03
1.219137849057982470e-03
1.212903685156278052e-03
1.207912305582037760e-03
1.201897652699721476e-03
1.196463470904520496e-03
1.190677153805984887e-03
1.185076589622032807e-03
1.181875223277523189e-03
1.176171244230368946e-03
1.171541162214661310e-03
1.167782729301897107e-03
1.163548186903215487e-03
1.160353093054408398e-03
1.156738281713553564e-03
1.153481051479811120e-03
1.150482784346289937e-03
1.147029821601152060e-03
1.143447387412145026e-03
1.140276273766468876e-03
1.137112592725524713e-03
1.132954252999139686e-03
1.129246785378945237e-03
1.124815529396234895e-03
1.120297996826574759e-03
1.115232807198827166e-03
1.110587243739393371e-03
1.106134962464550920e-03
1.101858937158926247e-03
1.097806296009010921e-03
1.094594706286139765e-03
1.091223572739170649e-03
1.087810177831418463e-03
1.085044322321290170e-03
1.081047627752880838e-03
1.078234732775289629e-03
1.075362265982504747e-03
1.071867842969688412e-03
1.068234734043116375e-03
1.064828784607615075e-03
1.061527478351417982e-03
1.057955610239386763e-03
1.054475786701098610e-03
1.050713063057212007e-03
1.045765371685884911e-03
1.042026420087558856e-03
1.037791399367858159e-03
1.034324628398397214e-03
1.030142912384912580e-03
1.025337971320962544e-03
1.021242973187133640e-03
1.017487498236881518e-03
1.014831087459387281e-03
1.011475040325740754e-03
1.007773682817720987e-03
1.004676718585718843e-03
1.001429514001024113e-03
9.989994877957770591e-04
9.965223200555368803e-04
9.944800925656570225e-04
9.922194250066354842e-04
9.906392285387178708e-04
9.892579521411921754e-04
9.873444664478044520e-04
9.855880377908812339e-04
9.835161273160375212e-04
9.815914296338978766e-04
9.795729802045277396e-04
6.525620084490373236e-03
3.840614373271124520e-03
2.893596193596804835e-03
2.334131554462164256e-03
1.857934162705311351e-03
1.705868834625425120e-03
1.575604962085918074e-03
1.446678043077226968e-03
1.360110701033889237e-03
1.299566370938357984e-03
1.261635088424678053e-03
1.220005285680454037e-03
1.175530269033944579e-03
1.150357061610390473e-03
1.119633333466320615e-03
1.094567195343010496e-03
1.073290141754700824e-03
1.055425011755560744e-03
1.042338424590593228e-03
1.028223937769552968e-03
1.020742789503209817e-03
1.010864003971398938e-03
1.001358413748686723e-03
9.927250083584758782e-04
9.844961056576428601e-04
9.801818287182818227e-04
9.726288298087256519e-04
9.674727630447738872e-04
9.600386543053417588e-04
9.529518767402886089e-04
9.460821702265524713e-04
9.412279585137489418e-04
9.359685789465393849e-04
9.305723199937603919e-04
9.261104606698947628e-04
9.215514286417798937e-04
9.173354754217203548e-04
9.133827993235309932e-04
9.099647885306590394e-04
9.072258860279456757e-04
9.035018583076601020e-04
8.995542860937737802e-04
8.961476734460750802e-04
8.930632694289917422e-04
8.897629757135496658e-04
8.870269413083709453e-04
8.847837501510989961e-04
8.827590560279094129e-04
8.807001387490449081e-04
8.789104847025090315e-04
8.767707513634995448e-04
8.746717471013119556e-04
8.719541138593280873e-04
8.695934484263136534e-04
8.671157197643387417e-04
8.651187223520980657e-04
8.627235463686783005e-04
8.602823589219265503e-04
8.578341810385790118e-04
8.560822834293119014e-04
8.541099443041168119e-04
8.520036403680156072e-04
8.500506203554351881e-04
8.480336618441717969e-04
8.459799212227923438e-04
8.435393749889118047e-04
8.408120453663493754e-04
8.380423199567756977e-04
8.350740798201336784e-04
8.325696880171060870e-04
8.300177944758008533e-04
8.271858235781138309e-04
8.240165290680146653e-04
8.214898651481098444e-04
8.188196803809846607e-04
8.161919438628336678e-04
8.136301459266057339e-04
8.113515558693612604e-04
8.088149974100602903e-04
8.061135967756656801e-04
8.040755790122280445e-04
8.020788178430853692e-04
8.001508670075113726e-04
7.981522106820201131e-04
7.962530357356119737e-04
7.946783882017794754e-04
7.927592024153093169e-04
7.910873027154082925e-04
7.894417598289357654e-04
7.875888885935901839e-04
7.858831113316971408e-04
7.836310802383552590e-04
7.808965569309043878e-04
7.787277032166079914e-04
7.770379793935767174e-04
7.750469067607328438e-04
7.728785224411389163e-04
7.705526356182919182e-04
7.679584687329179399e-04
7.660639080638583604e-04
