6.322138875910304767e-01
5.382043813026117229e-01
5.100604651647533405e-01
4.986937576814833850e-01
4.898350398227240832e-01
4.945191466273467507e-01
4.872878897599369763e-01
4.805668972211895040e-01
4.761547963436595365e-01
4.730430155272754567e-01
4.790101977243487741e-01
4.737848465783610075e-01
4.717234819517741040e-01
4.701858920957545651e-01
4.688581808626154368e-01
4.710437865308336192e-01
4.694944580262616629e-01
4.685336467699609542e-01
4.676736737051764292e-01
4.670313379950473132e-01
4.669381245116260848e-01
4.663000980145271535e-01
4.659643316113693534e-01
4.657155421029776643e-01
4.654470560695909698e-01
4.661589534638481136e-01
4.657594805488052270e-01
4.654692808547465366e-01
4.651167190377759608e-01
4.648105877666591779e-01
4.657874374890722535e-01
4.652995953830519338e-01
4.650398286476262744e-01
4.647691000884223711e-01
4.644420777700883352e-01
4.653680425886772554e-01
4.649577311934489643e-01
4.646416056145049045e-01
4.643788636273034065e-01
4.640880069870839120e-01
4.655031789379927565e-01
4.651735085609372544e-01
4.649611427268849906e-01
4.647848457350046703e-01
4.645256270984690072e-01
4.646574934301195836e-01
4.640413455711849267e-01
4.637075334149446948e-01
4.634716339500346005e-01
4.631998225372638833e-01
4.628782360931563700e-01
4.624929832579264266e-01
4.621579902701855591e-01
4.618220860291367691e-01
4.613662781050157369e-01
4.609732663204134662e-01
4.606266505033663750e-01
4.603204905390531620e-01
4.600048253442075019e-01
4.596728558215367744e-01
4.593339699802787557e-01
4.590121135599747326e-01
4.586982345658491833e-01
4.584176739223196906e-01
4.581827877614082500e-01
4.579987060145270239e-01
4.578173878127453356e-01
4.576238626273709253e-01
4.574691190170063204e-01
4.572943206692452467e-01
4.571409822169494319e-01
4.569993454230595886e-01
4.568353259356139340e-01
4.566487215920419507e-01
4.564697814257770991e-01
4.563210987477901437e-01
4.561855773110738421e-01
4.560816966041339460e-01
4.559925827763336437e-01
4.558957924048072652e-01
4.558133242700209697e-01
4.557271107108991082e-01
4.556165363572839966e-01
4.555086016118303771e-01
4.554154843105499562e-01
4.553133218811913352e-01
4.551633078534736976e-01
4.550118843555923664e-01
4.548542395490878243e-01
4.547411993786082407e-01
4.546387904639921929e-01
4.545100738337066737e-01
4.543957451523996660e-01
4.543093449547009333e-01
4.542313796103782386e-01
4.541629149039329016e-01
4.541112231172409475e-01
4.540700888721586614e-01
4.540228271529980208e-01
4.539779307839407752e-01
4.333356749524756579e-01
4.251596868459583400e-01
4.199289343348314163e-01
4.158302286370614276e-01
4.125702720407810054e-01
4.103946628820567821e-01
4.079208673020425779e-01
4.055701479403993059e-01
4.034239926538450982e-01
4.015778016773501879e-01
4.015969398149001335e-01
3.999600908869503924e-01
3.983370867594525633e-01
3.967808803678696261e-01
3.953595071604913969e-01
4.021221289708602487e-01
3.984580067512344947e-01
3.959754662193787356e-01
3.945956393437833332e-01
3.935125338182532406e-01
3.948966294259104171e-01
3.925914362890980946e-01
3.916820575835130991e-01
3.910415486945780228e-01
3.903697278417912475e-01
3.937129786333261050e-01
3.924778151976586194e-01
3.914496539533785513e-01
3.904224405799546216e-01
3.894757664704511235e-01
3.894983973845519976e-01
3.886125036815598621e-01
3.877068586324918242e-01
3.868612065116516785e-01
3.860741047310462526e-01
3.867181776735382770e-01
3.854736413342246815e-01
3.843368616545481675e-01
3.834082680228381168e-01
3.823987995021693731e-01
3.836398909709664573e-01
3.825982070619690090e-01
3.817792026917154469e-01
3.811530319124935007e-01
3.805542096803335994e-01
3.805028684931210381e-01
3.798334552351635973e-01
3.792651757268464263e-01
3.788439214107494624e-01
3.784498540939197353e-01
3.780622268181159651e-01
3.776857681651987209e-01
3.773549115109394170e-01
3.770383259452120828e-01
3.766905733729123407e-01
3.763466995896648237e-01
3.759770254209097162e-01
3.756460438242777977e-01
3.753394647555415853e-01
3.750460431848722243e-01
3.747566514050310604e-01
3.744793902947515796e-01
3.742580335341277320e-01
3.739975025483807114e-01
3.737893933238731758e-01
3.735740953852638158e-01
3.733590410309204355e-01
3.731813105561720412e-01
3.729682879751370916e-01
3.727763339475189674e-01
3.725955771881244716e-01
3.724168627185953095e-01
3.722576847212648032e-01
3.721187092656396689e-01
3.719807278340506174e-01
3.718562744242225326e-01
3.717469151762160529e-01
3.716329260417131075e-01
3.715369498131508297e-01
3.714461683829968774e-01
3.713460418471075108e-01
3.712506142156718481e-01
3.711483960876449384e-01
3.710618436971223622e-01
3.709820599800774388e-01
3.709066011231149651e-01
3.708289046905499098e-01
3.707401809715910046e-01
3.706518931615730983e-01
3.705739173303965739e-01
3.704972121277343433e-01
3.704239704454665993e-01
3.703537679519848247e-01
3.702820378342157603e-01
3.702200069281668116e-01
3.701608043267882731e-01
3.701058386581835280e-01
3.700547253013850013e-01
3.700056752691425754e-01
3.699485909187896771e-01
3.649479955652581986e-01
3.568335166930375890e-01
3.516818824548776368e-01
3.476253331572529137e-01
3.440877143265645977e-01
3.420275677088668864e-01
3.393934756796780361e-01
3.364227192045032844e-01
3.340013080170841642e-01
3.317883751224547373e-01
3.310395307002782506e-01
3.286352566619266669e-01
3.266195744645837284e-01
3.246176325465047197e-01
3.231776922778547001e-01
3.230490179757954383e-01
3.215009310804370357e-01
3.201714267184196938e-01
3.186582650794084204e-01
3.172269363500962447e-01
3.161496040438712130e-01
3.148701048964190341e-01
3.135311693691353319e-01
3.123543169506730055e-01
3.111946704943639452e-01
3.113638242423166780e-01
3.100989925551138615e-01
3.088673111526940018e-01
3.077155445942315604e-01
3.067245786536722529e-01
3.072556430642743863e-01
3.060497953193986320e-01
3.050742493655755339e-01
3.041968820163211684e-01
3.033787002785100495e-01
3.041724816390259933e-01
3.033532507576374715e-01
3.025691494724915831e-01
3.017844214327040087e-01
3.011688747706441349e-01
3.008549080994072367e-01
3.000922367064040031e-01
2.994085004932844352e-01
2.987547780144886866e-01
2.981965001377008262e-01
2.982061572779108882e-01
2.975041416927545757e-01
2.968879259885124910e-01
2.963431795320524698e-01
2.958385412278917159e-01
2.953747273274819340e-01
2.949040480581130996e-01
2.944204585812933428e-01
2.939200388405199260e-01
2.934291943950737558e-01
2.929784221007407097e-01
2.924635480113638164e-01
2.920573714813187727e-01
2.915109495148219265e-01
2.909852497197305543e-01
2.905727616002928837e-01
2.901123892774254420e-01
2.896903946430343102e-01
2.893150885284860308e-01
2.888613521885019519e-01
2.884006117120749835e-01
2.880141598455553953e-01
2.876661320670553246e-01
2.873085568502304898e-01
2.868899659520569023e-01
2.864414138576757973e-01
2.859744991713087936e-01
2.855373997824335319e-01
2.850771658533694519e-01
2.846442088358016598e-01
2.842784095670669586e-01
2.838412535975793349e-01
2.834368047259664958e-01
2.830466286810346399e-01
2.826268380592721341e-01
2.823045654082730893e-01
2.820162672187865871e-01
2.817193298819566372e-01
2.814343512883168419e-01
2.811370193192092026e-01
2.808405436523100929e-01
2.805932733266005563e-01
2.803148178568612980e-01
2.800558141976119408e-01
2.797984758071784817e-01
2.795636477567307043e-01
2.793330299826356500e-01
2.791215917576750360e-01
2.789189675385964073e-01
2.787266314892581365e-01
2.785337414694074587e-01
2.783313592548895543e-01
2.781208422748090991e-01
2.779178380469921050e-01
2.777023078791159838e-01
3.099250194736514197e-01
2.925871510467708547e-01
2.855852195467816212e-01
2.809623195609701196e-01
2.767686652208788400e-01
2.741522395927735167e-01
2.714872004203631173e-01
2.691604165894161405e-01
2.672297482740730867e-01
2.650257120568704217e-01
2.644858240378340497e-01
2.626873947196095016e-01
2.608884778060682752e-01
2.594991649031942460e-01
2.580200559215621303e-01
2.575940979722640134e-01
2.560497422664598788e-01
2.548884124862940692e-01
2.535586800337443769e-01
2.520558002505187689e-01
2.514292475123129922e-01
2.502398503483771464e-01
2.491235709277951904e-01
2.480849466826623440e-01
2.469803691307885241e-01
2.462761808795749796e-01
2.453475424916647385e-01
2.444882329863455050e-01
2.437049971426104578e-01
2.429703655521789352e-01
2.425412684846650624e-01
2.416332548343945452e-01
2.409556037825829333e-01
2.402915394946160965e-01
2.395714583779191276e-01
2.390563865829643808e-01
2.383365918308230080e-01
2.377230268839326810e-01
2.370484046569669989e-01
2.364694458881546335e-01
2.362726550486424770e-01
2.356708301473530998e-01
2.351113814334909735e-01
2.343910326002816569e-01
2.337948284327153736e-01
2.332477821923095995e-01
2.326726201731829369e-01
2.321679914004731449e-01
2.315886940935088512e-01
2.310420221467870683e-01
2.303972558856907105e-01
2.298079341292287303e-01
2.290728697145809623e-01
2.284893148384468664e-01
2.279197153810600673e-01
2.273619611794488737e-01
2.268652116680950348e-01
2.263776933759608645e-01
2.258954588585997125e-01
2.253413507475496846e-01
2.247019776629324561e-01
2.241287717248469369e-01
2.236079552777620050e-01
2.230458886552408870e-01
2.225686476541220982e-01
2.220656624542423629e-01
2.215634456310263678e-01
2.211311185822033565e-01
2.207068695699738459e-01
2.203028770699755889e-01
2.199125556505041046e-01
2.194505626058803338e-01
2.190811852713218932e-01
2.186537340648798122e-01
2.182782686687038398e-01
2.178804745440076351e-01
2.174903461257771120e-01
2.171071842920723194e-01
2.167895138670749289e-01
2.164240338178836653e-01
2.160270798237220735e-01
2.157087340039686996e-01
2.153633675271504067e-01
2.149857618160014028e-01
2.146637771249726434e-01
2.143396666866822231e-01
2.139714926829089647e-01
2.136130266599099714e-01
2.132727350531282984e-01
2.129426349534713769e-01
2.125888547382520644e-01
2.122383330840622306e-01
2.119138727509690123e-01
2.116207498439431622e-01
2.112973110576132907e-01
2.110005135021130740e-01
2.107369677101755545e-01
2.104840572836505219e-01
2.102375380048935316e-01
2.099868365254353164e-01
2.602388411976016558e-01
2.440697542649022389e-01
2.371724460112921706e-01
2.322766932972330223e-01
2.283052928491615952e-01
2.254526543604238042e-01
2.220077525682064845e-01
2.188457252961394928e-01
2.160100051957334899e-01
2.137923567540448988e-01
2.120306348118178585e-01
2.101712083754450344e-01
2.084045386053515470e-01
2.064898861834299493e-01
2.049831898066252767e-01
2.035782055814704117e-01
2.021322373824917529e-01
2.007812450459194875e-01
1.994104612773537344e-01
1.983731641550764424e-01
1.974488856660189806e-01
1.962573117931913913e-01
1.950886139722778911e-01
1.941199059691733342e-01
1.930253919445143740e-01
1.922158084961253788e-01
1.913091464768198746e-01
1.904458292885771731e-01
1.895408245071862896e-01
1.887095051512668875e-01
1.881787745351283236e-01
1.874064194476351142e-01
1.866655173721072092e-01
1.859261356292996326e-01
1.850451337976816435e-01
1.842504637037291060e-01
1.831757853935560010e-01
1.822247597097089444e-01
1.813339865791059602e-01
1.805291409844976824e-01
1.799013627516842517e-01
1.791717754795580098e-01
1.784154171104919973e-01
1.776456216815402167e-01
1.768072752527498903e-01
1.761073862362055598e-01
1.752735250124236310e-01
1.746101802239402312e-01
1.738945235418740132e-01
1.731914249759902436e-01
1.725514005504423520e-01
1.718886266903214832e-01
1.712078017563381238e-01
1.706057492887573801e-01
1.700647477079201275e-01
1.695423297668450513e-01
1.690848236285591166e-01
1.685548102799785397e-01
1.680056249947926850e-01
1.675449013776986185e-01
1.670689696051152195e-01
1.665792970551641383e-01
1.661175431123187440e-01
1.656712957392091623e-01
1.651755545999330499e-01
1.647237674551108866e-01
1.642529310580751190e-01
1.637936032008130982e-01
1.632718524331226995e-01
1.628167377664891668e-01
1.624181095140549980e-01
1.620378022575860444e-01
1.616909164120692854e-01
1.613404535411031016e-01
1.610030091925929163e-01
1.606443869751806308e-01
1.602868600697838763e-01
1.599185959622666242e-01
1.596152461634092190e-01
1.592370228484238370e-01
1.588516451327670609e-01
1.585024783373473467e-01
1.581265711430400456e-01
1.577645029132947185e-01
1.574416780446523112e-01
1.570952103409473111e-01
1.567646804313623243e-01
1.564436395130565094e-01
1.560980864225855191e-01
1.557586287759731014e-01
1.553313584131110758e-01
1.550223128524891303e-01
1.546611055310539440e-01
1.543347866516997791e-01
1.539902724579560733e-01
1.536009225966625813e-01
1.532542962933161057e-01
1.529230749016769475e-01
1.525619204883578162e-01
1.522074997526036977e-01
