6.585562516030992741e-01
3.879724487189503135e-01
1.927590718516241364e-01
1.417929728460719796e-01
1.151302332064011585e-01
9.177945630341800831e-02
7.675135046405620609e-02
6.684874336481627655e-02
5.880109446532176543e-02
4.929129476429785356e-02
4.378185361743776316e-02
3.906449189129913152e-02
3.568701317044092880e-02
3.310231263208843200e-02
2.987567307472143233e-02
2.755988377637334785e-02
2.607843231914993773e-02
2.479351761390622549e-02
2.354675921702163027e-02
2.273608545214154605e-02
2.177574652142410735e-02
2.095683802217454539e-02
1.981095835668905333e-02
1.888047424470908758e-02
1.520333796944986493e-02
1.365730555347126514e-02
1.317233499814134991e-02
1.263287858499550532e-02
1.239848819803557496e-02
1.227132738119987576e-02
1.175543906909453512e-02
1.130387084178463911e-02
1.111613303811191840e-02
1.092225203362223208e-02
1.020851758723699716e-02
9.586689717853268816e-03
9.150141321232372824e-03
8.854297999495792243e-03
8.708693277983127826e-03
8.593972703294783591e-03
8.522693961235580304e-03
8.456123012845940742e-03
8.390025710860646996e-03
8.313460731890274028e-03
8.246396387808661507e-03
8.171270335581268945e-03
7.388960623241235502e-03
6.852197049858026537e-03
6.787014061206178214e-03
6.664992423357794793e-03
6.596375094452853333e-03
6.559989266796927877e-03
6.526725846004420746e-03
6.453457641249500665e-03
6.401444394462990975e-03
6.355110142060157660e-03
6.282196011293508103e-03
6.236542933766566106e-03
6.138204333304809503e-03
6.042515137566873730e-03
6.009472105903522141e-03
5.947296905661935557e-03
5.884560574455149733e-03
5.780202661472883321e-03
5.699998676785766709e-03
5.500328877270003677e-03
5.340641995618222553e-03
5.288478797595781190e-03
5.248925079848151300e-03
5.221571058980928152e-03
5.189049352648408137e-03
5.143944533014094787e-03
5.103292240492855389e-03
5.073008895335332294e-03
5.043850409953912727e-03
5.022413295244490192e-03
4.913707456189226816e-03
4.823092983800783204e-03
4.749535271321635339e-03
4.646242671036705449e-03
4.620906649956199250e-03
4.599789524407277112e-03
4.360888536938530360e-03
4.195080097298780480e-03
4.165880077777482648e-03
4.147160871405746602e-03
4.123137027459344503e-03
4.101168383561207623e-03
4.087031984463479137e-03
4.068585173148584443e-03
4.055621764976932199e-03
4.026681629032568925e-03
3.993848970204554212e-03
3.908613602752971684e-03
3.810140880150975160e-03
3.782229478298737221e-03
3.759866693798080348e-03
3.740265931266488399e-03
3.723902931751490921e-03
3.715006235878409984e-03
3.699298579479359198e-03
3.681076705438425696e-03
3.668737072420545295e-03
3.655679158001604208e-03
3.642401880587036421e-03
3.627218382221735361e-03
3.609644453059888177e-03
3.595615087036291291e-03
3.584280310025737739e-03
3.566952551425207549e-03
3.553594210609884764e-03
3.540880167007515178e-03
3.524090456843680629e-03
3.510290055412598233e-03
3.495366931580473104e-03
3.477371954220850707e-03
3.460966694337944127e-03
3.448300383740547648e-03
3.436091068529928318e-03
3.427477096374587952e-03
3.418850732079626274e-03
3.409460124717406983e-03
3.400083373004448434e-03
3.389898573933482900e-03
3.380909411833493607e-03
3.370912984458745206e-03
3.361521510017011823e-03
3.351319052320472346e-03
3.342719792491695603e-03
3.306536139190586684e-03
3.267016350709917895e-03
3.258692436388069876e-03
3.224362104133555226e-03
3.205769555709530715e-03
3.159556600327051087e-03
3.114756677092036293e-03
3.104772856852104461e-03
3.094483993127919181e-03
3.087543223043917855e-03
3.078043023820308064e-03
3.069856492373740451e-03
3.058734266830497820e-03
3.048763796343629401e-03
3.035704022879667525e-03
3.025435707263064451e-03
3.015678123784935796e-03
3.006505594913479185e-03
2.997487319393099710e-03
2.987888421954584730e-03
2.968528486021150201e-03
2.947021358620637282e-03
2.924300370712343972e-03
2.905305621455159422e-03
2.894524038274104687e-03
2.883618292653435024e-03
2.841013535412999398e-03
2.814705997014443472e-03
2.807209256831478573e-03
2.801959967032411312e-03
2.794567919860769991e-03
2.782057810161645776e-03
2.773679536856474021e-03
2.765829252254986895e-03
2.757799629889178157e-03
2.748935292896652772e-03
2.740548544312937373e-03
2.728754657251238145e-03
2.719672908160083828e-03
2.707814043808319179e-03
2.692838594860280307e-03
2.683378699851318976e-03
2.672417945214008040e-03
2.667277165357152899e-03
2.658947138389721170e-03
2.652396484944998661e-03
2.643052017866515026e-03
2.634149151355874140e-03
2.616244165159741127e-03
2.600369434845174136e-03
2.590266473667054720e-03
2.581028316015594303e-03
2.568397010458961429e-03
2.557551682487085431e-03
2.550342610939751627e-03
2.535454088442347115e-03
2.525487590871975351e-03
2.517213028099447598e-03
2.510230548034129809e-03
2.502823318343333405e-03
2.490282919231061407e-03
2.484413597195904693e-03
2.478739543815710114e-03
2.473855576726728938e-03
2.467973523389315436e-03
2.462481429114629552e-03
2.458094262451605231e-03
2.452201013129688949e-03
2.444732006929691438e-03
2.439618727905071022e-03
2.434794231577813023e-03
2.424508146475883637e-03
2.417580359292883542e-03
2.412632518335035975e-03
2.408539570437417694e-03
2.403097563174069317e-03
2.396561395005090880e-03
2.391016930746335187e-03
2.382647036706903466e-03
2.373030545481035272e-03
2.368942904887880087e-03
2.362851647203810523e-03
2.358219273274689276e-03
2.353835320400253506e-03
2.350115401814421856e-03
2.345834684946334226e-03
2.340928813230501969e-03
2.333273666638168136e-03
2.325294781833844079e-03
2.318086181626979967e-03
2.306842763163868392e-03
2.302705213315193143e-03
2.298315391553490579e-03
2.293980842436686100e-03
2.289100957314888895e-03
2.284122829173143750e-03
2.279030406518188501e-03
2.274971670578637521e-03
2.270200410436586189e-03
2.265137567596718724e-03
2.260572305293873704e-03
2.256166598912266990e-03
2.248683596547838923e-03
2.242125431942633331e-03
2.237496246174321222e-03
2.234421332726360242e-03
2.227937424929318875e-03
2.222527122944302058e-03
2.215623985721749782e-03
2.209857412620449928e-03
2.206463269481460671e-03
2.202724620523319882e-03
2.199001518133095797e-03
2.194728277454263514e-03
2.190715644897746513e-03
2.185595136420468484e-03
2.181746801434140005e-03
2.175253779820448055e-03
2.169494296644624339e-03
2.056308282990991065e-03
1.979766359659938108e-03
1.970027975512092609e-03
1.963954243295787123e-03
1.960519224999915378e-03
1.957338923074249722e-03
1.953762224038771856e-03
1.950926669066390794e-03
1.948542855121367752e-03
1.946196411611433603e-03
1.943189050424683423e-03
1.939628287713903365e-03
1.936054318426191434e-03
1.933478203658400016e-03
1.931091186863333415e-03
1.928708593099657609e-03
1.921805186034125992e-03
1.917266004058365775e-03
1.880315264397696253e-03
1.850579017653867283e-03
1.846614063300417320e-03
1.844396712254130341e-03
1.842356720815418276e-03
1.839455576619921989e-03
1.837076542193592527e-03
1.832608950301048683e-03
1.828097743112335437e-03
1.825541732703798211e-03
1.821998675938271521e-03
1.818640291811764479e-03
1.815174494776312063e-03
1.810500101613676501e-03
1.805730731194414010e-03
1.797777293949702222e-03
1.783132692715131773e-03
1.775639713771774621e-03
1.771624577031691381e-03
1.769752200973691986e-03
1.760008095837864092e-03
1.753568087423545020e-03
1.751831765837261797e-03
1.749234751023533412e-03
1.746816887857192057e-03
1.744398284025788868e-03
1.741673081189235896e-03
1.739453362147972814e-03
1.737941214192325126e-03
1.736274261220326293e-03
1.734472416500086297e-03
1.732263430359934049e-03
1.728892140681185553e-03
1.726015638947520775e-03
1.718977536871054345e-03
1.712188688993309792e-03
1.708229069880877471e-03
1.704617623929922552e-03
1.701426978278186997e-03
1.697568108511180720e-03
1.695445876050437990e-03
1.693602385539008269e-03
1.691644858373810576e-03
1.689355787906947608e-03
1.688114598489074813e-03
1.686521334132248199e-03
1.685013963735101450e-03
1.683528533472252592e-03
1.681503218443496572e-03
1.678912241753943973e-03
1.676474860669787889e-03
1.675109547009887836e-03
1.671973601999076015e-03
1.669004506025634346e-03
1.666701126166081522e-03
1.662597017614186618e-03
1.657402907335627298e-03
1.653349742577567283e-03
1.649513033663983731e-03
1.645758898659510291e-03
1.642882135481370720e-03
1.640066470261184297e-03
1.638768820953045643e-03
1.636993615070232808e-03
1.635601507488022941e-03
1.631938037376743506e-03
1.628223719130819170e-03
1.627024483926284813e-03
1.624800657624884915e-03
1.622642039558630771e-03
1.600458275270050159e-03
1.577382484539059920e-03
1.573796002002521982e-03
1.571493566830397051e-03
1.569660311728893198e-03
1.568423361826283774e-03
1.563456509992413711e-03
1.558241618530844738e-03
1.555475063954175246e-03
1.552868217101474602e-03
1.551302878980989185e-03
1.549298436570840194e-03
1.545936450825608540e-03
1.542860228335547583e-03
1.541757482212602684e-03
1.532533297007180120e-03
1.522603546398815493e-03
1.520910503473066507e-03
1.519166243326830219e-03
1.517999798907462231e-03
1.516610203311280405e-03
1.515320488775103195e-03
1.514003406642999098e-03
1.512806879528269229e-03
1.510403048502545085e-03
1.507317776898006636e-03
1.505698205274658141e-03
1.504193832325436461e-03
1.502703295779073741e-03
1.501491333195977733e-03
1.500246900738640360e-03
1.498719006403046415e-03
1.497874832384323311e-03
1.496458072926839036e-03
1.494888942710739755e-03
1.493999340531225808e-03
1.489757847524631178e-03
1.485801784989840843e-03
1.484142427142312549e-03
1.482784075541369396e-03
1.481835403432670440e-03
1.479489503694961239e-03
1.477465616312436053e-03
1.475321726059764752e-03
1.472675629962160240e-03
1.470737544623762711e-03
1.469441976351609953e-03
1.468254621348277300e-03
1.466946981420725509e-03
1.465124730216031245e-03
1.461842000696333271e-03
1.459638108999230946e-03
1.458619555807293827e-03
1.457736191845889059e-03
1.456624557266040284e-03
1.455327420475307316e-03
1.454176658645026706e-03
1.452845179467882096e-03
1.451517543146474019e-03
1.450453310384195761e-03
1.448676956710260363e-03
1.446736757266957156e-03
1.444720718858857238e-03
1.443472491923419865e-03
1.441690539871811347e-03
1.440727287632877955e-03
1.439417777170759298e-03
1.438242275102149777e-03
1.436271111166384073e-03
1.434528296130421635e-03
1.433609899104486144e-03
1.432594584696164674e-03
1.431543977123283509e-03
1.430432562798553998e-03
1.427496124567803441e-03
1.424018597753048000e-03
1.421356757784488509e-03
1.418983751514214971e-03
1.417429329340584750e-03
1.416078784057983771e-03
1.412364549217709443e-03
1.409898781412293302e-03
1.407190701345944215e-03
1.405481758083066248e-03
1.404229235869343482e-03
1.402933020100770095e-03
1.402118195826256193e-03
1.397938957080132640e-03
1.394087031279657484e-03
1.388538616875159819e-03
1.383038927834715805e-03
1.379224259230847583e-03
1.376348535492003932e-03
1.375322209529031931e-03
1.374298355465274546e-03
1.373318361494516504e-03
1.372427585130818212e-03
1.371328875061085441e-03
1.369860934929694298e-03
1.368562787645990998e-03
1.367612097269889880e-03
1.366620083470943730e-03
1.365114762340774663e-03
1.364167731643862579e-03
1.362573151828389223e-03
1.361133259080776195e-03
1.358265462160814603e-03
1.355764099864396237e-03
1.350586947602031105e-03
1.344541793307525018e-03
1.342350920749457764e-03
1.340884226380285264e-03
1.339968835203973665e-03
1.339090262203029716e-03
1.338276241496504006e-03
1.337356929084993666e-03
1.336505502738461956e-03
1.335302735722997299e-03
1.333952034964291022e-03
1.330283457465343631e-03
1.327552249083795762e-03
1.326383931645919471e-03
1.325276934082848627e-03
1.323486672140114853e-03
1.320918670339826318e-03
1.319562198628222195e-03
1.318189046053953829e-03
1.316347057914045568e-03
1.314689012344001868e-03
1.313875763375271571e-03
1.313235631115975072e-03
1.311339240080896910e-03
1.309300233488123804e-03
1.308272968924290491e-03
1.307158373114605506e-03
1.306373792535891294e-03
1.305122266430275985e-03
1.304037422172455492e-03
1.303274760651762596e-03
1.302329803921902212e-03
1.301670659811141051e-03
1.300632527051239374e-03
1.299143419209846956e-03
1.296229689232017250e-03
1.294388809257465993e-03
1.293066294400830154e-03
1.291772524284111844e-03
1.290594736383073385e-03
1.289452180983148132e-03
1.288682302823254732e-03
1.287618877629745709e-03
1.286728576724715731e-03
1.285714768243046086e-03
1.284596939981521918e-03
1.283704555949608493e-03
1.281485215494252393e-03
1.279531842213826008e-03
1.278589545107051842e-03
1.277191899176387865e-03
1.275951306339714441e-03
1.274907187134981593e-03
1.274108224826882296e-03
1.272954138649144652e-03
1.272062974488417497e-03
