9.187097834546583686e-01
5.739847799357135072e-01
5.204157098729644826e-01
2.734933414819545883e-01
1.204762670517071366e-01
8.277247115642910602e-02
5.821407711854037492e-02
4.647622158462488134e-02
3.924234992682543860e-02
3.280316374115641032e-02
2.812294615927385388e-02
2.502272870778801325e-02
2.207607939341498307e-02
1.974201848046986882e-02
1.597760508720578315e-02
1.343646031061155807e-02
1.124590337147285748e-02
9.675541328071324623e-03
7.642519123889341022e-03
6.537668841187020165e-03
6.049321285948846931e-03
5.643316023610876926e-03
5.405779404536870461e-03
5.191829813524757344e-03
4.733854333875968552e-03
4.562248372406128155e-03
4.451747172841123180e-03
4.351885524496263043e-03
3.968674106148852888e-03
3.599897542380566147e-03
3.241773865478572800e-03
3.033032210036393402e-03
2.741558579316147413e-03
2.577409065523724591e-03
2.473331803261685519e-03
2.404818298283195425e-03
2.345572193195314108e-03
2.294084867409694906e-03
2.240069504067820384e-03
2.189527428341307876e-03
2.117351389510392645e-03
2.012836182037870941e-03
1.854234380748367040e-03
1.730853082917470712e-03
1.644984346442921385e-03
1.572074520003214444e-03
1.412553640212120716e-03
1.279974493028798038e-03
1.241931641530935734e-03
1.209189119613732167e-03
1.172608035668010326e-03
1.124062614796335693e-03
1.066974877158699455e-03
1.001502802187238545e-03
9.809929354902618363e-04
9.639394208038648722e-04
9.132725377778755285e-04
8.646343030093905577e-04
8.408980054466182793e-04
8.218485983328304616e-04
8.069587162995119816e-04
7.918697513058638258e-04
7.791218780590440087e-04
7.558700011392395935e-04
7.377260238414286861e-04
7.219535914153822750e-04
7.075751900548734241e-04
6.222113941727195393e-04
5.271620542433814527e-04
5.019565528091331219e-04
4.852394452480802609e-04
4.802063614925956804e-04
4.744055916695468075e-04
4.691895222740654768e-04
4.637283025440127942e-04
4.582638035963300361e-04
4.531268187434421145e-04
4.484276548296565849e-04
4.433026268168420480e-04
4.357728383517342399e-04
4.289399183533443055e-04
4.219859599687797534e-04
4.151536964313333120e-04
4.086843607491698273e-04
4.030439828305449864e-04
3.963616216194209988e-04
3.907084954859250492e-04
3.866024098841444709e-04
3.760446394022178246e-04
3.698802380636926766e-04
3.598009516082715836e-04
3.513566541356176226e-04
3.369375432429318022e-04
3.239518411357624980e-04
3.142880113473771092e-04
3.062735794482059157e-04
2.919891423524910001e-04
2.805219184915174282e-04
2.715336866738914307e-04
2.638089051609573965e-04
2.604517185956033002e-04
2.588790218999502228e-04
2.563211929905640689e-04
2.537506872774120798e-04
2.449255138669665060e-04
2.366531543444694958e-04
2.353723422961778071e-04
2.341927940936059586e-04
2.322402936973558631e-04
2.305014841100833003e-04
2.294189861960497687e-04
2.282781504642633890e-04
2.268045573141881720e-04
2.252031938181180408e-04
2.129022393976110037e-04
2.052536122924693252e-04
2.006121569914617918e-04
1.964995623831930916e-04
1.956189770717256071e-04
1.948144789645255611e-04
1.929070593997782833e-04
1.913912122587488915e-04
1.896346196395583533e-04
1.883966256533315959e-04
1.874765118137565023e-04
1.866620405080099876e-04
1.850368799496706327e-04
1.837271239274101747e-04
1.831991877384525971e-04
1.827397985849726317e-04
1.819554384281739487e-04
1.810811640750103427e-04
1.804800578653852604e-04
1.799627534527911883e-04
1.794395229675752924e-04
1.787408400706570939e-04
1.779457620475689459e-04
1.773414188279251902e-04
1.762195565387611224e-04
1.752525666918110800e-04
1.744179708292504128e-04
1.734285127741092458e-04
1.725165289012427347e-04
1.718204426159923516e-04
1.681821951684058338e-04
1.628685998634195570e-04
1.611461295026714226e-04
1.596610486579646626e-04
1.574440801645892059e-04
1.552214554566941525e-04
1.533739609252232053e-04
1.515892534348334101e-04
1.510610369027353122e-04
1.506152844123165540e-04
1.497093937962486339e-04
1.489927316414160980e-04
1.485288182858605238e-04
1.480320788634423962e-04
1.475141720685744877e-04
1.468992313780743378e-04
1.464539823781557399e-04
1.458044912124756450e-04
1.453105508838041255e-04
1.449483809476957198e-04
1.440326013944013390e-04
1.432492591163857883e-04
1.427035804032241991e-04
1.422017590173022732e-04
1.414061974130705990e-04
1.406019275958561555e-04
1.401014737094945695e-04
1.395957782384710157e-04
1.377738743113932735e-04
1.363237132108166745e-04
1.316397057219240055e-04
1.280798675844268175e-04
1.273657910008155723e-04
1.262391179946851171e-04
1.258856636603640554e-04
1.253921524079011000e-04
1.250916509333059264e-04
1.249029459766339445e-04
1.246837445176149296e-04
1.244879885070483813e-04
1.238154988075944242e-04
1.231143656422269324e-04
1.228705282683827810e-04
1.226294540094659757e-04
1.219823858755751845e-04
1.213504282791802224e-04
1.205725280670977636e-04
1.199011061741487807e-04
1.182913326366414534e-04
1.168453394149472760e-04
1.148780827593503238e-04
1.136467943202446187e-04
1.134154337386880299e-04
1.132179541926026003e-04
1.130501667286083468e-04
1.129066279680462757e-04
1.125281665727908431e-04
1.121949881013065495e-04
1.118079661850232185e-04
1.113315586737907638e-04
1.111266613703094632e-04
1.109565182520523834e-04
1.107883957204877201e-04
1.104324799361852379e-04
1.100322563313298256e-04
1.098208599321805196e-04
1.096861462671290711e-04
1.095151691645610323e-04
1.093553935874718445e-04
1.090844041733413078e-04
1.087783970093157568e-04
1.083397247511618970e-04
1.078691607499270076e-04
1.075133585185816966e-04
1.071294053835361305e-04
1.069086823356055525e-04
1.065967307021267833e-04
1.063491313392541640e-04
1.061789601688317979e-04
1.059444272165857576e-04
1.057023347624880602e-04
1.053476159414024212e-04
1.050366662753134605e-04
1.046700379087513730e-04
1.043101035177804571e-04
1.039951980001304341e-04
1.036851934879825745e-04
1.034365755907482856e-04
1.031983622200463395e-04
9.897607204390023296e-05
9.510808272042310652e-05
9.473454738833773264e-05
9.427603244286878869e-05
9.414979317256673918e-05
9.406742804119637901e-05
9.400334284594034581e-05
9.379031762220149757e-05
9.360367977927236014e-05
9.341810677183725415e-05
9.332549111571766516e-05
9.323876037709943713e-05
9.311724869581000858e-05
9.295794521926638049e-05
9.279938936648601073e-05
9.269648888038920951e-05
9.261318638449070242e-05
9.244176508368807227e-05
9.229997129525240344e-05
9.205533964936851135e-05
9.183748010347713776e-05
9.167057628737263473e-05
9.152015300261107371e-05
9.135685365718785006e-05
9.118207887448523982e-05
9.109953192434737260e-05
9.102082736740290737e-05
9.090057956165951503e-05
9.080533046124786615e-05
9.071352109419512108e-05
9.062690179802248322e-05
8.974957596902576669e-05
8.886447306815758573e-05
8.790401588654142182e-05
8.691739719360331966e-05
8.681159688375737846e-05
8.669623629528604321e-05
8.658667713472452659e-05
8.648765724612201557e-05
8.636286875779792995e-05
8.619942133690898533e-05
8.593168915351333671e-05
8.566532621406751868e-05
8.558619218993149410e-05
8.549161706590432648e-05
8.536297900597460955e-05
8.524710317988120278e-05
8.514876033468112611e-05
8.506952294511931794e-05
8.500043608705372172e-05
8.492857507438417381e-05
8.475239044299549840e-05
8.460989218731628382e-05
8.455097762473044569e-05
8.440897121411821129e-05
8.419246255080494617e-05
8.411688413581340897e-05
8.403969771277282395e-05
8.398362819977678295e-05
8.392204577800463784e-05
8.385778206706766161e-05
8.378733286838857650e-05
8.370106610944333576e-05
8.362605736380701160e-05
8.352533340601214643e-05
8.338997527526989658e-05
8.323919893966800967e-05
8.317576295243948241e-05
8.311023895076502673e-05
8.302450031751956109e-05
8.295200371798666747e-05
8.286192556568112348e-05
8.277966688457818740e-05
8.271781017860283642e-05
8.265605088158905177e-05
8.258784200903683580e-05
8.245832394161166953e-05
8.236121145548329738e-05
8.205231647059452844e-05
8.166017333064322836e-05
8.155031936178893011e-05
8.144472122556203507e-05
8.132793531862733357e-05
8.104317000877125129e-05
8.086382974529756403e-05
8.070878789890906669e-05
8.052879184132090526e-05
8.044685848721567784e-05
8.035668038279688381e-05
8.026417771977271162e-05
8.006381677175704911e-05
7.992232631896684114e-05
7.981658579078146527e-05
7.971375339006246739e-05
7.964337935782184478e-05
7.956127987964874636e-05
7.947147046783016534e-05
7.937071125531176190e-05
7.930316745960086966e-05
7.900537654159507065e-05
7.879716837242477863e-05
7.871594810465951391e-05
7.857854673317233132e-05
7.828357600332272535e-05
7.794004004924940114e-05
7.786120914418175564e-05
7.779586281953901100e-05
7.771893621511944382e-05
7.765646083449247693e-05
7.739557744328023090e-05
7.719663057524342638e-05
7.710486804202097938e-05
7.701540872608503459e-05
7.693490670969046206e-05
7.681785863495262817e-05
7.675839972208035867e-05
7.669455432271820108e-05
7.643395599213243950e-05
7.619831136560254944e-05
7.594495603828710058e-05
7.569518940641123601e-05
7.486270231131892598e-05
7.409885450524163826e-05
6.842853273546055251e-05
6.458365516041337628e-05
6.448667717986412344e-05
6.444656385633897912e-05
6.439580295814078289e-05
6.435842620979184789e-05
6.432970344167673459e-05
6.429020719788234195e-05
6.423535297975605798e-05
6.420112196112004032e-05
6.417269832188796737e-05
6.412906990390533212e-05
6.407921761680044194e-05
6.397852101829521528e-05
6.390515695397696119e-05
6.381136774045908567e-05
6.372472804544921960e-05
6.365606405560140103e-05
6.358904352276880756e-05
6.344842746566943525e-05
6.331452833534362517e-05
6.261401270699815363e-05
6.193385456963026103e-05
6.185109264797429530e-05
6.176657823616197327e-05
6.169912741353192104e-05
6.161373585851100099e-05
6.155660062460401245e-05
6.151575145066761068e-05
6.148832032874316351e-05
6.145909495713833932e-05
6.143035454582195431e-05
6.139001450347870645e-05
6.135215354017490956e-05
6.131728215961968007e-05
6.128459923591429844e-05
6.124123290807091387e-05
6.119556621101105993e-05
6.116350295733087757e-05
6.110547292336545894e-05
6.105305304800201244e-05
6.099275114346436484e-05
6.094930097001980291e-05
6.091989411965831449e-05
6.089045292840302966e-05
6.078685269579419916e-05
6.070871567228499992e-05
6.063646111845053872e-05
6.057890854411574958e-05
6.045574821839984505e-05
6.037455633918550332e-05
6.034941170262986780e-05
6.031762527068816382e-05
6.028131811235412716e-05
6.025346393406718904e-05
6.021449849533797483e-05
6.017399187375984429e-05
6.014519937759705436e-05
6.011141331350019292e-05
6.007761538033472374e-05
6.004930604719554174e-05
6.002569019274427457e-05
5.998536345253724079e-05
5.993153594113970645e-05
5.990537657284839419e-05
5.988074308992488194e-05
5.923258924326346730e-05
5.860335848531238618e-05
5.857216992180250037e-05
5.852568574801484319e-05
5.849528719211661334e-05
5.844793134515041314e-05
5.840701857991975301e-05
5.835796290861927155e-05
5.831187528053836732e-05
5.819862575469122849e-05
5.809344564818969106e-05
5.799940206302012322e-05
5.788409957678424710e-05
5.784993722909673468e-05
5.782230133802574292e-05
5.778759048993430038e-05
5.775623234900793389e-05
5.772745248368091336e-05
5.769709465882504919e-05
5.767211113820925781e-05
5.747707075271123113e-05
5.733396132789347096e-05
5.729955025982824354e-05
5.726166063415609659e-05
5.721254511283467982e-05
5.715995760018310168e-05
5.712479846707577331e-05
5.709186734745142866e-05
5.704298873847386711e-05
5.698420615279989061e-05
5.687376044152731610e-05
5.675945471635558925e-05
5.657171707264684355e-05
5.641682257387639409e-05
5.634889086468475251e-05
5.628520824852638831e-05
5.621831851274383842e-05
5.614177860023765833e-05
5.607210592392029125e-05
5.599964957960516982e-05
5.594011795276217789e-05
5.585076602860920624e-05
5.580775682094767743e-05
5.575356430925548562e-05
5.571256105425119226e-05
5.568320817272094566e-05
5.564225684343190577e-05
5.562003498604949119e-05
5.558825565774653648e-05
5.555878371117342385e-05
5.552846035864755238e-05
5.550644212226348939e-05
5.547862038208906365e-05
5.543836091154778588e-05
5.540820527713082635e-05
5.538367022070842156e-05
5.535852618901139716e-05
5.533664435423852479e-05
5.531367796167017872e-05
5.528544006973629745e-05
5.525849201939231554e-05
5.523064101712494439e-05
5.519640403748247835e-05
5.516196864380058887e-05
5.514252131851275372e-05
5.511808567464550215e-05
5.509346650133748060e-05
5.507092639072410061e-05
5.492915024599034739e-05
5.481833763928641891e-05
5.469994390284163625e-05
5.459849043910797352e-05
5.448678758196831069e-05
5.438812377556931772e-05
5.406289568881228848e-05
5.363105900229933875e-05
5.357520350824359012e-05
5.352597992945402151e-05
