3.157728716837342187e-02
1.305896552148665297e-02
8.688064407143297058e-03
6.040813290866781093e-03
4.432731570918250694e-03
3.990596571332155965e-03
3.034213468004388729e-03
2.486068365489258782e-03
2.200462718432937958e-03
1.942387903056891265e-03
1.749731966153596175e-03
1.528591315819646194e-03
1.370377503080507471e-03
1.224972761796813518e-03
1.127352349936527756e-03
1.083386712325328915e-03
1.012261808267384856e-03
9.503183983184927902e-04
8.958576260972353749e-04
8.474172826296833775e-04
8.282906301213226056e-04
7.824786020947597630e-04
7.437235176034784779e-04
7.116465661292581879e-04
6.771127736583458338e-04
6.724398549554379788e-04
6.544948195148740785e-04
6.382057100822500313e-04
6.219838338033742160e-04
6.077610237335604295e-04
6.141225928053853323e-04
5.988478359125070814e-04
5.912956989895917217e-04
5.822152794408977979e-04
5.697773014194946594e-04
5.743301474279418825e-04
5.499653256343589114e-04
5.383111199081875220e-04
5.281982179404649510e-04
5.172986760751068338e-04
5.477552491844256194e-04
5.147604654669322077e-04
4.983826990361057063e-04
4.848532379217583457e-04
4.790836413960088895e-04
5.361138014593589025e-04
5.034586919285930114e-04
4.886289954511879082e-04
4.776723635113614775e-04
4.702152848018097500e-04
4.630846256369883967e-04
4.561023358919560726e-04
4.502491624983393881e-04
4.450696023991726220e-04
4.407495362617110807e-04
4.358114123060180816e-04
4.296588498263428945e-04
4.211014470689647534e-04
4.108782907538173902e-04
3.957565957516242855e-04
3.846914995643690321e-04
3.719915287318724764e-04
3.588424634180594104e-04
3.480152316687460030e-04
3.401962639507477809e-04
3.328703388909430615e-04
3.249261754023151892e-04
3.176437922394393558e-04
3.113073419455042261e-04
3.037897383002416364e-04
2.976965760720938535e-04
2.917567133427396444e-04
2.864816463576904575e-04
2.825562543657237930e-04
2.786971040981004789e-04
2.753647927689851171e-04
2.704863244160560427e-04
2.663149988208820943e-04
2.630885315774370969e-04
2.601286308442111658e-04
2.562138336439526783e-04
2.530984038395695814e-04
2.501850412183787985e-04
2.476766395444189475e-04
2.450786956190746852e-04
2.424859535609020535e-04
2.404840490044920977e-04
2.386055198723814684e-04
2.359898041790474703e-04
2.330555179383189397e-04
2.310738465119825148e-04
2.289927168052495075e-04
2.273469085983189394e-04
2.259302943445921843e-04
2.243943455501281096e-04
2.224255517975156921e-04
2.211717445804340526e-04
2.197149609905179332e-04
2.182545532802657607e-04
2.167661039073356076e-04
1.649308369147570684e-04
1.386799070377940808e-04
1.274284507244114752e-04
1.182083747221005074e-04
1.072681303323065962e-04
9.961805361817930768e-05
9.397782483157833544e-05
8.954371928776971975e-05
8.592256702091154196e-05
8.254918573942201035e-05
7.936394894213609779e-05
7.677703695234007323e-05
7.445922834698503784e-05
7.249286731934520556e-05
7.060050342668425921e-05
6.904727489771745501e-05
6.750831929303899401e-05
6.626913018733840660e-05
6.506394894048846762e-05
6.394094929114397087e-05
6.281699092787673070e-05
6.187829165220136505e-05
6.094798908871673653e-05
5.996912805495458766e-05
5.908739626611459941e-05
5.843779243160125020e-05
5.777668466210669643e-05
5.716914760349037146e-05
5.653065374176320006e-05
5.585350153226790028e-05
5.523002877992501511e-05
5.451620421761402887e-05
5.371449549252762422e-05
5.305357355840267835e-05
5.241520517045920700e-05
5.169083598659887657e-05
5.095173119443168342e-05
5.019352471116240349e-05
4.962768166316573060e-05
4.902169830226820645e-05
4.852282724003724104e-05
4.795623963533280341e-05
4.747088660216722982e-05
4.696855915153918572e-05
4.650237823175804367e-05
4.601255917968845310e-05
4.550584247716447982e-05
4.485480228706798531e-05
4.418121079633550844e-05
4.344536389400558752e-05
4.290018164391177770e-05
4.233727237164575693e-05
4.189527376929110935e-05
4.135432578067497653e-05
4.080045090205691900e-05
4.032630234167352033e-05
3.989997565652562099e-05
3.949817509888958446e-05
3.914696596398208224e-05
3.874044044416857552e-05
3.826489160545160420e-05
3.796836780449453619e-05
3.764801688957595611e-05
3.730549066661327252e-05
3.696902459425925104e-05
3.660817605620466855e-05
3.621960910404429520e-05
3.592471831205947490e-05
3.561488186441862867e-05
3.535183607258251181e-05
3.509487620293257640e-05
3.490853801028851979e-05
3.469987837424559987e-05
3.445865135150649809e-05
3.423090217031446984e-05
3.405593752327201973e-05
3.389175644337663081e-05
3.374312262495623543e-05
3.359523531576885701e-05
3.348469238251402055e-05
3.333381991293489006e-05
3.319562567386914953e-05
3.306361141134416611e-05
3.293984454076942812e-05
3.277909080194765887e-05
3.263719676843233067e-05
3.250590036603312130e-05
3.237405255150202808e-05
3.225165278672239579e-05
3.212267072329423525e-05
3.197188527309811678e-05
3.178548836674233158e-05
3.157962072679500057e-05
3.135488891182497829e-05
3.117755918052872053e-05
3.099071921329243023e-05
3.079270491861941340e-05
3.061400711948759830e-05
3.044944835089892436e-05
3.027084685938830931e-05
2.506304891323013237e-05
2.252795596835125235e-05
2.113537459108511321e-05
2.010886795911729310e-05
1.942881048640879879e-05
1.881147102255355163e-05
1.833377357129645186e-05
1.801607240436538590e-05
1.771619837118177328e-05
1.749103750426742821e-05
1.729329930073955938e-05
1.705317823843053635e-05
1.683147392918562165e-05
1.659531058555259998e-05
1.641994821321161974e-05
1.629397579518183738e-05
1.616631509191329244e-05
1.603609063335713607e-05
1.591378174461977724e-05
1.575318770062291403e-05
1.560660907405912151e-05
1.545080039322474367e-05
1.530627470296099638e-05
1.517079805097749042e-05
1.504353667508126031e-05
1.492620537099460485e-05
1.477365528375592121e-05
1.464607836664476564e-05
1.451885302258765713e-05
1.439342492383259189e-05
1.431110063657872537e-05
1.421385974454556297e-05
1.410221576058258063e-05
1.398685929399007681e-05
1.385963810062138588e-05
1.373571515280676369e-05
1.363671509358128126e-05
1.353474382974258430e-05
1.343479392761824023e-05
1.334079116128016191e-05
1.321728622611144187e-05
1.311328849188643454e-05
1.301510448132348672e-05
1.292696482926946349e-05
1.284916013337749194e-05
1.274850342409883745e-05
1.266696210159881552e-05
1.256713430294192822e-05
1.247815909057224514e-05
1.238875605180426943e-05
1.230177311856559418e-05
1.221270251738370561e-05
1.212775333176744273e-05
1.205229559829787789e-05
1.199101375705946243e-05
1.192227541677069066e-05
1.184951468786234331e-05
1.178399450149471766e-05
1.169987623207724831e-05
1.163273890206693964e-05
1.156720328097400828e-05
1.149432344361326098e-05
1.141901016490074954e-05
1.135082228417623343e-05
1.128106083908519818e-05
1.121560682804172105e-05
1.115190072224231641e-05
1.108669026160324693e-05
1.102183397170961261e-05
1.097168114834178810e-05
1.092487098930771172e-05
1.086705646051028455e-05
1.080529912390877742e-05
1.073895699667799003e-05
1.067872170706104990e-05
1.061959445477179391e-05
1.056273682370938836e-05
1.051096220850808419e-05
1.047473192696396483e-05
1.043593892749419435e-05
1.040526957672935879e-05
1.036367183987322447e-05
1.032533310598845968e-05
1.028024790677134905e-05
1.022883944346666544e-05
1.018283666183424195e-05
1.013892238660595141e-05
1.009276496230373745e-05
1.005533888810211123e-05
1.001912361004711983e-05
9.977711738372705726e-06
9.921232894532212060e-06
9.875929574522250540e-06
9.826580964660428254e-06
9.788340454750424127e-06
9.753260878103168648e-06
9.717278476368889170e-06
9.682847657040136912e-06
9.650936990221008611e-06
9.613911732846635870e-06
8.863092305799644247e-06
8.403895273622481361e-06
8.102871269521229162e-06
7.908983786755592618e-06
7.784037066472485907e-06
7.663289116839868613e-06
7.545577868819682242e-06
7.452046551303536756e-06
7.376519315470755809e-06
7.313204482481603961e-06
7.255565153201772300e-06
7.201498205163649041e-06
7.160918623057435421e-06
7.127402763516036725e-06
7.087039574070548376e-06
7.049606042138879438e-06
7.017061393184294193e-06
6.979062723439385852e-06
6.949759157241117995e-06
6.912445764942915039e-06
6.879721464448044326e-06
6.848399497273276250e-06
6.822172826566278778e-06
6.794804405253948453e-06
6.767657383270070217e-06
6.740346740175786662e-06
6.717578598197286189e-06
6.689944445164643161e-06
6.663562477190037109e-06
6.635490447472331838e-06
6.610726253312403032e-06
6.584347415910722573e-06
6.548676778410377211e-06
6.520016251050722046e-06
6.494648916098317262e-06
6.467351622978401153e-06
6.445041078123046206e-06
6.422909006279280110e-06
6.399348759999587211e-06
6.375058317481001689e-06
6.348750367756453094e-06
6.313359208738533771e-06
6.286866962206939584e-06
6.257794984389110897e-06
6.229692704693850052e-06
6.199702356531080114e-06
6.177265417711455520e-06
6.153959675302236829e-06
6.129238106782977420e-06
6.104199268705399964e-06
6.076941903113521328e-06
6.053148051195933584e-06
6.026637101459552476e-06
5.996826409941075093e-06
5.968723785430972388e-06
5.933829696251603500e-06
5.905208464284336271e-06
5.875562715098350346e-06
5.847140445563810924e-06
5.818203663891217461e-06
5.795257932633343995e-06
5.769027745853933205e-06
5.741494647247654393e-06
5.715236137422064705e-06
5.685129764733584714e-06
5.659369633799027181e-06
5.634114290194191556e-06
5.608889446263355072e-06
5.583782918021101165e-06
5.555871099302796400e-06
5.526893910143152495e-06
5.501479052449053249e-06
5.474978524941614036e-06
5.444598538144880671e-06
5.416380542066584697e-06
5.386393529019488041e-06
5.356024747777149481e-06
5.331826230749189626e-06
5.306880319481060752e-06
5.277672635517807585e-06
5.249341416701515408e-06
5.224148318273549109e-06
5.204778755412600582e-06
5.186918340961736754e-06
5.169356012811133256e-06
5.154457090452905485e-06
5.135600164628510909e-06
5.116343961905412313e-06
5.095975436236895041e-06
5.077605285000832527e-06
5.057396693184409903e-06
5.036385960209430238e-06
5.015605696171703116e-06
4.990377724580887345e-06
4.966243266927858547e-06
4.947439725874384758e-06
4.931845951046008583e-06
4.911197231233464619e-06
4.894643716729211809e-06
4.878950882421717925e-06
5.536044978335486369e-06
5.129185841900660026e-06
4.873495737904502550e-06
4.698938439122388019e-06
4.582976029995635741e-06
4.499266465093177081e-06
4.448589869536802526e-06
4.414472669672593820e-06
4.389615433506598387e-06
4.366689845240319719e-06
4.346632137477502147e-06
4.326484467351716539e-06
4.310516556648374057e-06
4.295449902661854136e-06
4.276775818362969310e-06
4.257524639593610447e-06
4.241350692625530470e-06
4.226002343447725091e-06
4.211632799684615772e-06
4.198295675428683144e-06
4.184328591260272855e-06
4.172782643388253565e-06
4.163278914891465727e-06
4.153500157025591998e-06
4.143044430269933726e-06
4.131394509617263656e-06
4.120293623632177553e-06
4.108070255691077126e-06
4.096970657365614657e-06
4.086617788168787109e-06
4.075874123319432703e-06
4.064999417951489838e-06
4.055814441112441468e-06
4.044879192938880039e-06
4.033459595836293920e-06
4.020145999852881234e-06
4.003038234874641175e-06
3.989739694236363160e-06
3.978658528294805616e-06
3.967161336187698516e-06
3.954951815502072480e-06
3.943561779051062724e-06
3.929401831213320581e-06
3.914093338388778498e-06
3.898697434070701258e-06
3.883788491468033829e-06
3.870195785773062489e-06
3.856211129909039628e-06
3.841425289773551904e-06
3.829454095107511729e-06
3.815375687554394427e-06
3.802439442299543820e-06
3.792011601048906323e-06
3.781544784273946081e-06
3.770488863249216245e-06
3.759210400880181554e-06
3.748524545388445261e-06
3.736455841750561760e-06
3.723915810833700229e-06
3.712038028901017406e-06
3.698145049419104330e-06
3.687289332017627699e-06
3.676219128181973580e-06
3.667002178042966024e-06
3.657157435092355151e-06
3.646911265645521976e-06
3.637579402516105797e-06
3.626960007879010181e-06
3.614670057692167798e-06
3.601575439849979682e-06
3.588229949680305011e-06
3.575399605532592556e-06
3.562334094803111303e-06
3.549779092302558741e-06
3.539202763120350992e-06
3.528371777161923023e-06
3.518022773248791734e-06
3.505870584932433972e-06
3.494977339609574098e-06
3.481745717354414871e-06
3.469618234177038848e-06
3.459306463327733888e-06
3.449735939997258699e-06
3.438793691923371466e-06
3.428038901533147968e-06
3.416713439535849965e-06
3.404833320643555889e-06
3.394173792304586116e-06
3.383958638167959233e-06
3.372708551865983736e-06
3.361522819614102066e-06
3.350803880057717097e-06
3.338330413247736357e-06
3.328388687986363001e-06
3.319028238428177752e-06
3.310166940781013100e-06
3.301478593018803521e-06
3.294177605933653205e-06
3.284498816223546397e-06
3.272417868909475599e-06
