3.316896106533810396e-01
1.215427834472262991e-01
8.490600604201312129e-02
6.801694533457983138e-02
5.601222259117538682e-02
4.902245798745154953e-02
4.108884385626277586e-02
3.482723137420424414e-02
3.125186995660987621e-02
2.878393201092760423e-02
2.643228171753012404e-02
2.382999581515744814e-02
2.169587429395371941e-02
1.979918056788614045e-02
1.802659438427735641e-02
1.702927992891342321e-02
1.627143150997062762e-02
1.558428440589264448e-02
1.462499352513739470e-02
1.385346277891003237e-02
1.283599926533217708e-02
1.219357805580910392e-02
1.006685182119122605e-02
8.708111235256320651e-03
8.024478878677718946e-03
7.488037454749478863e-03
6.442292593466660000e-03
5.714750218441773562e-03
5.554962006305057265e-03
5.439666030298905865e-03
5.083399881144254513e-03
4.760886625080041311e-03
4.527362935665605811e-03
4.327081415783664425e-03
4.222530293158614952e-03
4.055000416994920809e-03
3.966298846491717045e-03
3.891897649572410248e-03
3.808197370812661103e-03
3.705304724785093463e-03
3.639371002380039060e-03
3.553598810017707683e-03
3.476528775285662055e-03
3.414616626829510698e-03
3.357692484848584687e-03
3.249369213018670193e-03
3.122052686277909227e-03
3.057611642535321399e-03
2.997183436685927922e-03
2.931535152214756294e-03
2.862252482798497387e-03
2.820048070379644733e-03
2.767576459350074361e-03
2.733494963951711796e-03
2.692789117497183977e-03
2.651085273380727417e-03
2.622553220808515259e-03
2.588478881967884535e-03
2.550912992167485120e-03
2.521243002098810977e-03
2.497675622794991775e-03
2.473925208614016769e-03
2.451605264572837960e-03
2.372070939492808197e-03
2.300365751471674346e-03
2.238047291264287381e-03
2.175242567270119741e-03
2.078151167667697738e-03
1.989605519386890894e-03
1.960730952724221501e-03
1.931577871807851465e-03
1.900269931732219810e-03
1.877981901692463672e-03
1.854516325761529577e-03
1.831971246141409068e-03
1.802059410209698410e-03
1.781394108912955423e-03
1.753664906047003964e-03
1.727216628259378500e-03
1.713496350962434795e-03
1.698673802601864463e-03
1.686962030177396573e-03
1.673174409228510165e-03
1.662444612239047338e-03
1.652305142958496349e-03
1.643102461672201137e-03
1.633536000889327343e-03
1.622045160147934754e-03
1.611085689270749148e-03
1.601216156289411458e-03
1.591455048401162501e-03
1.581357763704327023e-03
1.565314796345612224e-03
1.553426569127076091e-03
1.540014245341000260e-03
1.528773017209492709e-03
1.515531617357236162e-03
1.502657945540022705e-03
1.493843861394944430e-03
1.481944794368575706e-03
1.471508462225783100e-03
1.451105357885440960e-03
1.437011870877861553e-03
1.428178400048401957e-03
1.420308798578365445e-03
1.408515903397334311e-03
1.393747298293299000e-03
1.383481178162159278e-03
1.372958191577861291e-03
1.360968752274397883e-03
1.348042904817093246e-03
1.335112772019060069e-03
1.321723024998118067e-03
1.315318498411346482e-03
1.298201513619852941e-03
1.281645883989969642e-03
1.269513499690199916e-03
1.257118498445297401e-03
1.249446074323651377e-03
1.242373592511187425e-03
1.234911294451329416e-03
1.227760723707044862e-03
1.221152447308581539e-03
1.190973620658084507e-03
1.165435080231075728e-03
1.149983457732038725e-03
1.135099703415531642e-03
1.127946310825096461e-03
1.120861675409890465e-03
1.104608644692010909e-03
1.089773180275841608e-03
1.083801795537930142e-03
1.077513307067819517e-03
1.071441954193248086e-03
1.065194550835857389e-03
1.059209271319809477e-03
1.053206398453059934e-03
1.049161054546189674e-03
1.044833988888805481e-03
1.040882420093791052e-03
9.963402279790094414e-04
9.430760574533623205e-04
9.338061852013090653e-04
9.250301231302218100e-04
9.180894639812164828e-04
9.107111980375132837e-04
9.046490941200905104e-04
8.978883933517478816e-04
8.937403932251906545e-04
8.895361204081531905e-04
8.847635224763924448e-04
8.818316217869103923e-04
8.790238702429457830e-04
8.758578465094473504e-04
8.724520508692811330e-04
8.686291323703540382e-04
8.632456648322310491e-04
8.575869725860814667e-04
8.523815525466289312e-04
8.444433778073899251e-04
8.364500587549275482e-04
8.040145029202986444e-04
7.639906073292237858e-04
7.464706106686368062e-04
7.269450581754748541e-04
7.237686563358280934e-04
7.202222421157052686e-04
7.167293188608468398e-04
7.140065528300304455e-04
7.123642100211611053e-04
7.098688623485151878e-04
7.074879313852111681e-04
7.044102224541415195e-04
7.015914837066607700e-04
6.993084668499413483e-04
6.969442902827992226e-04
6.949968310774990539e-04
6.930192489884027173e-04
6.909400201561972628e-04
6.889696785799095989e-04
6.872749401591288047e-04
6.851784800894768993e-04
6.833170489465640500e-04
6.801454460316485196e-04
6.763267072503201466e-04
6.728641449402370184e-04
6.703350083148619130e-04
6.680330148785772713e-04
6.657512146597862734e-04
6.638544578154749465e-04
6.619109997190086771e-04
6.601187210668879590e-04
6.580758858213105536e-04
6.563529038416412000e-04
6.537848805970247973e-04
6.513088267710536025e-04
6.476814089641674300e-04
6.436119603375916633e-04
6.416304528441831804e-04
6.392687065001222049e-04
6.368335458941796383e-04
6.345444004147099762e-04
6.329178781197637368e-04
6.297368521618127834e-04
6.267175792381231205e-04
6.243529110833355130e-04
6.218499272448397772e-04
6.199530770605434036e-04
6.179356633222714713e-04
6.163335195556084384e-04
6.146631338744310653e-04
6.133328963070143556e-04
6.114627028201715352e-04
6.095359448845312110e-04
6.077663574651405312e-04
6.057412668376047733e-04
6.040460134000082181e-04
6.020747687882398516e-04
5.987708464788498927e-04
5.967241384567974335e-04
5.941342332538032765e-04
5.916300013138508281e-04
5.884137495450306220e-04
5.852872240345477310e-04
5.806517633626125498e-04
5.765334637928485858e-04
5.695002502744632824e-04
5.628776344581785246e-04
5.606129032624631355e-04
5.585503773519756186e-04
5.566582092686465965e-04
5.550482110464826334e-04
5.528348100363410494e-04
5.508745708012179488e-04
5.496834019695337513e-04
5.483957461436496025e-04
5.470594582906131631e-04
5.457760355244520734e-04
5.444467274066314274e-04
5.429969711197462669e-04
5.414491493424963223e-04
5.401454822352523945e-04
5.372200194500757016e-04
5.345498463264183918e-04
5.320835419490071907e-04
5.298336190584808630e-04
5.287119585759777769e-04
5.272818761378236362e-04
5.259891547703267984e-04
5.247910412722089956e-04
5.236205128013244389e-04
5.221460849932660310e-04
5.205519979354521123e-04
5.191569788775446696e-04
5.179320261959397594e-04
5.169004222873667918e-04
5.147862874711505495e-04
5.115185292643783946e-04
5.094088720897081051e-04
5.064825986055261978e-04
5.032274079536612748e-04
5.012824793199517062e-04
4.995118048373087868e-04
4.981186983629794012e-04
4.966314327940738902e-04
4.957203182369703627e-04
4.893161616675275119e-04
4.842196334208532919e-04
4.824671668941568473e-04
4.808891554460887501e-04
4.789960369880847746e-04
4.774198498581218417e-04
4.751891035787150427e-04
4.727716457634914852e-04
4.674361845107860461e-04
4.620926249380253670e-04
4.539195911181472171e-04
4.459709048834906890e-04
4.441780587182455860e-04
4.425863907057996029e-04
4.383676255486640828e-04
4.344714867549022484e-04
4.325124558785225625e-04
4.307655035327122165e-04
4.285731731295323757e-04
4.261300495271248476e-04
4.240122167621884178e-04
4.228848768692566201e-04
4.221519240622225236e-04
4.211802373395706883e-04
4.179889094766518092e-04
4.150759818432316018e-04
4.125094915151929979e-04
4.095183296240644173e-04
4.075585359367309515e-04
4.055650775620000463e-04
4.036313956891920225e-04
4.017399816304324540e-04
4.003194985661481646e-04
3.985170193333907162e-04
3.979585398048335505e-04
3.973398285331350291e-04
3.966556833884556229e-04
3.960024321513778414e-04
3.952154392374135610e-04
3.943096911502498472e-04
3.935291962747243305e-04
3.928052820309752111e-04
3.921190384341854311e-04
3.914403702092307362e-04
3.907247123636389515e-04
3.900394916063069971e-04
3.894467675836426951e-04
3.888703273614418096e-04
3.882931830979322735e-04
3.876900742855608805e-04
3.870514200392266178e-04
3.865042154632187437e-04
3.857827112720117074e-04
3.851275530980358781e-04
3.845267622731140394e-04
3.835502741483508022e-04
3.826756802037414949e-04
3.813377148090218538e-04
3.800068599553266279e-04
3.786744648214900684e-04
3.777675931081585507e-04
3.771928505472254677e-04
3.764960092055080819e-04
3.757130659463630749e-04
3.748467843005354552e-04
3.722371743330156685e-04
3.698120542825919467e-04
3.687886632128698698e-04
3.677075053402541747e-04
3.652858107116799410e-04
3.627436433300575808e-04
3.620144568395472235e-04
3.608765483304681538e-04
3.600923191586013019e-04
3.595016531697299718e-04
3.589849258181933398e-04
3.584375590336649786e-04
3.577369233668641893e-04
3.570679643638151779e-04
3.563700252981885706e-04
3.557296330803734930e-04
3.550641546631123284e-04
3.545504421225121835e-04
3.530604198939749343e-04
3.519205933501941513e-04
3.497194052524155725e-04
3.475323413686858746e-04
3.464519804408148595e-04
3.453638541489998000e-04
3.441361770489556691e-04
3.430738634325733775e-04
3.420471984457038256e-04
3.409828998575941826e-04
3.403873986024500841e-04
3.397790825158627549e-04
3.392872472363298443e-04
3.388178316236310620e-04
3.383660576602802428e-04
3.378134103927506117e-04
3.373337970492137298e-04
3.366363099146179694e-04
3.360972917659716709e-04
3.355404472842079926e-04
3.350437433422373567e-04
3.345855224320417286e-04
3.339454422417021773e-04
3.333013190986227280e-04
3.326409432694545565e-04
3.319680497277469077e-04
3.313321780899958127e-04
3.306732188199398392e-04
3.298747868940254914e-04
3.290274019036070396e-04
3.285492602938751869e-04
3.280664293867281180e-04
3.271806849993390384e-04
3.265249562386377175e-04
3.248001160843230154e-04
3.232011019275695318e-04
3.225985923381067362e-04
3.218794475663837610e-04
3.211831932107738819e-04
3.207876713772132133e-04
3.203564165620532912e-04
3.198860094401291998e-04
3.192396675792498256e-04
3.183981498551485367e-04
3.179607872925716830e-04
3.168937024681997149e-04
3.159127485124896273e-04
3.147621083805768175e-04
3.138165060314913055e-04
3.120046142360413189e-04
3.101448898791443211e-04
3.078169485954939657e-04
3.054898426731827944e-04
3.018094203807541835e-04
2.980021690642939880e-04
2.956483089608633215e-04
2.935751903706916707e-04
2.910533073079641167e-04
2.893008681710607425e-04
2.889963959119426300e-04
2.884982364459959627e-04
2.880855297687037221e-04
2.875762857972771736e-04
2.871279642931779991e-04
2.866310462698592825e-04
2.860862324874760597e-04
2.855751267439402561e-04
2.850633408856971703e-04
2.845926556875366708e-04
2.841513157201809125e-04
2.833165232325585538e-04
2.824350775416786872e-04
2.817820683775699975e-04
2.810619547755245770e-04
2.804269742479961487e-04
2.798440996548607652e-04
2.789682239423500591e-04
2.781184050345424140e-04
2.775695889233629012e-04
2.770198145749347787e-04
2.766389381285966733e-04
2.762242783105235970e-04
2.759119620641566875e-04
2.754794046126760152e-04
2.750562004451520440e-04
2.743629726906897121e-04
2.735620980185261646e-04
2.721903275452231029e-04
2.710476341819131559e-04
2.605830579739451384e-04
2.409675210346330263e-04
2.403242124348943943e-04
2.396050561052547945e-04
2.391800287961307330e-04
2.388519009396903854e-04
2.384038580764057070e-04
2.381064125888210186e-04
2.378434976459232553e-04
2.376005031498595605e-04
2.373457633853242991e-04
2.370406061274365930e-04
2.368170893316686690e-04
2.364280170783006135e-04
2.360220596609506974e-04
2.347324508405451552e-04
2.334416530293180968e-04
2.328764851288393604e-04
2.323171620782479364e-04
2.320460797791060853e-04
2.315986051114287520e-04
2.313248593568621833e-04
2.310643052786092041e-04
2.308034196242472074e-04
2.304297795222614231e-04
2.300782267240358554e-04
2.296830664272026088e-04
2.292989171464129730e-04
2.287766377675927313e-04
2.281987715678598547e-04
2.278104741945612241e-04
2.274316645776855786e-04
2.272153102783314963e-04
2.269467469107358754e-04
2.267151445325384985e-04
2.263973600905578296e-04
2.260763813976048996e-04
2.258758446753573296e-04
2.255615818948735851e-04
2.252363355273627802e-04
2.250194103539606858e-04
2.245262929179652855e-04
2.237534427821284374e-04
2.235052554488723233e-04
2.232362002829328998e-04
2.228900233053044929e-04
2.225579108481766583e-04
2.222340564320013519e-04
2.219487350429495448e-04
2.216290743486700853e-04
2.212971682734402588e-04
2.208894902529643831e-04
2.204605748281099841e-04
2.201154100985663008e-04
2.197938715710668928e-04
2.195460536243863052e-04
2.193217102680021513e-04
2.190300774976073662e-04
2.187201682587902758e-04
2.185303384536592874e-04
2.183013665298374150e-04
2.181092909227472590e-04
