5.437134608416996917e-01
3.693217482005910490e-01
2.991816713135158623e-01
2.609165668243607628e-01
2.338931678712005691e-01
2.348945592996895537e-01
2.100617691349967731e-01
1.914771542797571169e-01
1.780011067594352292e-01
1.674013841531183933e-01
1.667501026278689624e-01
1.562464887997369600e-01
1.476494474481714891e-01
1.417092359093589382e-01
1.364251835834235649e-01
1.372348362710595349e-01
1.322684486008512128e-01
1.283780952861658664e-01
1.247738426969648706e-01
1.215592619932602120e-01
1.251426449951050512e-01
1.211680541264869154e-01
1.185411887713212764e-01
1.159183244133732832e-01
1.132106841206039910e-01
1.128884333351256319e-01
1.103255126158648042e-01
1.084827211321144069e-01
1.065815842172043865e-01
1.048297207333794556e-01
1.061486508094466735e-01
1.040933283619171756e-01
1.025943492366723220e-01
1.014241869991380635e-01
1.003027345733837061e-01
9.991658135721144529e-02
9.841120305317346828e-02
9.701972997760865969e-02
9.563411020288008213e-02
9.447109992842622761e-02
9.546211817259403487e-02
9.393840476786415039e-02
9.296651825617330278e-02
9.209532613520758637e-02
9.130419757682811666e-02
9.164559284963200159e-02
9.068477642538506911e-02
8.984165907055226274e-02
8.893718463128094665e-02
8.815469053543190103e-02
8.731328063591135835e-02
8.643021621738693205e-02
8.554100652256906023e-02
8.466895266890867022e-02
8.388516823408408152e-02
8.322975300019389011e-02
8.257002830861680243e-02
8.198309383046957499e-02
8.142648441405846149e-02
8.088992124424088104e-02
8.031825467061065593e-02
7.980282091768350905e-02
7.934812282342573742e-02
7.889072590693672893e-02
7.839347008562451424e-02
7.795399849760352440e-02
7.759485625739419301e-02
7.719364236681580671e-02
7.680655920539521120e-02
7.636905646619840393e-02
7.597094337312701451e-02
7.556440529230448733e-02
7.512639947532691320e-02
7.467539853518341542e-02
7.430938949214345446e-02
7.394968911033492076e-02
7.361068802166600977e-02
7.324169794346865880e-02
7.292110576576354974e-02
7.258473066314372057e-02
7.225227228578078031e-02
7.191217630138642403e-02
7.164122575563822148e-02
7.132455951207350431e-02
7.101903243058430015e-02
7.075816543957878790e-02
7.047105971129928592e-02
7.019484667336188533e-02
6.992034234879607180e-02
6.968693322764323017e-02
6.944742000002672444e-02
6.918204297472707598e-02
6.891339322374710752e-02
6.867010909250599593e-02
6.846758879334709225e-02
6.825479812732776486e-02
6.806440443658280659e-02
6.787607324805564057e-02
6.766206980047151376e-02
6.743547778542206828e-02
6.468632093601789368e-02
5.799309249903479568e-02
5.330633084138623051e-02
5.015157453640817914e-02
4.728145678271755692e-02
4.459234149095853833e-02
4.229204063819983622e-02
4.030457850496241279e-02
3.823619764005131705e-02
3.657118346363168182e-02
3.510608660763466643e-02
3.390609917342463780e-02
3.218312071706272426e-02
3.079112905796072691e-02
2.981480502045000258e-02
2.907814580720324144e-02
2.787766349529839996e-02
2.672214694091041079e-02
2.552987906607374902e-02
2.478889428263992070e-02
2.451817106316665079e-02
2.364284809965601711e-02
2.294996270035968081e-02
2.222124926139556686e-02
2.149897123207313021e-02
2.102800740060581028e-02
2.035720891081169506e-02
1.975876702571748023e-02
1.914637104972950754e-02
1.855468471168756142e-02
1.818488021801415236e-02
1.754803196169007345e-02
1.705763902479248695e-02
1.656493459360952603e-02
1.612721147760533269e-02
1.604834958618795576e-02
1.563720440019897295e-02
1.531726852803735710e-02
1.501526917148346234e-02
1.468159164125239398e-02
1.473267613499545763e-02
1.447367992089232565e-02
1.431635342563927250e-02
1.411854796515297356e-02
1.396378374925963395e-02
1.392790842867931526e-02
1.369298682378118463e-02
1.335771941907463664e-02
1.308235430143578348e-02
1.285181231330899745e-02
1.265505288679039109e-02
1.247248927478615543e-02
1.221178989726917109e-02
1.202402823806664189e-02
1.183566978230744977e-02
1.167785674421712924e-02
1.145102307942847709e-02
1.127939652654074559e-02
1.105929215398855636e-02
1.086405245898420038e-02
1.066514758043722935e-02
1.045348540114978894e-02
1.027243080895592214e-02
1.001847283288553013e-02
9.800383543256137309e-03
9.614278995371393355e-03
9.387687602380330107e-03
9.199606298141429009e-03
9.034209179000936979e-03
8.862834136611662944e-03
8.656717261340398512e-03
8.475324797882466052e-03
8.345412866976160970e-03
8.134186029050737357e-03
7.966505242561183406e-03
7.779532425577533744e-03
7.669663245035479929e-03
7.526421162904476519e-03
7.407655796995226728e-03
7.254207524571754453e-03
7.138783113894363666e-03
7.007920016476250000e-03
6.903835043911164294e-03
6.837163386791629376e-03
6.739676903193414156e-03
6.653091169412989579e-03
6.543977963267158179e-03
6.458974398636172821e-03
6.369069591717336359e-03
6.264651504485711439e-03
6.105811622877881269e-03
6.002939652245229719e-03
5.882242720303273824e-03
5.758150374809366777e-03
5.651876158130193090e-03
5.540072861478620263e-03
5.421289814360572175e-03
5.344080036490126209e-03
5.245139845990808881e-03
5.165238737665582211e-03
1.561875944969976816e-02
9.840044488942073508e-03
7.066194441028302888e-03
5.416609174608962018e-03
4.214631675133696277e-03
3.647729139896062345e-03
2.919703435255852682e-03
2.403712137743490782e-03
1.941484596851040427e-03
1.563796550187639915e-03
1.310200867337928555e-03
1.083721500308525675e-03
8.946543690008124800e-04
7.500797702033587316e-04
6.220577155301926838e-04
5.421924907995451454e-04
4.566194478763654029e-04
3.817459825556833116e-04
3.262411468989753608e-04
2.819673913263545054e-04
2.468635903977072833e-04
2.119692073939507301e-04
1.832367934509466340e-04
1.560373582918910668e-04
1.321844182498093864e-04
1.188475636483871556e-04
1.019789434721539640e-04
8.648671947861729346e-05
7.257866769112518977e-05
6.128123566033312421e-05
5.315210886460297618e-05
4.349816861554739662e-05
3.661075718503662509e-05
3.047799227710312888e-05
2.516891085740893439e-05
2.238133988661003521e-05
1.853627970589529292e-05
1.601522914392667431e-05
1.336351982664699231e-05
1.122488952991938345e-05
1.008192174663922769e-05
8.592027818409175328e-06
7.401856586300183478e-06
6.356565428938667302e-06
5.528502974335406917e-06
4.900515204496214364e-06
3.985576394464990734e-06
3.507275748933420969e-06
2.969877729053560153e-06
2.533168098566904594e-06
2.132722941656907115e-06
1.830034894797411641e-06
1.555448991251869814e-06
1.289668923075915690e-06
1.084575337873692423e-06
9.396248165700782593e-07
7.848349766733296958e-07
6.485381905107322348e-07
5.522484930447554454e-07
4.649767330550669150e-07
3.920085740605296524e-07
3.335589910577371767e-07
2.828341314555775727e-07
2.386763830260846697e-07
2.047272881798420783e-07
1.752388284858275357e-07
1.522071038350020460e-07
1.342555844231917500e-07
1.170131617990134107e-07
1.018506455333632922e-07
8.915857703596381324e-08
7.899847634210899394e-08
7.096664737898859292e-08
6.285387631609317616e-08
5.510104568793226325e-08
4.909722127880469348e-08
4.403726746448165538e-08
3.955381820308226320e-08
3.473763644461807559e-08
3.085085523641594117e-08
2.713901367643251105e-08
2.332097076686377147e-08
2.008251447166731800e-08
1.741291106607615007e-08
1.512680030004560538e-08
1.287672598627038218e-08
1.259492456523308310e-08
1.259492456523308310e-08
1.259492456523308310e-08
1.259492456523308310e-08
1.259492456523308310e-08
1.259492456523308144e-08
1.259492456523308310e-08
1.259492456523308310e-08
1.259492456523308310e-08
1.259492456523308144e-08
1.259492456523308310e-08
1.259492456523308310e-08
1.259492456523308310e-08
1.259492456523308310e-08
4.820358944393821066e-02
3.481007366909277811e-02
2.929023257137954375e-02
2.468588891326622958e-02
2.113812440885766419e-02
1.913762437935941432e-02
1.668807168267599089e-02
1.483500844721415309e-02
1.322799779350076858e-02
1.192070019123617208e-02
1.040527978285860251e-02
8.849242669552370363e-03
7.953447759650587867e-03
7.119074034463866198e-03
6.440936335497248443e-03
5.858200734144976621e-03
5.227281247725628494e-03
4.837005426379549847e-03
4.340567810004747340e-03
3.885330247327076127e-03
3.472520053101051107e-03
3.118823194882393811e-03
2.747581740643223209e-03
2.501652321705654346e-03
2.267733249973750975e-03
2.043101316089146902e-03
1.816247024861894445e-03
1.655867848615018853e-03
1.411475102973269377e-03
1.259465544141142495e-03
1.120542663961827338e-03
9.924113775847702087e-04
8.709365139685773310e-04
7.669463340697391151e-04
7.025227969878201613e-04
6.311424887879602029e-04
5.675758273764987608e-04
5.129400581925740556e-04
4.639597063191344272e-04
4.315822378234028056e-04
4.006105664445784456e-04
3.650043455563360315e-04
3.368417378264032687e-04
3.134526519676016846e-04
2.847284952385711692e-04
2.622097223215150022e-04
2.435473845018978412e-04
2.175990579976131562e-04
1.928910271792745579e-04
1.766251246101007994e-04
1.621278957869046970e-04
1.474552676549837108e-04
1.374173600226795042e-04
1.235749191129235393e-04
1.122613847371994438e-04
1.005123430624142673e-04
9.307485331196619553e-05
8.663292611793697092e-05
7.787799381129995057e-05
7.292150951601754111e-05
6.768334186417806141e-05
6.267364451028796816e-05
5.642229107498359731e-05
5.196372018274180853e-05
4.894067546358893368e-05
4.597287130060544262e-05
4.258098583701176487e-05
3.912875432941147707e-05
3.559389517335901238e-05
3.163261803628467079e-05
2.953865384477375152e-05
2.794168589496306835e-05
2.627651925912101940e-05
2.497174356217816361e-05
2.375672094194418546e-05
2.243540672961123476e-05
2.098390362243951075e-05
1.970873956726913872e-05
1.842943879869720597e-05
1.711272489086870338e-05
1.585069328725663280e-05
1.412974913664294877e-05
1.279249488633730906e-05
1.176444405802278764e-05
1.102545411713389478e-05
1.040403325718145360e-05
9.910732686769215205e-06
9.382468219036195806e-06
8.971654134725103261e-06
8.628429506284600886e-06
8.256007799457038907e-06
7.848824867497538498e-06
7.413111946631452200e-06
6.895618768247407305e-06
6.525261853559880756e-06
6.213881704185886926e-06
5.813310851194989920e-06
5.497624394050825228e-06
5.135723566139121725e-06
4.776898930849826557e-06
5.014274521844652721e-02
3.243786931471726726e-02
2.739271820026414547e-02
2.330148560472384417e-02
2.156246485319549683e-02
1.904369979067466884e-02
1.647222995098602746e-02
1.357408439924274145e-02
1.186628924385056509e-02
1.073261557148597577e-02
9.646620234628410298e-03
8.086315477571848556e-03
6.994636063550203550e-03
6.233746166737924761e-03
5.139865628636297937e-03
4.402517665676525076e-03
4.030369885843392355e-03
3.623470906408232054e-03
3.175192147072215809e-03
2.734116197924311032e-03
2.453545565407705149e-03
2.179211530900970663e-03
1.965765493969097357e-03
1.765354483949094569e-03
1.625120902067581086e-03
1.448416361331780365e-03
1.342014025608375110e-03
1.169564780747321718e-03
9.562025339582074738e-04
8.330187666455355060e-04
7.253042787035459934e-04
6.493140411855103083e-04
5.702834677179498615e-04
4.572377300293257139e-04
4.095645002422017853e-04
3.526229254159970062e-04
3.025711733368945480e-04
2.596115183955236428e-04
2.315249463806985945e-04
2.159328320141449230e-04
1.814478786945696335e-04
1.518600050969299035e-04
1.409351213616391542e-04
1.337091812671767550e-04
1.211161646897312370e-04
1.057390286436098756e-04
9.322843624547348391e-05
8.392528570218610513e-05
7.427674511513471820e-05
6.806133437017270154e-05
6.194629708603520857e-05
5.759220209253336156e-05
5.259938685232568169e-05
4.502256070629978048e-05
4.087010930886066226e-05
3.654523637239594360e-05
3.446505799344933333e-05
3.207744143518484481e-05
2.851404983228712257e-05
2.643226429983041114e-05
2.464786093501239147e-05
2.250049255345688487e-05
2.024279631958122243e-05
1.877272389826759543e-05
1.783758969619106353e-05
1.577940767856836267e-05
1.401510282976833328e-05
1.256780500869786508e-05
1.172543560540284197e-05
1.078847276384091875e-05
9.939239665761138569e-06
9.255791425307730551e-06
8.530274799919774492e-06
7.559590990762456855e-06
6.567482487027982486e-06
6.002169970273618763e-06
5.608457638531580544e-06
4.973362473648846114e-06
4.597603179564731715e-06
4.329056749656376313e-06
3.944608144241059012e-06
3.508724017710359683e-06
2.937607144118511048e-06
2.763770708827730078e-06
2.456207018134209119e-06
2.261931609763498233e-06
2.135369491958437152e-06
2.019450434462333751e-06
1.946420379697744270e-06
1.831746614948768672e-06
1.717133435436247687e-06
1.510325383075007553e-06
1.315593164462521844e-06
1.188029018282625158e-06
1.117246591438482061e-06
1.042750309867941161e-06
9.522472429029191434e-07
8.913813020172662273e-07
8.258050108688140407e-07
7.689008811173441089e-07
