1.640388980135735753e-01
1.489147945390416339e-01
9.121214914139882945e-02
5.461099695447647895e-02
4.076828978602362735e-02
3.401828634962399817e-02
2.869964297421336019e-02
2.578108600103115600e-02
2.249970709256140025e-02
2.063835554408393475e-02
1.930745451110236349e-02
1.841589954606086613e-02
1.782382769031478492e-02
1.741242245934911462e-02
1.699463217737170670e-02
1.629567274618280021e-02
1.531397219092359499e-02
1.382600593053725548e-02
1.272299112422487985e-02
1.190272441632996697e-02
1.119847140919873890e-02
1.050552508012536287e-02
1.007953618988740099e-02
9.635973570336405641e-03
9.327154564231911887e-03
9.081098468328534928e-03
8.797541237580922685e-03
8.585827202685218304e-03
8.383375415103182932e-03
8.225410496293010867e-03
8.085485579992703065e-03
7.902320033859631249e-03
7.706352085499071879e-03
7.526836820042538505e-03
7.331205717290810442e-03
7.214320829468054766e-03
7.081151864155046938e-03
6.975207543829667692e-03
6.904267827385762724e-03
6.838491841501587523e-03
6.794570034213130369e-03
6.740838195893751605e-03
6.698631742074833036e-03
6.652214174235290302e-03
6.602053314105629615e-03
6.547694751569615307e-03
6.488709218217007454e-03
6.437466448298548652e-03
6.378285834215720838e-03
6.318689059418618192e-03
6.256176175084070083e-03
6.207198115098415750e-03
6.147951762025766730e-03
6.101374269438171113e-03
6.055413244834953468e-03
6.004006324494549386e-03
5.960277734292563322e-03
5.892966570268786536e-03
5.843872685279426910e-03
5.797224171802188922e-03
5.750714904055469895e-03
5.672643416810660422e-03
5.597839389697778674e-03
5.527425013673187455e-03
5.477591710406907316e-03
5.440231488531353625e-03
5.413800414930532504e-03
5.387534681980283256e-03
5.363707739941474088e-03
5.345853093126737461e-03
5.330673296776179335e-03
5.314336091409447953e-03
5.296478733008368710e-03
5.283308562509346842e-03
5.267116168608394246e-03
5.250360339183503255e-03
5.234726275439279333e-03
5.212416619762810614e-03
5.188021212433092944e-03
5.161081469246679362e-03
5.133658056624087508e-03
5.106423845969257011e-03
5.085215063668319449e-03
5.064096254588692711e-03
5.044400195504283868e-03
5.027113243178055538e-03
5.013473013831662439e-03
5.000473631116184557e-03
4.988550197874190573e-03
4.974743963359702127e-03
4.961480193641492481e-03
4.939380590743781309e-03
4.921965012503502941e-03
4.897652196808644637e-03
4.878451893471291538e-03
4.864233494743825693e-03
4.852375963442644158e-03
4.841036647082700740e-03
4.828455458254879949e-03
4.815676689622620799e-03
6.669581929899309411e-03
5.936148361812615924e-03
5.653639203858612516e-03
5.479776311457588457e-03
5.285143725664753073e-03
5.201471871609499899e-03
5.066012544968785322e-03
4.982531289448318725e-03
4.936120840717388505e-03
4.898427364303974477e-03
4.896008740654231826e-03
4.865557754160142710e-03
4.830020805688444753e-03
4.799826119134924240e-03
4.771843374586041443e-03
4.748303166696389056e-03
4.721376525362644232e-03
4.705777056772781318e-03
4.689892342092214991e-03
4.677119976037428378e-03
4.668844684137659837e-03
4.657133199433778452e-03
4.647583977738663739e-03
4.638012050010823124e-03
4.628536017340470141e-03
4.624628590244498662e-03
4.619002525907393679e-03
4.613610188873303909e-03
4.607805004891904130e-03
4.602191346705560362e-03
4.599185017461181364e-03
4.594215501809042687e-03
4.589872160573885834e-03
4.584991705699617733e-03
4.580297181394070438e-03
4.577702894336148007e-03
4.573254200256280863e-03
4.568101559174749665e-03
4.563777477540571954e-03
4.560361862410297444e-03
4.558508558508173915e-03
4.555319855755708865e-03
4.551733099083554376e-03
4.548136974764303495e-03
4.542858804030639255e-03
4.539234918922085624e-03
4.534843052246732321e-03
4.531416300552639984e-03
4.528200286112217705e-03
4.525313746851934889e-03
4.522604664537344804e-03
4.520166023824315725e-03
4.517752503715931692e-03
4.516078384212761192e-03
4.513718287789795364e-03
4.511500227429617559e-03
4.509546513195491872e-03
4.507444816795628736e-03
4.505190256303301562e-03
4.502994502313629674e-03
4.500805127299988342e-03
4.498621078595750090e-03
4.496271284967796357e-03
4.494427752756442740e-03
4.492915790560257985e-03
4.491543628049050885e-03
4.490490732432397478e-03
4.489484607683990984e-03
4.488755482969791419e-03
4.488046086619964549e-03
4.487362316901073907e-03
4.486800449733193384e-03
4.486282173913326739e-03
4.485796051037780133e-03
4.485310298204268735e-03
4.484841381353918757e-03
4.484204703032106804e-03
4.483443162392038335e-03
4.482925990279197637e-03
4.482417435811298333e-03
4.481825547250895686e-03
4.481272598299887618e-03
4.480657994225291374e-03
4.480048193826849032e-03
4.479332724501071915e-03
4.478706850907140588e-03
4.478080511433036280e-03
4.477424412737811624e-03
4.476849965712961614e-03
4.476147761364041022e-03
4.475499361646990970e-03
4.474938597858237228e-03
4.474417335584175530e-03
4.473888989834918541e-03
4.473412501090346695e-03
4.472924951505910171e-03
4.472547003813954689e-03
4.472209472520028740e-03
4.471857794656446637e-03
4.471426305814383065e-03
8.500360058438061889e-03
7.163527604572181642e-03
6.626036821866825542e-03
6.269333977158586015e-03
5.988631748843544801e-03
5.145313126216605193e-03
4.956914325809176278e-03
4.851971374256355135e-03
4.781461813812442653e-03
4.740304057296721926e-03
4.691936028190039562e-03
4.659594690428561954e-03
4.623135891028089424e-03
4.590440678636669748e-03
4.557985087583539020e-03
4.521836164251017733e-03
4.499341426251673298e-03
4.482310910254800988e-03
4.472885097032371950e-03
4.467275574549664507e-03
4.461174901709517859e-03
4.457660892292494674e-03
4.454515519499856364e-03
4.451655765698318661e-03
4.448811764522809208e-03
4.445605952370815066e-03
4.442085012632158471e-03
4.439071135029889342e-03
4.436358035511770229e-03
4.433706034959824030e-03
4.430629021776488763e-03
4.427777014318910569e-03
4.425044568623421291e-03
4.422588866283608949e-03
4.420222585814171171e-03
4.418128513152473971e-03
4.415718940909341660e-03
4.413585873373019990e-03
4.411669901718884464e-03
4.409548632533266330e-03
4.407992622462184561e-03
4.405403125621412154e-03
4.402706817325785331e-03
4.400385087291262473e-03
4.398563974399014032e-03
4.398984933841712172e-03
4.396822392760586090e-03
4.395175005959013961e-03
4.393849632378099557e-03
4.392701648274172782e-03
4.391597391865766087e-03
4.390536857008715300e-03
4.389772111284259704e-03
4.388969080148969436e-03
4.388370686128261790e-03
4.387784311127664039e-03
4.387260671187258147e-03
4.386859077867239463e-03
4.386469307509013524e-03
4.386075871198239114e-03
4.385637204380783520e-03
4.385153402343243932e-03
4.384672212625644570e-03
4.384208878988019205e-03
4.383735839702929300e-03
4.383229928495564927e-03
4.382744285547752160e-03
4.382298670141844543e-03
4.381779503933722585e-03
4.381299986353587306e-03
4.380934765240779120e-03
4.380574783537161294e-03
4.380199559458978695e-03
4.379818916112773047e-03
4.379474364568007247e-03
4.379152051345580436e-03
4.378818418845081481e-03
4.378531299234772987e-03
4.378246497415097527e-03
4.378016877741937492e-03
4.377805074966715365e-03
4.377618145629535995e-03
4.377417470347600044e-03
4.377189923223716306e-03
4.376963779951763972e-03
4.376755035759269212e-03
4.376507655573168634e-03
4.376283314210685157e-03
4.376076466478975684e-03
4.375883112962522699e-03
4.375635533850204609e-03
4.375424697972204492e-03
4.375193763015605003e-03
4.374923914522241102e-03
4.374605127484479730e-03
4.374260852795576818e-03
4.373941534278872993e-03
4.373718172057887432e-03
4.373550647850154953e-03
4.373412418524082711e-03
9.787779968146214163e-03
7.559914805314119253e-03
6.823115939917098402e-03
6.428153029412959733e-03
6.130243399427881025e-03
5.008429758469815606e-03
4.784691328507211655e-03
4.657246602453443338e-03
4.588499954849760247e-03
4.543837588941223270e-03
4.512467586139524978e-03
4.483243588670143484e-03
4.459453717637731733e-03
4.432206786696653300e-03
4.407503563073966041e-03
4.387619397234262565e-03
4.371285777236543282e-03
4.359803359074283964e-03
4.348635722175642204e-03
4.337041006607772302e-03
4.330726048990551219e-03
4.325047966318082242e-03
4.320517456362495817e-03
4.316975035476344758e-03
4.313705020681964965e-03
4.313016726459160434e-03
4.310219353152040279e-03
4.308282454263559144e-03
4.306779901972401445e-03
4.305351668958694658e-03
4.305116404653535830e-03
4.303717941762711524e-03
4.302440543894532100e-03
4.301158582073336817e-03
4.300095878890159741e-03
4.299986460929171132e-03
4.298742866014293625e-03
4.297945642087470930e-03
4.297251414649976876e-03
4.296417589065306374e-03
4.296568783627678981e-03
4.295737238596872287e-03
4.295049071018740804e-03
4.294495391726256203e-03
4.293912978004251792e-03
4.293877498017489858e-03
4.293253786011687508e-03
4.292669981272744309e-03
4.292229812443487322e-03
4.291776594482116063e-03
4.291274754809334263e-03
4.290694467004368615e-03
4.290133721041748671e-03
4.289580205429880007e-03
4.289022092926405259e-03
4.288611654923282605e-03
4.288154249315033646e-03
4.287782952496542975e-03
4.287427417893304067e-03
4.287075820612924401e-03
4.286789336663590286e-03
4.286559107211561359e-03
4.286320956554978169e-03
4.286062574704577535e-03
4.285796724370244046e-03
4.285539804187151434e-03
4.285298473533729474e-03
4.285031901984312670e-03
4.284768382490709675e-03
4.284486701839934804e-03
4.284217529127732835e-03
4.283955535930356398e-03
4.283641053227131394e-03
4.283321848096188419e-03
4.283057369988479794e-03
4.282725217535417010e-03
4.282398428454045440e-03
4.281922892349116980e-03
4.281451857522347755e-03
4.280978911153004128e-03
4.280508544026559621e-03
4.280088283107510126e-03
4.279749979411286674e-03
4.279461178851228995e-03
4.279221866794652267e-03
4.278955245794835958e-03
4.278754635109680189e-03
4.278556426428251416e-03
4.278348305052385656e-03
4.278121158354767847e-03
4.277932323432076175e-03
4.277743807608885666e-03
4.277534308048216646e-03
4.277336863570352886e-03
4.277156820048064016e-03
4.276906470208036160e-03
4.276657344190052876e-03
4.276410998553623923e-03
4.276125122278212273e-03
4.275799488196081050e-03
1.037402539676766239e-02
7.539594970607089650e-03
6.544963131843114547e-03
5.911978293514487046e-03
5.607305575741585411e-03
4.810734004747857159e-03
4.589120829415587778e-03
4.493636963090829814e-03
4.429225416645388505e-03
4.387798678561288801e-03
4.359200659910713455e-03
4.336033628142391821e-03
4.317691053609691576e-03
4.302724798139040928e-03
4.288013121393440680e-03
4.278310594806402495e-03
4.266642298728401568e-03
4.257354256157882752e-03
4.250102560286462584e-03
4.243172269507551608e-03
4.238014095350861772e-03
4.232911547493859936e-03
4.228675063399315627e-03
4.224883675214108174e-03
4.221742966487296994e-03
4.222051317444526497e-03
4.219899346834463973e-03
4.218167404024497115e-03
4.216472294760777173e-03
4.215096437373513048e-03
4.215731456849993938e-03
4.214289062321996057e-03
4.212960671696842213e-03
4.211842352970897665e-03
4.210601115071027807e-03
4.212572788078840398e-03
4.210610972561868760e-03
4.208841048288971404e-03
4.206794515058778425e-03
4.204963072751494862e-03
4.210384392094468180e-03
4.207351150492170608e-03
4.204542494728628205e-03
4.201673661807626449e-03
4.200152530674928011e-03
4.209012444045276066e-03
4.204737007414652283e-03
4.202225750934149469e-03
4.200473532660184764e-03
4.199168453028772133e-03
4.198335997207765236e-03
4.197507649255104167e-03
4.196652457357705895e-03
4.195576014772973983e-03
4.194766339783577956e-03
4.193933864405134659e-03
4.193244554525043556e-03
4.192524242967617804e-03
4.191905526448378057e-03
4.191371994848066933e-03
4.190866095723231113e-03
4.190411824703591664e-03
4.189996002582766985e-03
4.189658561741555799e-03
4.189288198107410897e-03
4.188904452733122064e-03
4.188500944113137010e-03
4.188109379774183211e-03
4.187758199495025292e-03
4.187344138233429873e-03
4.186951578831712116e-03
4.186484457646235877e-03
4.186070218638587338e-03
4.185723859536404426e-03
4.185402320784840056e-03
4.185147808123648901e-03
4.184886835084029345e-03
4.184679622853129492e-03
4.184377210126407134e-03
4.184103934296645906e-03
4.183775091228515014e-03
4.183436196725499184e-03
4.183032282262616648e-03
4.182575485466402329e-03
4.182193286007667050e-03
4.181774892834797495e-03
4.181362418511422666e-03
4.180925334662067422e-03
4.180557136312828756e-03
4.180182378084538672e-03
4.179831057346320572e-03
4.179544866959881803e-03
4.179257100856382731e-03
4.179038661409228105e-03
4.178829379229574183e-03
4.178624864768189923e-03
4.178431545699714394e-03
4.178274186249162844e-03
4.178110585373085578e-03
4.177964965570704278e-03
