1.823837845218896289e-02
7.655765487835035528e-03
4.883633104737706426e-03
3.886943610596839058e-03
3.115434309136786307e-03
2.520986947690792394e-03
2.001286650463924167e-03
1.700064433095602612e-03
1.503597831328762520e-03
1.362758116053369110e-03
1.211147072528910920e-03
1.046962008427214028e-03
9.365233588161474537e-04
8.309363372924235928e-04
7.434993652863241967e-04
6.856543894636117024e-04
6.270585804975539962e-04
5.820639463514576612e-04
5.424856391726158708e-04
5.174843240700693035e-04
4.939631729401221163e-04
4.533258874163214984e-04
4.292410475222965013e-04
4.066229301471303089e-04
3.882622678650784294e-04
3.761846397714297373e-04
3.631958188239711055e-04
3.441723188192834302e-04
3.302799151555790846e-04
3.222303092538830369e-04
3.117117847236711321e-04
3.038275289179293145e-04
2.952619541350198578e-04
2.823783412524228167e-04
2.752210791430552547e-04
2.679736263466576084e-04
2.580001431682507835e-04
2.484020372743393746e-04
2.398740114300805699e-04
2.332347077862830843e-04
2.283311576160894439e-04
2.236253393581477309e-04
2.191375174405493103e-04
2.148805302551093821e-04
2.121759210470564884e-04
2.086491225797190404e-04
2.055689626275563286e-04
2.015120785158534236e-04
1.985458213793235289e-04
1.957565631977512672e-04
1.918413753449229437e-04
1.892026456846283183e-04
1.859558777192290484e-04
1.831987514887095886e-04
1.810090701050664336e-04
1.782391443895696762e-04
1.745417243088371456e-04
1.709030232951794790e-04
1.681770437330104171e-04
1.647450032734019444e-04
1.604270105032684353e-04
1.569094435783473370e-04
1.535398776816505645e-04
1.511177218514798048e-04
1.493680599455003970e-04
1.465475996042535009e-04
1.445027185411073580e-04
1.430474951814176404e-04
1.418464590987345572e-04
1.406175037965559313e-04
1.392757858439997473e-04
1.375964846658120973e-04
1.355440935625233721e-04
1.336452990044242732e-04
1.315018665640906536e-04
1.296592641475410390e-04
1.278275981274345249e-04
1.267092517063482787e-04
1.255778507390876097e-04
1.242036678482819154e-04
1.228504562432296157e-04
1.217854161897857464e-04
1.206399492942835972e-04
1.193466425934499735e-04
1.183523568950066115e-04
1.169257749470462948e-04
1.158626049886948931e-04
1.147966967734391746e-04
1.134819358515586215e-04
1.123284692737243031e-04
1.115170934739125123e-04
1.105265111081816756e-04
1.095990525296137888e-04
1.086051546848233756e-04
1.074998464885745022e-04
1.065319101027129191e-04
1.057604831853283813e-04
1.049338336898907427e-04
1.043712322721020044e-04
1.038709023100558350e-04
2.966233992144508671e-04
2.366085551148024006e-04
2.024099574889960955e-04
1.866146885717185364e-04
1.753483091177367539e-04
1.625346612256917535e-04
1.447801174688174487e-04
1.209060136029335150e-04
1.090185388531621290e-04
1.021513665604275380e-04
9.746078554620060306e-05
9.172817448082707108e-05
8.604076646696271619e-05
8.245547617954002194e-05
7.847599533323585839e-05
7.406065122612286514e-05
6.987595315671958553e-05
6.618298000300813083e-05
6.268349431453446420e-05
6.022519574533178189e-05
5.812125237947062217e-05
5.603807771750816394e-05
5.330137790136967176e-05
5.095046487487845847e-05
4.861433218636682563e-05
4.596447030081512645e-05
4.404142679782712213e-05
4.248142650420800415e-05
4.107087124290628857e-05
3.981141496572562229e-05
3.883404342755153411e-05
3.793516252218731962e-05
3.723627347483069252e-05
3.656913183853508588e-05
3.602401149053436697e-05
3.557809554764038737e-05
3.522385726630499262e-05
3.474011308922144830e-05
3.410725573299192926e-05
3.352748256797176744e-05
3.308977581303465868e-05
3.259998030417356142e-05
3.226893169565682641e-05
3.187946614218728627e-05
3.146164913498179945e-05
3.097915334572247533e-05
3.062475339233573058e-05
3.035985129654285663e-05
3.008381205482516739e-05
2.981404211742028559e-05
2.947640408479686695e-05
2.914396898776105087e-05
2.879000583374233707e-05
2.847305655255421463e-05
2.805428706134927957e-05
2.773983047068942270e-05
2.749206250463676136e-05
2.718118874435557653e-05
2.685877986898005910e-05
2.663113633544375130e-05
2.642459332297555192e-05
2.622011769212160187e-05
2.601089583174752784e-05
2.574850445011745201e-05
2.551157586521624735e-05
2.530138162537515456e-05
2.509686483697795304e-05
2.489794411545351597e-05
2.469551489664770826e-05
2.451813475100284465e-05
2.432201205028806289e-05
2.414329681149012896e-05
2.393115526159534379e-05
2.377192989443807571e-05
2.361573579746837454e-05
2.344727034351493976e-05
2.331702363045173545e-05
2.317488256584783254e-05
2.301535160155573068e-05
2.284840683957240919e-05
2.268777485208206871e-05
2.254376308501479075e-05
2.240747708638146920e-05
2.226295575853027645e-05
2.214473637839628559e-05
2.201875148931694670e-05
2.191739334376880489e-05
2.181853226378474068e-05
2.170737002100201201e-05
2.160840440559194417e-05
2.149687118484778473e-05
2.137803643028533018e-05
2.126644437528022130e-05
2.116263408718350813e-05
2.104445140418965255e-05
2.089145968896969019e-05
2.080582653691922433e-05
2.072400319542495639e-05
2.062103732455692573e-05
2.052229595867938899e-05
5.825708761705443483e-04
3.136810009036386624e-04
1.935768399942874971e-04
1.260479199288516629e-04
9.763191483171331398e-05
9.097575299534924910e-05
8.116240158528445568e-05
7.665956219506677132e-05
7.262344277880018262e-05
6.904630339869367655e-05
6.704671865451585552e-05
6.486504982623104174e-05
6.223915725317044438e-05
5.970074535781201162e-05
5.664458752225441396e-05
5.504284577430073938e-05
5.281577767002552508e-05
5.109305095078188995e-05
4.957640417317442187e-05
4.822939641387190420e-05
4.754684322274353026e-05
4.551642869933315600e-05
4.319299536741069608e-05
4.069641431336604300e-05
3.814455849691748834e-05
3.745045317743510120e-05
3.530778214690555062e-05
3.314712021448010048e-05
3.148686920107519324e-05
3.000389470399013911e-05
2.942202006113032908e-05
2.798933042777407312e-05
2.681698505833361734e-05
2.566599207233624035e-05
2.491722497916779822e-05
2.415405345475591045e-05
2.316313013406157552e-05
2.233220359752296116e-05
2.153699411452677682e-05
2.083970405552743187e-05
2.045228442898967889e-05
1.981104142382295323e-05
1.931249931899008286e-05
1.879071135224686016e-05
1.834160895320780814e-05
1.796549016706992913e-05
1.745793203086798653e-05
1.714840365087484984e-05
1.675501192596834887e-05
1.646615113791683618e-05
1.620048972026574740e-05
1.594740108383285848e-05
1.561127340492217622e-05
1.537882202397302401e-05
1.518677329829418336e-05
1.498643817392665709e-05
1.478623450696441012e-05
1.455034531670290003e-05
1.432381669132596587e-05
1.411921712045875444e-05
1.386467411846372420e-05
1.365812220206983745e-05
1.342826989861870559e-05
1.326318875756875732e-05
1.307165868121928589e-05
1.287769951322856993e-05
1.263448926667517815e-05
1.244127457990568067e-05
1.221927737925103880e-05
1.204146091815448921e-05
1.185418933580577048e-05
1.170113006410312063e-05
1.154772514670852013e-05
1.140065991702350361e-05
1.126643068603848067e-05
1.114688025207524521e-05
1.102076777639271624e-05
1.090333898101710511e-05
1.079710949308780085e-05
1.070861164225457653e-05
1.059656582647610517e-05
1.049559437169475924e-05
1.039805574684175657e-05
1.028972594974535081e-05
1.019761934147566338e-05
1.010069092796272614e-05
1.001509061111969505e-05
9.918351716063885298e-06
9.841453828557193876e-06
9.771939181920817272e-06
9.705311323505320115e-06
9.637019193960878275e-06
9.594594225280146958e-06
9.542269884021036609e-06
9.493031279194943004e-06
9.441609579908710994e-06
9.384822987912768607e-06
9.325992274351171260e-06
9.271989068253401830e-06
9.220321377740068342e-06
6.713250759583890611e-04
3.494702863683557862e-04
2.209502433198503560e-04
1.865267447250262855e-04
1.647458296883384549e-04
1.240311385735793476e-04
1.075904029473143684e-04
9.801156861014215975e-05
9.141593947681099389e-05
8.728609747803302808e-05
8.701296614153274317e-05
8.191374176303609859e-05
7.500977828228836081e-05
6.901794883235442190e-05
6.434188970926996165e-05
6.408068514006537853e-05
5.929599301322836796e-05
5.587751305969022593e-05
5.302662325316980066e-05
5.056349358029267577e-05
5.009662838251354057e-05
4.725740111768234834e-05
4.518067344377634171e-05
4.309333410378608228e-05
4.132296693926764314e-05
4.023346994159858757e-05
3.824169754293965082e-05
3.624890259256298935e-05
3.487382414537309045e-05
3.372857583523480748e-05
3.311586579687206619e-05
3.186566783693232187e-05
3.029901972390346187e-05
2.911529082658814846e-05
2.814883794083753151e-05
2.727731366953841909e-05
2.645051105049952531e-05
2.574520614792712666e-05
2.502723321853886782e-05
2.450773633739911599e-05
2.433404063162818672e-05
2.396091523107975353e-05
2.353701352844599765e-05
2.308212146205652142e-05
2.263249723062999097e-05
2.224160283113124818e-05
2.154876209497107433e-05
2.087682262723005561e-05
2.029558265047077972e-05
1.955746321584593564e-05
1.887318979086175820e-05
1.824950195806607285e-05
1.780200487262684829e-05
1.740585501410168477e-05
1.705143346701015283e-05
1.673830986709921531e-05
1.646392245411587788e-05
1.620851489329160595e-05
1.597548151279884655e-05
1.572425992536855563e-05
1.548531292904716490e-05
1.521964793297711239e-05
1.493436970576124737e-05
1.469866944264513617e-05
1.441606265683637980e-05
1.411332623402228811e-05
1.391428080567819181e-05
1.368502645367774619e-05
1.347911163058927774e-05
1.329263987067076412e-05
1.311537275758142120e-05
1.289840163106384482e-05
1.272581105287335286e-05
1.249873260546839554e-05
1.225905007020719062e-05
1.204897787641921012e-05
1.189177805549380573e-05
1.172555844393177027e-05
1.154231701978051081e-05
1.138096980086575036e-05
1.116692787032057683e-05
1.100778729833814081e-05
1.084330355650290950e-05
1.067812784283602351e-05
1.053218501286281654e-05
1.037780245027790322e-05
1.021480441189997592e-05
1.009178687801910878e-05
9.940887217516022301e-06
9.815135530371559664e-06
9.686200823793609548e-06
9.593309295245197043e-06
9.490993989610527331e-06
9.396635432434522555e-06
9.296981277168506875e-06
9.179767058130737324e-06
9.081503137800230190e-06
9.004623015951563052e-06
8.938458233332883583e-06
8.884777799951614071e-06
6.475240982580602331e-04
3.301710288544526615e-04
2.281019684856818461e-04
1.780306012796180294e-04
1.495231282398026590e-04
1.258301722362223883e-04
1.095518479008253523e-04
9.835182305568219638e-05
8.919762950229261187e-05
8.288345919995601316e-05
7.710376744776399963e-05
7.118646054082416455e-05
6.536433927912518654e-05
5.995415561397177720e-05
5.438385968586502108e-05
5.067517628583299594e-05
4.713022429374293912e-05
4.403220956049439953e-05
4.186893569765398154e-05
4.035684058518415233e-05
4.055856695400520090e-05
3.902773979929756432e-05
3.758457349556279769e-05
3.597182712589171573e-05
3.432406989895394673e-05
3.267363756069469906e-05
3.068076878285670847e-05
2.931561071519662109e-05
2.808805290935471603e-05
2.709445510684244535e-05
2.664231868802696348e-05
2.586214287448594491e-05
2.520007672630003261e-05
2.441635748217800593e-05
2.360244987179225588e-05
2.302632959565655300e-05
2.238875138822437575e-05
2.182137813312297496e-05
2.115768301995540765e-05
2.047319987972722269e-05
2.003422015619818139e-05
1.933228090945875692e-05
1.873004489939661106e-05
1.816498834136527247e-05
1.771129026480859162e-05
1.742019026703424051e-05
1.702243900439340561e-05
1.662040061788245857e-05
1.618553719402276349e-05
1.581705332920073002e-05
1.549330999669282447e-05
1.514961650414391378e-05
1.485990495316777381e-05
1.452377976939589341e-05
1.419218114327896113e-05
1.393998185671561471e-05
1.372994133542548006e-05
1.353251012627203662e-05
1.329915906563401743e-05
1.307272750604935475e-05
1.283051768558109838e-05
1.261103714440463622e-05
1.242393635688443022e-05
1.227460245312594160e-05
1.216248611867230006e-05
1.205938999499043649e-05
1.191833539582161651e-05
1.176721249262555053e-05
1.160026552743863825e-05
1.145077456434458928e-05
1.132768050387379843e-05
1.122985278902939754e-05
1.113642264928967437e-05
1.103981902247819703e-05
1.094094101121542371e-05
1.085197158005657106e-05
1.076333750366921121e-05
1.067288230066377533e-05
1.057275218242663460e-05
1.048374909797195739e-05
1.039869129441748310e-05
1.031632187958492376e-05
1.023710828448417989e-05
1.016625729168613454e-05
1.010714680753583922e-05
1.005200353619762356e-05
9.970978512237382567e-06
9.857422721927404090e-06
9.752189786420520937e-06
9.660215354219031566e-06
9.563265376540070072e-06
9.469756263212262862e-06
9.361195510931934725e-06
9.285197634226018191e-06
9.218054533954946658e-06
9.150716430250379550e-06
9.089808656419298084e-06
9.018174983002321608e-06
8.952215431724278594e-06
8.890496615058263107e-06
