6.559994051735553722e-01
5.493683359811706302e-01
4.984974182155810785e-01
4.745853693145292151e-01
4.605764321214171897e-01
4.814575998865182060e-01
4.660387734584812147e-01
4.569087826761787374e-01
4.515056008231659312e-01
4.471045428584274894e-01
4.717098075342706642e-01
4.662829285457064654e-01
4.611400383257722169e-01
4.557819458055210049e-01
4.534405058960727652e-01
4.507130028026004598e-01
4.468405001624219386e-01
4.442765314267224652e-01
4.419157855679818891e-01
4.396498643111969029e-01
4.464309605333770525e-01
4.436845314037787813e-01
4.419133178486578939e-01
4.400419596496296659e-01
4.383703405356709770e-01
4.387247673572578499e-01
4.368828876754787260e-01
4.355598569505753082e-01
4.342828171830903639e-01
4.333450636207010209e-01
4.352591946892835906e-01
4.337453953054361544e-01
4.325683786713011569e-01
4.318037986421496277e-01
4.310919390683681796e-01
4.316426013630926817e-01
4.307764740344376952e-01
4.301158473356103129e-01
4.294696784935074230e-01
4.287831968944717520e-01
4.282796190979786810e-01
4.277206477915078131e-01
4.273126183500139952e-01
4.268274692393587699e-01
4.263921145928110112e-01
4.270946188138128319e-01
4.263765920623481809e-01
4.258429793354625015e-01
4.252406174092317470e-01
4.246928610523941217e-01
4.241366261521847814e-01
4.235329524838729043e-01
4.230429120321186898e-01
4.226710245174203906e-01
4.223210652701933077e-01
4.220320499930326208e-01
4.216864853010956482e-01
4.213823231107716727e-01
4.211064148464107593e-01
4.206914915834165103e-01
4.202609879548515615e-01
4.198748065917257133e-01
4.193716772946646798e-01
4.189749946874640751e-01
4.187149687436119150e-01
4.184761448629166214e-01
4.182838082065611363e-01
4.180962709480592343e-01
4.179293609536732235e-01
4.177805634695143655e-01
4.176117215523575954e-01
4.173914493559230388e-01
4.171026036666555803e-01
4.168929379625678222e-01
4.166605401837094047e-01
4.164393260064524482e-01
4.162545234551981999e-01
4.160822770250601765e-01
4.159467487503119565e-01
4.157953279372458288e-01
4.156733406521928020e-01
4.155739270450548584e-01
4.154787900111675536e-01
4.154066264273947873e-01
4.153228075238715733e-01
4.152328187199359477e-01
4.151236729585134344e-01
4.150399083039006953e-01
4.149644084322837156e-01
4.148738309675707447e-01
4.147974902418539167e-01
4.147301256421367377e-01
4.146569557423659402e-01
4.145756060543949184e-01
4.144949318695944629e-01
4.144054211262869214e-01
4.143180320383132442e-01
4.142091749507779697e-01
4.141012524229307212e-01
4.139692921138657389e-01
3.983883187167355788e-01
3.877543199557323961e-01
3.785069603538732119e-01
3.725904605489854249e-01
3.680329777939175817e-01
3.652589143440879704e-01
3.619194763904910461e-01
3.592692707783247119e-01
3.570217254895613479e-01
3.553159626083434164e-01
3.545369536097290886e-01
3.533831926282816061e-01
3.518919637988052185e-01
3.505311975317477735e-01
3.488698768108801640e-01
3.481909368450043507e-01
3.468492830642747604e-01
3.457802773454828893e-01
3.448640876484310724e-01
3.440549571224302827e-01
3.438963048122818944e-01
3.429579371038316005e-01
3.421411821488329896e-01
3.413793354843899230e-01
3.407388476135165267e-01
3.420460964553816430e-01
3.410644507650026358e-01
3.404584199880200113e-01
3.400462976351872890e-01
3.395863283959891787e-01
3.404797134775188194e-01
3.394986674667995752e-01
3.389952920063716291e-01
3.386240008290611336e-01
3.382956745098653073e-01
3.390615416761552647e-01
3.384664689633805623e-01
3.380799624763481948e-01
3.376963910051986040e-01
3.373219984708494823e-01
3.387203280811858508e-01
3.379525573000958794e-01
3.374937187204555822e-01
3.370181012499692264e-01
3.366584127895982381e-01
3.375513668456643912e-01
3.368887099244769479e-01
3.362447116559262317e-01
3.358606015680090651e-01
3.354440081864380474e-01
3.351334414651694349e-01
3.348522577547434764e-01
3.346211091828266704e-01
3.343594854925638349e-01
3.340429821084538453e-01
3.338103323738824679e-01
3.336191244009649171e-01
3.334136410302243614e-01
3.331742540193400881e-01
3.329588668010519115e-01
3.327655156555225924e-01
3.325726284161739099e-01
3.323345755256309486e-01
3.320682063821259189e-01
3.317748543690414165e-01
3.315735074604907462e-01
3.313495950961692915e-01
3.311540936966265170e-01
3.309772467143446972e-01
3.307865335545879804e-01
3.305895941849159581e-01
3.304289933203157226e-01
3.302828594997936351e-01
3.300760144186826173e-01
3.298879858165923440e-01
3.297344356989286296e-01
3.295815073848764043e-01
3.294619073328084458e-01
3.293171859853408212e-01
3.292052622202201184e-01
3.291050458745966578e-01
3.290006789290315647e-01
3.289138964500047391e-01
3.288351466823634661e-01
3.287591240972326800e-01
3.286731919133439317e-01
3.285798410730648156e-01
3.285013117360286450e-01
3.284083691897540791e-01
3.283224133246212539e-01
3.282549099327899955e-01
3.281572887521574389e-01
3.280522574175527284e-01
3.279524204478210248e-01
3.278499495155861032e-01
3.277741621424762886e-01
3.277067532229913649e-01
3.276325101294872422e-01
3.275682420294699915e-01
3.275169898334544527e-01
3.428353880378271490e-01
3.356247955975041330e-01
3.290230585072316805e-01
3.250729166977764373e-01
3.217172841218342572e-01
3.207294488124295961e-01
3.183394791407543889e-01
3.175617725715969564e-01
3.170319242052058173e-01
3.163021870897371746e-01
3.162562334184100266e-01
3.150578909537019023e-01
3.139519952268085001e-01
3.130940657450411724e-01
3.125278435479038608e-01
3.121994123085236605e-01
3.117508184956176986e-01
3.113148561303913930e-01
3.109140320029014637e-01
3.104884276924324005e-01
3.103411586652300436e-01
3.100146220127033558e-01
3.096853586795141333e-01
3.093000659027080324e-01
3.088208180722974983e-01
3.088306727310043964e-01
3.085306410742563732e-01
3.082291533507826031e-01
3.079753256005163808e-01
3.075702513107453351e-01
3.073889090810106306e-01
3.070923811228602474e-01
3.068392110662241379e-01
3.065716565949497263e-01
3.062707158825632159e-01
3.062911910122895209e-01
3.058815951903161579e-01
3.054654178111567142e-01
3.050917822556803438e-01
3.046233206266552584e-01
3.046829586396615497e-01
3.042618539138919331e-01
3.038239737048108458e-01
3.034679015786488354e-01
3.030183291695759951e-01
3.031112311242222801e-01
3.027625668410448556e-01
3.023994292574363474e-01
3.020799566679363557e-01
3.018116386878472723e-01
3.015053400100191072e-01
3.012501454839892068e-01
3.010430748661742095e-01
3.008548572555449496e-01
3.006085534513660562e-01
3.004507948737316081e-01
3.002270901530357250e-01
3.000080058395268034e-01
2.997972146483321998e-01
2.995999101212881710e-01
2.994498892410303315e-01
2.992192037734418553e-01
2.990319926122509409e-01
2.988471706298020392e-01
2.986880066081998852e-01
2.985192459164692225e-01
2.983256587286027828e-01
2.980734859618836552e-01
2.978783966234181402e-01
2.975906228670547882e-01
2.972467882467360600e-01
2.969927892479415910e-01
2.966934805613674619e-01
2.964524884428113016e-01
2.962484964900121143e-01
2.959780702135246799e-01
2.956848549738291254e-01
2.954745359541675609e-01
2.951629510891252139e-01
2.949639092060626355e-01
2.947552878284819822e-01
2.945728420207960885e-01
2.943731713517158122e-01
2.941934037474475128e-01
2.940367728354828514e-01
2.938740559708815092e-01
2.936716795006293901e-01
2.934754667132203343e-01
2.932738444476375994e-01
2.931258079762641411e-01
2.929189159214258265e-01
2.927675562790106878e-01
2.926022759415210506e-01
2.924697574861869209e-01
2.923470554153935197e-01
2.922358163740357284e-01
2.920916511119609482e-01
2.919608501481915086e-01
2.918066995742961134e-01
2.916819695231803733e-01
3.034156661008745592e-01
3.024265887218330895e-01
3.003036830581243821e-01
2.992693810072785121e-01
2.985357967767641174e-01
2.983400700755341473e-01
2.975086899022643117e-01
2.970619140896156307e-01
2.964063035042940331e-01
2.952020735315755706e-01
2.950995383538119188e-01
2.935908706332055473e-01
2.919482113798649858e-01
2.910275610352369147e-01
2.902717539956157222e-01
2.902605115075874709e-01
2.900931728458630565e-01
2.897573171033452910e-01
2.894459348642759444e-01
2.892623572062153481e-01
2.888736884505487823e-01
2.885508108344071454e-01
2.881765940100721179e-01
2.879493890224213426e-01
2.876345622865299489e-01
2.871913476126619069e-01
2.867171211595977987e-01
2.863190185428610701e-01
2.858121941589516490e-01
2.853859372343753309e-01
2.850702974108542120e-01
2.845623120856269339e-01
2.840202374278212871e-01
2.835611112905785380e-01
2.832128999516187462e-01
2.833488154023393601e-01
2.831716580524403226e-01
2.830776206590011057e-01
2.830293433428147098e-01
2.829576090401608734e-01
2.829011720875689861e-01
2.828381952690330881e-01
2.827254297311056486e-01
2.826191070777856473e-01
2.824896461604317621e-01
2.824354048922035898e-01
2.823832515377426300e-01
2.822923085086636585e-01
2.821457561206102693e-01
2.819793449726906154e-01
2.818257065112041992e-01
2.816334828459804429e-01
2.815278560783260331e-01
2.814025279387096234e-01
2.812960184902787986e-01
2.812135840615676008e-01
2.811404049475385580e-01
2.810846817253185304e-01
2.810478357602936850e-01
2.810026355895954286e-01
2.808991735071194595e-01
2.808190685484776572e-01
2.806455373780123441e-01
2.804649461642977903e-01
2.804021661407729016e-01
2.803093664530627027e-01
2.802082153053291336e-01
2.801244149533088645e-01
2.800806858177541936e-01
2.800156292800325963e-01
2.799580501450326664e-01
2.798437893762307782e-01
2.798120910293970809e-01
2.797325568989119660e-01
2.796733686603173896e-01
2.795235291823693902e-01
2.794845188203163855e-01
2.794198939481275512e-01
2.793639241416458474e-01
2.793227714374575399e-01
2.792377629931607208e-01
2.791126061693983140e-01
2.790621226552952860e-01
2.789796847234797261e-01
2.788836701648924055e-01
2.787948606006379615e-01
2.787401747792362383e-01
2.786760027161578335e-01
2.786036366317239943e-01
2.785224031186808169e-01
2.784908021542546464e-01
2.784034142438192028e-01
2.783598040716206423e-01
2.783126409548645208e-01
2.782358759472445819e-01
2.782020985495382015e-01
2.781430019117921981e-01
2.780505711126277646e-01
2.779935450849506662e-01
2.779679601255516941e-01
4.216606127334596721e-01
4.015690813560168215e-01
3.889968246730820534e-01
3.872388049014461875e-01
3.816077894507725055e-01
3.851567721112486575e-01
3.819032180668268106e-01
3.798843845060285163e-01
3.764016506451975941e-01
3.739234288320236743e-01
3.735821748558146305e-01
3.663393767441824322e-01
3.589822001712362765e-01
3.504958805184741344e-01
3.480530058510338254e-01
3.409543936171889333e-01
3.347540875372592706e-01
3.290761466670868995e-01
3.241900456978340506e-01
3.183045443392733542e-01
3.165430284363699998e-01
3.128221929205781127e-01
3.079731114545576354e-01
3.047435767685421903e-01
3.016738170299641530e-01
3.008695162366371578e-01
2.986595962717710773e-01
2.956130624673574681e-01
2.931167801292759445e-01
2.906782075746606187e-01
2.909652583057965591e-01
2.880159130501697695e-01
2.845963723819979196e-01
2.819615573111027285e-01
2.798198134989586250e-01
2.793943354828790637e-01
2.771770218606393055e-01
2.753073360721187135e-01
2.735328800096427648e-01
2.715161464192749063e-01
2.718474925784001295e-01
2.703892166700554989e-01
2.688839107755371938e-01
2.675368624107473114e-01
2.662153932446336690e-01
2.679971711190186068e-01
2.661822206205735064e-01
2.645880391334588522e-01
2.629090532552951220e-01
2.614006647706333397e-01
2.601261475453675587e-01
2.587362084334632883e-01
2.577159856316679210e-01
2.568706172245564523e-01
2.558265385181271445e-01
2.549792887927304075e-01
2.540090721470967816e-01
2.530768791679983143e-01
2.522894849969236630e-01
2.515549761745046742e-01
2.509859016942154186e-01
2.503284480107786925e-01
2.496509601053361893e-01
2.490115168650016697e-01
2.483845037432747260e-01
2.478143419445590079e-01
2.473069945802890690e-01
2.467823667687584488e-01
2.462478675478290691e-01
2.457243040663957823e-01
2.451413010381338353e-01
2.445947722137797598e-01
2.441733344052386401e-01
2.437658378397497827e-01
2.433206309712323823e-01
2.427723716878801841e-01
2.422352667119320735e-01
2.417075908590148037e-01
2.413114084179388830e-01
2.407664957461181643e-01
2.403590892137078827e-01
2.399128227384857426e-01
2.394743068800828656e-01
2.391214800120291806e-01
2.387725995833165360e-01
2.385054682493067124e-01
2.382211112516523788e-01
2.379550007792025357e-01
2.376829116663963792e-01
2.374245789509194515e-01
2.371755128515110889e-01
2.368885703915006025e-01
2.366101785124929413e-01
2.363871309246413921e-01
2.361685946078097287e-01
2.359226743486936839e-01
2.356218690191066722e-01
2.353757956616632507e-01
2.351383161666233679e-01
2.349341739200027646e-01
