3.962360795503767213e-02
1.895362345816254887e-02
1.162163653141491323e-02
8.584809305539143134e-03
6.653083438285246377e-03
6.609025359711827308e-03
4.529548758470672981e-03
3.390278604808771683e-03
2.791773263486425818e-03
2.360004261483945789e-03
2.523045449242423445e-03
2.055916236400584518e-03
1.735718689327168506e-03
1.583490376552394198e-03
1.430555719979747066e-03
1.492682526294286313e-03
1.317498391379040784e-03
1.234959287826140409e-03
1.135204422304137090e-03
1.040505527939744384e-03
1.045110788459199759e-03
9.397355643635340152e-04
9.005617742059268249e-04
8.658646360621106855e-04
8.281617389159724642e-04
8.290908633655940697e-04
7.690179832197252411e-04
7.247060015534298938e-04
6.846437681968914855e-04
6.443640089162172915e-04
6.598747706140533275e-04
6.044638692250312159e-04
5.777396286126540827e-04
5.600623457434363277e-04
5.410409235829652169e-04
5.633246559880768223e-04
5.398672197211206109e-04
5.304849209403699828e-04
5.196429405642494876e-04
5.018184476344761565e-04
4.945728395082117342e-04
4.756867932834016538e-04
4.620773121513970438e-04
4.491585016006434112e-04
4.391653093368195473e-04
4.443977091282081608e-04
4.348678186047208157e-04
4.271551206596935798e-04
4.167955952279465992e-04
4.054538666224147356e-04
3.933593144308979573e-04
3.836986003523851262e-04
3.714550262375440658e-04
3.622341455544044820e-04
3.521310996405374594e-04
3.443347363811190189e-04
3.368226655816871718e-04
3.285803926361605381e-04
3.221184195279985850e-04
3.166979589479759923e-04
3.086617885877454017e-04
3.012752981335898011e-04
2.956356492974503711e-04
2.917800643444013364e-04
2.864224303831789547e-04
2.805934290930703627e-04
2.741608473209200970e-04
2.690114439977677949e-04
2.646486234350952467e-04
2.615412026792126687e-04
2.582213511024668089e-04
2.545076327328412271e-04
2.509481157560116251e-04
2.476027209650507135e-04
2.443326018307497233e-04
2.404623068437683464e-04
2.378033655842902981e-04
2.347082503778159769e-04
2.321684629666871669e-04
2.283845368980228537e-04
2.257159987333970125e-04
2.231117609273528782e-04
2.201596446922412327e-04
2.181911178238621699e-04
2.160424553545158693e-04
2.142947575741443588e-04
2.127651855972329897e-04
2.111191479572445558e-04
2.096357008792300953e-04
2.066960656831578070e-04
2.047049424625624434e-04
2.025584645572289018e-04
2.006203201029172498e-04
1.989633658177747801e-04
1.971506143731755921e-04
1.950017002858076259e-04
1.932008100689054078e-04
1.913817401527705510e-04
1.891198886697815509e-04
1.869898453340862671e-04
1.774820672535399419e-04
1.633880450162997580e-04
1.547649916967528988e-04
1.470524226835330322e-04
1.407064561222540254e-04
1.356674126401897996e-04
1.307542017018931591e-04
1.264543139762197175e-04
1.218784214891594799e-04
1.166401788986479789e-04
1.121607679635515126e-04
1.087468447674209651e-04
1.057226859745873701e-04
1.019427379928396573e-04
9.925396716361568113e-05
9.646727374234710510e-05
9.444229694671546851e-05
9.258784112886022028e-05
9.088569354136135248e-05
8.868580550875296970e-05
8.725392244047068687e-05
8.580863424499130009e-05
8.442184180918675370e-05
8.302418451349275169e-05
8.140763017610391469e-05
8.024649066431011643e-05
7.871056008493942935e-05
7.715708086098576072e-05
7.590397130886975549e-05
7.462447848460632951e-05
7.378295601756795915e-05
7.258494652467066207e-05
7.148490012636166656e-05
7.026378926028007158e-05
6.920612137436369933e-05
6.836261664196121440e-05
6.737757560726729677e-05
6.640069280781518712e-05
6.562182833842664629e-05
6.484849736338752174e-05
6.416870953660371946e-05
6.350945155547869599e-05
6.287489552905315662e-05
6.213739342718914741e-05
6.127103148394039036e-05
6.064127831204024088e-05
5.984773480919135659e-05
5.912447109381690184e-05
5.847063796790233646e-05
5.782567295480276626e-05
5.715763247699754161e-05
5.655420536343304708e-05
5.596062845097344381e-05
5.553210531573730122e-05
5.493345573905175942e-05
5.433522666541954805e-05
5.384207359081621112e-05
5.333518992770570731e-05
5.283939375220718376e-05
5.239248840414340448e-05
5.194798644047555016e-05
5.151035048500336494e-05
5.101931140255721729e-05
5.059583000436285974e-05
5.022434869590550926e-05
4.984108172436796104e-05
4.951646278412148808e-05
4.920208137314126511e-05
4.884473666628754980e-05
4.854821063943421598e-05
4.825476582327963124e-05
4.797315684115246813e-05
4.763970141570503415e-05
4.737689037130264174e-05
4.711756963405964457e-05
4.684163249802726143e-05
4.658839572402858009e-05
4.636142036544981150e-05
4.613197494358422070e-05
4.585106757064035221e-05
4.559343043112508426e-05
4.535646871047568224e-05
4.511796109008586113e-05
4.489774542518171180e-05
4.465416845016634864e-05
4.446810840247085981e-05
4.429518586172928195e-05
4.408389220710692613e-05
4.387125084407017962e-05
4.365990735770836740e-05
4.338134829141294631e-05
4.311671171474660446e-05
4.288967125236350995e-05
4.268986617070302385e-05
4.244023557649813513e-05
4.216721813299669625e-05
4.195376462403293616e-05
4.172603941217424166e-05
4.150561115258673224e-05
4.129225803188112359e-05
5.333057770431956881e-05
4.832649327347931156e-05
4.483502536463507509e-05
4.247030978171587539e-05
4.040314364547236754e-05
3.834751145116180126e-05
3.695450748915994052e-05
3.569676565833362160e-05
3.466964525069931007e-05
3.374727936471002930e-05
3.297068828133529149e-05
3.218999027098428593e-05
3.131750868930351485e-05
3.040561479354470791e-05
2.963899189679897287e-05
2.897725556774504406e-05
2.830881896830986255e-05
2.767520180065689557e-05
2.697398149130235295e-05
2.626981835635089412e-05
2.568733186434260965e-05
2.517888067207103028e-05
2.471028545670392096e-05
2.423166679604074806e-05
2.386126387286410824e-05
2.347340732139158523e-05
2.308523396565222800e-05
2.268328315421760512e-05
2.234143405359691328e-05
2.201283539813330122e-05
2.171477133503472911e-05
2.143001312550853982e-05
2.113670348924048944e-05
2.090970006015032431e-05
2.068775517880810520e-05
2.046928854894035672e-05
2.024901396963911407e-05
2.003759491456640605e-05
1.982433395543820541e-05
1.958017098229800413e-05
1.939736131615822390e-05
1.920314665088578346e-05
1.902047098145619492e-05
1.886543695769078751e-05
1.871512071816051756e-05
1.855553632686526819e-05
1.840844686117145584e-05
1.827443473600285758e-05
1.813249984013737083e-05
1.792251824044597473e-05
1.773548298394003511e-05
1.755250795554336426e-05
1.741724840037667650e-05
1.727487519092483248e-05
1.715124468040743098e-05
1.700572280500623767e-05
1.685612179020662174e-05
1.672346556963278866e-05
1.659592357452363150e-05
1.646159131693996974e-05
1.633698033485837350e-05
1.623216870103227287e-05
1.612710714498483993e-05
1.603005385358698901e-05
1.589064664038909787e-05
1.577962457372614162e-05
1.568477467175235867e-05
1.557344482483917567e-05
1.549124294741639722e-05
1.541112294520314332e-05
1.532941602037414739e-05
1.524541500189848963e-05
1.517057710676049056e-05
1.509813494272011462e-05
1.501576679924561481e-05
1.493667769609711492e-05
1.486609329529765139e-05
1.479168253726780116e-05
1.472097564200756708e-05
1.464088773603588144e-05
1.456134226227245834e-05
1.448124597035621721e-05
1.440041070755331177e-05
1.432204829102717726e-05
1.426373900248206438e-05
1.419709250139332800e-05
1.413681276091480196e-05
1.407369743616601851e-05
1.400981231915738677e-05
1.395441840056403459e-05
1.391982907815032880e-05
1.388472385736641105e-05
1.384617876590427335e-05
1.380341080547774264e-05
1.375235507646428239e-05
1.370494729234857173e-05
1.366507780951021719e-05
1.362586435979752668e-05
1.357701642277158883e-05
1.353328055171531504e-05
1.834872985687978524e-05
1.625590556034441241e-05
1.502407540358296333e-05
1.423501530911869518e-05
1.351220129243122703e-05
1.292748001317469093e-05
1.239555713949203806e-05
1.201905867293300070e-05
1.161267277988081712e-05
1.127882845051144864e-05
1.094621647568672609e-05
1.070138538417200451e-05
1.046625380238151209e-05
1.027827134037662571e-05
1.007441347600753925e-05
9.890470078810673728e-06
9.712430625164122786e-06
9.557961098365862253e-06
9.410543191912756371e-06
9.275145638520974491e-06
9.124858722446374141e-06
9.012885071331241851e-06
8.894081971565430102e-06
8.762650396803048253e-06
8.652891163270671083e-06
8.531080605368977923e-06
8.415146305773168981e-06
8.297839614743253951e-06
8.199429041525862198e-06
8.115239046964573387e-06
8.017818478485307557e-06
7.923442181855098223e-06
7.832736466892902663e-06
7.746791493320354262e-06
7.664700403013801922e-06
7.589593526535984404e-06
7.509958190217648763e-06
7.440489849664008693e-06
7.370959430284486847e-06
7.301578649286498361e-06
7.239676003671020977e-06
7.183078256569920821e-06
7.112699753322388312e-06
7.042467938369587866e-06
6.984110462369182504e-06
6.923081576287227943e-06
6.866878036267585126e-06
6.812387615719449306e-06
6.758249080239186958e-06
6.707150019963981925e-06
6.656840678054684356e-06
6.601220765678486356e-06
6.545622953777027576e-06
6.493308805414868917e-06
6.443567586036208507e-06
6.397200374737645640e-06
6.357857576811599009e-06
6.321333239255253295e-06
6.275521765684217503e-06
6.230861556927466154e-06
6.198641509980229671e-06
6.155425751200517575e-06
6.120960472227216698e-06
6.087426251669018791e-06
6.051244897104586860e-06
6.019020845810653314e-06
5.986937815038754162e-06
5.953003241595746025e-06
5.921104325668504938e-06
5.880998063352938685e-06
5.846665258471433379e-06
5.817595862446651086e-06
5.783026503065444780e-06
5.746898274811653515e-06
5.713484905400368967e-06
5.683828096772815037e-06
5.655073227295104420e-06
5.620760269499329539e-06
5.589977313500881947e-06
5.564706445289532629e-06
5.537924516986363459e-06
5.507004836905249659e-06
5.469940279708009459e-06
5.442133856321726777e-06
5.416357182353624646e-06
5.388176420351543179e-06
5.363703064849642752e-06
5.339615516641582186e-06
5.315825668997139399e-06
5.289700824436689494e-06
5.269257412830321607e-06
5.251969868650535103e-06
5.226872827688066558e-06
5.204261074686161400e-06
5.183919902562314703e-06
5.162927481352319328e-06
5.143454012052079408e-06
5.122087509033559398e-06
5.104606781813221235e-06
5.084286340230470643e-06
9.388770596687447137e-06
7.848645997485994899e-06
7.152277211311270771e-06
6.593903822423249848e-06
6.214350324761674857e-06
5.928737944490499080e-06
5.660641964485894343e-06
5.463458846957853104e-06
5.286994732774725453e-06
5.129812333240198374e-06
4.995747595182114037e-06
4.876825909603006472e-06
4.756778816327744313e-06
4.657488283400319460e-06
4.559366561341802420e-06
4.479145465196285582e-06
4.395142704398295614e-06
4.313375890795123025e-06
4.248100930581055941e-06
4.163746630600551021e-06
4.094461899624792993e-06
4.031122948857895358e-06
3.962197847792285259e-06
3.897999661967816595e-06
3.851670890085597733e-06
3.802874266121277835e-06
3.751879008243450932e-06
3.708007661006055075e-06
3.660217448721010005e-06
3.609736579013168987e-06
3.553394669386459815e-06
3.515643040861987436e-06
3.476737604566419541e-06
3.444111172581548321e-06
3.409110956172087911e-06
3.378005383016970132e-06
3.347226719258895567e-06
3.309951264630691728e-06
3.278698127745380238e-06
3.252063811260157566e-06
3.223812920783608197e-06
3.200454754430045491e-06
3.173871369497013967e-06
3.144799340241057620e-06
3.116774735649589461e-06
3.089166229086283222e-06
3.061181357214196889e-06
3.030781374699808291e-06
3.009300374920613866e-06
2.981941217439327296e-06
2.958960695436486031e-06
2.934982915799715808e-06
2.905219648548432086e-06
2.885426963010913614e-06
2.865224340548984391e-06
2.846233361955532950e-06
2.826153792407665340e-06
2.806066891866015357e-06
2.788027749297805772e-06
2.771455955091377127e-06
2.753979646681264239e-06
2.735824427981347294e-06
2.719545798422199629e-06
2.701836942904915027e-06
2.687090921651546281e-06
2.672169470417642739e-06
2.657666876269163034e-06
2.645704680996963248e-06
2.631695351679157699e-06
2.616259764146765816e-06
2.600249321566519543e-06
2.585165809910672013e-06
2.572167973266257067e-06
2.557769885064994763e-06
2.545021942766586799e-06
2.529616581995361758e-06
2.514205131321539721e-06
2.499879338933007423e-06
2.482407475444031457e-06
2.467677005943092433e-06
2.454767074305185102e-06
2.443369151654910402e-06
2.432145253099051308e-06
2.419304299245047368e-06
2.404955918818172654e-06
2.391077786581610048e-06
2.378296720031837131e-06
2.366033381346546326e-06
2.354244485831787367e-06
2.344315485543544746e-06
2.332896766875306543e-06
2.321180596487303800e-06
2.311030775106998811e-06
2.301102386294796958e-06
2.290645811693585291e-06
2.281093092577247441e-06
2.269329891482967738e-06
2.257605617586980002e-06
2.247486291356662713e-06
2.236158999262265014e-06
