3.699211228454627465e-01
2.124826896086987327e-01
1.564788473170023730e-01
1.303536189755663821e-01
1.143307329886837781e-01
1.025435889828464758e-01
7.916655032317385099e-02
6.545326553604789710e-02
5.653625175731323560e-02
4.886386516903079569e-02
4.634589329075840258e-02
4.099539900754439747e-02
3.694081059475740059e-02
3.340409487615720457e-02
3.060317442846511443e-02
2.972123986302400295e-02
2.725007163645170108e-02
2.531821591458009030e-02
2.383780894903820072e-02
2.203698715743327222e-02
2.191184902411227875e-02
2.045986816178377299e-02
1.946682317399713036e-02
1.854684483194185898e-02
1.763059353926207939e-02
1.767387054988648828e-02
1.676971409416892766e-02
1.624224795061514001e-02
1.566631138631012152e-02
1.512631934518625897e-02
1.504507860286426711e-02
1.439666441852265402e-02
1.395046808763080078e-02
1.347964938063395644e-02
1.290120623699804979e-02
1.281535198420243570e-02
1.223753589847563668e-02
1.188744963423712248e-02
1.155801592074905300e-02
1.129065061834614615e-02
1.134129342764614475e-02
1.093811510862914907e-02
1.069676174716491929e-02
1.048719121933248781e-02
1.027841117151200023e-02
1.031689449819754231e-02
1.006876837572111098e-02
9.897993384903304437e-03
9.691891813628825125e-03
9.485227380228854199e-03
9.255808073490384702e-03
8.989708246295658248e-03
8.691417712214835611e-03
8.473589610188602891e-03
8.294110532023939164e-03
8.118525520439501958e-03
7.975234037517891020e-03
7.831518133985929109e-03
7.686929578173623025e-03
7.534813348714885541e-03
7.385298731188691401e-03
7.250669377686948941e-03
7.131140914683155828e-03
6.996702052919242382e-03
6.870763088094276015e-03
6.749121576741766611e-03
6.637053320667813880e-03
6.525325566411612280e-03
6.404144281917182810e-03
6.278790668309249326e-03
6.170002113692743539e-03
6.056377725241817930e-03
5.944348505393134800e-03
5.840970222800813405e-03
5.749583074710572748e-03
5.659280485601184303e-03
5.564816149439598923e-03
5.483100664266412141e-03
5.399353949835786377e-03
5.311322316609591240e-03
5.231378002298933683e-03
5.143984871715460983e-03
5.057154066368236764e-03
4.978758543509159348e-03
4.905481008373771025e-03
4.839238190145301460e-03
4.773803607712143703e-03
4.705545410992269077e-03
4.638983025508391575e-03
4.581976298721941905e-03
4.525083422695964225e-03
4.472341923859521340e-03
4.416735878643970707e-03
4.363813448478327632e-03
4.307990549585798135e-03
4.256713674665754329e-03
4.206530342665020482e-03
4.159392102152962775e-03
4.112671475055372679e-03
4.068861228719843418e-03
4.048504269046100147e-03
3.775406858425708802e-03
3.563238158628443536e-03
3.344406720154556503e-03
3.181541940453768216e-03
3.037611804203237814e-03
2.897140763768376540e-03
2.773249213128625192e-03
2.648968180823144895e-03
2.536103919801249978e-03
2.435308279432042786e-03
2.347064914066094785e-03
2.264853567000060883e-03
2.185357893635556364e-03
2.110787159422460296e-03
2.049330617266709349e-03
1.977435321263135929e-03
1.918032205010820239e-03
1.864148264982278024e-03
1.809312352390589785e-03
1.775408697834776096e-03
1.733332354140283910e-03
1.690912423936104464e-03
1.651772679423324161e-03
1.612815345432540293e-03
1.587753489418172780e-03
1.553349351604507104e-03
1.520451396493305990e-03
1.487324511623851729e-03
1.454279494082240127e-03
1.431537700108094198e-03
1.401736060607368297e-03
1.377269608159639594e-03
1.352213468261053960e-03
1.330574541703273116e-03
1.319682640393353987e-03
1.298419792306442768e-03
1.279136951145771030e-03
1.258092417868035681e-03
1.237674731236012085e-03
1.223738936731879603e-03
1.204150117398210913e-03
1.188234805344833825e-03
1.171341997645997720e-03
1.156831118032338986e-03
1.147206986434018243e-03
1.130514921600956789e-03
1.114914158253124850e-03
1.100096112506942624e-03
1.083330757112538215e-03
1.066843848195865585e-03
1.048721418067544197e-03
1.032888414384631028e-03
1.018882278589833311e-03
1.005718477038071868e-03
9.923372369411999870e-04
9.799100516866277033e-04
9.678116537860601823e-04
9.550761639530696689e-04
9.430322073757342128e-04
9.316925231052501123e-04
9.183479147806758187e-04
9.070027187553191114e-04
8.956776193892098401e-04
8.840601762655771016e-04
8.733652380635134257e-04
8.624294677185221757e-04
8.521775194337263609e-04
8.416477376540816438e-04
8.318754983473725237e-04
8.226271552270050065e-04
8.130466861449793699e-04
8.048230962386973249e-04
7.951391142275532429e-04
7.866380853763833576e-04
7.767816740047357466e-04
7.677563898684154099e-04
7.588751942585175844e-04
7.511685707388197865e-04
7.444781016030127020e-04
7.379210767660583517e-04
7.317576663961889707e-04
7.256721850783412302e-04
7.190004142119758293e-04
7.128582614320511622e-04
7.069281408998675164e-04
7.000489466249445450e-04
6.921436771580789489e-04
6.835346027072935430e-04
6.763691544751403769e-04
6.706189602562413797e-04
6.646530235343291832e-04
6.578708990204418195e-04
6.504713533665871985e-04
6.422183408898256545e-04
6.345385058085644412e-04
6.270041419838478722e-04
6.187461429170213042e-04
6.122838969003990351e-04
6.066128176495216287e-04
1.002077403557345182e-03
8.494360241945868350e-04
7.641016815081390877e-04
7.133704586315068588e-04
6.749670023662647945e-04
6.478995561163392427e-04
6.243066115789248005e-04
6.044845468671796547e-04
5.841096526230733950e-04
5.663628478300469955e-04
5.501244681122356402e-04
5.358474485667803940e-04
5.202478497835653958e-04
5.056837563476063342e-04
4.912440490219717589e-04
4.795425612062537341e-04
4.680579419818885634e-04
4.572595096876572130e-04
4.467092724711868297e-04
4.367523213921099693e-04
4.289522065781474058e-04
4.189214843855572140e-04
4.093432625746848690e-04
4.015880005043328269e-04
3.933535172479423804e-04
3.867318343271689517e-04
3.786273101490273156e-04
3.709535120113636834e-04
3.630785557341869902e-04
3.562281180184786620e-04
3.512060862503314871e-04
3.447006970387095511e-04
3.380974442129562802e-04
3.323444985644917081e-04
3.266292319731312348e-04
3.225844959296060295e-04
3.167891495448499654e-04
3.113119674122737037e-04
3.058004780744744914e-04
3.010729797227801644e-04
2.975793664733952684e-04
2.922113187519269372e-04
2.880247641488200183e-04
2.831780253827270396e-04
2.787793481536174215e-04
2.758152690236583319e-04
2.722824667962938858e-04
2.679615869988463315e-04
2.641688357780242716e-04
2.603734951220402593e-04
2.570379920275711453e-04
2.537082851641225714e-04
2.506612584355690106e-04
2.479668485395463708e-04
2.449462493401277641e-04
2.422050324188592123e-04
2.388338514588626263e-04
2.359247902129932252e-04
2.324126883673898467e-04
2.291194081125573522e-04
2.263493076781584068e-04
2.239361674295939169e-04
2.213813036408694061e-04
2.189343977190264423e-04
2.164547707997370918e-04
2.138649645833520189e-04
2.113281170907283283e-04
2.090265658691895195e-04
2.071378325038060778e-04
2.053811920248097673e-04
2.033840742108641820e-04
2.013966890902593894e-04
1.994101577360335345e-04
1.974889881783517315e-04
1.956367777468123010e-04
1.937003720516342032e-04
1.918347181143524268e-04
1.900206996444765229e-04
1.882297389059351799e-04
1.865246971222248062e-04
1.848380784683529036e-04
1.833935721496567377e-04
1.815637907466674007e-04
1.799195685037927170e-04
1.784312506916692733e-04
1.770321094558268977e-04
1.754338966494019020e-04
1.739033322165682116e-04
1.723899126058695691e-04
1.708617663277466915e-04
1.694639466155133112e-04
1.681545863213807998e-04
1.667985810364423598e-04
1.653706446874281949e-04
1.639159364367411302e-04
1.625416258341960316e-04
1.613516812516330753e-04
1.600766315333643306e-04
1.586684010862852978e-04
1.573918346204974679e-04
4.256215430741095503e-04
3.409078859293661573e-04
2.950879477218138706e-04
2.634346591265264697e-04
2.423717189723722121e-04
2.265672843829446572e-04
2.136833346323662711e-04
2.027440490826585466e-04
1.929639806209126126e-04
1.861102835607658700e-04
1.799804222104085295e-04
1.741375230446739412e-04
1.693991042810823677e-04
1.652102694596636466e-04
1.611059346798504003e-04
1.573798495523574164e-04
1.538764872175918483e-04
1.504016600199927466e-04
1.471982452380934730e-04
1.443460242743719311e-04
1.415645874904578679e-04
1.388309050697987264e-04
1.362730900453443781e-04
1.339432598689011661e-04
1.316222204952771147e-04
1.296341184496420211e-04
1.273232828313031510e-04
1.249873221958806130e-04
1.230314983394650255e-04
1.208022755751069231e-04
1.186132934759906991e-04
1.162657934889851019e-04
1.142882241421197011e-04
1.124716860853750233e-04
1.107311818184910431e-04
1.092128639545354734e-04
1.074357844756672505e-04
1.059830998412278873e-04
1.044645896594518624e-04
1.029840163667104655e-04
1.015471797632469536e-04
1.001275081674023892e-04
9.881629764736493649e-05
9.760104589182994408e-05
9.625307325596643932e-05
9.497051989575552259e-05
9.367675790155962907e-05
9.254215831504805157e-05
9.124817890290124627e-05
8.987074522806463384e-05
8.859708880383583194e-05
8.749962425438651556e-05
8.643824036867877930e-05
8.526717512122087802e-05
8.420410743182875509e-05
8.332634145601405232e-05
8.236047687840603081e-05
8.144457125554030951e-05
8.064493255240253681e-05
7.984531634560358096e-05
7.910468556661994638e-05
7.841998866800967952e-05
7.773227527856348758e-05
7.709618523359286360e-05
7.634890211842010755e-05
7.560286997536445203e-05
7.483809490267151379e-05
7.410167554349141354e-05
7.340346997216464821e-05
7.259555858604516750e-05
7.172949704507885973e-05
7.099600607744617291e-05
7.027020239727019789e-05
6.953987109520681710e-05
6.881878162767292230e-05
6.816081403909349582e-05
6.753919730616896673e-05
6.699208774021414028e-05
6.630993256578756408e-05
6.574591926970709682e-05
6.522988799546548453e-05
6.475561718914347390e-05
6.419666462676886962e-05
6.363694932833657521e-05
6.310585110675332517e-05
6.255737174565398524e-05
6.202083199109203408e-05
6.147684955203099716e-05
6.090357945566378633e-05
6.032155688459821632e-05
5.973357003246964405e-05
5.913835406370091999e-05
5.861571140860440300e-05
5.812796276575699095e-05
5.765648205449163874e-05
5.709911352900519702e-05
5.662494064773343684e-05
5.619963288274102108e-05
5.578361726383457341e-05
5.540021063988543530e-05
1.970027521148862897e-04
1.526237231653671943e-04
1.286728928759668243e-04
1.124545655065021447e-04
1.012478930161594888e-04
9.326012809965737174e-05
8.705835637986847906e-05
8.225253031519755580e-05
7.795412591625693304e-05
7.405354171127759158e-05
7.113809841881133130e-05
6.869968874544166149e-05
6.658745798841785187e-05
6.443253228608003590e-05
6.256561770109899192e-05
6.089344692613658300e-05
5.953553491297267238e-05
5.821488780644773801e-05
5.683819141551337033e-05
5.565489762280950915e-05
5.459659553524721888e-05
5.354917161881863518e-05
5.256511137307830369e-05
5.171699401211729753e-05
5.081523430625619427e-05
4.988379451156381574e-05
4.907838565382165543e-05
4.828631642322498850e-05
4.733520605144999770e-05
4.649341462179526805e-05
4.576431184651452412e-05
4.507791766980110559e-05
4.432489809385520887e-05
4.363581549611201605e-05
4.297914337001777188e-05
4.234470833108190587e-05
4.174167791450745385e-05
4.107313361103450631e-05
4.057333085775488888e-05
4.005770849752455734e-05
3.951070355704743920e-05
3.899120885075183749e-05
3.849178542871800330e-05
3.801328756228929172e-05
3.748912798493666068e-05
3.699954421610538347e-05
3.654913621793722417e-05
3.605241883606399579e-05
3.553012813890814883e-05
3.502276617797046507e-05
3.450750195241719236e-05
3.400962482279030807e-05
3.353675007782947029e-05
3.307514911980847887e-05
3.262392152902602335e-05
3.219343382760307470e-05
3.173882504190648427e-05
3.129418592960058219e-05
3.090281912655988550e-05
3.050540210895053762e-05
3.014051935332079583e-05
2.978423164149144778e-05
2.946314916702087023e-05
2.916059075682190813e-05
2.888491565337346288e-05
2.859376037224174190e-05
2.829388186206771596e-05
2.803135745917961311e-05
2.775110825131647238e-05
2.751794479529837028e-05
2.730702388735160461e-05
2.705103144543783249e-05
2.680843246490584401e-05
2.658909369219240065e-05
2.633904569496031735e-05
2.609702248935245625e-05
2.587534250084804160e-05
2.564104866933252148e-05
2.539316464014306374e-05
2.517654963068532260e-05
2.494754222174993858e-05
2.469415930079815660e-05
2.445619962809451582e-05
2.422537916765747258e-05
2.400011204588544880e-05
2.379479950836682194e-05
2.357277475932565821e-05
2.334381421325082743e-05
2.310026351943942296e-05
2.290262207054273013e-05
2.269803081242820284e-05
2.248220062600064800e-05
2.225427377020539621e-05
2.202329538048918809e-05
2.179643667734150947e-05
2.160415597461226965e-05
2.142514723538074342e-05
2.123947095175510687e-05
2.106701379423988642e-05
2.089560427355875125e-05
