5.889210017201873537e-02
3.232219755979047482e-02
2.428094836816372531e-02
1.904148319429252792e-02
1.528926796221987371e-02
1.269830103467257075e-02
1.091154864932474683e-02
9.309995011250914859e-03
8.209142823555627341e-03
7.485031909439675973e-03
6.821904673341475621e-03
6.377639634937206162e-03
5.991983453393458399e-03
5.622591303733360212e-03
5.274907228077662345e-03
4.957018107225565767e-03
4.721917032042858772e-03
4.518250275401414912e-03
4.370068262537219785e-03
4.227625404716655634e-03
4.092268243132924851e-03
3.973755161490882121e-03
3.877401660258469798e-03
3.790137496234172523e-03
3.698386331029731959e-03
3.615509989117606654e-03
3.531657836115232284e-03
3.442526637474761786e-03
3.338290261477972788e-03
3.236968856646745950e-03
3.143135309891454104e-03
3.061967079982960433e-03
2.976387558138913602e-03
2.908093457290504558e-03
2.853733688266586743e-03
2.817588245029572797e-03
2.748087770502648849e-03
2.673374599665720355e-03
2.615822572963986872e-03
2.568958873833342149e-03
2.540039055643237859e-03
2.498629236657932007e-03
2.460153999098570882e-03
2.422972204813592101e-03
2.387255269882342622e-03
2.362684906771753916e-03
2.332410097336677385e-03
2.304481535900516822e-03
2.272367257576237646e-03
2.243673988496169315e-03
2.210555096552472513e-03
2.173753252681631318e-03
2.138589981614884630e-03
2.104863446494610168e-03
2.076078780526511344e-03
2.051564668349725035e-03
2.031655343893853331e-03
2.008766825641757157e-03
1.986881880736441480e-03
1.967988141435452702e-03
1.947090542014772970e-03
1.927219061942908682e-03
1.908522398192774930e-03
1.887657488397092567e-03
1.868003238580392663e-03
1.848834328481812218e-03
1.828708198469868214e-03
1.805579557747663674e-03
1.782327556735292199e-03
1.765158803190766896e-03
1.750095289360951555e-03
1.733779159478244158e-03
1.715979833765138383e-03
1.697963378531514326e-03
1.684058672268410207e-03
1.667177566894994427e-03
1.656286378008153077e-03
1.648052088641476865e-03
1.639483064770250317e-03
1.629566398660358458e-03
1.619043996235260867e-03
1.609792331929470102e-03
1.601086679828251248e-03
1.589812832747059370e-03
1.579977386962231559e-03
1.571843820715820459e-03
1.562373230835462654e-03
1.554081960172524514e-03
1.546821835745999839e-03
1.540318075704934448e-03
1.534096952090917808e-03
1.528482597202902643e-03
1.523012071897179420e-03
1.516806846403489280e-03
1.511508637586571162e-03
1.506318982352702635e-03
1.500599239114656057e-03
1.493946743208904695e-03
1.488863992330306243e-03
1.481561754661277642e-03
1.335630413518969694e-03
1.202129386605427491e-03
1.144560190035544137e-03
1.108645174766372280e-03
1.081516160080476033e-03
1.062481660513236873e-03
1.046720898227794126e-03
1.033738056804719974e-03
1.023366962925492760e-03
1.012705678337530273e-03
1.004458118045588452e-03
9.969302188667557036e-04
9.900202401732487861e-04
9.831380594262917327e-04
9.764587648290911541e-04
9.703590295406156786e-04
9.640354526112111192e-04
9.584382110015149132e-04
9.530555203279060484e-04
9.483529764312430060e-04
9.438693571096759896e-04
9.392426501906372960e-04
9.347011388612731959e-04
9.297498921444479489e-04
9.256973930013778166e-04
9.216645639254214322e-04
9.170012518425782293e-04
9.133684354773175234e-04
9.096524235533376369e-04
9.060509059843568046e-04
9.020064873020557051e-04
8.980343616402051152e-04
8.941836049421275330e-04
8.906764561560457380e-04
8.871043874404803018e-04
8.827630079415309554e-04
8.790325906069562135e-04
8.748419801793386359e-04
8.711768946141315627e-04
8.671168931475005349e-04
8.630783585566596024e-04
8.597818588636038260e-04
8.568845092034791094e-04
8.538179814530441484e-04
8.506486964823701136e-04
8.478526845878851456e-04
8.448422502391743794e-04
8.419492955919749815e-04
8.387482527924880601e-04
8.354387465627000943e-04
8.323707403991158519e-04
8.298993855589343249e-04
8.272606262466459214e-04
8.248657813296305904e-04
8.226322865631756484e-04
8.200326455175035436e-04
8.170720928328982285e-04
8.144011678466488765e-04
8.118242401128379767e-04
8.097617367001653773e-04
8.075461766906944340e-04
8.056635007318710883e-04
8.035769081511372636e-04
8.014335462449502555e-04
7.993775841531188756e-04
7.976499108324395203e-04
7.956125770420332003e-04
7.937753302239210522e-04
7.917826297360071449e-04
7.898598214456037728e-04
7.881023208727256854e-04
7.864010406289148863e-04
7.845235866795544077e-04
7.828990552353854793e-04
7.814064798562090275e-04
7.799475359828142483e-04
7.782637266917654230e-04
7.763520178256115480e-04
7.746803588292972519e-04
7.731738528518301108e-04
7.717471239224124070e-04
7.704151781386144168e-04
7.690735265584239255e-04
7.679452181277537275e-04
7.665484845343185178e-04
7.652659648713434123e-04
7.639564804288571671e-04
7.627023699353225857e-04
7.615376240986305870e-04
7.602273732167135400e-04
7.588756551939101948e-04
7.577750235466876316e-04
7.566541301243718317e-04
7.555456713076645582e-04
7.543226432587452936e-04
7.532570526974928689e-04
7.522544789562682528e-04
7.512348604114871048e-04
7.502194542704317039e-04
7.491632000871516640e-04
1.387689831653097627e-03
1.138957070055254903e-03
9.906125420967510416e-04
8.890456345160001632e-04
8.332250786974610291e-04
8.062657011271554854e-04
7.844734504213670290e-04
7.711648262187774947e-04
7.596377443475539355e-04
7.499346583865508509e-04
7.434442235724590545e-04
7.368386012240157445e-04
7.313782876577785410e-04
7.264807579884086357e-04
7.215760491011170841e-04
7.179323346669297043e-04
7.142061616362925655e-04
7.106849264022265791e-04
7.075616143363718099e-04
7.047407874685241227e-04
7.027791048658079331e-04
7.003446894957338249e-04
6.980372332535344192e-04
6.960389643695261358e-04
6.939442363118859076e-04
6.921367174304107490e-04
6.903639641067456541e-04
6.886435080671577487e-04
6.871929718599880917e-04
6.858403076000190845e-04
6.849538800887140094e-04
6.839964720282882844e-04
6.831804754212821235e-04
6.822933637920946962e-04
6.812223179344331116e-04
6.800627800445244652e-04
6.791273209993548823e-04
6.783044288052888192e-04
6.775711790460989866e-04
6.767476704386031841e-04
6.759821304931437364e-04
6.752189338356740433e-04
6.744823574632523690e-04
6.737806526462041326e-04
6.731113995820605820e-04
6.724166193201921429e-04
6.717160024098137129e-04
6.709011894093381547e-04
6.701041740829135913e-04
6.693103130766479402e-04
6.684879698058939553e-04
6.675799817830118353e-04
6.668058715917450901e-04
6.661191186165833084e-04
6.654570623294781082e-04
6.648784814249241630e-04
6.642707690790249737e-04
6.636317396372792962e-04
6.628327357580210497e-04
6.621034474504115070e-04
6.613371237730584400e-04
6.605241365430101954e-04
6.596417542880497536e-04
6.589347540543029564e-04
6.582358028952063362e-04
6.575687652951775746e-04
6.568301591808404496e-04
6.561571099032659444e-04
6.555851108878094384e-04
6.549575086212998734e-04
6.542317751800745540e-04
6.534523687915498201e-04
6.526775282441934492e-04
6.518231225853211765e-04
6.510309903032565322e-04
6.500981384331088299e-04
6.491593418112590486e-04
6.479197997810708532e-04
6.466992839765641973e-04
6.455035140074448594e-04
6.443015367178174437e-04
6.431714271934729776e-04
6.419146103934916586e-04
6.406672977445706813e-04
6.394564730000017400e-04
6.382788690510177165e-04
6.369826927849240672e-04
6.358003657093607482e-04
6.345395334298229275e-04
6.334794708899284471e-04
6.324794931464935033e-04
6.315431365014010376e-04
6.306724268270920983e-04
6.299330350461537515e-04
6.292355186991382358e-04
6.285514295569019638e-04
6.277563958019362952e-04
6.268851308001337306e-04
6.259492208814216533e-04
6.250814485731137540e-04
2.397714774423448554e-03
1.582045493528641371e-03
1.216089452510545153e-03
9.953185991555812961e-04
8.701927314194526659e-04
7.977475249648172942e-04
7.482399542098062658e-04
7.180807431295444009e-04
6.935361791014141688e-04
6.762422820601027805e-04
6.619587017927231441e-04
6.509762843211436105e-04
6.414211045387667324e-04
6.342216527677095941e-04
6.273419784399012671e-04
6.218760543030134140e-04
6.174925413039605068e-04
6.133229107017993667e-04
6.098670423529666679e-04
6.064043043261988473e-04
6.038660297223033893e-04
6.009300422557521280e-04
5.981578727334209986e-04
5.950489525801296161e-04
5.921268460566273201e-04
5.904138135422698193e-04
5.882006384452688605e-04
5.861224034335190238e-04
5.842004232975244165e-04
5.825595106273877754e-04
5.816423848053931152e-04
5.798882544865698128e-04
5.783828343032165796e-04
5.768654845040048149e-04
5.754860754563238595e-04
5.746952382688740989e-04
5.732630884226005844e-04
5.720764887624742081e-04
5.707862967620673869e-04
5.695712740853217659e-04
5.687506109401628540e-04
5.676093759725994682e-04
5.665129280233867880e-04
5.655390372543161624e-04
5.646718733767885218e-04
5.642734358402032389e-04
5.634789070468507839e-04
5.627887760116434459e-04
5.621848383171067828e-04
5.615645311052190137e-04
5.609241320544296455e-04
5.602233969106275129e-04
5.594100536374580672e-04
5.586793576228093723e-04
5.580254178794168043e-04
5.573997944045088436e-04
5.567330191720237884e-04
5.559979161121344181e-04
5.553036110041403416e-04
5.547544272238782038e-04
5.541902906233473055e-04
5.536547116873298318e-04
5.530919533615353536e-04
5.525839803313774279e-04
5.521455784816265127e-04
5.516547638949725061e-04
5.511637655255273221e-04
5.505854284536890056e-04
5.500400303049064916e-04
5.494953919705465118e-04
5.489759253550587949e-04
5.484534934654685355e-04
5.478704023193127362e-04
5.473481173713590697e-04
5.469098812509585366e-04
5.463740601062860207e-04
5.458929659160609727e-04
5.452822067900261983e-04
5.447966607585573049e-04
5.442288905339140882e-04
5.436397157040873075e-04
5.430666789933810863e-04
5.424426598120533774e-04
5.418339609076952383e-04
5.412853266676894998e-04
5.406637783354226266e-04
5.400504054347306368e-04
5.394778938545378164e-04
5.389717656069181002e-04
5.384612177635626686e-04
5.379667109669442450e-04
5.374588972950289584e-04
5.368992078197612613e-04
5.364403634804816145e-04
5.359477769684520840e-04
5.354976190457535817e-04
5.350543610833016902e-04
5.345931306335526770e-04
5.341034572075633322e-04
5.335801200004890079e-04
3.750620554480809440e-03
2.342318332051089233e-03
1.774079241019556764e-03
1.419583497178339600e-03
1.231030919454286724e-03
1.122632519768535213e-03
1.031522305426631463e-03
9.620164690938126217e-04
9.112438339974802915e-04
8.615778224792696761e-04
8.331634798507573736e-04
8.046582925974920045e-04
7.831869936739293322e-04
7.631296974598832279e-04
7.445855440742821284e-04
7.294958314931913922e-04
7.157413785406294962e-04
7.036442903394623388e-04
6.911217827026089420e-04
6.809544101877014043e-04
6.724554160421241170e-04
6.648942979973306629e-04
6.576806200004785882e-04
6.507173564738451092e-04
6.441139495111709466e-04
6.379326666524411668e-04
6.315185848278242640e-04
6.251964258472567180e-04
6.194860189835128253e-04
6.145642297799753812e-04
6.102978119760585352e-04
6.061635088206998243e-04
6.024647696647629502e-04
5.985364228569258968e-04
5.944486996961926119e-04
5.910190621748144784e-04
5.874182666189148045e-04
5.838802449995931501e-04
5.807291360128138480e-04
5.770026068300079716e-04
5.739943542385390896e-04
5.705560243648420161e-04
5.679713041597240055e-04
5.654918247712356801e-04
5.630163177765116524e-04
5.613870917394218289e-04
5.593848206155969689e-04
5.569444982463410757e-04
5.544750187134969178e-04
5.522822605979343675e-04
5.502358253474435397e-04
5.483563269550159646e-04
5.462995120071881478e-04
5.442795080876403719e-04
5.424629723319321578e-04
5.406349394672984579e-04
5.391383649893961155e-04
5.376486394821795032e-04
5.362245972842359263e-04
5.349719731876416634e-04
5.337165167195130405e-04
5.325187377376711367e-04
5.314603854480626655e-04
5.301285159066011212e-04
5.288937458284313558e-04
5.276929216450635058e-04
5.266088559103583458e-04
5.255083690515823143e-04
5.245382067717798856e-04
5.233844596154325207e-04
5.223507435401580305e-04
5.213935584726073387e-04
5.204901579263384280e-04
5.197118236868123993e-04
5.188596278091271545e-04
5.179682740927011707e-04
5.171272310827079114e-04
5.162488199542447686e-04
5.153716872104402826e-04
5.145776733970665187e-04
5.137422265003560974e-04
5.129025849331457325e-04
5.121098706839160913e-04
5.113916014598110299e-04
5.107245237221502265e-04
5.100623514348133622e-04
5.094287955606064625e-04
5.086893321699487679e-04
5.079390180802723087e-04
5.072298538702084717e-04
5.065393908791115994e-04
5.058658168165851635e-04
5.051276802285399083e-04
5.043146910586686869e-04
5.035059722370554148e-04
5.027452729182310632e-04
5.020058849455219475e-04
5.012903675044829473e-04
5.005641107615752591e-04
4.998739364754978048e-04
