3.836421670288601149e-01
2.236911164159929855e-01
1.407994887165368858e-01
1.262280807527147164e-01
1.125553449426668767e-01
1.004750608363680353e-01
9.160887936123972286e-02
8.712850202113028852e-02
8.242941948484645842e-02
7.573468382093140328e-02
6.412250124121536554e-02
5.914007687676385572e-02
5.559195033901169480e-02
5.199200939118905213e-02
5.005178966289516168e-02
4.650331058565770198e-02
3.650596391542112323e-02
3.095425240919606052e-02
2.822735086261433241e-02
2.686190824590533807e-02
2.597064240311302077e-02
2.408869417998130841e-02
2.218789060387093767e-02
1.983633574086274970e-02
1.859882950522229184e-02
1.762762586461336795e-02
1.660974183751705302e-02
1.596295171235406068e-02
1.490092060902988708e-02
1.375581255645521271e-02
1.326382762585314942e-02
1.238962655713790779e-02
1.165788823298292455e-02
1.108525882084460124e-02
1.072452964868544564e-02
1.045499770465400761e-02
1.018117222862685925e-02
9.867461455621694133e-03
9.539239935552940378e-03
9.289559037325527402e-03
8.994594774266478909e-03
8.704283694677027866e-03
8.518998088592128273e-03
8.314244562862546650e-03
8.192037120293652747e-03
8.054605020914521255e-03
7.962801145838126551e-03
7.868083747755790988e-03
7.755656274146369329e-03
7.684865662546629464e-03
7.631523126012552255e-03
7.576769501078365124e-03
7.502955161670089163e-03
7.435678648223149889e-03
7.328806392697283754e-03
7.276586331065049325e-03
7.227636311184311782e-03
7.192486064449982348e-03
7.148663750727184824e-03
7.110459325617474353e-03
7.078856591912767622e-03
7.028643319183727409e-03
6.981518939443901936e-03
6.940729923948651611e-03
6.894501150665924977e-03
6.845202052074893760e-03
6.798022190156071363e-03
6.736219304437421340e-03
6.679372199351008184e-03
6.600454947568665416e-03
6.554520089544208297e-03
6.512026192901208647e-03
6.450772511147647229e-03
6.385030902261035722e-03
6.336036779573530481e-03
6.303121225568322772e-03
6.251638098785587683e-03
6.225660792653314561e-03
6.198958061565865325e-03
6.171045021764693349e-03
6.144309166294085849e-03
6.125461901630605693e-03
6.097654993613856218e-03
6.061824501961050361e-03
6.040906581935964227e-03
6.018339132468151186e-03
5.984947662166799701e-03
5.963174196302004938e-03
5.946295347772198071e-03
5.925870028114520877e-03
5.902753214537465216e-03
5.864564827820231696e-03
5.841213339369042898e-03
5.822524179856667682e-03
5.796422217478445701e-03
5.763204898650043338e-03
5.737342618411371033e-03
5.719450036190270453e-03
5.701971480528739318e-03
5.689576313338030877e-03
5.556495626098750806e-03
5.478813005264265498e-03
5.372150475245793255e-03
5.270368639250057503e-03
5.196985171866352199e-03
5.140203002580054532e-03
5.113229225688175998e-03
5.072053768543628889e-03
5.027168920795993534e-03
4.980698350546977279e-03
4.947045366246292583e-03
4.907636422696381312e-03
4.852588206110983876e-03
4.812667678608795532e-03
4.774844270948401179e-03
4.724367965451455043e-03
4.681355272061324749e-03
4.618976314652187450e-03
4.572705110777041011e-03
4.526490742777068352e-03
4.482835815082506815e-03
4.445819831281642640e-03
4.414825519507121175e-03
4.385888248480965083e-03
4.356407928005728326e-03
4.315846556535332494e-03
4.292966454775476448e-03
4.267209090135442619e-03
4.244536427917863612e-03
4.223353321063684322e-03
4.196078555408657221e-03
4.181812086480687224e-03
4.171539687139909358e-03
4.158539376363385928e-03
4.145090763841451607e-03
4.131989616446340129e-03
4.118635749286918800e-03
4.104244542472212064e-03
4.092568510336549482e-03
4.082569520238769033e-03
4.061258757561187274e-03
4.053369721643467448e-03
4.046398151658509197e-03
4.039030670169836169e-03
4.032269465313566108e-03
4.032046223794120456e-03
4.025965539335661474e-03
4.018344819890671930e-03
4.008227848928029927e-03
3.995577864889238509e-03
3.979874988277841939e-03
3.960161063458905034e-03
3.931511943030667824e-03
3.905004022463351605e-03
3.860400214240982536e-03
3.801440887814768431e-03
3.759254065152945606e-03
3.716624983613280205e-03
3.681982267117661634e-03
3.641692712526638578e-03
3.599276497797450174e-03
3.547145499748854090e-03
3.497314324068899385e-03
3.452500369730270545e-03
3.424461236367424069e-03
3.400158021235247414e-03
3.379512751027298392e-03
3.352620637005585599e-03
3.323943219429834322e-03
3.304510100445350908e-03
3.283865949813375047e-03
3.269117338186604358e-03
3.252902720740469267e-03
3.237760623658989152e-03
3.224852779787381642e-03
3.211822499848865451e-03
3.200711902419987875e-03
3.188095884558269245e-03
3.177789629980434013e-03
3.169551026608594287e-03
3.157550626213028334e-03
3.146742035432440084e-03
3.139103934968994879e-03
3.124326731709270617e-03
3.110555243329329433e-03
3.097788920479889550e-03
3.085950842923044363e-03
3.075977525328204686e-03
3.066068268868839871e-03
3.054741220465324522e-03
3.042571498291806245e-03
3.030922984929351315e-03
3.016880634742345919e-03
3.005382580135920658e-03
2.991306884058163914e-03
2.971474432825211426e-03
2.949251260322428500e-03
2.931569540112690005e-03
2.921524552224372129e-03
2.907494436959962621e-03
2.812957764689251201e-03
2.789592981285422737e-03
2.756991480816979416e-03
2.732767640354944946e-03
2.712860923402754098e-03
2.693395463377296507e-03
2.672289309460613820e-03
2.653324035065701084e-03
2.630580103064833128e-03
2.607447880728389674e-03
2.584371608308772949e-03
2.561138353389406843e-03
2.539968068172554928e-03
2.517937722055750734e-03
2.492998207473189846e-03
2.468101580475022972e-03
2.445089748516789032e-03
2.422590543973035960e-03
2.393500949793195710e-03
2.365596803183357688e-03
2.340622300652262736e-03
2.319029256261795000e-03
2.296798774256883502e-03
2.276916118583417747e-03
2.259236714161181984e-03
2.242861407530746636e-03
2.222070713050035718e-03
2.201594984929052673e-03
2.182132484006898618e-03
2.161568916147584875e-03
2.142956385731367101e-03
2.133105982037402943e-03
2.122552750436489631e-03
2.112691024824774923e-03
2.106209825128158453e-03
2.095939201725214012e-03
2.089449067330295153e-03
2.084219453021411619e-03
2.080173496279071488e-03
2.077250566633411736e-03
2.071989903909437093e-03
2.068372902847048604e-03
2.064136692058964224e-03
2.059625203999600456e-03
2.056334736032793681e-03
2.051078139531597230e-03
2.047528999047198116e-03
2.044287526866601229e-03
2.039446975096546356e-03
2.034816108342826953e-03
2.030489307293241105e-03
2.025641833170921044e-03
2.020514277366978941e-03
2.015273322664345480e-03
2.010240186073934416e-03
2.003922543754727437e-03
1.997131009963163620e-03
1.989848401871180221e-03
1.981832014392205087e-03
1.975786934640553962e-03
1.969542877036743484e-03
1.963301820254590140e-03
1.956843365672619132e-03
1.951051554180739797e-03
1.946348623423317398e-03
1.941783113761506819e-03
1.937555931675745977e-03
1.933654888338526799e-03
1.929685802744728973e-03
1.926000442384018501e-03
1.919879836911744537e-03
1.914294913303747278e-03
1.909453844452576850e-03
1.904176234887803697e-03
1.899598180703408355e-03
1.895458596565545483e-03
1.891683608845336683e-03
1.888194466644000941e-03
1.883871851555457728e-03
1.880167340559011843e-03
1.876360029122178721e-03
1.872638951687495773e-03
1.869302289707906089e-03
1.864426824172552444e-03
1.859027382815976260e-03
1.854678285377284533e-03
1.850782756243424037e-03
1.846412554326887527e-03
1.841638498242790167e-03
1.838608187266790005e-03
1.835025794119819276e-03
1.830595730150434653e-03
1.825534583181001071e-03
1.820712873272785186e-03
1.815654306206491899e-03
1.810396379321031757e-03
1.805662997402745227e-03
1.799427507125707240e-03
1.793539896378290414e-03
1.788355915005273526e-03
1.764200853440469393e-03
1.755877831794116096e-03
1.743611754749105174e-03
1.734703803789082802e-03
1.726221382320619179e-03
1.718930103351672513e-03
1.714117418441119672e-03
1.709180762687402414e-03
1.704389403480021260e-03
1.700708877207350589e-03
1.696608503699238843e-03
1.693705396471295675e-03
1.689916539080389343e-03
1.687082932952032590e-03
1.684842068358452342e-03
1.681318993504092151e-03
1.678559899752230010e-03
1.675259335466663469e-03
1.672625051528129052e-03
1.670185051141489727e-03
1.665355192766814320e-03
1.662065478679587618e-03
1.658444006968468575e-03
1.655430839451236657e-03
1.652385441097405702e-03
1.646789154631544396e-03
1.643235911878980797e-03
1.640430381483244529e-03
1.637721492207104687e-03
1.635330475519498287e-03
1.631102196907571137e-03
1.629336679829532404e-03
1.627535717355045423e-03
1.625843414726605134e-03
1.624035539403648936e-03
1.621112922321785860e-03
1.618801498618530369e-03
1.616959399541723985e-03
1.614553679961243252e-03
1.612413022927608637e-03
1.610139847194016344e-03
1.607958884804356562e-03
1.605939928098715306e-03
1.603879216608670782e-03
1.601935644157720081e-03
1.601314192341681160e-03
1.599340343126121359e-03
1.596874047119647673e-03
1.594088380638963073e-03
1.591656790662485024e-03
1.588019834636302105e-03
1.584473187027827775e-03
1.581783930138823185e-03
1.578964680634316678e-03
1.575884325189885922e-03
1.572968441337951754e-03
1.570318310857644981e-03
1.567982977610691935e-03
1.565456674586266413e-03
1.563227795028505202e-03
1.560175867747945130e-03
1.557553153294373438e-03
1.554426527368430854e-03
1.551764142126695143e-03
1.549104652527564250e-03
1.546372891060819599e-03
1.543996558159146026e-03
1.540910593322465964e-03
1.538213468371890181e-03
1.535421951325167868e-03
1.532588987249783753e-03
1.529740826299392110e-03
1.526501431092126392e-03
1.523337794022210003e-03
1.520089192456982501e-03
1.516917356186569827e-03
1.513868566077536436e-03
1.510030604351222158e-03
1.505437012001684463e-03
1.502130703108791199e-03
1.498747460591027701e-03
1.495156578487200289e-03
1.491738032812957044e-03
1.487981700397484350e-03
1.484618331575748894e-03
1.481875235948854107e-03
1.479096985448177543e-03
1.476734096536137320e-03
1.473725278647035081e-03
1.470909545242815152e-03
1.468456457299006099e-03
1.465325810559435287e-03
1.462345209041472161e-03
1.459736642768600171e-03
1.456554294617029002e-03
1.453426099291394618e-03
1.450666150784160092e-03
1.447349924312051278e-03
1.444027086630941857e-03
1.440841729246172126e-03
1.437209598354179194e-03
1.431503166830890884e-03
1.425477371475729815e-03
1.418948667417386936e-03
1.413668708181419192e-03
1.409278688725027883e-03
1.405519843355045127e-03
1.402184971033054858e-03
1.398814584984133143e-03
1.396157092825082123e-03
1.393758403504568449e-03
1.391591995782121872e-03
1.389403730561242570e-03
1.387399448603859669e-03
1.385348246160035719e-03
1.382714978757384116e-03
1.380835290264604415e-03
1.379224693934632704e-03
1.377712946307439864e-03
1.376354770235700079e-03
1.373952431297653307e-03
1.372462165052578884e-03
1.371008052925360441e-03
1.369281533457173371e-03
1.367589176169672384e-03
1.364479325953388018e-03
1.362656033327428557e-03
1.360588796007035925e-03
1.358549555635796833e-03
1.356690536525174354e-03
1.352430730919845434e-03
1.351017441867516898e-03
1.349837837962079715e-03
1.348718655195135828e-03
1.347665146309977215e-03
1.344799472797793792e-03
1.343892167055409830e-03
1.343055764916153754e-03
1.342018613472878343e-03
1.340852808156785432e-03
1.339063077165719489e-03
1.338013479001583499e-03
1.337190736092993453e-03
1.336221067282121564e-03
1.335223853608323531e-03
1.334152900747537663e-03
1.332986756073432791e-03
1.331796509345039778e-03
1.330427885736894765e-03
1.329022085552046583e-03
1.327311627810581806e-03
1.325857422835547555e-03
1.324174177707669337e-03
1.322749700028956910e-03
1.321492663125458690e-03
1.320223751108370522e-03
1.319038839110249625e-03
1.317724333196698249e-03
1.316151548935990409e-03
1.314387269990989829e-03
1.312899718142915544e-03
1.311045955627397576e-03
1.309054556289215030e-03
1.307355133571010217e-03
1.305590305071581631e-03
1.303778596551022784e-03
1.302160233284245560e-03
1.300026806561839368e-03
1.298114167983719768e-03
1.296444815911996064e-03
1.294880809507258524e-03
1.293060392783543277e-03
1.290393778709139194e-03
1.287914090873373959e-03
1.284729656412950984e-03
1.280859522302311721e-03
1.276318343858544964e-03
1.273312666797530354e-03
1.268330260985447685e-03
1.264675067301619833e-03
1.260683688929997324e-03
1.255123076979138908e-03
1.250122974412234923e-03
1.244993515710030247e-03
1.239209457041670149e-03
1.234060373312566121e-03
1.228856639958917415e-03
1.223055979681882295e-03
1.218546330997398799e-03
1.214912116680724394e-03
1.210451600811435300e-03
1.204503319509897703e-03
1.200595157946565596e-03
1.195308901310648255e-03
1.189319430065957769e-03
1.184030251609847302e-03
1.179882800022803149e-03
1.175498340818404829e-03
1.171297298475536784e-03
1.168375137520547826e-03
