4.280027742136823660e-02
1.707877881880899909e-02
1.076099773085300443e-02
7.672862893032783918e-03
6.383476164449476513e-03
8.686557981882326446e-03
6.302772104139320319e-03
5.025518847425958918e-03
4.307556504490342442e-03
3.744357771504832483e-03
4.521942971000832839e-03
3.587491983347703989e-03
3.180134083479340887e-03
2.856991864635470123e-03
2.620851057519790576e-03
2.612219266590479986e-03
2.356061641158104913e-03
2.182786892757073056e-03
2.008541224967528953e-03
1.831090826260136110e-03
1.695781386276526111e-03
1.563719326598209721e-03
1.456878010430324348e-03
1.374372769373111234e-03
1.303144451111603588e-03
1.269052315103587434e-03
1.205350567691288073e-03
1.118467826072894493e-03
1.049449747136507868e-03
9.962453491509253890e-04
9.627003494618695256e-04
9.090847604874306232e-04
8.603131119191487815e-04
8.199018162770109865e-04
7.884482134189090344e-04
8.151321144239458919e-04
7.716197438477383685e-04
7.456484946009334655e-04
7.217142650636408857e-04
6.955008832344220611e-04
6.958850605262651345e-04
6.666502042252479008e-04
6.493647233295306428e-04
6.295360189785917946e-04
6.121834967854469572e-04
6.121750411583410170e-04
5.975021464600674620e-04
5.828931706704310392e-04
5.724973508554904306e-04
5.583518034324680239e-04
5.461778321225800549e-04
5.334585070264747340e-04
5.195968768947543904e-04
5.048337923120492987e-04
4.907683836585957117e-04
4.741299345896144118e-04
4.588227066760531842e-04
4.457171595496521241e-04
4.362943459679618466e-04
4.263007452720415165e-04
4.183803368453029416e-04
4.117233992903248318e-04
4.049275742280744540e-04
3.951960478039142038e-04
3.872726390042090044e-04
3.806654927265533807e-04
3.725869928618194527e-04
3.653645193282096886e-04
3.592074126894732574e-04
3.533091315657332443e-04
3.488671997141785637e-04
3.437011332185504163e-04
3.376736826165511519e-04
3.333209776964836824e-04
3.282800054583115586e-04
3.231197561646845999e-04
3.178102789569990151e-04
3.125315393053736948e-04
3.081755602699525528e-04
3.039181250322628902e-04
3.002533556822292206e-04
2.956015571190068972e-04
2.901421400037103543e-04
2.863988929984826056e-04
2.823649971290191196e-04
2.793487618002210050e-04
2.761599631816613241e-04
2.737763099307651774e-04
2.711177108326673856e-04
2.687262545251431511e-04
2.661532420183868150e-04
2.635254645143387999e-04
2.611182479961304294e-04
2.583027734057678358e-04
2.559326911025062252e-04
2.538451765504033046e-04
2.519036910486290633e-04
2.499235166907440493e-04
2.477735353508163721e-04
2.452473176955128329e-04
2.851539189199134815e-04
2.542831796122675550e-04
2.344021203771490410e-04
2.209638489946590448e-04
2.091743248108263880e-04
1.978830318778368664e-04
1.883684339269573642e-04
1.802814621975248454e-04
1.725184854537999113e-04
1.655963813915987276e-04
1.595524168434968738e-04
1.547338003090399563e-04
1.496501860908153972e-04
1.442860349701157320e-04
1.401011848953743534e-04
1.365642243092904504e-04
1.326106161050788935e-04
1.287711867142367003e-04
1.246571302363301255e-04
1.207458131741673626e-04
1.179252304306645737e-04
1.153523523145904818e-04
1.123898859476190026e-04
1.093480028457285600e-04
1.070119995700135479e-04
1.049887486833615819e-04
1.030903295249405415e-04
1.011440718941785641e-04
9.928920877158586584e-05
9.724333421091967166e-05
9.567229807212374753e-05
9.411204863891106437e-05
9.274335023881371631e-05
9.099195728331557472e-05
8.910815323306015305e-05
8.735306612116091674e-05
8.591909760990972661e-05
8.456729144659627282e-05
8.280426585559201894e-05
8.155206334228610901e-05
8.040058134138043276e-05
7.933431230859101270e-05
7.816126182804236005e-05
7.713528996769706961e-05
7.627758380316194281e-05
7.539996138055142169e-05
7.430178761917972084e-05
7.331150209127948556e-05
7.228213315724686292e-05
7.145962679668354752e-05
7.069207487368889373e-05
6.987817624648382181e-05
6.918821097999743161e-05
6.846011445676569859e-05
6.786674142811438266e-05
6.706497071064133756e-05
6.626698616754079542e-05
6.559291430237022846e-05
6.490283846903577552e-05
6.419513191369035699e-05
6.355015013458626782e-05
6.294848339452847419e-05
6.238278856951914527e-05
6.187339488586706987e-05
6.142026091401161950e-05
6.098015054656389202e-05
6.042580766105782334e-05
5.989145234620817917e-05
5.945856964052359956e-05
5.886161131676666882e-05
5.838894776046500218e-05
5.796011197562272424e-05
5.754614200978794958e-05
5.711361718287303230e-05
5.658033596075431014e-05
5.605301923817598028e-05
5.563603377462966618e-05
5.525080571577413658e-05
5.482033620588430667e-05
5.435424463241151797e-05
5.382433140451531263e-05
5.346493312610169183e-05
5.318576869834170122e-05
5.289351839829936115e-05
5.259643766360292571e-05
5.225794018807462229e-05
5.196512125695351507e-05
5.165221643615464938e-05
5.135564549233046346e-05
5.104540080422122298e-05
5.072278971720156485e-05
5.042614327701229899e-05
5.010606352529449231e-05
4.974264630093870333e-05
4.943358865260852922e-05
4.918233633523208981e-05
4.887349140666550625e-05
4.858029118566276625e-05
4.830252564281781885e-05
4.804351471319981035e-05
1.412584693944965604e-04
1.115401053408843099e-04
9.695163190367698137e-05
8.582411441999276448e-05
7.848307031910314781e-05
7.299151126926912861e-05
6.884930339217350324e-05
6.547613682374929219e-05
6.217457018247246289e-05
5.942241761715356062e-05
5.575194335714716800e-05
5.352953388068753133e-05
5.143926048430576281e-05
4.925418732421162982e-05
4.726126913333243489e-05
4.536041498149825387e-05
4.358190025700165831e-05
4.196136255284260632e-05
4.066363937392824580e-05
3.958083180923345522e-05
3.870130082756321219e-05
3.775724769959837909e-05
3.683049570772881656e-05
3.593154122527756565e-05
3.519516082660817955e-05
3.446235538245498025e-05
3.379492513863387469e-05
3.319847017613074557e-05
3.253160916258399993e-05
3.193239017926849789e-05
3.139548617253660952e-05
3.074571910081837917e-05
3.021943131994933387e-05
2.965791489911951147e-05
2.916852862779527086e-05
2.868194850521545625e-05
2.828782049051367130e-05
2.784631712347193972e-05
2.741102939587926067e-05
2.701998055851035139e-05
2.662128509573934902e-05
2.624350168934712856e-05
2.589765601577032780e-05
2.551050297691443279e-05
2.513354479748882079e-05
2.478720791649651796e-05
2.441575437764004273e-05
2.406405167948370269e-05
2.371174784491950237e-05
2.336764475506764610e-05
2.304484849013155727e-05
2.278687007107116163e-05
2.253915520133407968e-05
2.229333860169502041e-05
2.206897385116150893e-05
2.184907456599203621e-05
2.165432177084867060e-05
2.145977456546735370e-05
2.123826108316594644e-05
2.108239984398706476e-05
2.087569139136879443e-05
2.069689493280594490e-05
2.053568466776676570e-05
2.037039083471759977e-05
2.022036008405697570e-05
2.006916757019493018e-05
1.994748967745504871e-05
1.980921259831499648e-05
1.965144655125171405e-05
1.950936245453410456e-05
1.938476752815729173e-05
1.925200912410961467e-05
1.910033992985377639e-05
1.898036992179909601e-05
1.885671572442323705e-05
1.874595864024047992e-05
1.861736854045165708e-05
1.848927264955384217e-05
1.836395515771586706e-05
1.822160487219382660e-05
1.807423222141697525e-05
1.793073915715776218e-05
1.781402754943301332e-05
1.769517169555877739e-05
1.758737782966399537e-05
1.748782357442062963e-05
1.737130012233707786e-05
1.728204335693176845e-05
1.719241247762281165e-05
1.711002659826055475e-05
1.701844272747608764e-05
1.690351032981180285e-05
1.679680809851844282e-05
1.668007423339054889e-05
1.656880352646627211e-05
1.643464816135117886e-05
1.631694439527453164e-05
1.621673922896027669e-05
1.610712478397596843e-05
1.601413801961394269e-05
1.275066203324071547e-04
9.288021463501222900e-05
7.412996564822103406e-05
6.355276730471743512e-05
5.675508006040657483e-05
5.112996179211031454e-05
4.702417677423475871e-05
4.398241724884886843e-05
4.112405193429103647e-05
3.849247620935975005e-05
3.549350244079077586e-05
3.307474393488688734e-05
3.081318047919780765e-05
2.894228594833412837e-05
2.735029610954826566e-05
2.554182322676522412e-05
2.437574503913906909e-05
2.323937341896092980e-05
2.218929140943001063e-05
2.114071783327011762e-05
2.028115978620368212e-05
1.953587632526497986e-05
1.889818359838180240e-05
1.831951849559395853e-05
1.770975819493457635e-05
1.715764429322898298e-05
1.667459527968219939e-05
1.617655157628337142e-05
1.570407883499276095e-05
1.523376975454683931e-05
1.488904281623264985e-05
1.456259603987077512e-05
1.424745663514528382e-05
1.396632639745712880e-05
1.366339668171034009e-05
1.337209062389619794e-05
1.307958768843644676e-05
1.283320316188839202e-05
1.259768642214321440e-05
1.241644528768675980e-05
1.222579746590876929e-05
1.204400401064561629e-05
1.182149912131963710e-05
1.158897831665874433e-05
1.135953033533349198e-05
1.120100879517254212e-05
1.101247317080571118e-05
1.086499276393469689e-05
1.070451983009168444e-05
1.053272270736312331e-05
1.040230133774570875e-05
1.026435210469376513e-05
1.014644148855115725e-05
1.000945834766811020e-05
9.906792552369147803e-06
9.786415554316757611e-06
9.674078662114583379e-06
9.565498626692219925e-06
9.475379404317719713e-06
9.396678092428839129e-06
9.336156059958977273e-06
9.275190452086827051e-06
9.217229510456436547e-06
9.144401539515160181e-06
9.065514087030139789e-06
8.989860563926332473e-06
8.913134058387818200e-06
8.832572886779931889e-06
8.753882095603351848e-06
8.651636264962614549e-06
8.583035796729796457e-06
8.521910538182896007e-06
8.469652774412658768e-06
8.413092167914858300e-06
8.363871482009054120e-06
8.325484438965090534e-06
8.284897938486477289e-06
8.235835623556183154e-06
8.199909699077142437e-06
8.157566054732524617e-06
8.117403003867429900e-06
8.073760552417999476e-06
8.032707048894115618e-06
7.997016522570409193e-06
7.957928302923456532e-06
7.913573437860330539e-06
7.864087552513237980e-06
7.809466660320411510e-06
7.755609842049388623e-06
7.681283745565458288e-06
7.609415826757831869e-06
7.540535976139328565e-06
7.475529719860387862e-06
7.407769103269377528e-06
7.349754609303993676e-06
7.277611256434502239e-06
7.218697906415611798e-06
7.154829155984892294e-06
7.107368676495424704e-06
7.062813402371777661e-06
2.743870466781718129e-04
1.776356686499755465e-04
1.420527762629999395e-04
1.206372625493267250e-04
1.062952483279795967e-04
9.577818725121372439e-05
8.434444507103375655e-05
7.646188475117058649e-05
6.903109521934038461e-05
6.279812314116439741e-05
5.818946207698909989e-05
5.305337184114422848e-05
4.867272568239766807e-05
4.451051926259134582e-05
4.130765555238515160e-05
3.867475639688476580e-05
3.591246186724331477e-05
3.358237628752928439e-05
3.135692691604916033e-05
2.937366457981948153e-05
2.800156980611771690e-05
2.632913295244078593e-05
2.505598532421480080e-05
2.396507808325728934e-05
2.296030608665639765e-05
2.181781711551654025e-05
2.089952558526131170e-05
2.005458139242733963e-05
1.914866491494606691e-05
1.842365112548392342e-05
1.766042336878904549e-05
1.702561634176402708e-05
1.650855521791547181e-05
1.598620251002168694e-05
1.545017680604234385e-05
1.495441835077771706e-05
1.456839268626252185e-05
1.417267769181237863e-05
1.380625677796863858e-05
1.341288189220613384e-05
1.304279562991229176e-05
1.272448623290663519e-05
1.243034677089426124e-05
1.214259363268379296e-05
1.183303763949737763e-05
1.151574099526933390e-05
1.122528277823209286e-05
1.099269199275097049e-05
1.075192968216815575e-05
1.050309449380111413e-05
1.033384126468425675e-05
1.013874215423008489e-05
9.961980882603813764e-06
9.742819590757226532e-06
9.552236970120920581e-06
9.349771411509499199e-06
9.156841197986406697e-06
8.959726835627043238e-06
8.792547593364158362e-06
8.650747133513832856e-06
8.522148833297935909e-06
8.377698431419405170e-06
8.282400509141471168e-06
8.212438818612171381e-06
8.151162861563758709e-06
8.095708546677560848e-06
8.018297736190457264e-06
7.947655932091686199e-06
7.868551197205699656e-06
7.785311644839833291e-06
7.709309949164026677e-06
7.635456774492664113e-06
7.546361476189421857e-06
7.468378516056065885e-06
7.382655170010517042e-06
7.307939666003315760e-06
7.218029017080949969e-06
7.126306894049014919e-06
7.031265296473065596e-06
6.942767222466368445e-06
6.856355629093121948e-06
6.779149882018566460e-06
6.710182605357470817e-06
6.640442283046026234e-06
6.573407019505088900e-06
6.499157316649067929e-06
6.418600205633693775e-06
6.342953527153644748e-06
6.275888433006340244e-06
6.195823161028201632e-06
6.099838519743336732e-06
6.033359208121027410e-06
5.971470948398810626e-06
5.912556140699590424e-06
5.840899538103880196e-06
5.775853327737054864e-06
5.690923659921772983e-06
5.622024320325748377e-06
5.560181574772433070e-06
5.494914647512705639e-06
