1.707535126899775366e-02
4.288346204628087216e-03
1.853219078393234095e-03
9.746395798662669998e-04
4.415972846685525181e-04
3.138011867171790984e-04
2.509594369398434450e-04
1.855021487391063861e-04
1.583090860100620063e-04
1.321935231132975383e-04
1.141725178940816411e-04
9.515406295012764505e-05
8.345337409021453678e-05
7.289054975588948166e-05
6.695554119284250546e-05
6.298324986645892050e-05
6.012613165027696328e-05
5.808342320018095305e-05
5.335737530370923676e-05
5.052432639971277887e-05
4.934463147126363274e-05
4.831210753823983602e-05
4.749838055695571081e-05
4.567006072698872639e-05
4.335669845243407577e-05
4.257294987760284842e-05
4.171814078084709279e-05
4.002468221704841896e-05
3.894185752791337553e-05
3.834238758724386824e-05
3.721264868324712080e-05
3.636734153994802208e-05
3.563574331238877245e-05
3.491661820795537700e-05
3.449433582604840578e-05
3.219210650816550681e-05
3.029218979274577998e-05
2.968898043596409218e-05
2.921340229829587557e-05
2.862190917975736506e-05
2.807080012286717290e-05
2.753729466810592603e-05
2.709211521733747891e-05
2.650136438244880447e-05
2.593598545186260332e-05
2.571089334320739164e-05
2.536866127187685412e-05
2.516568130154384780e-05
2.499619322242381192e-05
2.434931286734699313e-05
2.375123482271751147e-05
2.358295065125159590e-05
2.308399312903008951e-05
2.277318601077426159e-05
2.231438362954374092e-05
2.202866705293690739e-05
2.184953799767721413e-05
2.168791528194833064e-05
2.147863855355364789e-05
2.122767804014788097e-05
2.101888989262066658e-05
2.088230195734884221e-05
2.073997390331264277e-05
2.061355910132483889e-05
2.044477296839922070e-05
2.029232900059589598e-05
2.014090171946222136e-05
1.995496361212063452e-05
1.978135740829278680e-05
1.956316718763086488e-05
1.935879391658886620e-05
1.919223280683035108e-05
1.901450306090305179e-05
1.887659468174640576e-05
1.872233132053326948e-05
1.848959588043668726e-05
1.828691838406300906e-05
1.811726662650631057e-05
1.794032679183088795e-05
1.785514937466343698e-05
1.763553724547261333e-05
1.746955418615281071e-05
1.717077381908843023e-05
1.688257430439245568e-05
1.676262215993200882e-05
1.655856816325747258e-05
1.638938789229579985e-05
1.622944968635297390e-05
1.607216663124396732e-05
1.594514138766239196e-05
1.581106777286711324e-05
1.573296088996518205e-05
1.566269068727304761e-05
1.557577149347025305e-05
1.550394895587955450e-05
1.534663032517867435e-05
1.519912466548362944e-05
1.511292982736011739e-05
1.504610687933284911e-05
1.489764128386909247e-05
1.472293614847739406e-05
1.467161744078669117e-05
1.461089465178341434e-05
1.452769962490532846e-05
1.446433002819775914e-05
1.440209185120801257e-05
1.434485292394798497e-05
1.427027735369635753e-05
1.417601187099869542e-05
1.410568223088001262e-05
1.403788690023580318e-05
1.396679288350181150e-05
1.390772081644241713e-05
1.371134715989822845e-05
1.348686688547527658e-05
1.340499299118724941e-05
1.334125211130770091e-05
1.330417587460982812e-05
1.319229618190047597e-05
1.308937312356054651e-05
1.290664351871497788e-05
1.274780739006527158e-05
1.265860415079790275e-05
1.258660556748863497e-05
1.254429510600658583e-05
1.249407734979606215e-05
1.245906242321759643e-05
1.239541876632093871e-05
1.233283233979783685e-05
1.228563570772470846e-05
1.224035584634397317e-05
1.216654616594619421e-05
1.211029091138415705e-05
1.200628079188208065e-05
1.192527818628092298e-05
1.185156474419942392e-05
1.178025959611710831e-05
1.174326244968461726e-05
1.170244851104934927e-05
1.165431650312433999e-05
1.159452071572100586e-05
1.156623355989315197e-05
1.152105544200498272e-05
1.147769596358315772e-05
1.144399593432157680e-05
1.139119384296276030e-05
1.135062830699573910e-05
1.132242020107661764e-05
1.129285399030822775e-05
1.124542354698276449e-05
1.119001193073168261e-05
1.115588160621325809e-05
1.112102924069773078e-05
1.107992755489172685e-05
1.104297356338459182e-05
1.100951789374907254e-05
1.098356459651205944e-05
1.095780470033043013e-05
1.092536303685128907e-05
1.089495574787241298e-05
1.086141215013486387e-05
1.079744635851529755e-05
1.073351509054855306e-05
1.068282136461552319e-05
1.062993163743456598e-05
1.060016839749934306e-05
1.056568978376929757e-05
1.046151187951922200e-05
1.037762800567202600e-05
1.032397588885330137e-05
1.026605074420260170e-05
1.024377673677114427e-05
1.022211130612951819e-05
1.018199601099471210e-05
1.014976422699533681e-05
1.012801018942672404e-05
1.010716935999396849e-05
1.007205316924371292e-05
1.003665055025737642e-05
1.000329130562013285e-05
9.965258974947769466e-06
9.940001113985607356e-06
9.916682899587320123e-06
9.899532609517973207e-06
9.877831855369450931e-06
9.811524056396512232e-06
9.756338909068832952e-06
9.728691439151989571e-06
9.691848438492648609e-06
9.659594392400255896e-06
9.633484268154230584e-06
9.604078328738406298e-06
9.570699062927905850e-06
9.530681901830605129e-06
9.502844031204761793e-06
9.477296457891532717e-06
9.440206227671945821e-06
9.404663688734139892e-06
9.372800747255059120e-06
9.331780954576007292e-06
9.304597377034684244e-06
9.281000505060030267e-06
9.240680116650080604e-06
9.202062208213277473e-06
9.182498936249980725e-06
9.152753009072547486e-06
9.129129236204127466e-06
9.058492822085952853e-06
8.985664271237812854e-06
8.954320782170053906e-06
8.923892011249692760e-06
8.902730110242931241e-06
8.884037434160079101e-06
8.807670884660234460e-06
8.747392079680441952e-06
8.708738528728874546e-06
8.685319503525335555e-06
8.647171759459474426e-06
8.611939390703292758e-06
8.595379599119005705e-06
8.581563815842424087e-06
8.569550212356956940e-06
8.547969141575465627e-06
8.520908384329992118e-06
8.492489550811233102e-06
8.454860270863967062e-06
8.440887355961173094e-06
8.418068437935841481e-06
8.401366038922677631e-06
8.388644288055344461e-06
8.360483625008624528e-06
8.329343400538461297e-06
8.291446012414383315e-06
8.264683530778790905e-06
8.249453664514722452e-06
8.226112607475070704e-06
8.203215147987036134e-06
8.183836739222759364e-06
8.168307429740644712e-06
8.150207341101802102e-06
8.128446472352553732e-06
8.113778238531662437e-06
8.095784743402365091e-06
8.076023127521428385e-06
8.063304123358561938e-06
8.033511133862876569e-06
7.992182384552311169e-06
7.977555399903793644e-06
7.960936249922243518e-06
7.940117382097670691e-06
7.923862961261719903e-06
7.911616838213256716e-06
7.891598336804503280e-06
7.874761258115390707e-06
7.849912606610983708e-06
7.826606823397360552e-06
7.811123391466254679e-06
7.797970548434033256e-06
7.786445720898335553e-06
7.770513487812610249e-06
7.758801892687464461e-06
7.743579881562503606e-06
7.730471946275198908e-06
7.640400749573687589e-06
7.542390942769253675e-06
7.509954511551304036e-06
7.490761706375923523e-06
7.478544942198492249e-06
7.453159418580689389e-06
7.428729106134233588e-06
7.406021105870387040e-06
7.386636904330852518e-06
7.364111693544998254e-06
7.345001463222886443e-06
7.315772719792355427e-06
7.281675329708280337e-06
7.257566506826660986e-06
7.228043083946926703e-06
7.212381022271432293e-06
7.200131867526865058e-06
7.186345070745000558e-06
7.175747444996985217e-06
7.160500308373486626e-06
7.144020547050970011e-06
7.133864585218529596e-06
7.123141856203934868e-06
7.109606309161172151e-06
7.098407243532487896e-06
7.081906889906873087e-06
7.068614328023131472e-06
7.038411330087555724e-06
6.998032153117311329e-06
6.983448096566254128e-06
6.966712803059156465e-06
6.955951942160281004e-06
6.943709493928668002e-06
6.911479615896114357e-06
6.870408573221665956e-06
6.859794930866006467e-06
6.849173520915854457e-06
6.836594852386432809e-06
6.825724323813838536e-06
6.814464524242108481e-06
6.789190684222816067e-06
6.764302676681303904e-06
6.745223893461186125e-06
6.724715312172344763e-06
6.714727438248965918e-06
6.699734218112282503e-06
6.687223197190721623e-06
6.678468975267972737e-06
6.669439881037599980e-06
6.647858136577820559e-06
6.618990844741153720e-06
6.604634076313337595e-06
6.590524969014984107e-06
6.577782443577473067e-06
6.560958926261732999e-06
6.550043594587423624e-06
6.540175402367696156e-06
6.527742992846575847e-06
6.515593013982912163e-06
6.508033365623245996e-06
6.491900804136149960e-06
6.475323593264797747e-06
6.450844206986400979e-06
6.425718053412128434e-06
6.412953446044100931e-06
6.399628195539867033e-06
6.390861071344849990e-06
6.379106422509143294e-06
6.367182718853079058e-06
6.358167892638316783e-06
6.349601258256654647e-06
6.342805838646528252e-06
6.332202072442520520e-06
6.320602809527045516e-06
6.310025906013418162e-06
6.295129427165449465e-06
6.284133481438102710e-06
6.274883911562010201e-06
6.264007001292774357e-06
6.253667271676344282e-06
6.237535303360813003e-06
6.227803180575617336e-06
6.217938348713663362e-06
6.207969388644814021e-06
6.198377728079371557e-06
6.185559066891876640e-06
6.178404104522852753e-06
6.165237302410544021e-06
6.155410408651435283e-06
6.138184849891383107e-06
6.121826175591903409e-06
6.105822314016859662e-06
6.088549042452257196e-06
6.082164371252078285e-06
6.073979149104647805e-06
6.065552585234164218e-06
6.058574102626120162e-06
6.045474351197099270e-06
6.033331930702350298e-06
6.020077740390585850e-06
6.006366181952379950e-06
5.999966066073204487e-06
5.992040029472336719e-06
5.981465767584062512e-06
5.967611970472834390e-06
5.960491841454463127e-06
5.950785164740164307e-06
5.940693230488077263e-06
5.930659205187437337e-06
5.923198402394183955e-06
5.911910786566369476e-06
5.899876341049942421e-06
5.888675591020786315e-06
5.879080983016695349e-06
5.857920907544174612e-06
5.825965020797514081e-06
5.814077473173468826e-06
5.805735625066580295e-06
5.786242428239628939e-06
5.763660586931378308e-06
5.756557682225849994e-06
5.747120144462567883e-06
5.740022238549568194e-06
5.733886589185342471e-06
5.727419329909213343e-06
5.714719255994922961e-06
5.700735653512299879e-06
5.678010057511607954e-06
5.653381679726632381e-06
5.640548690186172601e-06
5.632079430967060866e-06
5.615462215673897408e-06
5.601296571721665724e-06
5.588425484701234275e-06
5.578964756136468784e-06
5.569863613443479198e-06
5.562821672307926303e-06
5.552051314971500161e-06
5.538966747789715504e-06
5.524786552559667227e-06
5.507138700056214567e-06
5.498373187460803698e-06
5.489075065636566608e-06
5.461757083372933591e-06
5.432056613293600360e-06
5.421018059364387465e-06
5.412065972399306626e-06
5.405209912102625556e-06
5.397878578331697707e-06
5.387107931733276979e-06
5.381172224388230217e-06
5.366857990162231046e-06
5.346336036808033666e-06
5.337601004693204333e-06
5.329119155251801364e-06
5.324429881137596775e-06
5.318880443139543078e-06
5.312959216877587191e-06
5.299359525617628537e-06
5.285482757361564133e-06
5.276827763795559650e-06
5.267434341337821002e-06
5.262198940335787746e-06
5.256919467969618108e-06
5.248072252765152310e-06
5.234243281249396557e-06
5.226936111778646160e-06
5.218608617679689434e-06
5.211501739358583406e-06
5.200791198867897781e-06
5.192947978441599833e-06
5.185145151972594264e-06
5.174612805223167925e-06
5.159564398742344266e-06
5.145332415058829882e-06
5.127727912499600018e-06
5.119143540853787832e-06
5.113423079874892288e-06
5.103354523557293909e-06
5.091781197625276736e-06
5.084235348629563449e-06
5.075690738708883171e-06
5.068779184437318400e-06
5.058943816588997576e-06
5.047586820352666200e-06
5.036077232060247276e-06
5.026606069819595185e-06
5.021654536008713389e-06
5.008681904840881376e-06
4.987992930589499263e-06
4.977193270936912366e-06
4.970529712427694346e-06
4.964573521155465121e-06
4.958801366388498377e-06
4.954210752721549223e-06
4.947958311952562206e-06
4.940908475224274767e-06
4.932975113142306477e-06
4.922773818945657448e-06
4.914862823989872006e-06
4.904802607999604612e-06
4.899098117948723568e-06
4.891985243811476055e-06
4.888007360684583945e-06
4.880199614512608207e-06
4.870445446517059289e-06
4.867581449164204679e-06
4.858675108281427203e-06
4.843648016236208049e-06
4.836371395277235234e-06
4.828079969432620448e-06
4.824270198169173883e-06
4.818075487238488263e-06
4.811696310668594004e-06
4.806437118017516237e-06
4.800770631391738901e-06
4.795106405337632723e-06
4.789262519468145076e-06
4.782638388044874620e-06
4.775648246631060253e-06
4.763490969023969300e-06
4.747258554497821230e-06
4.741772966988722548e-06
4.735093277119517891e-06
4.730509731493088057e-06
4.725427112058642409e-06
4.718117680322276932e-06
4.709204730616189107e-06
4.699534620968961936e-06
4.693393114154463275e-06
4.687434589399564298e-06
4.683633972279506818e-06
4.679437452616498902e-06
4.674974223654097806e-06
4.670548265684955379e-06
4.660383993706465445e-06
4.650961950400933157e-06
