5.199702972246696975e-01
3.726363126435409123e-01
3.011472985465201146e-01
2.510416194807298385e-01
2.162796862319912861e-01
2.158048142190004681e-01
1.899862321081521588e-01
1.721240878842169308e-01
1.574259691598913491e-01
1.464205155175533069e-01
1.487748512624720021e-01
1.368376889258579032e-01
1.300684052710189553e-01
1.242043248795686866e-01
1.198219127163171333e-01
1.238125821127946252e-01
1.186088865918710350e-01
1.147484369033310025e-01
1.111066602673172199e-01
1.081541305662818836e-01
1.120717153744724415e-01
1.076506175630260187e-01
1.053552145612528246e-01
1.034006309498555071e-01
1.013324078667725142e-01
1.040724911505390565e-01
9.952250268411393097e-02
9.727555368105025857e-02
9.562592315280522837e-02
9.380244108270198444e-02
9.672950744380842680e-02
9.371436371537635035e-02
9.191111375230724689e-02
9.041988721077220958e-02
8.912982088163758088e-02
9.245227818921070151e-02
8.955540426822027056e-02
8.830319647287508678e-02
8.721164123302253823e-02
8.600931729335216380e-02
8.997868897006477962e-02
8.620213954630605302e-02
8.484798887642837351e-02
8.421638651648846730e-02
8.332544276367097325e-02
8.615708554716286494e-02
8.246563575405166380e-02
8.117289895152206280e-02
8.040176554541024478e-02
7.951896311451520094e-02
7.870619487758838406e-02
7.769712730904003439e-02
7.669027142269545239e-02
7.585130719206628624e-02
7.510144263817326860e-02
7.439406153961845847e-02
7.371418527998925552e-02
7.290610296651420241e-02
7.221959910952772954e-02
7.159763556975487497e-02
7.103812467035487688e-02
7.044996691293382851e-02
6.982571717667247768e-02
6.922028108297013926e-02
6.867637185327764293e-02
6.818075930177565358e-02
6.762645424167043617e-02
6.711702860620091804e-02
6.655043116035361250e-02
6.599311463215333518e-02
6.543951437001604976e-02
6.485212145648032445e-02
6.426961408804143794e-02
6.371316836326125499e-02
6.315445919992225543e-02
6.263707193482896673e-02
6.217196629300718314e-02
6.172799695171399259e-02
6.125996085866212276e-02
6.082416682308317002e-02
6.041500045416211412e-02
6.001862283363106759e-02
5.962109415370744209e-02
5.927930791528641941e-02
5.893111025594578722e-02
5.859028770209953607e-02
5.824418957179323952e-02
5.793931779462220544e-02
5.761551739379865145e-02
5.729470556608663029e-02
5.697810839407404376e-02
5.669504561095087963e-02
5.639870567082114206e-02
5.612050750006810501e-02
5.583258912280505276e-02
5.555710180852829055e-02
5.528537540877326295e-02
5.500938019855142885e-02
5.468554573190562151e-02
5.434089320805177148e-02
4.384603478895290896e-02
3.755986112689076867e-02
3.305355194631211940e-02
2.967756886594383539e-02
2.683612459570557454e-02
2.468820575236095258e-02
2.261635774414148814e-02
2.064857767403462455e-02
1.891454634662594406e-02
1.737895935776243711e-02
1.635875748821522674e-02
1.516662851159942919e-02
1.412132320515559203e-02
1.311525754224050072e-02
1.220436938374980414e-02
1.172126833662569777e-02
1.084709635946686478e-02
1.014064679556799485e-02
9.437848074608418819e-03
8.820516136874147900e-03
8.579553744237517279e-03
8.078180057444381626e-03
7.667136226227576346e-03
7.223991881198302614e-03
6.785246634141368742e-03
6.683870456240217223e-03
6.288398779900282107e-03
5.979908574573427824e-03
5.673888752783813778e-03
5.354515652136743707e-03
5.277875015909025413e-03
5.000036320599803019e-03
4.723773859518199357e-03
4.453992615023996508e-03
4.222180361519436639e-03
4.184028385691986388e-03
3.964729700744994319e-03
3.817615339064723244e-03
3.676745657471683359e-03
3.514881842735078851e-03
3.442723279845586338e-03
3.247233550950260651e-03
3.127894873577269537e-03
2.991382193866976187e-03
2.859638521795613512e-03
2.904389326748301869e-03
2.766652938929874475e-03
2.702372255206171060e-03
2.636715143094936053e-03
2.592419770419552693e-03
2.528628290841546805e-03
2.421118403948679509e-03
2.276582459616615685e-03
2.110079517629104024e-03
1.971046741043028325e-03
1.845311044208963400e-03
1.738749275447617993e-03
1.625965906319034628e-03
1.519468991813315017e-03
1.427593255299071167e-03
1.350765728489271809e-03
1.282001679855258088e-03
1.225487617883217178e-03
1.169911612433265817e-03
1.117044928953272358e-03
1.057682940942331539e-03
1.005451778763011414e-03
9.602997860396972687e-04
9.157012419286680643e-04
8.742682449218298728e-04
8.349437364084129733e-04
7.957177299514893746e-04
7.552598821852214532e-04
7.170617529505626418e-04
6.835682779456342395e-04
6.511301809557453781e-04
6.211828119983978450e-04
5.918714186339143167e-04
5.648377313236654712e-04
5.379366232819419351e-04
5.150340284850818493e-04
4.901791452861680625e-04
4.664416715825785587e-04
4.454957846498155158e-04
4.265190212100967624e-04
4.068340799708756398e-04
3.890434665962150024e-04
3.716020212114288916e-04
3.532691317960465378e-04
3.369010689729999108e-04
3.208760798838224257e-04
3.052535629218297141e-04
2.911248889975776195e-04
2.779379585043138074e-04
2.673147500775818557e-04
2.564767405660545543e-04
2.459324758495515782e-04
2.340247825043931446e-04
2.227258209543694868e-04
2.124469987999407904e-04
4.342701224547595822e-03
2.685714186219429703e-03
1.873984728365678948e-03
1.351790937610255561e-03
1.022091479494970567e-03
7.996533690022675396e-04
6.265482539882092543e-04
5.028722991526177362e-04
4.002287913460177713e-04
3.225345299206381581e-04
2.778579390747283584e-04
2.329395087701495318e-04
2.000484193264543981e-04
1.679810708700705168e-04
1.419472511938416753e-04
1.249527860751002272e-04
1.069747622113777094e-04
9.377069632742882804e-05
8.178095171846189865e-05
7.211437200675701762e-05
6.570740194555457130e-05
5.901745293540023278e-05
5.330314660580896900e-05
4.736719449922343109e-05
4.214432701535079457e-05
3.830660311524509206e-05
3.391351751244495128e-05
3.024349967618305090e-05
2.617590376145205805e-05
2.262254805125247655e-05
2.024910068066721182e-05
1.737711847948246726e-05
1.520470600983203832e-05
1.333838031784306854e-05
1.176076749944295086e-05
1.052481652193537649e-05
9.084299185825129845e-06
7.575774982768156016e-06
6.597902175718588787e-06
5.823439150148003701e-06
5.441289608640579144e-06
4.892943150385331616e-06
4.525227357106880653e-06
4.062491501093040688e-06
3.591470855053688432e-06
3.198933381040998778e-06
2.746426463459930040e-06
2.339299539833137701e-06
2.005022660301866771e-06
1.725407587625692569e-06
1.469016410119644948e-06
1.237682955580020768e-06
1.051777756702720792e-06
8.814900053745048235e-07
7.536498529717485642e-07
6.195533729707076077e-07
4.920400817261010277e-07
3.993903444221659941e-07
3.299627010703950309e-07
2.814101808863561816e-07
2.333386184721229694e-07
1.924170675144159996e-07
1.650894600719172575e-07
1.436802224890673325e-07
1.247714943413003502e-07
1.096864716740803816e-07
9.833230230310945008e-08
8.780258764132723020e-08
7.719303562015761053e-08
6.815658777288465266e-08
5.947420888928422173e-08
5.093025313793048583e-08
4.214578596352744647e-08
3.596563581486338240e-08
2.966197960952695804e-08
2.495762136970701738e-08
2.440902598728286115e-08
2.440902598728286115e-08
2.440902598728285784e-08
2.440902598728286115e-08
2.440902598728285784e-08
2.440902598728286446e-08
2.440902598728286446e-08
2.440902598728286115e-08
2.440902598728285784e-08
2.440902598728285784e-08
2.440902598728286446e-08
2.440902598728285784e-08
2.440902598728286115e-08
2.440902598728286115e-08
2.440902598728285784e-08
2.440902598728285784e-08
2.440902598728285784e-08
2.440902598728285784e-08
2.440902598728285784e-08
2.440902598728285784e-08
2.440902598728286115e-08
2.440902598728286115e-08
2.440902598728286446e-08
2.440902598728286115e-08
2.600447495552245161e-03
1.325520449799689852e-03
8.198392881240091842e-04
5.410688826059049375e-04
3.703677629312166560e-04
2.710346248769035515e-04
1.936096526421252615e-04
1.367750820518875597e-04
1.009374947610030540e-04
7.520798506558572846e-05
5.762613610900028461e-05
4.290511505435864222e-05
3.186395210657575952e-05
2.449582374613583921e-05
1.939966133661868587e-05
1.597905590927773710e-05
1.299957233269138728e-05
1.045270659195429842e-05
8.320153580893450501e-06
6.673535643943943203e-06
5.372780660217061700e-06
4.108667686191274473e-06
3.152622666638106718e-06
2.499196992197364003e-06
1.933929188039988240e-06
1.530184051142536414e-06
1.128318699707418016e-06
8.496589068471930380e-07
6.404069631323647764e-07
4.861825854556820568e-07
3.927683250119844058e-07
2.992733093130451049e-07
2.238487897605855691e-07
1.734343058983985184e-07
1.350831927702227565e-07
1.105000753829687129e-07
8.722483264738681960e-08
6.804098244440598147e-08
5.144143707688604836e-08
3.995922764429975740e-08
3.872410010377444864e-08
3.872410010377444864e-08
3.872410010377445526e-08
3.872410010377444864e-08
3.872410010377444864e-08
3.876941774573356247e-08
3.876941774573356247e-08
3.876941774573356247e-08
3.876941774573356247e-08
3.876941774573356247e-08
3.876941774573356247e-08
3.876941774573356247e-08
3.876941774573356247e-08
3.876941774573356247e-08
3.876941774573355585e-08
3.876941774573355585e-08
3.876941774573356247e-08
3.876941774573355585e-08
3.876941774573356247e-08
3.876941774573356247e-08
3.876941774573356247e-08
3.876941774573355585e-08
3.876941774573355585e-08
3.876941774573356247e-08
3.876941774573356247e-08
3.876941774573355585e-08
3.876941774573356247e-08
3.876941774573356247e-08
3.876941774573356247e-08
3.876941774573356247e-08
3.876941774573355585e-08
3.876941774573356247e-08
3.876941774573356247e-08
3.876941774573355585e-08
3.876941774573355585e-08
3.876941774573355585e-08
3.876941774573356247e-08
3.876941774573356247e-08
3.876941774573355585e-08
3.876941774573356247e-08
3.876941774573356247e-08
3.876941774573356247e-08
3.876941774573355585e-08
3.876941774573356247e-08
3.876941774573355585e-08
3.876941774573355585e-08
3.876941774573356247e-08
3.876941774573356247e-08
3.876941774573355585e-08
3.876941774573355585e-08
3.876941774573356247e-08
3.876941774573355585e-08
3.876941774573355585e-08
3.876941774573356247e-08
3.876941774573355585e-08
3.876941774573355585e-08
3.876941774573356247e-08
3.876941774573356247e-08
3.876941774573355585e-08
3.876941774573356247e-08
4.168042050434921271e-03
1.904703346616431515e-03
9.829785850458217043e-04
5.253098634300421531e-04
3.143268707053881866e-04
2.473911933599336047e-04
1.650264561450558111e-04
1.082604740822757663e-04
7.127062590389173131e-05
5.117695872472946008e-05
3.946602951710924758e-05
2.887111732343595162e-05
2.102981656199302506e-05
1.573852491120650537e-05
1.171271727880392564e-05
8.535752246772756912e-06
6.153117028515156911e-06
4.473248230309241189e-06
3.231085200288273650e-06
2.203992867816997637e-06
1.533092206152707421e-06
1.104212968464198810e-06
7.997323117200500499e-07
5.562166561561732149e-07
3.979408322305959078e-07
3.018559750259605426e-07
2.231912540153335444e-07
1.573573186746517233e-07
1.069704053194458080e-07
7.383809000085551459e-08
5.422628187199170500e-08
3.968899728925156850e-08
2.803029471818958239e-08
1.996108466548337901e-08
1.971449303426317295e-08
1.820235937169849367e-08
1.820235937169849367e-08
1.820235937169849367e-08
1.820235937169849367e-08
1.820235937169849367e-08
1.823037867288299631e-08
1.823037867288299631e-08
1.823037867288299631e-08
1.823037867288299631e-08
1.823037867288299631e-08
1.823037853817166716e-08
1.823037853817166385e-08
1.823037853817166385e-08
1.823037853817166385e-08
1.823037853817166385e-08
1.823037853817166716e-08
1.823037853817166385e-08
1.823037853817166385e-08
1.823037853817166385e-08
1.823037853817166385e-08
1.823037853817166385e-08
1.823037853817166385e-08
1.823037853817166385e-08
1.823037853817166716e-08
1.823037853817166385e-08
1.823037853817166385e-08
1.823037853817166385e-08
1.823037853817166385e-08
1.823037853817166385e-08
1.823037853817166385e-08
1.823037853817166385e-08
1.823037853817166385e-08
1.823037853817166385e-08
1.823037853817166385e-08
1.823037853817166385e-08
1.823037853817166385e-08
1.823037853817166385e-08
1.823037853817166385e-08
1.823037853817166385e-08
1.823037853817166385e-08
1.823037853817166385e-08
1.823037853817166385e-08
1.823037853817166385e-08
1.823037853817166385e-08
1.823037853817166716e-08
1.823037853817166716e-08
1.823037853817166716e-08
1.823037853817166716e-08
1.823037853817166385e-08
1.823037853817166385e-08
1.823037853817166385e-08
1.823037853817166385e-08
1.823037853817166385e-08
1.823037853817166385e-08
1.823037853817166385e-08
1.823037853817166385e-08
1.823037853817166385e-08
1.823037853817166716e-08
1.823037853817166716e-08
1.823037853817166385e-08
1.823037853817166385e-08
1.823037853817166385e-08
1.823037853817166385e-08
1.823037853817166385e-08
1.823037853817166385e-08
