8.668761186479885250e-01
7.750142136162815332e-01
7.023741379817500796e-01
6.443507872517714175e-01
5.988216092918452471e-01
5.780935625070923178e-01
5.336158564129375170e-01
4.992702706445245053e-01
4.674699216101182997e-01
4.414945581068364655e-01
4.269906512070104077e-01
4.066060816600771122e-01
3.881939050342949060e-01
3.723735571407987832e-01
3.573176655698028781e-01
3.508870433669863398e-01
3.381156793652807524e-01
3.271531867385472081e-01
3.169590788061417141e-01
3.073354326376319667e-01
3.037877521589097962e-01
2.952764944252044277e-01
2.875742732105511790e-01
2.802576336945287183e-01
2.741731506210947633e-01
2.719343472159973518e-01
2.646376335388082590e-01
2.588403547929414850e-01
2.538721273596495909e-01
2.494041841936340820e-01
2.483432295312930638e-01
2.439557309315470435e-01
2.405289403576177654e-01
2.375990867396133577e-01
2.344761412633036002e-01
2.341342652657831813e-01
2.304560962526493728e-01
2.278285099709905503e-01
2.251492712678511698e-01
2.222949222693988425e-01
2.219827477242801439e-01
2.190300447037880349e-01
2.167269704262191898e-01
2.144723179921770029e-01
2.120400260052280883e-01
2.136541073924846101e-01
2.102815426538942045e-01
2.083021844001307910e-01
2.066425514165115829e-01
2.050372163124118685e-01
2.033169197564015651e-01
2.019103501001411061e-01
2.004519881073826837e-01
1.988115564869529506e-01
1.970297144760370933e-01
1.951586549107281465e-01
1.935225950221715341e-01
1.920676319465654258e-01
1.903847781724327115e-01
1.886811418097834314e-01
1.868936568773329476e-01
1.853195883323697779e-01
1.839136466172686113e-01
1.825408760563906330e-01
1.811051738261485189e-01
1.798525337850379324e-01
1.784570257931764881e-01
1.772663047498651834e-01
1.759455566140284977e-01
1.747370777658892593e-01
1.736699217789004768e-01
1.726115929498569512e-01
1.714856657937710305e-01
1.704162554959350595e-01
1.693999189962361596e-01
1.684293480964001166e-01
1.674786011392382923e-01
1.665529700789601386e-01
1.656081088846629301e-01
1.647545277486120452e-01
1.639581460540099345e-01
1.631556081473316822e-01
1.624613461768132927e-01
1.616985451921494066e-01
1.609324765960784831e-01
1.601820037823337428e-01
1.594829093413657195e-01
1.588134553345381672e-01
1.581231047827080793e-01
1.574216739399678378e-01
1.567082839380522230e-01
1.560220867172131820e-01
1.553716939872776814e-01
1.547044335795073056e-01
1.540252363497544574e-01
1.533487476170224129e-01
1.527065230001984908e-01
1.520312566848336377e-01
1.514320503778597837e-01
1.508410610911476990e-01
1.379254329574384763e-01
1.258804706033214982e-01
1.162205436815575837e-01
1.090465924151320376e-01
1.027124743244813565e-01
9.654859545183354375e-02
9.149775318414880843e-02
8.655053934932703530e-02
8.246860223856251892e-02
7.892169832554267461e-02
7.569911225718940762e-02
7.237530855863960610e-02
6.945292708019676353e-02
6.686305634973449541e-02
6.423378107575501705e-02
6.233116772279011231e-02
6.017803874393315433e-02
5.802298452031375703e-02
5.595705507858208388e-02
5.392637049236940344e-02
5.260189985584684536e-02
5.083564705326831801e-02
4.912025798465410181e-02
4.751618027626341306e-02
4.600201068093849599e-02
4.500627997845506323e-02
4.358688035181835368e-02
4.218747995563841557e-02
4.078427604055621936e-02
3.955403604813293589e-02
3.861330527257085532e-02
3.738489315861186213e-02
3.634148809134454122e-02
3.529216903138097938e-02
3.427081284214849449e-02
3.377541055727330266e-02
3.277699687045651511e-02
3.187203208317870851e-02
3.110929125842737397e-02
3.021390948866403692e-02
2.978954880014999043e-02
2.905215967008115477e-02
2.832366169117087398e-02
2.756429856146441412e-02
2.683458668403795183e-02
2.643491021438620567e-02
2.573266149862618590e-02
2.508224455006732856e-02
2.445632549636528666e-02
2.384211701106278211e-02
2.320139540622667002e-02
2.258140539944767516e-02
2.201150193990061496e-02
2.147325154361258773e-02
2.098025058242054125e-02
2.046383976798638732e-02
1.999395345846127076e-02
1.954817179781978900e-02
1.915357803179641369e-02
1.874260767641198686e-02
1.831065829130966785e-02
1.791427831918585706e-02
1.749737381005485662e-02
1.715355145680707086e-02
1.673875334949821020e-02
1.637936107526937607e-02
1.604839108661558489e-02
1.570963394583337058e-02
1.535232437125918538e-02
1.505071639606967750e-02
1.476188119332307036e-02
1.447147532767163736e-02
1.417061661866071860e-02
1.387551616736037996e-02
1.357509032887626969e-02
1.328381858894469442e-02
1.301883571112351715e-02
1.274034518122650964e-02
1.250538860007161662e-02
1.226622389126633648e-02
1.200797803496426140e-02
1.176694386295964144e-02
1.154792690927992742e-02
1.133676181709126346e-02
1.111541011375593267e-02
1.087538462011955996e-02
1.067330870428296295e-02
1.046600612781479166e-02
1.025300916919676467e-02
1.004349186676902102e-02
9.861785709449198689e-03
9.660446222782769279e-03
9.482480123257919224e-03
9.311854069115098678e-03
9.133189666794008787e-03
8.941406143779452587e-03
8.752903692757062898e-03
8.577470130516713989e-03
8.434844063279574658e-03
8.273177052670688605e-03
1.854177230193136683e-02
1.434890179582207215e-02
1.187262559441647561e-02
1.020506217980842248e-02
8.961557777847142803e-03
8.107039552859088283e-03
7.431530024447762818e-03
6.834277136947570185e-03
6.337450983814738557e-03
5.893153438057677738e-03
5.456204410829883222e-03
5.056970374646723408e-03
4.729728438537882974e-03
4.397965434002474791e-03
4.123096857320146871e-03
3.887251659472803177e-03
3.633673963499080024e-03
3.391645859490902051e-03
3.167290648801902517e-03
2.970474502104325856e-03
2.804995974519756356e-03
2.644343874619530833e-03
2.493960765203626084e-03
2.350340064402626269e-03
2.223933847773236581e-03
2.105803517678320191e-03
1.990213055280381626e-03
1.888818839060109377e-03
1.788382825362127638e-03
1.696856915962149503e-03
1.616341849278989237e-03
1.550654242366094693e-03
1.483066359406064270e-03
1.422350934506923193e-03
1.359385382946170498e-03
1.311215058665447190e-03
1.261172780637308559e-03
1.220339341511886234e-03
1.172866834542414614e-03
1.133409891709869942e-03
1.102574044650150159e-03
1.062782899112136269e-03
1.030898562857001819e-03
9.941373289706764097e-04
9.608613674428094975e-04
9.327743665235902707e-04
9.048477374453280748e-04
8.761800697657446714e-04
8.492734583167237637e-04
8.212740182380013710e-04
7.940499716887481404e-04
7.693398381652611154e-04
7.414315183508211112e-04
7.153612841451197297e-04
6.876367166427372734e-04
6.627056388111875196e-04
6.369870693911548146e-04
6.110566773878487335e-04
5.893211514044091560e-04
5.675872138291002990e-04
5.471901036205957438e-04
5.255386282641717885e-04
5.057189376536446682e-04
4.876285595395693962e-04
4.693171874373505996e-04
4.512153635991276220e-04
4.350381946809465526e-04
4.185019421987254493e-04
4.035361231901646328e-04
3.878018703595841640e-04
3.735656562535565614e-04
3.596273987270468269e-04
3.452017328844770140e-04
3.321208029071691208e-04
3.176126131914623900e-04
3.028600584444637433e-04
2.901302316416179850e-04
2.775384194131705600e-04
2.660237824159792795e-04
2.537774991046363700e-04
2.431593149549167551e-04
2.321741346842262318e-04
2.221329098179209739e-04
2.124113614217001814e-04
2.047980321558652236e-04
1.963184159437245178e-04
1.886674667445520262e-04
1.803943497377581305e-04
1.729798334222730331e-04
1.653469408901380984e-04
1.574446113042797578e-04
1.517387083280556637e-04
1.452926010093724685e-04
1.389637650886217744e-04
1.338329870366870996e-04
1.277291683916048420e-04
1.230729771392780503e-04
1.176675131458003709e-04
1.126211617524432450e-04
1.066082326249293629e-04
1.221186807299102541e-02
7.895503763513842324e-03
5.732248875868089545e-03
4.244986663229344780e-03
3.387333295425242179e-03
2.741143318373839149e-03
2.218934963536342824e-03
1.789554728273001858e-03
1.449896330347347131e-03
1.209668618090761413e-03
1.040962138993548752e-03
8.687827797718788124e-04
7.469575367545222555e-04
6.570235342396539948e-04
5.816199930902912242e-04
5.178571087573546157e-04
4.625022320122244260e-04
4.193600979970553725e-04
3.871089272384425429e-04
3.601323461170910295e-04
3.403703804360981469e-04
3.222304419697724761e-04
3.064988683501324593e-04
2.928318267965751760e-04
2.803932757307223632e-04
2.701691262693901342e-04
2.585966921435502532e-04
2.486225823648621639e-04
2.388640687086455256e-04
2.291070076755263255e-04
2.247610527158120741e-04
2.160533926160322822e-04
2.078956643465723977e-04
1.998078087571656823e-04
1.933089334644658803e-04
1.892438512131681386e-04
1.817811191866288280e-04
1.741520948831581700e-04
1.658144347692387264e-04
1.560959963128248054e-04
1.483643243957070241e-04
1.386502442349489246e-04
1.294133626126877767e-04
1.209422872701778690e-04
1.102557515091171235e-04
1.015003896827298377e-04
9.311884837105549302e-05
8.652982805130465967e-05
7.916476037111981709e-05
7.143901130797474387e-05
6.573193289121920105e-05
5.916356915619132273e-05
5.410109599242076122e-05
4.977361052054659273e-05
4.572301587422625242e-05
4.227274601090264065e-05
3.917757581994715858e-05
3.593711875360240893e-05
3.317102318665159170e-05
3.097918059468160690e-05
2.895234187589959912e-05
2.684860745854795202e-05
2.509462496176324578e-05
2.330663858301174291e-05
2.192669382884638975e-05
2.058583765145175550e-05
1.929127964708846394e-05
1.825569604760708813e-05
1.734411346896087315e-05
1.648690365481781495e-05
1.567714441371935148e-05
1.480077086540345736e-05
1.415935385357838767e-05
1.356902705832260660e-05
1.289906067368086017e-05
1.220354343175456726e-05
1.142329559072213694e-05
1.057776404836645927e-05
9.855483935535848056e-06
9.068097661686324893e-06
8.383396427817335042e-06
7.763092802381120979e-06
7.235841000017176030e-06
6.782724968752048604e-06
6.432786421880779832e-06
6.129135105810059193e-06
5.864246450256149803e-06
5.627743325125619921e-06
5.408216687574518966e-06
5.219057502648003002e-06
5.056030647536751500e-06
4.920795609594959354e-06
4.793232768976099146e-06
4.672374700770218559e-06
4.560051756211267471e-06
4.453099112042733593e-06
4.361116097635817554e-06
4.283367418278780259e-06
4.211229443275813186e-06
4.138129163534096035e-06
3.417235361264449323e-02
2.457835939447642823e-02
1.974665881920498189e-02
1.450696304756738352e-02
1.094561832205290242e-02
9.952237134658965464e-03
8.043571781140774687e-03
6.418727975846168568e-03
5.162522260079023539e-03
4.082823510249322142e-03
3.442203275591106809e-03
2.773902736123878832e-03
2.331391188985071014e-03
1.981499037972308305e-03
1.662333462444735063e-03
1.472968139779985393e-03
1.272785026449297632e-03
1.083856903550288854e-03
9.776809884804616314e-04
8.947727859830140835e-04
7.960869350243119855e-04
7.048237667455764651e-04
6.137705756482527255e-04
5.714847857110407501e-04
5.195113732407520600e-04
4.934990054861977584e-04
4.579997064441151239e-04
4.107674414115532299e-04
3.753276781012703455e-04
3.352860750078963934e-04
3.067124292947508439e-04
2.824545286935554772e-04
2.590884415210152072e-04
2.314797020156080908e-04
2.080452817837070631e-04
1.909380914138270632e-04
1.701079385050111893e-04
1.534635692739832363e-04
1.399808122209372340e-04
1.276121171538186123e-04
1.223076529424759590e-04
1.141232583018237691e-04
1.067541413923259901e-04
1.014371889815057488e-04
9.437042406655803898e-05
8.882903900974065473e-05
8.273358501411752096e-05
7.721304832157090050e-05
7.298858704663221193e-05
6.934617131603372964e-05
6.650564280499816872e-05
6.386723451208016879e-05
6.075356053880264960e-05
5.809065006147700000e-05
5.619494051697427640e-05
5.484062608932598298e-05
5.293007880404621809e-05
5.150721145160881313e-05
4.949293411245147211e-05
4.794208157362966270e-05
4.660246815187310120e-05
4.546598911014196890e-05
4.426697467445946804e-05
4.296673626177683502e-05
4.185623164416351380e-05
4.081712559121303328e-05
4.010928656303501159e-05
3.936535585169992715e-05
3.860135210567276233e-05
3.795624289500898398e-05
3.739320722783956951e-05
3.688721740460342187e-05
3.644214353957921055e-05
3.595924233457230290e-05
3.548505456061029872e-05
3.514078082619437077e-05
3.465801712025499449e-05
3.404639954788904916e-05
3.345188549840627127e-05
3.295192163843616554e-05
3.237554663370602689e-05
3.178196655456778013e-05
3.113179903562918351e-05
3.044350217747519453e-05
2.964976634635105955e-05
2.899289687572818793e-05
2.837781441162727479e-05
2.791645818131637877e-05
2.729285116182881941e-05
2.671038037965007002e-05
2.622914794047590884e-05
2.568701746591056043e-05
2.505837103101330956e-05
2.435653655561387210e-05
2.389443203434100300e-05
2.339962786900943314e-05
2.264348168120021239e-05
2.206019459843060299e-05
2.146942355355053330e-05
2.102540605197807184e-05
