4.458920163449294760e-01
3.810842235469740769e-01
3.643879206546989935e-01
3.587373789329131868e-01
3.541893462497092138e-01
3.441075459256347502e-01
3.357609400311476477e-01
3.327701770468221021e-01
3.311458878284582186e-01
3.297993947464561426e-01
3.332021095885970841e-01
3.301855964479418204e-01
3.288618809451950842e-01
3.279007566552744612e-01
3.271503107917828612e-01
3.294378293576757932e-01
3.275595855894764541e-01
3.254517499187187246e-01
3.238523815367227998e-01
3.234097713729249257e-01
3.262399536408565059e-01
3.250744648379576551e-01
3.239606316738686820e-01
3.233766844390189021e-01
3.230793372376718486e-01
3.254509758728238999e-01
3.237209747246217462e-01
3.230911478085342625e-01
3.229697481884630239e-01
3.228506125072171384e-01
3.264131004054154905e-01
3.253795045194338154e-01
3.241244965180222204e-01
3.234881066181670151e-01
3.232207580873069364e-01
3.251065090584255302e-01
3.237743609237607734e-01
3.232629005438101277e-01
3.231248760181426594e-01
3.229203968521433543e-01
3.268533486770365815e-01
3.256244218302907778e-01
3.243381803501053651e-01
3.235483553760309938e-01
3.233577010154437548e-01
3.236501185919427592e-01
3.235470361123271021e-01
3.234781146966257404e-01
3.234220918979489046e-01
3.233395786465129151e-01
3.232141025880240215e-01
3.231341891173181158e-01
3.231000813051550513e-01
3.230675481922270498e-01
3.230508919614295538e-01
3.230297863567274663e-01
3.229938031407944554e-01
3.229561262034597036e-01
3.229245620822672191e-01
3.228929626828554444e-01
3.228627141824718660e-01
3.228394038536372967e-01
3.228188992369125931e-01
3.228016379003143532e-01
3.227885263584230890e-01
3.227678912511539600e-01
3.227479059216691315e-01
3.227258813299231366e-01
3.227084827355559127e-01
3.226720211920858783e-01
3.226200369766066833e-01
3.225800843315997368e-01
3.225369682728079779e-01
3.225023439975081008e-01
3.224655270886528369e-01
3.224293848113528593e-01
3.223900807064325469e-01
3.223656933682501613e-01
3.223477300077154939e-01
3.223308686819635338e-01
3.223095742043962653e-01
3.222924536038786480e-01
3.222784350781140450e-01
3.222585161952180588e-01
3.222404363198270172e-01
3.222216717406193309e-01
3.222102499791746899e-01
3.222008120302104484e-01
3.221953630004665836e-01
3.221902054187585351e-01
3.221852004651355461e-01
3.221822819163385199e-01
3.221779195807737972e-01
3.221737246375512287e-01
3.221705272914865970e-01
3.221673198794847703e-01
3.221636002401953580e-01
3.221604884459993157e-01
3.221579389733834620e-01
3.221563491838928539e-01
2.909099990509226852e-01
2.858933162266599215e-01
2.842874500644719804e-01
2.831251741176589176e-01
2.821043476578771747e-01
2.835001213234438766e-01
2.827049228659329061e-01
2.818745098376105873e-01
2.809011640381659514e-01
2.798756999271185264e-01
2.829191463602530043e-01
2.824935355636427059e-01
2.822475396068210296e-01
2.820123550897833953e-01
2.817709771190332613e-01
2.819735205926087174e-01
2.818361951328157700e-01
2.814721847133062060e-01
2.811507957274406722e-01
2.809682794761276803e-01
2.814159107496284062e-01
2.810949932640857685e-01
2.809247516281557222e-01
2.807816424054494497e-01
2.806253732919392063e-01
2.811613724712986873e-01
2.806900028566506888e-01
2.804705344744239381e-01
2.803977097198695478e-01
2.803151175811754436e-01
2.809962744019683378e-01
2.806627816557223376e-01
2.804141026605800890e-01
2.802988981631276411e-01
2.802460263696819887e-01
2.808946296929742403e-01
2.806243416196690377e-01
2.804894078397365820e-01
2.804170201407752416e-01
2.803442589624479120e-01
2.807627424352874268e-01
2.803239576639631192e-01
2.801322630686879367e-01
2.800836928852589724e-01
2.800420971012087534e-01
2.808113422697410266e-01
2.805915989940616084e-01
2.804166199504112278e-01
2.802892111590172264e-01
2.802221677953519730e-01
2.801879376873878669e-01
2.801700232155722170e-01
2.801542260461921674e-01
2.801221177052741207e-01
2.800843896111644415e-01
2.800486434474884212e-01
2.800204533864894541e-01
2.799893221685922917e-01
2.799604445057526925e-01
2.799308653742493269e-01
2.798988003278569670e-01
2.798746390841395093e-01
2.798442906777221517e-01
2.796828857589023776e-01
2.795407141265096596e-01
2.794422976396407909e-01
2.793449759594466286e-01
2.792651049518453665e-01
2.791988413423796556e-01
2.791520442617654307e-01
2.791046521924815949e-01
2.790522947715376456e-01
2.789869417044930633e-01
2.789405260983776613e-01
2.789028544489569605e-01
2.788631276144053484e-01
2.788154465111956637e-01
2.787667580776965748e-01
2.787387703310127418e-01
2.787198508683503828e-01
2.787054472116112791e-01
2.786919688480709034e-01
2.786830410658680535e-01
2.786739681772807398e-01
2.786663397586320312e-01
2.786550743513553918e-01
2.786435742957010797e-01
2.786303168626824145e-01
2.786201689907755186e-01
2.786101640950650604e-01
2.786005922157199222e-01
2.785858961315695326e-01
2.785628014767671523e-01
2.785366271049791731e-01
2.785148247106170594e-01
2.784955581954660642e-01
2.784563815208693227e-01
2.784052747916987980e-01
2.783633282551650212e-01
2.783276637454574209e-01
2.625348018726070265e-01
2.595510990701158649e-01
2.580814148755254389e-01
2.568196560198939826e-01
2.556858753723905142e-01
2.556085026856906861e-01
2.551254795736896397e-01
2.545165541657053443e-01
2.535550395960063375e-01
2.528006810346195565e-01
2.527371391147222313e-01
2.522627859275153872e-01
2.519309445158833261e-01
2.516453428449813567e-01
2.512229397663761077e-01
2.513024677864582612e-01
2.510384784190573537e-01
2.508590866455205348e-01
2.506623125209934133e-01
2.505066834159663247e-01
2.509411323377007119e-01
2.506415162455377654e-01
2.504611841907333769e-01
2.503263592160182571e-01
2.501609079023582316e-01
2.504651239974117205e-01
2.502337402970775115e-01
2.501101901940895877e-01
2.499684353110245005e-01
2.498403585981566477e-01
2.500713318512375327e-01
2.498015365158865742e-01
2.496838262986525170e-01
2.495721267986164560e-01
2.494888961960027574e-01
2.497268435813504439e-01
2.494250340224937745e-01
2.492860613010171311e-01
2.491759163747599426e-01
2.490801025809318558e-01
2.494383465949255585e-01
2.491823836609424192e-01
2.490755640426637885e-01
2.489978714680956551e-01
2.489252188826206191e-01
2.493084601236579545e-01
2.491172958181462893e-01
2.490147743341923348e-01
2.489351853305342976e-01
2.488799478230215578e-01
2.488402032764701899e-01
2.488089013724871790e-01
2.487800031918000476e-01
2.487565924771911186e-01
2.487332071581691006e-01
2.487085964010257721e-01
2.486852641272242759e-01
2.486644188260583033e-01
2.486403597746392191e-01
2.486024285183955906e-01
2.485667897529784953e-01
2.485474547823424418e-01
2.485299402119140744e-01
2.485107299707429440e-01
2.484933205321430971e-01
2.484745080286069607e-01
2.484578210048654923e-01
2.484443171511810100e-01
2.484319982498411350e-01
2.484210566721211932e-01
2.484126832408858343e-01
2.484043480441515683e-01
2.483972964213439216e-01
2.483916576551956912e-01
2.483852314938871098e-01
2.483800466138549878e-01
2.483752937501257918e-01
2.483705115541381125e-01
2.483651470814423057e-01
2.483600409256553898e-01
2.483543866547488210e-01
2.483462661533814286e-01
2.483364742342126508e-01
2.483253820384672683e-01
2.483133351165432434e-01
2.483007630964579604e-01
2.482874081183795989e-01
2.482765998689166198e-01
2.482680960136009751e-01
2.482601805119522831e-01
2.482514371206822890e-01
2.482444343681257382e-01
2.482362725109541202e-01
2.482254837338421782e-01
2.482139864408635377e-01
2.482034203946005546e-01
2.481930182200522694e-01
2.481820655660621766e-01
2.481716196709726208e-01
2.481576385156592512e-01
2.422463285251027498e-01
2.392465078648099985e-01
2.379304598998276954e-01
2.371636457315275393e-01
2.365251526912131030e-01
2.360158707875704420e-01
2.352698281751790521e-01
2.346272101425523060e-01
2.341978119945839765e-01
2.337818843785401390e-01
2.336574887350231222e-01
2.333027876863275063e-01
2.329705970009364746e-01
2.326660587801583913e-01
2.322866840291008261e-01
2.319818205923835086e-01
2.316989172843997025e-01
2.313861351886724038e-01
2.310831096557987852e-01
2.307985027610580664e-01
2.307388513614846426e-01
2.305617021359051833e-01
2.303431204005445265e-01
2.301131209209455186e-01
2.299266746758221458e-01
2.300428075657671156e-01
2.298738879297769488e-01
2.297483033332450020e-01
2.296114737575794262e-01
2.294790419445371377e-01
2.296103643883049827e-01
2.294621625179348312e-01
2.293325184685410245e-01
2.292288201345135112e-01
2.291459986265046156e-01
2.295145118290800867e-01
2.293902318228483450e-01
2.292788048436544823e-01
2.291704227340726485e-01
2.290655424086818215e-01
2.294411094855584310e-01
2.292654827273595819e-01
2.291448795592100907e-01
2.290702944429037213e-01
2.290061417977277136e-01
2.293390588834370858e-01
2.291494721763088216e-01
2.289942459049108259e-01
2.288794273362582399e-01
2.287435114440198314e-01
2.286564971053839657e-01
2.285889074829403345e-01
2.285252361282480160e-01
2.284535840809366336e-01
2.283797975772598743e-01
2.282876072021655378e-01
2.282367132312450309e-01
2.281787832275902761e-01
2.281180923534031069e-01
2.280511599183712990e-01
2.280005596374296006e-01
2.279569246393560455e-01
2.279192088561406149e-01
2.278763773082240207e-01
2.278473134825305668e-01
2.278127010304562272e-01
2.277805177689900262e-01
2.277509298531243120e-01
2.277136101020254821e-01
2.276776204531341108e-01
2.276559088150676702e-01
2.276305540658905835e-01
2.276033552227934575e-01
2.275817234262945687e-01
2.275689321450003189e-01
2.275571827173476502e-01
2.275477287209693722e-01
2.275403095391427821e-01
2.275335591952099001e-01
2.275275018563883700e-01
2.275228718055369859e-01
2.275179028924990132e-01
2.275123115154438491e-01
2.275063073105622058e-01
2.275007411690844195e-01
2.274954740757608729e-01
2.274899165253037314e-01
2.274852660716932540e-01
2.274807631985710232e-01
2.274759179103383600e-01
2.274711485532426025e-01
2.274662775090902089e-01
2.274613139669398598e-01
2.274540884353019321e-01
2.274465257179832944e-01
2.274399443216451322e-01
2.274030796196862547e-01
2.273728851242273197e-01
2.273587314743533150e-01
2.273449212945398146e-01
2.264772535386098684e-01
2.240035501517965433e-01
2.230460727221873218e-01
2.223472724049272153e-01
2.213193734667890378e-01
2.204694143347759594e-01
2.198465134232897300e-01
2.192045361046302265e-01
2.186653889888113822e-01
2.181406203634115581e-01
2.176985094008138943e-01
2.172545416092576120e-01
2.169122395315578877e-01
2.166367435985134260e-01
2.163377922899880623e-01
2.160137491873066196e-01
2.157073080790654629e-01
2.154174905818400654e-01
2.151902294953323691e-01
2.149926419960520585e-01
2.147059509713347414e-01
2.143611326813579243e-01
2.139680575363275550e-01
2.137186416883038176e-01
2.135513642797299827e-01
2.134160670941024074e-01
2.132623902036594188e-01
2.131087233350296706e-01
2.129593697180402201e-01
2.128192259496295424e-01
2.127401572406886765e-01
2.126148659878792091e-01
2.125057004631780155e-01
2.124312965414076604e-01
2.123634323297773630e-01
2.124111514422726832e-01
2.123107015339203429e-01
2.121836732983160279e-01
2.120989099856695204e-01
2.120067798030458583e-01
2.120162570506333166e-01
2.119080808512651126e-01
2.118111068261086527e-01
2.117210731657856171e-01
2.116190549066837290e-01
2.115727010322211443e-01
2.114653631015017410e-01
2.113550966435697731e-01
2.112521299723850721e-01
2.110698994488622027e-01
2.109350904160083862e-01
2.107987808394770068e-01
2.106913574858439164e-01
2.105836533919440423e-01
2.103461324667266763e-01
2.100876139391186226e-01
2.099556420646261634e-01
2.098467712982561295e-01
2.097536312021771321e-01
2.096631900967184381e-01
2.095886219540429862e-01
2.095131599848406301e-01
2.094376817429719206e-01
2.093510337597899451e-01
2.092661631903834918e-01
2.091946079973498740e-01
2.091332407750636779e-01
2.090311461560843409e-01
2.089184188765479677e-01
2.088520618019492903e-01
2.088065179162922613e-01
2.087523657203117777e-01
2.086909158494494043e-01
2.086281224709671256e-01
2.085620262449887352e-01
2.085101807551983100e-01
2.084649557892961358e-01
2.084191807726121781e-01
2.083696659511179439e-01
2.083252419979606807e-01
2.082810266859682347e-01
2.082456416434749491e-01
2.082081847987167500e-01
2.081752261286526073e-01
2.081516498567933804e-01
2.081270679480473618e-01
2.081007661906699169e-01
2.080734921761734635e-01
2.080506264183650256e-01
2.080224124115167272e-01
2.079954585905757491e-01
2.079745086468300919e-01
2.079500463430093427e-01
2.079054613517457017e-01
2.078805597822091233e-01
2.078588670574019470e-01
2.078359921618427864e-01
2.078045068133801132e-01
2.077762388368565305e-01
2.077449460087331667e-01
