9.497231277328486154e-01
9.257744417731512687e-01
9.104110471670320281e-01
9.035921236018953362e-01
8.960180886972273218e-01
9.175376141807466412e-01
9.035812598239488791e-01
8.975653229332436478e-01
8.933541327447136471e-01
8.902080087862135338e-01
8.932048355369659465e-01
8.899052735196280040e-01
8.877660827040557701e-01
8.864864964454537422e-01
8.852966751615031216e-01
8.854617941963337513e-01
8.841210744626742946e-01
8.832770295179238618e-01
8.825732114062677658e-01
8.819524423807879598e-01
8.834036222140706496e-01
8.821971009449548484e-01
8.814648509578130176e-01
8.807801846478724439e-01
8.801870768403635692e-01
8.838309447589832724e-01
8.820605753894074086e-01
8.811408252783218265e-01
8.804649811428119088e-01
8.799980591537577279e-01
8.847792091430193295e-01
8.831768081211220922e-01
8.817548603534757223e-01
8.807574966026018304e-01
8.798084376052559552e-01
8.817539165076847540e-01
8.804961921546781145e-01
8.796503402846275188e-01
8.790476335537172892e-01
8.783507909907320998e-01
8.807474745616362677e-01
8.794686106931952629e-01
8.786104620292077838e-01
8.780992246977386007e-01
8.775516411786578042e-01
8.802933525609439869e-01
8.778719096651177445e-01
8.769831148603066673e-01
8.765301414392687729e-01
8.761381013334162970e-01
8.758895379749477295e-01
8.757376203121597369e-01
8.755938740016958599e-01
8.754349053640406719e-01
8.752849176408357135e-01
8.751362279930827714e-01
8.749269122115792552e-01
8.746846550737222836e-01
8.744428805054181852e-01
8.742186177809259107e-01
8.739567829127694587e-01
8.737449173446448780e-01
8.735387053114362921e-01
8.733332924063254010e-01
8.730966576632277487e-01
8.729164437465850579e-01
8.727885171411636778e-01
8.726654086192878745e-01
8.725679577975098411e-01
8.724561083980536536e-01
8.723546726281182773e-01
8.722719446335149840e-01
8.721977862763647948e-01
8.721236761298104545e-01
8.720483640793305069e-01
8.719749178421282165e-01
8.718863987592352371e-01
8.718385587099303224e-01
8.718047206249283088e-01
8.717542381532191742e-01
8.717175124723597346e-01
8.716774036355474653e-01
8.716308710003821680e-01
8.715942685475009943e-01
8.715469408258191830e-01
8.715195600410418075e-01
8.714864614445992919e-01
8.714618919270720188e-01
8.714388355944341358e-01
8.714101108587223310e-01
8.713873211423377452e-01
8.713642327105357577e-01
8.713396887452158346e-01
8.713042566520277088e-01
8.712558309387750111e-01
8.712157120028269919e-01
8.711795742394909947e-01
8.711447381288743852e-01
8.710830736945239794e-01
8.710261596922073135e-01
8.630421001670945946e-01
8.545157429684353545e-01
8.487587057357806053e-01
8.442649762072230724e-01
8.402460499543640271e-01
8.358355946786216739e-01
8.310134254601206916e-01
8.269717196117684077e-01
8.232672931355647927e-01
8.209193739743173568e-01
8.191132873348061505e-01
8.167974407354526845e-01
8.141747893831523530e-01
8.119515416963769550e-01
8.096187819130256091e-01
8.083330322645816413e-01
8.069149361825497246e-01
8.051583864003784008e-01
8.034890519108649487e-01
8.020147300331122997e-01
8.023944100072601948e-01
8.009460533959295025e-01
7.995787145083286251e-01
7.984737047413651423e-01
7.971516663856815788e-01
7.988583891045822893e-01
7.973017822291901258e-01
7.962466336143654289e-01
7.953950805772812549e-01
7.945766077380465031e-01
7.957767446913988074e-01
7.944857987201713323e-01
7.932945430653796093e-01
7.927490128108677370e-01
7.922715502180391889e-01
7.924382972303100070e-01
7.913316807998456159e-01
7.899047171351804009e-01
7.883604566833646299e-01
7.871944786864152332e-01
7.884120232487986657e-01
7.868614956872908017e-01
7.858250229114716046e-01
7.848891061263373325e-01
7.840462697000515346e-01
7.859979187345428331e-01
7.856969648257841055e-01
7.853817274227844480e-01
7.851554909075419975e-01
7.849371438646486343e-01
7.847230086538886651e-01
7.845193292644276895e-01
7.843153356620905514e-01
7.841742675806919749e-01
7.839985726586269354e-01
7.838024681160630225e-01
7.836132539442243194e-01
7.834274883553783431e-01
7.832777963251025266e-01
7.831332774911370365e-01
7.830230937892727061e-01
7.829454573881533541e-01
7.827711197888862493e-01
7.826331568011821727e-01
7.825127485088009260e-01
7.823684196299373061e-01
7.822825894590486051e-01
7.821435760828465700e-01
7.820571611945873469e-01
7.819673115576152300e-01
7.818603575307042641e-01
7.817603849039187480e-01
7.816617301172705812e-01
7.815623699024859539e-01
7.814794183659941051e-01
7.814096621257198283e-01
7.812899143904001864e-01
7.811405210675562705e-01
7.809899669037702052e-01
7.808655746119662622e-01
7.807927595112542640e-01
7.806902232104391270e-01
7.805807622223305264e-01
7.805059625231581810e-01
7.804154131289890994e-01
7.803404921478721556e-01
7.802791139122901010e-01
7.801678981727661055e-01
7.800801829167546275e-01
7.800140391472397683e-01
7.799657256310171816e-01
7.798996505464096396e-01
7.798536801759488046e-01
7.798076038791446063e-01
7.797511040836586638e-01
7.796931302580771828e-01
7.796523802339238030e-01
7.796081135809185270e-01
7.795619883002696815e-01
7.795330774028395027e-01
7.833419548923952203e-01
7.768994749830664404e-01
7.714221468729403064e-01
7.685496067257368003e-01
7.657376428698781101e-01
7.640907003310896117e-01
7.631984519660776067e-01
7.623209869238958269e-01
7.614082927612164653e-01
7.608509236881678683e-01
7.599777608814842766e-01
7.591888210936225123e-01
7.585313325500192549e-01
7.579491446943920074e-01
7.572342885903105003e-01
7.555317797531303503e-01
7.529908356535865988e-01
7.510742128201234324e-01
7.493425470987309378e-01
7.470915422417035989e-01
7.460733921169336869e-01
7.451564747426321356e-01
7.439367176814389859e-01
7.428147614009787958e-01
7.416745324491573754e-01
7.406839703321584922e-01
7.393265441206380295e-01
7.381999042631861574e-01
7.372693360667452733e-01
7.364900113559106343e-01
7.357821373835842227e-01
7.345935991096160800e-01
7.336932558896908096e-01
7.324731133496265034e-01
7.312297126881895926e-01
7.310736468672431876e-01
7.304114891010349275e-01
7.300537437272722752e-01
7.296765138605867396e-01
7.293202198831100214e-01
7.293753989370007629e-01
7.284495555146381918e-01
7.276537220458985100e-01
7.270150497436352888e-01
7.262769530609559654e-01
7.266297821973323190e-01
7.262861040615089525e-01
7.260970045993550004e-01
7.259122360888032865e-01
7.258096538802141229e-01
7.256702273063483366e-01
7.255120952397049461e-01
7.254019908918832860e-01
7.252758982498339613e-01
7.252015976438466183e-01
7.251473245555831726e-01
7.250520028326105093e-01
7.249450046653359570e-01
7.248551440602706286e-01
7.247447913167482936e-01
7.246699641161331584e-01
7.245378318917868876e-01
7.243337954902843157e-01
7.240999600724531415e-01
7.239965314163634424e-01
7.239235378828672296e-01
7.238571630227793596e-01
7.237487629080816554e-01
7.236419452931893703e-01
7.235422180496492439e-01
7.234445988636486469e-01
7.233499763103661273e-01
7.232868600282599258e-01
7.231908717193753500e-01
7.231242386231608865e-01
7.230822308191594550e-01
7.230360536264096583e-01
7.229662505163544362e-01
7.228867906793217113e-01
7.227944110904190866e-01
7.227401632750406479e-01
7.226612846236765142e-01
7.225333061869452234e-01
7.224564780911653106e-01
7.223525112729612951e-01
7.221774246514749418e-01
7.220671243801866090e-01
7.219110839468497742e-01
7.218623648637937373e-01
7.218263061095268052e-01
7.217716907489508671e-01
7.217112562958304389e-01
7.216603724822012733e-01
7.215696504120602262e-01
7.215241768702433944e-01
7.214581269732742719e-01
7.213470872781779786e-01
7.213212693522622621e-01
7.212639543125918262e-01
7.211796470388526226e-01
7.255307900236452889e-01
7.175729378876972708e-01
7.123337514531535852e-01
7.089220713003291374e-01
7.055336566037043733e-01
7.019302585785592852e-01
6.987129012809195627e-01
6.949541588314573914e-01
6.918278953771640483e-01
6.892536598969540851e-01
6.873615213494173037e-01
6.845751271902842383e-01
6.817400701742923896e-01
6.793151326188955341e-01
6.764449505757638148e-01
6.747337647221429702e-01
6.723868093886988806e-01
6.695210984675518118e-01
6.668457718850423488e-01
6.652651584622563119e-01
6.640177424809696749e-01
6.621252405010711328e-01
6.604778705531244576e-01
6.590457508995826164e-01
6.577413400208442784e-01
6.566928270906839948e-01
6.551942652679610957e-01
6.540060708872196260e-01
6.527369072463017341e-01
6.516392761513647436e-01
6.508792244024207418e-01
6.499013944284101063e-01
6.488919501357044428e-01
6.477946416882700564e-01
6.468698584948912034e-01
6.471144513119950759e-01
6.461674635443376280e-01
6.453206230448710334e-01
6.444054593592621893e-01
6.435738779159589917e-01
6.439710265483239438e-01
6.431373342831683271e-01
6.423300458192697793e-01
6.414529265175609174e-01
6.406857327664442492e-01
6.400259747249685827e-01
6.390303693656564921e-01
6.382278264163561143e-01
6.374946469449559450e-01
6.368223994395629806e-01
6.362456002325198590e-01
6.355827775161588811e-01
6.350518950305099608e-01
6.344104146600308969e-01
6.336881141631941494e-01
6.330569323618668864e-01
6.322550987471825534e-01
6.314466308480380929e-01
6.306772391950894452e-01
6.298707103022511689e-01
6.292394067578881423e-01
6.286737572855727318e-01
6.279968271011471259e-01
6.273009835899980846e-01
6.267448367943039278e-01
6.259660598732436076e-01
6.252668335824136392e-01
6.244885522638898845e-01
6.238570306171938862e-01
6.232395961878675061e-01
6.224900983186180126e-01
6.219356345199049674e-01
6.211380660361481842e-01
6.204514858932115295e-01
6.197620530011817008e-01
6.191777030168635898e-01
6.185396545326893314e-01
6.180048619754194839e-01
6.175081363152733482e-01
6.170650852326747815e-01
6.165747797445633172e-01
6.161460018555552365e-01
6.157162346529416741e-01
6.153089832209962529e-01
6.149027937334530236e-01
6.143713050675481124e-01
6.139397348985523584e-01
6.135551852481704316e-01
6.130973004823168093e-01
6.126340553572136027e-01
6.121800206961137691e-01
6.116997988376633444e-01
6.112006314781111005e-01
6.108127868899884128e-01
6.103804552499089153e-01
6.099715033217458782e-01
6.095485664312381147e-01
6.090881492235984407e-01
6.086022836413771397e-01
6.081210872086948438e-01
6.259177030702479660e-01
6.156156095901772485e-01
6.084879160230011186e-01
6.031284625813801981e-01
5.992513876506294634e-01
5.978526936961600091e-01
5.949176229415703565e-01
5.917943494073212296e-01
5.891963485384223986e-01
5.868000006230243981e-01
5.853359886417238700e-01
5.828556756612680578e-01
5.804289841653514914e-01
5.783214425589311425e-01
5.762908379066088438e-01
5.770692105957347939e-01
5.753296224464053976e-01
5.740364743103304468e-01
5.725890176788267505e-01
5.712837107936078462e-01
5.742656704203119578e-01
5.730554881368163933e-01
5.721307487951972082e-01
5.711289893604541978e-01
5.702088418972041106e-01
5.714157543884008650e-01
5.698064958329591700e-01
5.682126404819338727e-01
5.666020695829123710e-01
5.650618256717850896e-01
5.646044435505953585e-01
5.629718992893478768e-01
5.616077436653756916e-01
5.604612280104137589e-01
5.593843810802783256e-01
5.595393804595946152e-01
5.581698540082401516e-01
5.570445421400236352e-01
5.560818859677979509e-01
5.551453525955967194e-01
5.557739976557758421e-01
5.547003200125362188e-01
5.535832432892755506e-01
5.526454085171292885e-01
5.517685436184606163e-01
5.520993430895334564e-01
5.512397915952544913e-01
5.503885749533261595e-01
5.496802654689125767e-01
5.489085954619800090e-01
5.482990797964468754e-01
5.476188460315601914e-01
5.470081717816257516e-01
5.464304720222750156e-01
5.459006640576447023e-01
5.454635526864289874e-01
5.449723936618701137e-01
5.444840898369491811e-01
5.441438941009426600e-01
5.437915739577454666e-01
5.433715210519929339e-01
5.429599784529187678e-01
5.425714152391111211e-01
5.421813341836704270e-01
5.418742790468797921e-01
5.413929957463996523e-01
5.408947948509371662e-01
5.404753539891254954e-01
5.401301862124080477e-01
5.398007490745495573e-01
5.395532093623522929e-01
5.392657418923745283e-01
5.389752764829514042e-01
5.387430375837329866e-01
5.385608590015213970e-01
5.384136598174465993e-01
5.382499210088164121e-01
5.380618209483361003e-01
5.378843718681279862e-01
5.376809349697241336e-01
5.374262716635045400e-01
5.371333103073585580e-01
5.368620340320072737e-01
5.365984989247066794e-01
5.363761448433799206e-01
5.361760292572828046e-01
5.359269765693818188e-01
5.357242450958676905e-01
5.354823219564326386e-01
5.352456527772587735e-01
5.349758105173826328e-01
5.347253670256799651e-01
5.344722159597130595e-01
5.342133222662643899e-01
5.339951710349239988e-01
5.337670803963986410e-01
5.335700283761579676e-01
5.333694762910430320e-01
5.332079249427550405e-01
5.330720603854507411e-01
