2.068068603672273409e-01
1.333061814408982027e-01
7.480722876906940877e-02
5.691482485593624824e-02
4.580547570227852527e-02
6.391967927388104986e-02
4.128499705940874565e-02
3.208324879781874334e-02
2.648160209552418223e-02
2.170302552066098734e-02
2.271736512836714655e-02
1.865495040959894504e-02
1.609346145830825234e-02
1.370516735376099519e-02
1.192689768954844493e-02
1.304594304993957413e-02
1.157601376472136914e-02
1.045813578587099536e-02
9.752551703239817002e-03
9.046635721364854055e-03
9.973409117012936587e-03
9.023987135396947801e-03
8.332862543410396450e-03
7.894137667543855985e-03
7.504775142676966583e-03
8.181936225052789668e-03
7.441905741763304820e-03
7.158811005638595661e-03
7.019457321408918357e-03
6.764978694019142119e-03
6.836039978904147330e-03
6.483728897494676034e-03
6.232474349940431667e-03
5.953148375660854974e-03
5.672678448700008147e-03
6.036306934541857058e-03
5.664969509809515517e-03
5.446533466771267401e-03
5.311380018675757216e-03
5.170050927026580319e-03
5.388215811056179701e-03
5.114451272614625212e-03
4.988628926879591467e-03
4.889340866218907199e-03
4.754175305799021763e-03
5.044322179625381798e-03
4.775343831027296926e-03
4.665671758927112701e-03
4.579483980004100084e-03
4.511444863561808738e-03
4.455168625976719046e-03
4.349373460345554339e-03
4.214465493388634340e-03
4.067719082129009345e-03
3.940663935693355761e-03
3.834943940893332810e-03
3.752012984652740735e-03
3.683402703029663681e-03
3.623644225518421295e-03
3.567806600195511536e-03
3.498029343929571610e-03
3.432328524175215067e-03
3.366880948920251450e-03
3.300475607348876683e-03
3.229345585418358974e-03
3.164576270578668953e-03
3.101409157053638174e-03
3.037993059484878945e-03
2.982021380261979087e-03
2.928526975689344728e-03
2.853261168139897570e-03
2.794807754888287143e-03
2.735704391106909706e-03
2.676114943607337503e-03
2.629686861328556658e-03
2.582512749266643003e-03
2.532040374825473769e-03
2.491486347279700010e-03
2.459910002257386166e-03
2.431520903458857588e-03
2.401486033095616077e-03
2.378144129194725669e-03
2.348469183187392503e-03
2.327361311019852247e-03
2.300048362867070009e-03
2.273294924749601903e-03
2.245624428817114514e-03
2.210917208539248547e-03
2.179634415063748300e-03
2.150154245082726723e-03
2.126259715987867654e-03
2.099812992487723462e-03
2.075170278082318336e-03
2.043230333313193064e-03
2.009747553593568218e-03
1.985017577409664731e-03
1.960008930592149843e-03
1.933801881889824804e-03
1.914567611829170058e-03
1.894837140504018053e-03
1.929147038220686795e-03
1.816295279192060852e-03
1.728281617711302596e-03
1.648200618068683529e-03
1.581320143033925190e-03
1.520495803371621794e-03
1.460909279094976983e-03
1.397890363928773342e-03
1.345713019568245362e-03
1.296707638130339610e-03
1.258207861850579954e-03
1.218860397281599107e-03
1.176438003685815678e-03
1.137877846900245057e-03
1.100328519156589923e-03
1.067372823417015587e-03
1.029794712256685381e-03
9.950996579664579504e-04
9.631331174913286466e-04
9.320351543209245320e-04
9.092361408018122737e-04
8.814130870948285812e-04
8.566746990159991408e-04
8.335308033533857372e-04
8.132608308654341823e-04
8.002376950312278586e-04
7.825494773689592540e-04
7.674650060042821935e-04
7.491285795670757017e-04
7.324647087720939122e-04
7.192974657580224630e-04
7.050117276821321784e-04
6.932506328565382972e-04
6.788083861374271917e-04
6.670899458377644968e-04
6.573691118845920731e-04
6.448384265496453311e-04
6.320275659499736921e-04
6.202997353876076253e-04
6.091815613243021241e-04
6.021678133506944358e-04
5.921789075830821009e-04
5.825373729864073268e-04
5.731230839420822700e-04
5.639639420690205655e-04
5.557221221799811149e-04
5.453745497245874110e-04
5.358279590113416979e-04
5.280618128144804607e-04
5.189399677712565242e-04
5.105846446625201054e-04
5.015955889963595767e-04
4.941697016326859022e-04
4.870218547802360924e-04
4.798193688253828137e-04
4.738682638916933928e-04
4.667168058632114973e-04
4.603674709712989531e-04
4.547230193074494956e-04
4.491166114777462594e-04
4.428461362959548232e-04
4.371651986132055732e-04
4.321807030192290934e-04
4.273353449475850770e-04
4.233282977369580229e-04
4.190633307105609963e-04
4.147900834054375633e-04
4.105254382138872867e-04
4.060334429975800594e-04
4.015315233199108448e-04
3.976323381284913830e-04
3.931057836567148083e-04
3.890744720218576851e-04
3.853290623925916458e-04
3.806956720723838152e-04
3.764767614926186278e-04
3.732245818167064834e-04
3.685806361801902587e-04
3.645233515055485243e-04
3.602491427831807183e-04
3.561145169437741767e-04
3.519727822442093325e-04
3.481547656109938607e-04
3.440105752239715447e-04
3.402526541799288495e-04
3.359342297741934593e-04
3.323922406469753134e-04
3.282157251164696636e-04
3.246291634992562870e-04
3.209661935747546986e-04
3.177659175930768430e-04
3.149677980576026767e-04
3.118964807270238181e-04
3.092312167495692285e-04
3.059228324575036218e-04
3.025988321815400463e-04
2.996541900370683310e-04
2.970204129715852586e-04
2.942678524094444821e-04
2.917185078736681436e-04
4.886122094247572975e-04
4.164666560207075851e-04
3.800786124379138616e-04
3.547501257170624419e-04
3.361230040408958938e-04
3.218622952686583352e-04
3.110663536535938564e-04
3.009727636981907235e-04
2.909960797896343353e-04
2.830847379449427984e-04
2.775318449097618611e-04
2.719643953902512747e-04
2.667355802087979853e-04
2.612587281003673221e-04
2.557963703601891063e-04
2.517221030949973420e-04
2.464350448742839029e-04
2.415718271657279971e-04
2.368390916911691433e-04
2.323693879034975554e-04
2.284677499648204903e-04
2.243710377347660873e-04
2.202763876241743929e-04
2.162138138769920440e-04
2.116697270421367765e-04
2.085537724825666493e-04
2.055583191488972777e-04
2.029808562206150365e-04
2.004907788507637222e-04
1.977638148749688227e-04
1.954356790998439466e-04
1.929438657682163133e-04
1.903585651167953282e-04
1.878803138991498882e-04
1.851139844378744135e-04
1.829128575196287099e-04
1.803907877643064770e-04
1.771479860798858528e-04
1.743437722565942651e-04
1.722548223738624431e-04
1.703540358045881108e-04
1.677314174291493355e-04
1.650460836982646192e-04
1.626590410824929600e-04
1.603328844577157886e-04
1.580475418337440232e-04
1.557086340028891497e-04
1.533075183065078350e-04
1.506764031296052239e-04
1.485058303019510021e-04
1.467333870893210114e-04
1.454668004701916426e-04
1.441668234726541217e-04
1.431190378851058967e-04
1.418363643843204350e-04
1.407401155223616802e-04
1.398353786396610665e-04
1.389008523545494779e-04
1.379846254478193078e-04
1.369658724416326781e-04
1.357335297490947933e-04
1.345923674574198809e-04
1.334769171943214359e-04
1.323509819353404842e-04
1.313538784159956369e-04
1.305181889153460804e-04
1.295528894147927738e-04
1.284927862611512817e-04
1.273512773893485997e-04
1.265063984885815671e-04
1.253396380958902274e-04
1.240676386659775830e-04
1.226968073530435965e-04
1.206710462067314449e-04
1.188112434318589107e-04
1.168223855191157499e-04
1.147483193402292070e-04
1.130972253467360815e-04
1.115272290423393258e-04
1.094305448861364560e-04
1.076196698209307232e-04
1.061339230836982461e-04
1.050065092681682217e-04
1.040012222067390345e-04
1.031395359065480637e-04
1.020847748640839553e-04
1.008475936763819316e-04
9.975054951767277855e-05
9.878608355472059596e-05
9.753291079100461457e-05
9.631676770907272248e-05
9.523032570959528910e-05
9.411545578811551804e-05
9.313655458795139252e-05
9.218468770534057411e-05
9.113815416146463417e-05
9.028553137742217352e-05
8.944838399836610584e-05
8.863110742647658104e-05
8.780399587346999200e-05
1.874516683946917718e-04
1.564562927765578474e-04
1.390284601490433239e-04
1.291312516502651005e-04
1.206123314947589871e-04
1.136563361004178937e-04
1.085941164705247233e-04
1.040930804942864828e-04
1.006268743229456219e-04
9.762172399242734905e-05
9.481328661464299100e-05
9.246098771815867902e-05
8.994988988341613017e-05
8.763354531332870551e-05
8.513422322166906957e-05
8.303021127383068830e-05
8.073580200949606524e-05
7.901062799022327669e-05
7.715364241397908011e-05
7.559782890016789297e-05
7.429225366207898500e-05
7.282211279060464375e-05
7.156875933963982150e-05
7.023778424330409838e-05
6.887191609151006248e-05
6.766467974145514764e-05
6.656849485725744296e-05
6.546539565877020300e-05
6.446280853228658061e-05
6.342749406874955017e-05
6.270978116565084051e-05
6.171862196583559942e-05
6.074877009349688732e-05
5.988321311323044799e-05
5.901173022692417019e-05
5.824227224658211919e-05
5.753479071160589366e-05
5.686964174112559277e-05
5.609096879610444886e-05
5.539256450004875022e-05
5.476333946994669778e-05
5.409336012685386671e-05
5.328124564643332308e-05
5.248933418582153780e-05
5.187372068884124252e-05
5.124678925396580921e-05
5.071134188452838766e-05
5.022886612138632975e-05
4.985111467300453212e-05
4.947738204941047341e-05
4.899724395425017107e-05
4.860799266428591169e-05
4.815342132833166412e-05
4.778278114163032658e-05
4.744686190594414431e-05
4.707284154132935773e-05
4.676157228675940583e-05
4.639050295819720015e-05
4.592594312850668657e-05
4.542203315129231223e-05
4.487848034265389663e-05
4.429811434451629264e-05
4.368916768219330683e-05
4.317571868962442693e-05
4.269337543155256505e-05
4.229844408881604131e-05
4.195124268445765887e-05
4.157967768930721466e-05
4.116248821907658609e-05
4.075923221216791128e-05
4.027703126852285340e-05
3.978598698417202319e-05
3.937599692810496378e-05
3.894593180874717398e-05
3.861410728204490132e-05
3.828188296066071047e-05
3.791436612322772644e-05
3.755014933294888407e-05
3.715652865156309880e-05
3.676197131157183908e-05
3.631343279043673108e-05
3.592465589243750671e-05
3.547176857927590598e-05
3.503286110029778922e-05
3.469342895016016962e-05
3.436450836909142999e-05
3.401565923810561146e-05
3.368067988593871566e-05
3.329048900580172074e-05
3.293275364321661565e-05
3.260662536798744886e-05
3.230350592930166632e-05
3.203606384236425266e-05
3.180088876619203763e-05
3.160349438248570314e-05
3.138321481875197365e-05
3.116310315760300378e-05
3.097594425400925975e-05
3.076875790765587281e-05
3.055872908317974876e-05
8.942269240990791861e-05
7.171645678345175046e-05
6.260333728076779183e-05
5.668704576968866559e-05
5.292007876944788183e-05
4.963608194466965449e-05
4.719296917934263371e-05
4.517413574709133408e-05
4.346107978116138933e-05
4.159487054858426465e-05
3.990622552230605087e-05
3.852122471557547899e-05
3.719040396882505384e-05
3.617883580800339261e-05
3.530405514657894639e-05
3.460217679286197817e-05
3.370459227108732529e-05
3.301482836707152381e-05
3.216623184941843114e-05
3.145651929804430213e-05
3.082356330139742249e-05
3.028279639598886156e-05
2.976495237508973570e-05
2.928109678416685203e-05
2.884021572936469534e-05
2.841936153868718871e-05
2.792550684373187888e-05
2.740184220642515883e-05
2.702118549190594805e-05
2.657778049321632476e-05
2.620838648664507316e-05
2.580008378267940633e-05
2.543071571284159131e-05
2.501952318666327249e-05
2.467738551702976910e-05
2.439134138460838133e-05
2.409027763637604892e-05
2.376656708609819552e-05
2.339100625249701477e-05
2.308654236861156913e-05
2.279841901530954836e-05
2.250035737429012184e-05
2.219241958573472793e-05
2.193409683681410088e-05
2.161729080194192741e-05
2.134986035214198188e-05
2.103158643035000889e-05
2.074428738156765313e-05
2.041922331832533792e-05
2.011950887698225142e-05
1.984337763696035093e-05
1.959376854308312723e-05
1.935231546845469404e-05
1.909236649806371526e-05
1.882611109831584871e-05
1.854339772134690306e-05
1.830096242901422821e-05
1.808677003528413215e-05
1.787752641958373419e-05
1.768547406517319257e-05
1.748873052942653535e-05
1.725206397427182000e-05
1.702481888141284494e-05
1.683299583486695469e-05
1.666468115790042061e-05
1.646814224289892944e-05
1.630838489173629094e-05
1.611380976853460533e-05
1.594956064150411038e-05
1.578579418767897812e-05
1.562801459211044178e-05
1.546952716314841736e-05
1.534123719296339494e-05
1.518180911360885192e-05
1.502099406737474138e-05
1.488399538153618393e-05
1.471465748333513023e-05
1.458498601642537338e-05
1.442369187355505574e-05
1.428977252677349486e-05
1.416470407537634664e-05
1.403147091682294015e-05
1.389759498024771874e-05
1.377031954709189034e-05
1.362988669460976796e-05
1.352265163656741259e-05
1.343603433169098989e-05
1.332254890651119040e-05
1.321618166834586365e-05
1.309936986415004876e-05
1.298917914264926432e-05
1.286814942410545159e-05
1.275122349349702155e-05
1.265124354058528120e-05
1.252117937682518057e-05
1.242558546199572257e-05
1.231831992060047661e-05
1.222906856975859610e-05
1.211621110434217143e-05
1.201625701914201914e-05
