3.829276226809913974e-01
2.709319125816875284e-01
2.432906930540780777e-01
2.233475300507297423e-01
2.093753219153470235e-01
1.996317189314455176e-01
1.882758695128726456e-01
1.766174313099884152e-01
1.628475400786182914e-01
1.503205554223178420e-01
1.402183599166020866e-01
1.333066049805512743e-01
1.263604281980800492e-01
1.211129454918823539e-01
1.155635736698470001e-01
1.123175460088077504e-01
1.099501316983664961e-01
1.077868847454155343e-01
1.056997478264649348e-01
1.036847007021796663e-01
1.015881886175319937e-01
9.994418913670992388e-02
9.824164151862796457e-02
9.688192671120157695e-02
9.561401291037779915e-02
9.491212209691236856e-02
9.376465471955447439e-02
9.268800390077325257e-02
9.170483315554410486e-02
9.082711959974291982e-02
9.037841382995494277e-02
8.934732153330007809e-02
8.835864791873823676e-02
8.737550355820430936e-02
8.650137872800951755e-02
8.625315812963425810e-02
8.546941603930632847e-02
8.469438040486793051e-02
8.396617747817675115e-02
8.322722284022215922e-02
8.317367599252152577e-02
8.246564928921509829e-02
8.182677078769819146e-02
8.126091291200557287e-02
8.067867538046087639e-02
8.037417996552191635e-02
7.985760853885916222e-02
7.936125616976265340e-02
7.890592972811573402e-02
7.841985637618939520e-02
7.787937788454758758e-02
7.744744506692800845e-02
7.700229108590846139e-02
7.660321014326879063e-02
7.623979571921347953e-02
7.585535024083840672e-02
7.554420793813861057e-02
7.519646851885548877e-02
7.489693264885627366e-02
7.462726622516997754e-02
7.441909755464273801e-02
7.416767937710129488e-02
7.388638230122267225e-02
7.359127302731079123e-02
7.327662755530547911e-02
7.302931356898768878e-02
7.277415715974515364e-02
7.256935449474515021e-02
7.233701328728142643e-02
7.210250557112439507e-02
7.185414585808719279e-02
7.166619426625239764e-02
7.147302114182360611e-02
7.130721070855018662e-02
7.114986869160136451e-02
7.099846972050652405e-02
7.083516846397522326e-02
7.068685167685535842e-02
7.053532452909176687e-02
7.038674101996963972e-02
7.022760386929853549e-02
7.010242119671648842e-02
6.996797107755389766e-02
6.983719741793043001e-02
6.972150927142792276e-02
6.960017634834347877e-02
6.948551562355141653e-02
6.936690232567671588e-02
6.925962249368962376e-02
6.914132174704762379e-02
6.904449469138104756e-02
6.895279821065601611e-02
6.883338103293445975e-02
6.873990775338763293e-02
6.863972799835434124e-02
6.853620919473472906e-02
6.844592593438694750e-02
6.834880185263547681e-02
6.827444425644932369e-02
6.818468478706765645e-02
6.717013066370784713e-02
6.655482837798537554e-02
6.611826521096543507e-02
6.579646303493073833e-02
6.553573464613421384e-02
6.529055924859838989e-02
6.504826369410290909e-02
6.490066190813129077e-02
6.476522523646396912e-02
6.463014294974010754e-02
6.451188658215817329e-02
6.437092589244933216e-02
6.424458117198734997e-02
6.409229755044557053e-02
6.396026965298190481e-02
6.386077299715488265e-02
6.376953034391737163e-02
6.367954515567943174e-02
6.357115241625602153e-02
6.347710389647834295e-02
6.338753166577892895e-02
6.327346541398000401e-02
6.314861144455936881e-02
6.304009095692164610e-02
6.294505394270703824e-02
6.287325787847088121e-02
6.279307342288401039e-02
6.271863739642856428e-02
6.263718511968426050e-02
6.255097057163248875e-02
6.246109159569310232e-02
6.237775934237409226e-02
6.228808566223591886e-02
6.220433717437966886e-02
6.213338897408908490e-02
6.205850273335537098e-02
6.197205613759069337e-02
6.189825208139648760e-02
6.182645158821298281e-02
6.175605889785960173e-02
6.169058210449986784e-02
6.162461191970362850e-02
6.155122737767297625e-02
6.148266399297733220e-02
6.141351194422435544e-02
6.134554002388411392e-02
6.126806041673563824e-02
6.118655627442692174e-02
6.108655217928760789e-02
6.100569581921529844e-02
6.089304752327255599e-02
6.079597302430790606e-02
6.069782483646253557e-02
6.059691317683195411e-02
6.049018089283754451e-02
6.041367694682053813e-02
6.033435085127393516e-02
6.026098929064255261e-02
6.020064563048434236e-02
6.014019157430449541e-02
6.008466280284387173e-02
6.002567396372917446e-02
5.996335589590200826e-02
5.988054753517382117e-02
5.979730767420671222e-02
5.972299341921458865e-02
5.963189746321401197e-02
5.955831129049308365e-02
5.948348483596728464e-02
5.940836512348292298e-02
5.932767786374215646e-02
5.925823985509406922e-02
5.920730703212152835e-02
5.914926422037232456e-02
5.908041353863365680e-02
5.901703525258708560e-02
5.894317034884263146e-02
5.887388826650247903e-02
5.881031427037092946e-02
5.875639545979677303e-02
5.870024983305585642e-02
5.865001157522337777e-02
5.859461621885037053e-02
5.853645734095231506e-02
5.847167509583031664e-02
5.841693927338754977e-02
5.836290425860077985e-02
5.830839427582674289e-02
5.824789215661582698e-02
5.817900327881444372e-02
5.811064875046290795e-02
5.804889986862144663e-02
5.799079139490874446e-02
5.792873260273554564e-02
5.787391399874958209e-02
5.781561718281125195e-02
5.775094503512100824e-02
5.768328229790972705e-02
5.763195624689739643e-02
5.756756268023734135e-02
5.742772631304517844e-02
5.728386800799134537e-02
5.714720238001625569e-02
5.704569842684645981e-02
5.695741877605387665e-02
5.687752107074804664e-02
5.680840522805044590e-02
5.675018432771864602e-02
5.669756529373053827e-02
5.663522507629809022e-02
5.658311194203317906e-02
5.652716791172390787e-02
5.646757932710556871e-02
5.641209423434875858e-02
5.634814065671638755e-02
5.630219584694586693e-02
5.624953374296195324e-02
5.619664641132015442e-02
5.613375064769265954e-02
5.608609150199332649e-02
5.603381668344490502e-02
5.597700411264949771e-02
5.593370539393559965e-02
5.587752762214211188e-02
5.583829591652401253e-02
5.578893707820185149e-02
5.574033290570850480e-02
5.568892775063428308e-02
5.564360754756934868e-02
5.558431662849894900e-02
5.552856909960644793e-02
5.547141709673712034e-02
5.543149333433761150e-02
5.538688419575701904e-02
5.534272958065829251e-02
5.529362621295282748e-02
5.524838071641167275e-02
5.519949351749050409e-02
5.515543473078667741e-02
5.510406376144447865e-02
5.506197617517216703e-02
5.503011700523830624e-02
5.498833691934941481e-02
5.494619998135175098e-02
5.490993628890442069e-02
5.487062918945242312e-02
5.482367613676242951e-02
5.478309239537654945e-02
5.473763905673117991e-02
5.469166301083739495e-02
5.465909693527783164e-02
5.462107104043700812e-02
5.459724624449872193e-02
5.455940816802553467e-02
5.452302778914784598e-02
5.449137260216062317e-02
5.445415206086094001e-02
5.441963292098615790e-02
5.438265624376353857e-02
5.434271850671296838e-02
5.430207188866854884e-02
5.424110305515832120e-02
5.418550538544765482e-02
5.415511468209369128e-02
5.411060660861129884e-02
5.405391576132499015e-02
5.401274454185939905e-02
5.396952782223526229e-02
5.393239819839489718e-02
5.388308826358218645e-02
5.383718317617968568e-02
5.379403940397974038e-02
5.374790161154186646e-02
5.370120909284351735e-02
5.365927299622053753e-02
5.361820745608727318e-02
5.357882363465688025e-02
5.353389439626259766e-02
5.348373015863529256e-02
5.344206931851770703e-02
5.340481858660162118e-02
5.336664857312014426e-02
5.332016513727955848e-02
5.327887609723630513e-02
5.323599525236956398e-02
5.320112789366406719e-02
5.316247583009520161e-02
5.312613237793243487e-02
5.306622421392489380e-02
5.302366774125708698e-02
5.298058175847393525e-02
5.294416617402521175e-02
5.291172668372282756e-02
5.287988919574783397e-02
5.283710219854035467e-02
5.279473649782323585e-02
5.274170021372617811e-02
5.270059479487913812e-02
5.265978872246549619e-02
5.261938476264498704e-02
5.253177398136505555e-02
5.245717991630106936e-02
5.235075398319059131e-02
5.228725332355636107e-02
5.223647993309449983e-02
5.219335235556818442e-02
5.216271818656095099e-02
5.213521347985164422e-02
5.210634926300553027e-02
5.207971861843751354e-02
5.205667665340459743e-02
5.203455219718358671e-02
5.201187648502432481e-02
5.199198217790192145e-02
5.196672297386361467e-02
5.194222538198858125e-02
5.192243220622876770e-02
5.190330471217819569e-02
5.188424749473216635e-02
5.186436779539255193e-02
5.184564931606827631e-02
5.182607146468388992e-02
5.180832094728284737e-02
5.179199552899850512e-02
5.177309297465639004e-02
5.175466973566771739e-02
5.173711662317894561e-02
5.171718405386289269e-02
5.170223390346041781e-02
5.168570019698097429e-02
5.166836198376045103e-02
5.164217672815717142e-02
5.161794545334365270e-02
5.158692013305806595e-02
5.155343199790599767e-02
5.152408543744756153e-02
5.149417417148834109e-02
5.146329508179309925e-02
5.143197836415723534e-02
5.139981895990006211e-02
5.136636485014365455e-02
5.133729874291500378e-02
5.130507053045520877e-02
5.127496033967372802e-02
5.123351382052683534e-02
5.119355484290371433e-02
5.115460256592099797e-02
5.112421405449355666e-02
5.109144866998874962e-02
5.105348409974865692e-02
5.101421178792702599e-02
5.096469990729127902e-02
5.091845882214910551e-02
5.088199725346823077e-02
5.083978053351777965e-02
5.079990543099656419e-02
5.076300298782487896e-02
5.072431681622435740e-02
5.068355394266364777e-02
5.064522033887446095e-02
5.060932063450533647e-02
5.057028480029374107e-02
5.053466818090178447e-02
5.050173374921406583e-02
5.045943434313578807e-02
5.042135781465297006e-02
5.038417139049769511e-02
5.035074322509876937e-02
5.031682517313723624e-02
5.028821088127672506e-02
5.025579280711254399e-02
5.023177213584221340e-02
5.019098651977112885e-02
5.016331878891114315e-02
5.012925886551776455e-02
5.008199141768474721e-02
5.003703649424323663e-02
4.998958962836564518e-02
4.994887741985196139e-02
4.990424032424872064e-02
4.986502350434503239e-02
4.982254364911757605e-02
4.977607086337312858e-02
4.972247668566914108e-02
4.966006739221639349e-02
4.960296428327065632e-02
4.955722836344787774e-02
4.951681467546741044e-02
4.948558732292158285e-02
4.944503886656534397e-02
4.940901628730088452e-02
4.937722526580570759e-02
4.934600195258920935e-02
4.930209987336749144e-02
4.925827670107786604e-02
4.921659237523512420e-02
4.917010712850962417e-02
4.912865608759853231e-02
4.908806401409674530e-02
4.904566219185269027e-02
4.898415671444472652e-02
4.893391245305885040e-02
4.886782159092396827e-02
4.881715665208832128e-02
4.877754003349397960e-02
4.874023173007811099e-02
4.870700114386309482e-02
4.867793376533009059e-02
4.864647378187810650e-02
4.862402887973237692e-02
4.860302001262810367e-02
4.858211589157063887e-02
4.855995318042217318e-02
4.854004287035094262e-02
4.851924906657732739e-02
4.850013373683168677e-02
4.847775882756802379e-02
4.845976624012985484e-02
4.843815021264901571e-02
4.841672138469559072e-02
4.839893632853425887e-02
4.837952072489064281e-02
4.836049707247665891e-02
4.834258643444884485e-02
4.832236027519328653e-02
4.830459397041205610e-02
4.828887723271828303e-02
4.827076010339303308e-02
4.825354249392808242e-02
4.823191203990623288e-02
4.821147902345461478e-02
4.819474171981580346e-02
4.817488658907610743e-02
4.815835645613490701e-02
4.813660211013686546e-02
4.811854301665479533e-02
4.809576875319345607e-02
4.807737547381008697e-02
4.805486042901164351e-02
4.803582146731186914e-02
4.802095932953501234e-02
4.800041211776221589e-02
4.798041251975702221e-02
4.795794975628537432e-02
4.793700945562862775e-02
4.791968313160267084e-02
4.789761825277535218e-02
4.787514185958672425e-02
4.785668053816291567e-02
4.783686115569987796e-02
4.781555108145737337e-02
4.779599993259971147e-02
4.777479023688756959e-02
4.775787606981113376e-02
4.773777868240128980e-02
4.771418604835588051e-02
4.769749295921215521e-02
4.767481040377279794e-02
4.765232973000314842e-02
4.762709312951982771e-02
4.760438653451459778e-02
4.757705786903685535e-02
4.755121562055623918e-02
4.752898828856078062e-02
4.750514392923505663e-02
4.748137613173011168e-02
4.745937754034992850e-02
4.743967686334563810e-02
4.741859095007012331e-02
4.738712858385571436e-02
4.736173609053258293e-02
4.733754528577481524e-02
4.731521030130294431e-02
4.729258374753298605e-02
4.726724774520916356e-02
4.724064706598896102e-02
4.721063142273577290e-02
4.718118647367045004e-02
4.714572385152881323e-02
4.711517678747825788e-02
4.709119184881629255e-02
4.705894044787697211e-02
4.702917369672314496e-02
4.699975859306394776e-02
4.696731450998270496e-02
4.693673435554545498e-02
4.690919444724454823e-02
4.688708990736126236e-02
4.686056582967496748e-02
4.683029083371780671e-02
4.679651492863939194e-02
4.676317488169372955e-02
4.672173543055728462e-02
4.668079678449522235e-02
4.663311559156581992e-02
4.659466899710101168e-02
4.654826680477390510e-02
4.650661313172405054e-02
4.647442620772019445e-02
4.644694411958059238e-02
