5.705974385824577055e-01
4.462930180823892479e-01
4.228416616817188833e-01
4.049620991491548194e-01
3.901180387717904097e-01
3.648988101547910867e-01
3.560579859913827194e-01
3.430520154395175214e-01
3.255247221306082905e-01
3.139277686644149079e-01
3.068434778587731393e-01
2.932417599907185535e-01
2.736203659477438599e-01
2.586832239363599517e-01
2.488753850775817233e-01
2.396246950503730377e-01
2.312651902670437298e-01
2.245334723837311419e-01
2.171891301513886319e-01
2.094557081615298910e-01
2.045409288814444837e-01
1.984055683635062572e-01
1.940956356633197488e-01
1.898071815727805645e-01
1.871046939854318636e-01
1.843976754106642912e-01
1.812301483496926713e-01
1.788701179306924349e-01
1.761364738743460834e-01
1.742655259605909723e-01
1.726217019700334310e-01
1.692923246081172450e-01
1.677595405087822511e-01
1.661277667020736593e-01
1.647625001772893283e-01
1.645899450666702957e-01
1.635533369345488208e-01
1.625011835330713306e-01
1.614345181931555184e-01
1.605087617810558309e-01
1.609553437634122230e-01
1.605573840192884016e-01
1.601306253358796006e-01
1.592760187743259281e-01
1.585950114925276377e-01
1.584023098402588259e-01
1.577841973827745770e-01
1.573524928085792418e-01
1.570892381113981329e-01
1.566732084570013062e-01
1.562780717630347926e-01
1.558130548777299784e-01
1.551573828675006095e-01
1.547649459305804887e-01
1.542844963589066754e-01
1.539754196424058252e-01
1.537440858883741546e-01
1.534386737094476094e-01
1.528398637869216314e-01
1.523600203145271115e-01
1.520008892581631854e-01
1.515608428438099953e-01
1.512597553614337398e-01
1.510155398594921761e-01
1.506569280735242378e-01
1.500326408341237372e-01
1.491289139703552424e-01
1.483021377414896758e-01
1.476910894021198073e-01
1.467851326459200800e-01
1.457643895064662520e-01
1.450878445842632702e-01
1.445580000636870199e-01
1.438674636073710156e-01
1.433190537298407452e-01
1.428119395597203800e-01
1.423913695400529922e-01
1.419884557532731517e-01
1.415785731274724901e-01
1.412139366766027582e-01
1.405350483224886704e-01
1.398759281248405928e-01
1.392970697964018567e-01
1.389319388118356313e-01
1.387121000995922837e-01
1.384730158783067100e-01
1.382759238557761394e-01
1.380676535068394717e-01
1.378495379083056471e-01
1.376577632061649903e-01
1.375242842848963254e-01
1.373976253616979448e-01
1.372985157918008847e-01
1.371666857996731714e-01
1.369961466553266671e-01
1.368594316433319746e-01
1.366621988007359900e-01
1.364949470051052549e-01
1.361765015334058526e-01
1.359573344411563744e-01
1.338676484504862929e-01
1.324394539273241467e-01
1.313430517210891491e-01
1.303314417490082922e-01
1.291967404558845289e-01
1.283307995231617316e-01
1.273967796517147255e-01
1.263396423594212448e-01
1.254708779596688251e-01
1.247279601829286017e-01
1.241642220821384118e-01
1.232650346536730696e-01
1.225119238035798502e-01
1.217463575906650997e-01
1.209498697952977042e-01
1.202995541145023828e-01
1.197557083256956811e-01
1.192968398184483803e-01
1.188940295323360069e-01
1.184657838003544961e-01
1.179890162393528869e-01
1.175320127959809807e-01
1.171670117354723789e-01
1.167521199809321009e-01
1.163664621486229372e-01
1.159655552260809436e-01
1.156678632744277263e-01
1.154165963338553841e-01
1.152187013490507117e-01
1.149867184639417478e-01
1.147047708642050523e-01
1.144848511007027780e-01
1.141982220630401446e-01
1.140137366373167455e-01
1.137986807167920694e-01
1.135829953723490049e-01
1.134462087167144723e-01
1.132670629944674268e-01
1.131296463258591595e-01
1.129718473639971799e-01
1.127572161522524818e-01
1.124085010661849682e-01
1.121890987496411279e-01
1.119824769600583497e-01
1.117761862829370345e-01
1.116596041834434921e-01
1.114889888490981223e-01
1.112679506207707447e-01
1.111472974891633547e-01
1.110194915848614905e-01
1.109178197158762758e-01
1.108405863958195070e-01
1.107546297317226619e-01
1.106788628416768422e-01
1.106073288854232950e-01
1.105445949201551703e-01
1.104616496623967575e-01
1.103533717223745825e-01
1.102437970173689302e-01
1.101250925180957130e-01
1.100318855323867417e-01
1.098961966170013127e-01
1.097592320596716409e-01
1.096605377934069953e-01
1.095755418153384758e-01
1.095059181225054579e-01
1.094356668390592535e-01
1.093525366928217307e-01
1.092527432430237394e-01
1.091597402233106529e-01
1.090378870319334143e-01
1.089331647191108809e-01
1.088466996003326637e-01
1.087957726275273068e-01
1.087419922950272344e-01
1.086905873698051778e-01
1.086310438011659635e-01
1.085848252897049504e-01
1.085415617261994842e-01
1.084917126593445830e-01
1.084492717527657801e-01
1.083873851163606322e-01
1.083374681352648888e-01
1.082956036219340362e-01
1.082505416061587816e-01
1.081951167387837226e-01
1.081368411875013730e-01
1.080645756735430785e-01
1.079882675146854737e-01
1.079141393010259742e-01
1.078653405416354349e-01
1.078116974558352148e-01
1.077678900211968271e-01
1.077357932190029233e-01
1.076981167319269322e-01
1.076456853170165151e-01
1.076137291056704082e-01
1.075817060587039575e-01
1.075495249473580051e-01
1.075202620328700037e-01
1.074399893363065656e-01
1.069962085235802024e-01
1.066054703998532277e-01
1.062744563676049636e-01
1.059848703021722127e-01
1.057768216133324890e-01
1.055909263771321327e-01
1.054316054894376686e-01
1.052666589760002797e-01
1.051077189871318374e-01
1.049311717387243215e-01
1.047470862311508655e-01
1.045934643813898474e-01
1.044395607383642732e-01
1.042848138657525847e-01
1.041721056738906942e-01
1.040360045511638520e-01
1.039043929469171124e-01
1.037839880821873895e-01
1.036654776943805867e-01
1.035829161437530621e-01
1.034764668304580110e-01
1.033781433539354283e-01
1.032793473727673522e-01
1.031768698106419052e-01
1.031543527986754499e-01
1.030096400426053493e-01
1.028920073479682867e-01
1.028113057177760109e-01
1.027194145111749862e-01
1.026726521764129152e-01
1.025568385851257786e-01
1.024331244495703536e-01
1.022916281929299731e-01
1.021303535396129725e-01
1.020897920624163208e-01
1.019568025308483644e-01
1.018256073518741950e-01
1.016883653194241149e-01
1.015505950614154773e-01
1.015805047036860559e-01
1.014433447696632823e-01
1.013367993810884021e-01
1.012265706876415428e-01
1.011180244438325965e-01
1.011018706537468032e-01
1.009992347380826438e-01
1.008942597270443969e-01
1.007867421169384159e-01
1.006508703472584060e-01
1.005170270339668381e-01
1.003856934212373486e-01
1.002252318268710973e-01
1.000777836614912542e-01
9.997717887145093907e-02
9.984969201797949667e-02
9.977119281452805077e-02
9.967423851650551725e-02
9.962133669199600694e-02
9.958058007489836716e-02
9.953654040683559967e-02
9.949316878267688846e-02
9.946485959335275850e-02
9.942993589610596428e-02
9.938951056759746938e-02
9.934867536937795618e-02
9.930638968587834903e-02
9.925236523806628408e-02
9.921206587452115200e-02
9.915902447388098839e-02
9.912549078310610440e-02
9.908273680368842595e-02
9.904635539357826979e-02
9.901251474539723985e-02
9.897079232471535370e-02
9.893482254321214753e-02
9.889635221296591561e-02
9.885594240448730696e-02
9.881993625607600473e-02
9.878927104961021666e-02
9.876126821847151793e-02
9.873621852478069172e-02
9.871245775804332601e-02
9.868488472203593154e-02
9.865392262106480181e-02
9.862071663508541197e-02
9.859742068606379417e-02
9.857246900750142593e-02
9.854417245225782773e-02
9.851804399753215369e-02
9.849131964280388729e-02
9.846498546939219665e-02
9.843284255788746495e-02
9.840360883553507521e-02
9.836110776459186522e-02
9.833436843396511917e-02
9.830765279024436532e-02
9.828553272870459157e-02
9.826457481182869491e-02
9.824128973519635766e-02
9.834965100682202532e-02
9.786674062205492908e-02
9.761017067111435463e-02
9.739361435705874703e-02
9.714675205498667088e-02
9.688130622405648207e-02
9.670224663307420976e-02
9.658850638685183287e-02
9.649122332858869888e-02
9.638581839138427032e-02
9.632651010994995600e-02
9.623571649677598039e-02
9.616593884918835100e-02
9.611656414190833386e-02
9.604807601362250202e-02
9.598480568745348940e-02
9.591742833526631373e-02
9.583345383718290533e-02
9.575002315037449419e-02
9.566784934933122986e-02
9.558598930296841045e-02
9.549582212463143815e-02
9.541432690405790562e-02
9.530637859356065611e-02
9.518709933463952166e-02
9.508409280854937529e-02
9.494898851062195944e-02
9.482391588821802164e-02
9.472708598011740644e-02
9.463132402725867032e-02
9.450580685552173454e-02
9.438382646567253231e-02
9.428647844019269475e-02
9.420125690423887532e-02
9.411429238831682531e-02
9.402903126096770481e-02
9.395752021501672935e-02
9.388681395773507132e-02
9.380617334516892780e-02
9.374257195557439415e-02
9.368576748920907915e-02
9.363529580695260923e-02
9.358902050519390947e-02
9.354407900031252998e-02
9.350225447832144487e-02
9.346112129822620185e-02
9.341628385272353341e-02
9.337001258399450776e-02
9.332161599687847919e-02
9.326944048103318063e-02
9.322501472542246703e-02
9.317751581802097283e-02
9.313587001169754132e-02
9.309561452336238829e-02
9.305963032286382330e-02
9.301218284342700759e-02
9.297279502208499746e-02
9.292851770689813939e-02
9.288802348497826600e-02
9.284336247670606224e-02
9.280555653659659787e-02
9.275570962944180986e-02
9.270461402494600822e-02
9.265353569136104694e-02
9.258814343117104106e-02
9.250513648742998696e-02
9.243131060814943623e-02
9.235363395469235737e-02
9.226275008795555010e-02
9.219266359354835738e-02
9.212119659713888242e-02
9.206466744354724341e-02
9.200028768964309267e-02
9.193454612153259542e-02
9.186286864790953188e-02
9.178587929233258946e-02
9.170401648504032666e-02
9.162189956401313451e-02
9.151725147913600256e-02
9.144103486203386533e-02
9.133627925696234662e-02
9.124271601107607210e-02
9.113919371450934781e-02
9.102864392189297105e-02
9.089813992054095182e-02
9.079434473533162797e-02
9.067723294616587826e-02
9.058935759222375150e-02
9.047001057311893080e-02
9.035914575036763097e-02
9.028340236591811396e-02
9.020755608200858866e-02
9.012813322839155483e-02
9.005398287964601345e-02
8.998499481577672265e-02
8.991897000244818139e-02
8.985523978491417874e-02
8.978194676163504806e-02
8.970139868749520129e-02
8.963242160113089885e-02
9.127018778747519878e-02
9.091811760088606975e-02
9.065125435499844786e-02
9.047642238650549507e-02
9.032378976509067292e-02
9.017026676287413778e-02
9.003919535382186312e-02
8.991184785258087009e-02
8.977657027306269744e-02
8.963874503472807342e-02
8.955664216990977256e-02
8.942548825395132961e-02
8.931664069978559328e-02
8.921816844817107017e-02
8.913385917623327381e-02
8.907649006212696452e-02
8.892018551698695206e-02
8.877386593938961512e-02
8.863654339240879809e-02
8.845412713276018524e-02
8.833760439090405925e-02
8.811247505944394542e-02
8.785769777546641179e-02
8.752914625860315490e-02
8.728709697016796831e-02
8.716160610023776512e-02
8.698272929269500187e-02
8.688034855623529007e-02
8.680184271248690686e-02
8.672289165222825391e-02
8.667534068641538636e-02
8.660512434227826684e-02
8.652995775361489728e-02
8.641930888365784158e-02
8.630021536350218625e-02
8.621780959855601667e-02
8.611004371481702224e-02
8.602702772883992488e-02
8.594373698866970834e-02
8.585496477205535604e-02
8.579473275065171989e-02
8.569153741768822941e-02
8.558671405957157807e-02
8.550327296989117254e-02
8.542329573339581261e-02
8.536352495588309108e-02
8.527491034790390945e-02
8.517703057587684701e-02
8.505663988200486136e-02
8.493985979645542195e-02
8.482077152093572825e-02
8.470249759459007322e-02
8.462296054010107205e-02
8.451947826177555467e-02
8.444863916412333193e-02
8.439106280939392968e-02
8.433748231674068063e-02
8.428857079101602368e-02
8.422802781475062506e-02
8.415993568070283259e-02
8.407528261822332094e-02
8.398027210207732740e-02
8.390924798004570362e-02
8.383827702413913785e-02
8.374494661745428281e-02
8.365328610705133339e-02
8.355692828717802001e-02
8.342953293876474719e-02
8.330326568270664256e-02
8.319687915376104692e-02
8.307786178855974812e-02
8.298109578219131643e-02
8.284229426911457472e-02
8.272050191143714981e-02
8.262047308389564026e-02
8.248765062599239251e-02
8.232262463284820142e-02
8.213508381033601813e-02
8.196327842870414215e-02
8.182380826907413585e-02
8.169176611925922649e-02
8.157721485466323808e-02
8.147688538729944141e-02
8.140303769339334028e-02
8.132139000531764250e-02
8.123189404823925874e-02
8.115734736118067338e-02
8.109089051479057009e-02
8.103620597007127335e-02
8.097183087995574180e-02
8.092945395271565479e-02
8.087704821317033554e-02
8.083229418043150205e-02
8.078930763296592044e-02
8.073221716704449824e-02
8.069037205710286043e-02
8.062944078590852937e-02
8.057164279541982610e-02
8.051172483065612007e-02
8.045643605012824107e-02
