3.935190844878450611e-01
2.493969896576770096e-01
1.797458651995391954e-01
1.399619024762322195e-01
1.148853978490628064e-01
1.224712921620925987e-01
1.025793053321677750e-01
8.828914344600358177e-02
7.501103601380001984e-02
6.498606873595642874e-02
5.796261929949909908e-02
5.185995387257626155e-02
4.731841914219011430e-02
4.379417922210077085e-02
4.092341288234217778e-02
3.884631756951265058e-02
3.624007015664573728e-02
3.406558072327087183e-02
3.246824500160958027e-02
3.094754960677935027e-02
3.008922086119814390e-02
2.876719554292144973e-02
2.748936390193460616e-02
2.644858546752349576e-02
2.563868738080193888e-02
2.526272359875298551e-02
2.429485972520434300e-02
2.336399172099744292e-02
2.259402355456007275e-02
2.187070716841758855e-02
2.170722440195155256e-02
2.108988702203538207e-02
2.051892677913572799e-02
1.998179670800823843e-02
1.948724180677592968e-02
1.936311392877392012e-02
1.881253688385001871e-02
1.830221343342487011e-02
1.784049127463616102e-02
1.743088595512654049e-02
1.735171581520845649e-02
1.694072089399294503e-02
1.653090786784231631e-02
1.621774488122439822e-02
1.589314353704132307e-02
1.575068312895926831e-02
1.544458723846313906e-02
1.514760425265730508e-02
1.486692934143160616e-02
1.459395424226951447e-02
1.434136494548081918e-02
1.410172571299748295e-02
1.388494121660521601e-02
1.364624724108444605e-02
1.338551403489140167e-02
1.317669944284670554e-02
1.296263460338023879e-02
1.276476555402632738e-02
1.256108911086232377e-02
1.236067804683076490e-02
1.217836253814230316e-02
1.200544549162840813e-02
1.181161118256060689e-02
1.163522325221340824e-02
1.148813133815813382e-02
1.134442453456771006e-02
1.119445326841199406e-02
1.107156502719317502e-02
1.094603141359171139e-02
1.083070735551053786e-02
1.069689037945530455e-02
1.056970289446718114e-02
1.044175232699809906e-02
1.032115552729864424e-02
1.019831300262455213e-02
1.007101944688688563e-02
9.942163029628435511e-03
9.841687630209166107e-03
9.738864273620905301e-03
9.638042959262680884e-03
9.542215494548591040e-03
9.457285047503627071e-03
9.359107747374403874e-03
9.273390305010875342e-03
9.179154044740329629e-03
9.092478166583381829e-03
8.989926007127087629e-03
8.902342520403058040e-03
8.799672407210908792e-03
8.724111365973206272e-03
8.638246493492603151e-03
8.555235766706428824e-03
8.485279448234444438e-03
8.423446266960463516e-03
8.332704151775600573e-03
8.259236796262356059e-03
8.184098422748304139e-03
8.114752083534066199e-03
8.052568123210392809e-03
7.986355657426918997e-03
7.482431880114434782e-03
6.944188601791922294e-03
6.542424618751381538e-03
6.178420599323357007e-03
5.883200505350564234e-03
5.614933519106395793e-03
5.371560547919343627e-03
5.120242795526894902e-03
4.932362419034739230e-03
4.724436191557389135e-03
4.547694384309807630e-03
4.397790145923991152e-03
4.223989505351895789e-03
4.090982104714674383e-03
3.969032281337983234e-03
3.846996010149062242e-03
3.734765422297389465e-03
3.621470481439641523e-03
3.521796485768670295e-03
3.423271612365805065e-03
3.318176375873059178e-03
3.231991114585896357e-03
3.158241866248064165e-03
3.092695186547428886e-03
3.022057179583042315e-03
2.956537019496714540e-03
2.876177682619020931e-03
2.811861062230293969e-03
2.751231971510045837e-03
2.691130304619717382e-03
2.643941131269907183e-03
2.592915248268556211e-03
2.537541932579958932e-03
2.488717455767822020e-03
2.443029730392659322e-03
2.403623339825710237e-03
2.354189115464752798e-03
2.307309171828136798e-03
2.264154365799769808e-03
2.223980079988340137e-03
2.191173330297537837e-03
2.156512459361431457e-03
2.117937434723819300e-03
2.081098586203475060e-03
2.045563750811237643e-03
2.017981190269026951e-03
1.984961348231773209e-03
1.954591698793262285e-03
1.924168754254720936e-03
1.893362824546829248e-03
1.867410190184751965e-03
1.841277006119483280e-03
1.815270307023605012e-03
1.784815820613120134e-03
1.759593079903134507e-03
1.735795558586906160e-03
1.712159086901094383e-03
1.691888131458494380e-03
1.671641688702885705e-03
1.649300358574471576e-03
1.627690823571277361e-03
1.605190856176721146e-03
1.587592972622268181e-03
1.569104404784201151e-03
1.551077782486540288e-03
1.533853102946495248e-03
1.517362639014470643e-03
1.500327231782308274e-03
1.483025751438362067e-03
1.467059351730234506e-03
1.450912748598834128e-03
1.435584381937471399e-03
1.419488291188883769e-03
1.403352503429028354e-03
1.387818760699117710e-03
1.372753413995350582e-03
1.359285108122632599e-03
1.345735479035090922e-03
1.333926012154420951e-03
1.319097235216582084e-03
1.307601679296349455e-03
1.293953739200623268e-03
1.280195435633655699e-03
1.267873431927381972e-03
1.256584958860983495e-03
1.243858554965081731e-03
1.232466422061254639e-03
1.220960344643489629e-03
1.209548049874444812e-03
1.198443966723083953e-03
1.186434283055836031e-03
1.175456079669534712e-03
1.163797858330698886e-03
1.152943109197307470e-03
1.141351824179489714e-03
1.130677908861092143e-03
1.121433402290373995e-03
1.112716265952918681e-03
1.102323773771201514e-03
1.092169645192550467e-03
1.411919455531572944e-03
1.222435039503234249e-03
1.123516365043926912e-03
1.057660102896122375e-03
1.011099590122895757e-03
9.674985327038713697e-04
9.339328086504570907e-04
8.961761496813692345e-04
8.625356709485675327e-04
8.338247264799436304e-04
8.004648043623135978e-04
7.702263785393191880e-04
7.449742506960116114e-04
7.166606536303779442e-04
6.907316116916281060e-04
6.683896997583706331e-04
6.462833597682958757e-04
6.244285116449529733e-04
6.037001902146073946e-04
5.821081480289526117e-04
5.618367502817498338e-04
5.434310423679281033e-04
5.275104083963919228e-04
5.115965171969229968e-04
4.956522219589077054e-04
4.805121555223865778e-04
4.637042282647338334e-04
4.501254501206222573e-04
4.371922299179399228e-04
4.233189115100382399e-04
4.128593477969572621e-04
3.995868513613494801e-04
3.870497843030830235e-04
3.756896420419894122e-04
3.638694127435056149e-04
3.537089572960462483e-04
3.436911661692791014e-04
3.339473899299059837e-04
3.246398084374460492e-04
3.151812305478957597e-04
3.087281206555679233e-04
3.000135163915535570e-04
2.916463383087280971e-04
2.845116177220794211e-04
2.769565742978305056e-04
2.699653805236619996e-04
2.626157761040860596e-04
2.554095464075356527e-04
2.489243109422280514e-04
2.422047337924335142e-04
2.363128336065459841e-04
2.310903712665855747e-04
2.258765930708153213e-04
2.202070252303690780e-04
2.149835206366012392e-04
2.096251310599174078e-04
2.049294570259050654e-04
2.007914651182225512e-04
1.963767246324021290e-04
1.919177401207977640e-04
1.877602227990983214e-04
1.840753542320070239e-04
1.800816046513124846e-04
1.760290284160550905e-04
1.720576654887328151e-04
1.683469598452101939e-04
1.642386775989657425e-04
1.604621412372031085e-04
1.567594871937940098e-04
1.534055647891976277e-04
1.502248677406707307e-04
1.471004538736639920e-04
1.440003682169748182e-04
1.404758591373556173e-04
1.370998880361641451e-04
1.343963361278390552e-04
1.320046237893263098e-04
1.295457454061398961e-04
1.271291607416055410e-04
1.248333615943099167e-04
1.223819769381388853e-04
1.199636184051401688e-04
1.175493277733550705e-04
1.154244856461941017e-04
1.129885662699525966e-04
1.108596246193378776e-04
1.090065912941425887e-04
1.070246376706806196e-04
1.049743518788599274e-04
1.031341142588206315e-04
1.012740981325675353e-04
9.940975474632359518e-05
9.762504001201337072e-05
9.584533915730867064e-05
9.395528434377830413e-05
9.210477130562875244e-05
9.021181123685028606e-05
8.822680236008573966e-05
8.646707998406088927e-05
8.460310628754609595e-05
5.187026831442276102e-04
3.749863127663146962e-04
3.012750737212268140e-04
2.527748907092245735e-04
2.199893827162211521e-04
1.924071285297880118e-04
1.685270651255964518e-04
1.520114316577739157e-04
1.382355939915760662e-04
1.254424581194733693e-04
1.160975550434273942e-04
1.067380789738891757e-04
9.953333793658988220e-05
9.240386102885282010e-05
8.627566765500883092e-05
8.113056666022859151e-05
7.652246366257077752e-05
7.277773210514290483e-05
6.936291087665551929e-05
6.634053010969735481e-05
6.323906759925697091e-05
5.981235972516103159e-05
5.737623100484564453e-05
5.501283396758023666e-05
5.273012778683260033e-05
5.047991825231382216e-05
4.837610815904195660e-05
4.633247640731113923e-05
4.451670939097034883e-05
4.313085173241138832e-05
4.186242500676225968e-05
4.054984377286107090e-05
3.926219693302257399e-05
3.788031107539993267e-05
3.683564835901352027e-05
3.565848654189201740e-05
3.424682063537641557e-05
3.301156077289026764e-05
3.169161600014141762e-05
3.056770132041283637e-05
2.934994207655692813e-05
2.849020253940600617e-05
2.767408699110548420e-05
2.684021590272252968e-05
2.589307621682513589e-05
2.510480547233501182e-05
2.431334033429808931e-05
2.352848944819573064e-05
2.273639685394407924e-05
2.197976068616276239e-05
2.123742081455471813e-05
2.060889850227327487e-05
1.999497450292701491e-05
1.942133279550163868e-05
1.883953412659438093e-05
1.824012260371097829e-05
1.773058973378868682e-05
1.722468087067703839e-05
1.673220768561424235e-05
1.609885234043994769e-05
1.563754168193106338e-05
1.514237727725295846e-05
1.471259452715479243e-05
1.426978728911093177e-05
1.387610880202333699e-05
1.348534728768910576e-05
1.307169018361485380e-05
1.268323279401917272e-05
1.235316528394972818e-05
1.203381282452144176e-05
1.172350288672766330e-05
1.139770708205728252e-05
1.110294735938730622e-05
1.076549417404179846e-05
1.048548622532856167e-05
1.016288126791926077e-05
9.910935441674740065e-06
9.670757296267257431e-06
9.470656831050213399e-06
9.308987323691377100e-06
9.162750545856660568e-06
9.011399561896724368e-06
8.848624500565393445e-06
8.661224675008405969e-06
8.447767413589168259e-06
8.213063331507665225e-06
8.025112010726164507e-06
7.837440419450994962e-06
7.682659794738772602e-06
7.556348659523915695e-06
7.411936999078565047e-06
7.274610664002410149e-06
7.156070058562204983e-06
7.032949133314973721e-06
6.921555754110669246e-06
6.782269808561028899e-06
6.641577213917414079e-06
6.514715513882458739e-06
6.387905109678620003e-06
6.260450426172622756e-06
5.903657137982207563e-04
3.610173707536773143e-04
2.500852764156098989e-04
1.839600753950397061e-04
1.429539607967854461e-04
1.127270843590057089e-04
8.829582185612091280e-05
7.360262204806044531e-05
6.041029070305740321e-05
5.112924695487236840e-05
4.401922105512988246e-05
3.816495108532295418e-05
3.287282302018710347e-05
2.829475515950512237e-05
2.460395719978952501e-05
2.174919949869173088e-05
1.939525720106061337e-05
1.733109510023118449e-05
1.572708669170762557e-05
1.438978826158980296e-05
1.297075291668708714e-05
1.191093205021263552e-05
1.100736744389970697e-05
1.025806670901893662e-05
9.571416525141795937e-06
9.048946216582153700e-06
8.536248294756704257e-06
8.107019025209991677e-06
7.732362530583010337e-06
7.384840272873204126e-06
7.100940655984844199e-06
6.861570240164595570e-06
6.657876928862515418e-06
6.431970922061555339e-06
6.216308977935962881e-06
6.072657414594649527e-06
5.910972707234802637e-06
5.780524030688810683e-06
5.657857767731577566e-06
5.549313719865681929e-06
5.456840887874231791e-06
5.360065178994872633e-06
5.262737444591713831e-06
5.179525029904261219e-06
5.089048175955295460e-06
5.011742497529013701e-06
4.935463236911638324e-06
4.871572925408805221e-06
4.788165068131499407e-06
4.714185826897572593e-06
4.639264298743796227e-06
4.561992279351035181e-06
4.481252922775412805e-06
4.396872181024872257e-06
4.312342105136135076e-06
4.226509794480783371e-06
4.136268685861994422e-06
4.056660340479278531e-06
3.960308607627147006e-06
3.863118678881467068e-06
3.768323507218949361e-06
3.669989928928865971e-06
3.581307126497806063e-06
3.483778124095869574e-06
3.374126495995998187e-06
3.275728202300047717e-06
3.188366016297377818e-06
3.092060344331951940e-06
3.010538831507712136e-06
2.928673745649207091e-06
2.848115612638272128e-06
2.780342556473600348e-06
2.707015400681798887e-06
2.636310571166505906e-06
2.573599307299494271e-06
2.491138482062035215e-06
2.426721135823504598e-06
2.363601041030552882e-06
2.283779555140707108e-06
2.208832080910641139e-06
2.142265099562531879e-06
2.073006356002506869e-06
2.005983564353885314e-06
1.941378077380200211e-06
1.870434610275291526e-06
1.806870715532426678e-06
1.742906382968408043e-06
1.676523971684085816e-06
1.607428294043598473e-06
1.543012665787887366e-06
1.478813597368390527e-06
1.427407183459115568e-06
1.381434748967658136e-06
1.336942407375811633e-06
1.299095281269950155e-06
1.257540634191412340e-06
1.218528795004120831e-06
1.180272136447583524e-06
1.135242170410073455e-06
1.101319237814429540e-06
