7.393786724219834072e-01
6.615626369365118498e-01
5.778866729494065435e-01
4.835581108741225931e-01
4.349862485739369733e-01
3.954931424830769315e-01
3.616047375083911164e-01
3.087759716326348158e-01
2.715009485784389276e-01
2.526500762850114601e-01
2.275684262087096787e-01
2.134149882326595582e-01
2.020120878744969539e-01
1.918054411328873055e-01
1.810932567900416790e-01
1.717292621700757249e-01
1.651061772547529061e-01
1.522727707594883351e-01
1.451977249099873912e-01
1.386564048318500997e-01
1.325569329303952493e-01
1.285393184915076537e-01
1.243629147708429916e-01
1.209015315779286420e-01
1.168647369551064491e-01
1.133273839251437570e-01
1.085855904913063108e-01
1.042882808467135713e-01
1.013632069220407328e-01
9.843511392287258854e-02
9.119708235864662504e-02
8.591021801034037786e-02
8.343048731508448390e-02
8.109663714974128801e-02
7.762775184469636325e-02
7.514339194306959846e-02
7.389296783342721997e-02
7.280610814658791674e-02
7.169900808174417550e-02
7.066105928915371315e-02
6.985976700318137500e-02
6.894662916797951457e-02
6.802996059890616121e-02
6.715822292458324683e-02
6.582926622337312295e-02
6.476496330804694390e-02
6.393934144582077983e-02
6.321342678392437298e-02
6.252589777441541763e-02
6.189689793993300576e-02
6.120193046109852902e-02
6.048676789032204210e-02
5.954635354021691612e-02
5.876814235524230323e-02
5.761737432581567203e-02
5.650161182561555528e-02
5.573048669421185042e-02
5.486019920222146712e-02
5.428752242382740151e-02
5.242595705403892831e-02
5.060716028972430530e-02
4.867526337233572115e-02
4.702136289854563084e-02
4.627425049525163425e-02
4.565446203027531680e-02
4.402320162146646648e-02
4.266981279980642389e-02
4.224744228893608650e-02
4.185741969428843912e-02
4.159860998664807047e-02
4.132815434690850082e-02
4.107134732535865779e-02
4.082148399431001495e-02
4.057514496842459795e-02
4.024629748133155827e-02
3.993104983176549300e-02
3.970691290239913851e-02
3.888008863280335153e-02
3.827927336298130034e-02
3.666559063749966207e-02
3.536547077006808870e-02
3.517995190421900620e-02
3.498305677751685494e-02
3.471710817065500748e-02
3.432677910336359717e-02
3.411631644568084709e-02
3.384618762032284844e-02
3.355597022392620143e-02
3.337425366939333199e-02
3.315246396477391361e-02
3.232501457010989593e-02
3.175175471663207322e-02
3.152691756162945280e-02
3.130138407543720663e-02
3.119944129495027738e-02
3.105822271236682169e-02
3.090818891998615286e-02
3.072668407891864656e-02
3.059298134942366187e-02
3.040076405060913520e-02
3.028228908061131666e-02
3.019091572668995346e-02
3.009162114787527001e-02
2.994123775371220972e-02
2.979335297282188072e-02
2.966461803953062207e-02
2.949433411285267218e-02
2.938647838294890235e-02
2.927873415949662841e-02
2.914498419044765642e-02
2.902037635331474255e-02
2.881901580922105466e-02
2.865085977938859607e-02
2.843547044964286202e-02
2.827787866460422170e-02
2.818647398985067373e-02
2.807754242789225682e-02
2.799492185562710636e-02
2.790700554133731040e-02
2.780072717941244054e-02
2.770165738511132236e-02
2.763353929337259568e-02
2.755139666446938806e-02
2.719947597262272615e-02
2.691588786112562859e-02
2.675139554270379236e-02
2.659252035088795901e-02
2.648067004386876408e-02
2.635871841685644840e-02
2.613636135363227656e-02
2.584816333353649742e-02
2.566856324057804548e-02
2.549206597663480206e-02
2.543235313237174680e-02
2.536712950063869931e-02
2.519041754460524946e-02
2.501255881486015922e-02
2.484645376972345610e-02
2.471768226886315173e-02
2.458554956887684662e-02
2.443918957244025844e-02
2.437174507068415319e-02
2.424163424212984891e-02
2.413898072853665894e-02
2.400731852975517347e-02
2.386761876945520111e-02
2.380092946381321892e-02
2.373426878067282086e-02
2.367778806588766508e-02
2.362697831298595647e-02
2.357942716729580918e-02
2.351908047151393677e-02
2.346160848728983533e-02
2.338483182250419845e-02
2.330667614228995599e-02
2.325647788547996128e-02
2.320562607021047635e-02
2.316276151134722891e-02
2.310817966097657161e-02
2.305548719405123292e-02
2.300251242337105623e-02
2.295198414842778561e-02
2.287464478406753959e-02
2.280022439375662194e-02
2.275279509000114816e-02
2.263691164758477314e-02
2.251707499756635394e-02
2.245663902715352989e-02
2.240100157635433603e-02
2.233972697256642395e-02
2.229036375608825504e-02
2.223286873968642607e-02
2.216996588032873333e-02
2.211685336901713858e-02
2.205802393671857722e-02
2.196233145682894433e-02
2.187158530887352292e-02
2.180325200706086791e-02
2.173921012179579407e-02
2.163342695504796853e-02
2.152378376219217862e-02
2.145109431684777759e-02
2.137090249668693182e-02
2.129008115565434942e-02
2.121668837933915475e-02
2.117212697816476391e-02
2.112748583100271943e-02
2.105349879703715538e-02
2.096587423757603763e-02
2.088082586747354655e-02
2.083572163897175894e-02
2.078361082746444863e-02
2.070645438540145988e-02
2.065225017209326025e-02
2.059085878029899216e-02
2.052545123157098125e-02
2.045889060263268722e-02
2.040057949376870849e-02
2.034510938291962667e-02
2.029334916162375824e-02
2.023400530945327139e-02
2.016289241263275259e-02
2.008724201228063305e-02
2.000621883451457472e-02
1.991218633676042349e-02
1.972308549815733267e-02
1.954973048959532389e-02
1.950894727032309248e-02
1.945163279546767432e-02
1.939585941699390956e-02
1.935816894027038437e-02
1.931811522349939289e-02
1.928238552754039242e-02
1.923968142534481299e-02
1.918147557035027734e-02
1.913332862306340795e-02
1.909749774362470842e-02
1.904612931917739130e-02
1.899604605045571853e-02
1.893834622526971434e-02
1.888572704575270864e-02
1.878230341894646452e-02
1.866725469262232873e-02
1.859175220317488275e-02
1.851392173718287293e-02
1.844532349625773934e-02
1.837028958161450801e-02
1.824411232582719145e-02
1.813545111991809317e-02
1.807347522400382100e-02
1.800753986211039645e-02
1.790940022789175648e-02
1.783625881482052422e-02
1.779943799144199576e-02
1.775715203394224659e-02
1.770192485397422896e-02
1.763655605113657182e-02
1.760669959136272611e-02
1.757220023796229533e-02
1.753589838726900621e-02
1.750217042965775821e-02
1.746844450614442462e-02
1.743374795456971091e-02
1.740199244399770126e-02
1.735704251153326327e-02
1.732059431849185607e-02
1.727981571777783415e-02
1.724003457833089142e-02
1.720268324894582909e-02
1.715056453667655745e-02
1.709619553631616662e-02
1.705590932334499418e-02
1.700922064013601909e-02
1.698307390933187500e-02
1.695700295539563987e-02
1.692841857981715672e-02
1.689977604384313922e-02
1.683841118583475488e-02
1.678944057335527568e-02
1.672644956318199150e-02
1.666830203018381668e-02
1.664129696382082857e-02
1.661284440872514909e-02
1.658050154525021400e-02
1.654426277786357619e-02
1.651740306764510821e-02
1.647465342016595988e-02
1.642810184489600089e-02
1.639659247457583152e-02
1.635279005013211967e-02
1.630762603701518126e-02
1.627331075268813668e-02
1.624119280769738966e-02
1.620570063270090552e-02
1.615996506372289337e-02
1.612790444019087180e-02
1.609710221008336939e-02
1.607186429553825874e-02
1.603962244749389948e-02
1.601120722962710852e-02
1.598376575505623329e-02
1.595966323925746694e-02
1.589447525504569109e-02
1.582074546793155179e-02
1.578180875519885618e-02
1.571957551515870688e-02
1.567815373545730639e-02
1.563936646322927268e-02
1.560308574925904287e-02
1.556737843531330601e-02
1.553636526904932785e-02
1.550259694342951897e-02
1.547600459348466052e-02
1.518675131454415989e-02
1.493481578364171114e-02
1.489104932810450359e-02
1.484477033519386591e-02
1.479967436811801054e-02
1.474826038923564807e-02
1.470913080651815343e-02
1.466815745288594861e-02
1.464078542656873337e-02
1.459613129148126624e-02
1.455837855318619159e-02
1.453804634690510598e-02
1.445115655951971501e-02
1.436721369465339057e-02
1.431579643429943018e-02
1.425506866466885215e-02
1.423238949159730087e-02
1.421202634851101258e-02
1.418688343813853496e-02
1.416667816527621658e-02
1.412265676301307192e-02
1.408260764876809353e-02
1.406391692104341611e-02
1.404100628300294917e-02
1.401920292969766405e-02
1.399724143869834729e-02
1.395659433950304819e-02
1.391556668530102847e-02
1.386495873872728435e-02
1.381705312137422939e-02
1.377295005025907029e-02
1.373305526303694908e-02
1.370895999817768780e-02
1.368001264260088057e-02
1.364916939755982106e-02
1.362055559683946968e-02
1.359133416260332669e-02
1.355734210588929733e-02
1.353615319117455577e-02
1.351092809080495054e-02
1.348798407003641391e-02
1.346645056940124624e-02
1.344421207233062986e-02
1.340644771203615762e-02
1.337318062299883495e-02
1.334517028622690671e-02
1.332195818520821862e-02
1.329193558361040604e-02
1.326841401471038490e-02
1.324625987176434108e-02
1.322517403347466848e-02
1.319609787740686803e-02
1.316056818619144690e-02
1.312296283188560744e-02
1.309132004960874250e-02
1.306861711702859280e-02
1.304610770940760507e-02
1.301841365619211058e-02
1.299223070736203224e-02
1.296442867211769143e-02
1.292809991987194269e-02
1.288462972994283695e-02
1.284709639705031332e-02
1.278949109997215387e-02
1.270238235694838395e-02
1.258741891085817660e-02
1.247409884174420676e-02
1.237283373161023395e-02
1.228085833274603252e-02
1.225698430059441076e-02
1.223163244049156606e-02
1.220624261977911428e-02
1.217969690988661077e-02
1.215976379983354713e-02
1.213275148787871030e-02
1.210327469335727851e-02
1.207776452184053384e-02
1.205512982582688034e-02
1.202618698044090155e-02
1.200635778224551711e-02
1.199129819977094030e-02
1.196136247283448306e-02
1.193560555136590103e-02
1.191279582475737037e-02
1.188388675053328285e-02
1.184287250483658481e-02
1.180379633242487243e-02
1.178618155473091025e-02
1.176159300860453796e-02
1.173979109320303846e-02
1.171653339114222918e-02
1.169770523026264324e-02
1.166375084763952505e-02
1.161914290352034085e-02
1.159450984067488671e-02
1.156968904130760596e-02
1.154186536226968832e-02
1.150553068508280291e-02
1.148283143540481353e-02
1.146068775877156359e-02
1.144012834603028855e-02
1.141531679050399907e-02
1.140119333978981825e-02
1.138621572818378398e-02
1.137087750615737615e-02
1.135603279196128329e-02
1.134190456129881112e-02
1.132417722641926305e-02
1.130628509067768510e-02
1.129057117090520590e-02
1.127781412262759617e-02
1.126495417437683305e-02
1.124759139167875663e-02
1.122493356166285976e-02
1.118844145283475096e-02
1.115782380842728592e-02
1.112700829887869509e-02
1.110137856533607338e-02
1.107800755358070120e-02
1.105546835784792202e-02
1.103541317464276118e-02
1.099742527251804797e-02
1.097726048494753436e-02
1.093846592610257448e-02
1.090341334140485126e-02
1.089092357652552030e-02
1.087116396130742568e-02
1.081503605395851483e-02
1.076988180770895552e-02
1.074276442568408013e-02
1.071578947512523590e-02
1.070172847994147781e-02
1.067648340364348893e-02
1.065137493842119830e-02
1.063792484994362242e-02
1.062300748245298410e-02
1.061037641601601106e-02
1.059712593847082600e-02
1.057348246281902826e-02
1.054949794836512918e-02
1.048413928597613162e-02
1.042106453187970072e-02
1.039752320711099902e-02
1.038006294697556113e-02
1.036645958771948740e-02
1.034726949775290755e-02
1.033090267958189368e-02
1.031727657713372125e-02
1.027498144168806360e-02
1.022210554090924491e-02
1.020721001225141644e-02
1.019428683688525239e-02
1.017989030970082621e-02
1.016689398773817227e-02
1.014973120002458928e-02
1.013603475694627165e-02
1.012412511050853406e-02
1.010813215501517488e-02
1.009194148008481229e-02
1.008039401862730403e-02
1.006585673502126410e-02
1.005213683150014796e-02
1.003698217872270142e-02
1.002206710883524372e-02
1.000866241877373247e-02
9.996946981744430152e-03
9.985027489076732723e-03
9.973567760523443723e-03
9.961709616270037621e-03
9.949547783298122103e-03
9.935663008433367679e-03
9.920543318162011043e-03
9.905666126671600763e-03
9.889330010031279622e-03
9.871842851105198935e-03
9.859528371523896065e-03
9.846802661193638020e-03
9.834056100159485614e-03
9.809930299689595748e-03
9.774897035114834057e-03
9.762426748295464918e-03
9.734833233393868496e-03
9.713705754429998937e-03
9.699901750441778520e-03
9.686403932340274109e-03
9.674828172970125970e-03
9.662158507697547749e-03
9.648312608853111191e-03
9.635064979039445476e-03
9.621822634120785755e-03
9.605664398716457289e-03
9.590016491834723808e-03
9.576682863382205563e-03
9.563282495645768558e-03
9.550356896752853694e-03
9.536344320106799125e-03
9.525688573141828305e-03
9.512994053246525555e-03
9.500425593818986880e-03
9.485143531376107745e-03
9.470754157258124556e-03
9.457797123065546027e-03
9.446916932496109490e-03
9.436436224701692452e-03
9.426022582913905559e-03
9.410399723051889043e-03
9.273099376240503955e-03
