9.901356650237265189e-01
8.807993260291462345e-01
6.972854671037550522e-01
2.584460959206288932e-01
5.727821997279243516e-02
2.440333997423561538e-02
9.432759498118767350e-03
3.712561220521266251e-03
2.132922139201599235e-03
9.733105358201659231e-04
5.935722573356481263e-04
4.458937347968549756e-04
3.698514164771973811e-04
3.023945981787100616e-04
2.623985603552956973e-04
2.355500619480877520e-04
2.110126380350850570e-04
1.909601896435517046e-04
1.803117337807558587e-04
1.657439174266884261e-04
1.499485083464823757e-04
1.367997791347357625e-04
1.283541798126736327e-04
1.215369566887367721e-04
1.094692265461925772e-04
9.889249560917011915e-05
9.198877982262178819e-05
8.725658238253577092e-05
7.687979214035792674e-05
7.034622979833860890e-05
6.705162544340102803e-05
6.357544802297955577e-05
6.120127412205468489e-05
5.976990584404357024e-05
5.802121509651042623e-05
5.627707202047193966e-05
5.406903841190035609e-05
5.221221420082959369e-05
5.093967419643802481e-05
4.847555212677089726e-05
4.604325888590214255e-05
4.210277464516815185e-05
3.881276901891954204e-05
3.812855722992575372e-05
3.706034757478276505e-05
3.607312916817949410e-05
3.523461443129931867e-05
3.443826256282694025e-05
3.320714383406524574e-05
3.221216339936566200e-05
3.161313249782967408e-05
3.108562899045264305e-05
3.083764074714111892e-05
2.777312913458024649e-05
2.430402212320516032e-05
2.365056731931612023e-05
2.301625774045501740e-05
2.135522410826266312e-05
1.915829680035968858e-05
1.897311281125669383e-05
1.880446899796956833e-05
1.868078839226551451e-05
1.853273989600159191e-05
1.832826578574432618e-05
1.814346172414317448e-05
1.799824551146216270e-05
1.779735013636859445e-05
1.756718200840139883e-05
1.741704729697993401e-05
1.711231864206482609e-05
1.675293069112897664e-05
1.625389750405884653e-05
1.574633626500297569e-05
1.562787289651398282e-05
1.547637010762154414e-05
1.541075415053035763e-05
1.513859874202898047e-05
1.486781089928167913e-05
1.449475771188532998e-05
1.401085917374909476e-05
1.386347771488057351e-05
1.371483943980743584e-05
1.320501901093806011e-05
1.275725019785805062e-05
1.215520640480858871e-05
1.169587595746879381e-05
1.149189325510633210e-05
1.130145388874451712e-05
1.123190153309051514e-05
1.112290840220064393e-05
1.107475273925891936e-05
1.102335844314355039e-05
1.094589464404634302e-05
1.088105035870885775e-05
1.082044366759693534e-05
1.076485302756757901e-05
1.069332750392498125e-05
1.062891106069728926e-05
1.059796563911808357e-05
1.054932411905767011e-05
1.044235171565522110e-05
1.033157693366327124e-05
1.023249478541157405e-05
1.014223278918439685e-05
1.003772389226205537e-05
9.930800293601102824e-06
9.903323451535298730e-06
9.837055456379037506e-06
9.766063035130068083e-06
9.704491470738550664e-06
9.654493292645934064e-06
9.603543085326676838e-06
9.537698873367797596e-06
9.493749108708632946e-06
9.439241546369352866e-06
9.387942759947833399e-06
9.264019447042180202e-06
9.147066920577314277e-06
9.016794636276033881e-06
8.901559033836258241e-06
8.877124582910234855e-06
8.797249485742199136e-06
8.722403705072998052e-06
8.683026773104884859e-06
8.642240941643474194e-06
8.604901008315634793e-06
8.388129609271352446e-06
8.170912650489222433e-06
8.123189705897163564e-06
8.064594276031355287e-06
8.008486268750003009e-06
7.971625046337123827e-06
7.655353242584373970e-06
7.387690340172476782e-06
7.285413649645595399e-06
7.183543368159066544e-06
7.092547908482924824e-06
7.004328336728917895e-06
6.966353223813621050e-06
6.926514869833046027e-06
6.908432128558897193e-06
6.877486357216383213e-06
6.845959044943477236e-06
6.809304224883424279e-06
6.776713187621843664e-06
6.736066538409483819e-06
6.693373163380334204e-06
6.664288017013297492e-06
6.627626900974052777e-06
6.600628412044631121e-06
6.575996301185177752e-06
6.459130095471267244e-06
6.201917054675305591e-06
6.161526994797944515e-06
6.128219664099005669e-06
6.086268745420330026e-06
6.039331515434281420e-06
6.000062769498408051e-06
5.960665314452676132e-06
5.929577388962451010e-06
5.892984352069853261e-06
5.848341572605245707e-06
5.803141806918084403e-06
5.777144561429373173e-06
5.752221918663263911e-06
5.662232141482179637e-06
5.588322836893567845e-06
5.555841215450133986e-06
5.528847751543614318e-06
5.505236237219737588e-06
5.486128711797574211e-06
5.472724453214025538e-06
5.461057837034212033e-06
5.452584332667074468e-06
5.412156492235189469e-06
5.375225085234969536e-06
5.352845562343790047e-06
5.327431563286052613e-06
5.312830321123984833e-06
5.276497878500767928e-06
5.243482046440899445e-06
5.232498837818047691e-06
5.218598168946122695e-06
5.200779259430096728e-06
5.183428945308316253e-06
5.159095930357469642e-06
5.132452899116171328e-06
5.119362298496921925e-06
5.097673714684072767e-06
5.085044629899508777e-06
5.058734820169167776e-06
5.031184740263286129e-06
5.017404181159589737e-06
5.001919041821100459e-06
4.987351472267276198e-06
4.974200513676073125e-06
4.964868100753589547e-06
4.952180698208154815e-06
4.939495279662364750e-06
4.928805807060889524e-06
4.917980938803056119e-06
4.909688322833856894e-06
4.881108873141175033e-06
4.850152212605266484e-06
4.832776574507507057e-06
4.812162785591812030e-06
4.788486036648166274e-06
4.767201454786772746e-06
4.746407049597106180e-06
4.713643497983361829e-06
4.698660987412812143e-06
4.678200698006193657e-06
4.669393971148789778e-06
4.650831776228484252e-06
4.629756695820958152e-06
4.612956321217421476e-06
4.587438464684829621e-06
4.499417777201482955e-06
4.424702024967712165e-06
4.400785768932857194e-06
4.376021005038383270e-06
4.353800902170514322e-06
4.330026703806626121e-06
4.322007826127637372e-06
4.301219393928537785e-06
4.280100468615173250e-06
4.255895437814369296e-06
4.220260092231206678e-06
4.211726077111686686e-06
4.204797414734276876e-06
4.196275509213974869e-06
4.184925875137858316e-06
4.174361099653730528e-06
4.167519936172712365e-06
4.157277978092747081e-06
4.146696737146186832e-06
4.135847742727774131e-06
4.124612280038329027e-06
4.109993524171582032e-06
4.095714693473922831e-06
4.074620085399497833e-06
4.057668670111895789e-06
4.039804377413921230e-06
4.022786419477072479e-06
3.984655007393240228e-06
3.950224008932137469e-06
3.935036907128901223e-06
3.918369514063704280e-06
3.908763042670315762e-06
3.898898852494531422e-06
3.881996168656465704e-06
3.865871890022708114e-06
3.854863023060169353e-06
3.839887122177454194e-06
3.824125280450610261e-06
3.807609787292030922e-06
3.789042883368378734e-06
3.770158627619275821e-06
3.758132283717609668e-06
3.743430813212464545e-06
3.731976695927436139e-06
3.721166413269820307e-06
3.712674743194678252e-06
3.697641870215643599e-06
3.691176573848735859e-06
3.681487636342595890e-06
3.674041008753454011e-06
3.657541854044712033e-06
3.638428707301123414e-06
3.612804781565093620e-06
3.589307727849326564e-06
3.562810360041639611e-06
3.519240730705903977e-06
3.475835000407375145e-06
3.429571239784702458e-06
3.371463935063635437e-06
3.302172468065753038e-06
3.291997024000164108e-06
3.281200852929054265e-06
3.270717220353616008e-06
3.261477718780317125e-06
3.256823317522783737e-06
3.250890379371501041e-06
3.243797644553903749e-06
3.237502396860140923e-06
3.223283458776285836e-06
3.207149734579259955e-06
3.198024335296267555e-06
3.188797410917082143e-06
3.170239074952238059e-06
3.147108222613080201e-06
3.119363936227232879e-06
3.084302167444319791e-06
3.068394410758912270e-06
3.053110173440062831e-06
3.050240611401349696e-06
3.043796930799154052e-06
3.036386212142208590e-06
3.030512443973349241e-06
3.013145734806932384e-06
2.994069598622546657e-06
2.985890143768483347e-06
2.977592681174385986e-06
2.968647392503236898e-06
2.961060396555507315e-06
2.952761060520565815e-06
2.941057449731548697e-06
2.930879365044945020e-06
2.921266794987035128e-06
2.877908287466388305e-06
2.834005257700403713e-06
2.822723403396623994e-06
2.812342360314122678e-06
2.807829879274418877e-06
2.800194727737899029e-06
2.796994898451192415e-06
2.792944365441808864e-06
2.788815225009686613e-06
2.784903666857142041e-06
2.774985305593325468e-06
2.764446949128317556e-06
2.754420320432995897e-06
2.743145554353697151e-06
2.734967358195962803e-06
2.724535976647437658e-06
2.708750135313439744e-06
2.691475550155118006e-06
2.683956432921711165e-06
2.678815279789536909e-06
2.657010861098694208e-06
2.639176490934041573e-06
2.636640435478137096e-06
2.631809180283057867e-06
2.627116425153144388e-06
2.622213268002867970e-06
2.618407409937036845e-06
2.610937734970497043e-06
2.600385202482547490e-06
2.593334738063808081e-06
2.586139544513286278e-06
2.581861489382975532e-06
2.548143842234598705e-06
2.516920731311306121e-06
2.511132330303309100e-06
2.503216920257960061e-06
2.487600340734500891e-06
2.475341490222387853e-06
2.472965078813682753e-06
2.462835472139230493e-06
2.450941684186151289e-06
2.435993111072778923e-06
2.422844734168817666e-06
2.415655591686860672e-06
2.407798563112132792e-06
2.405551234636583185e-06
2.402037203599116144e-06
2.399399158643508263e-06
2.397366456230995614e-06
2.393152863102993722e-06
2.389041292042456453e-06
2.386894605548836887e-06
2.383285996370378003e-06
2.379546933478303135e-06
2.377486439280961400e-06
2.368140255412587896e-06
2.358507356661944766e-06
2.348392076593894068e-06
2.338535046629062575e-06
2.333630861470553079e-06
2.329106647405169253e-06
2.327135800944865229e-06
2.323679885249804488e-06
2.319445609929466128e-06
2.316725088233650799e-06
2.313448906825765547e-06
2.309087088349863370e-06
2.307078668190010688e-06
2.304477710315397328e-06
2.301752328187987953e-06
2.294607014380868628e-06
2.287746788280655926e-06
2.276425430428646584e-06
2.264797044572668998e-06
2.242166970887504327e-06
2.220002397229472276e-06
2.200995093823923416e-06
2.184666191169206148e-06
2.074419691799015450e-06
1.966608968739869589e-06
1.964759121345296435e-06
1.962207783955824586e-06
1.959341834663121292e-06
1.957287992520829065e-06
1.954875446933889178e-06
1.952721411233487823e-06
1.950469750130391366e-06
1.947811469916153169e-06
1.944077555934385073e-06
1.940628269212121245e-06
1.938511851329003746e-06
1.937052411368883175e-06
1.928040323028738404e-06
1.918149085036228416e-06
1.910827317856783858e-06
1.901698174950649941e-06
1.897567600586294653e-06
1.893246626056060325e-06
1.890369640319582907e-06
1.886809082458908261e-06
1.885084582868998987e-06
1.883496601628570130e-06
1.880137582881589949e-06
1.876915849376484312e-06
1.875838902316845361e-06
1.872157082228065110e-06
1.867865171777206002e-06
1.865941314762549610e-06
1.862259418702683611e-06
1.858689815455697049e-06
1.857369586561900053e-06
1.855762608829296686e-06
1.854381423485095173e-06
1.853043690243135269e-06
1.845963421125284606e-06
1.839023352215100307e-06
1.836114211060724504e-06
1.833554439878003767e-06
1.829735314470565574e-06
1.825946949164623724e-06
1.818689483305003772e-06
1.809580354892313736e-06
1.805191489164813376e-06
1.798794029060638751e-06
1.796304138327735510e-06
1.793997508125916699e-06
1.791344612065301316e-06
1.788650548474120864e-06
1.783137793227543443e-06
1.777053050038194033e-06
1.768764031836250193e-06
1.760168736403893035e-06
1.758028144924920767e-06
1.755481832205214400e-06
1.753623698737731627e-06
1.751789793025872445e-06
1.748631578701799687e-06
1.745226584302850186e-06
1.741704999278413814e-06
1.738457443079798821e-06
1.734868578866332646e-06
1.730925836235518290e-06
1.729083811901475066e-06
1.727125095711566574e-06
1.724501053693281722e-06
1.721953604173532309e-06
1.720087819699873276e-06
1.717854231331819429e-06
1.711581537536680811e-06
1.705767377062494906e-06
1.704094194184282210e-06
1.701746297497413814e-06
1.699336017524434387e-06
1.696546883981628921e-06
1.695747897198556721e-06
1.668616609740026219e-06
1.637205111817959581e-06
1.633381972325498812e-06
1.629613855717208419e-06
1.624982716893998054e-06
1.620673101318364472e-06
1.619652351139656654e-06
1.617807707161898171e-06
1.615634130429366264e-06
1.614621703881556765e-06
1.612478478203545916e-06
1.610544136932424551e-06
1.603867682469195144e-06
1.596265616205032019e-06
1.591689523269530064e-06
1.585913834990591614e-06
1.575823969542298057e-06
1.563336659972001884e-06
1.560808529711442318e-06
1.558601198548375375e-06
1.556484665691317805e-06
1.554114333160762704e-06
1.553326069392460045e-06
1.552235460355378209e-06
1.550971699478249830e-06
1.550062172845869960e-06
1.547907482710503167e-06
1.544065613753987704e-06
1.533875999136926383e-06
1.523618185755596284e-06
1.522427709381586075e-06
1.520548909072997253e-06
1.519662085434302627e-06
1.518192813524592920e-06
1.516935299544896371e-06
1.514293565381005059e-06
