7.924190794589549558e-01
6.438944544807071457e-01
5.527862809562590352e-01
4.964147416083982134e-01
4.621655972138979385e-01
4.805031998439527885e-01
4.447092318519467180e-01
4.186169562557063295e-01
3.995518883637196872e-01
3.817735954905807083e-01
3.774990415271813338e-01
3.615640095174120772e-01
3.512794458983410917e-01
3.427560877232713188e-01
3.351538209480667274e-01
3.358297118213806609e-01
3.263569752372829091e-01
3.182974927954965172e-01
3.120265489992297137e-01
3.055579194102257534e-01
3.062220348272310377e-01
3.007416770163099939e-01
2.959039371450187250e-01
2.912194796613896686e-01
2.875895697497748427e-01
2.872363204676847692e-01
2.827062096476538611e-01
2.799453301403998506e-01
2.764802170732821307e-01
2.734394250597853571e-01
2.735150156816064659e-01
2.699730509319738236e-01
2.667638526320770254e-01
2.641609962148803170e-01
2.612951142897476653e-01
2.609146630054599569e-01
2.575493272376856435e-01
2.549908042911315786e-01
2.522928566156306118e-01
2.496958890578012680e-01
2.494184692567877337e-01
2.469373223057474143e-01
2.449943714399302197e-01
2.428573700576406591e-01
2.405407535454714973e-01
2.405794404530157971e-01
2.383200778799951236e-01
2.364000111155622197e-01
2.348290455608352256e-01
2.335281536815159986e-01
2.322773423673045456e-01
2.311788022434473899e-01
2.301633721459950266e-01
2.290297765865080548e-01
2.277515882311721696e-01
2.265300337639522266e-01
2.251353480329564283e-01
2.240379002848952861e-01
2.229542347186150575e-01
2.220960825069784594e-01
2.211811262910388654e-01
2.202883112335612403e-01
2.194345499043667547e-01
2.185360224433549881e-01
2.177791880112133482e-01
2.171380300075486380e-01
2.163709778371537551e-01
2.156253394818426483e-01
2.149401596176964691e-01
2.143489500677220050e-01
2.137451657202530386e-01
2.132262760483451258e-01
2.126646153450868493e-01
2.120603455066210619e-01
2.114339668736043842e-01
2.108512571399487612e-01
2.102898932117673314e-01
2.097489221195565634e-01
2.092280815965824881e-01
2.085993268018954683e-01
2.080566736869658429e-01
2.074970164223237934e-01
2.070544327480974556e-01
2.065316181107454407e-01
2.060788837862617129e-01
2.056065167331181109e-01
2.051591481794787786e-01
2.047667860508634308e-01
2.043310869415905229e-01
2.039394753592602971e-01
2.035368966173787819e-01
2.031312115183299682e-01
2.027442215231768374e-01
2.024126225627325970e-01
2.020923328732015245e-01
2.017921776344612506e-01
2.014492685916623449e-01
2.011092087010754592e-01
2.007798936397926226e-01
2.004485877665148075e-01
1.787102920284626417e-01
1.652753597111090156e-01
1.556603431316855579e-01
1.482300861986216578e-01
1.426860053717812493e-01
1.386898110077037505e-01
1.351513276705399724e-01
1.317521682526128501e-01
1.284265099159495604e-01
1.256747817080484664e-01
1.232345883332906511e-01
1.206408938955377264e-01
1.179379317088375123e-01
1.157261265327534094e-01
1.135598074650517320e-01
1.122510659822687218e-01
1.101625364616056618e-01
1.081949516931145078e-01
1.064984565878067529e-01
1.046914784928483499e-01
1.040759842797621404e-01
1.024976028200174777e-01
1.010285532961533589e-01
9.945026895941758149e-02
9.815104901106490309e-02
9.779807987354229015e-02
9.640077878194654171e-02
9.518357132044232005e-02
9.413240111145999844e-02
9.298222178163710605e-02
9.293476938282364819e-02
9.172007038075993823e-02
9.065942854830778830e-02
8.977246621129045256e-02
8.879001487348131549e-02
8.861319124596797603e-02
8.743029044781390480e-02
8.647373823762070921e-02
8.574974542600397043e-02
8.500354672264880118e-02
8.552583713054488779e-02
8.443121867902884936e-02
8.371902391924959663e-02
8.310747313571789641e-02
8.252428937472619519e-02
8.287241301348720335e-02
8.212651889885541623e-02
8.158286621191331023e-02
8.107332463226356312e-02
8.047333149796402629e-02
7.982055111687433313e-02
7.934752691595772789e-02
7.889630114140847028e-02
7.841806959708227942e-02
7.791862834708926377e-02
7.739914818273495312e-02
7.688914353372712507e-02
7.642184928074666206e-02
7.595181129390246588e-02
7.551603774658534329e-02
7.510777433215222454e-02
7.469980602204752407e-02
7.423960667045670370e-02
7.390567774806872103e-02
7.351500631733035029e-02
7.308409920036924856e-02
7.268156184384855223e-02
7.232736692899276176e-02
7.195835669757157105e-02
7.157758264953686944e-02
7.122414363534181059e-02
7.090376016975029339e-02
7.050171349891595773e-02
7.014315718956252999e-02
6.976311763284810674e-02
6.937897406948037582e-02
6.904733911733253182e-02
6.870397298087571603e-02
6.837294183039666073e-02
6.806981609491875862e-02
6.773929212277936263e-02
6.739282880307939649e-02
6.707528982226225456e-02
6.674343387583560328e-02
6.643464001974296040e-02
6.608149323170195433e-02
6.579633130399438479e-02
6.551464020012069678e-02
6.520078847243480913e-02
6.492442201386927625e-02
6.463661573549746298e-02
6.432115726161280467e-02
6.404485286684405421e-02
6.377065939577886144e-02
6.350604754570057797e-02
6.326672710377548303e-02
6.304385625163015650e-02
6.283910846186613330e-02
6.261977195682270902e-02
6.239925980739700895e-02
6.134296412230436785e-02
5.548918992780867837e-02
5.187364363262141065e-02
4.900945195223646578e-02
4.679641225222996859e-02
4.504189605308320243e-02
4.318638451656786614e-02
4.160101482703641024e-02
4.012781815715656120e-02
3.871733470780375219e-02
3.753168487786827379e-02
3.628262335642101766e-02
3.521604832054829604e-02
3.410253302830677097e-02
3.309010105648082373e-02
3.209790815894198596e-02
3.108804190348321908e-02
3.011489527825180271e-02
2.922711967773442693e-02
2.845443553645718784e-02
2.783319098164233063e-02
2.711280935322070776e-02
2.634833263996306379e-02
2.569013548492872501e-02
2.507215631053799632e-02
2.455479296568820191e-02
2.403975471635353550e-02
2.349808313025690890e-02
2.301459380068944169e-02
2.250119990363389291e-02
2.219562721378814246e-02
2.169980285270243017e-02
2.125819648720519289e-02
2.082476212282947242e-02
2.038801606336710856e-02
2.015206736228226242e-02
1.965649041839031413e-02
1.925192157536602736e-02
1.884913625625522088e-02
1.845158474125330184e-02
1.825173349272570661e-02
1.779391304797323797e-02
1.741300604487766579e-02
1.705749119375677900e-02
1.675666159316982831e-02
1.665459092240334157e-02
1.629951207886009418e-02
1.597951591811919148e-02
1.568445410131225418e-02
1.536312596653992973e-02
1.504720329083540815e-02
1.473853329658668214e-02
1.446642872786180374e-02
1.424313220133746442e-02
1.398850723187015747e-02
1.373331951651166581e-02
1.349675475858221063e-02
1.327800404701914849e-02
1.306484342718413488e-02
1.284257739464936092e-02
1.263860756747381409e-02
1.241164086263843794e-02
1.219481837317451349e-02
1.200897367612044700e-02
1.183674756712126130e-02
1.166905183872240376e-02
1.150542987595648894e-02
1.134165851973253057e-02
1.115793965009164064e-02
1.100122625643285348e-02
1.085835740155668971e-02
1.070925144965570626e-02
1.056292496243346410e-02
1.044164219999938435e-02
1.030620992335977426e-02
1.016449507065866377e-02
1.002999462904948652e-02
9.897760568876406290e-03
9.766866311492114136e-03
9.641249494205403336e-03
9.515237401929273892e-03
9.396197455084492889e-03
9.273368844381599946e-03
9.147879191323808612e-03
9.019990747775357559e-03
8.887902039853016328e-03
8.767614296818907957e-03
8.654723561833272197e-03
8.538215136509128694e-03
8.425162201459153108e-03
8.311651373375953181e-03
8.199933279347830853e-03
8.084655719732086049e-03
7.995183255356943380e-03
7.889726395663326439e-03
7.797347378839631152e-03
7.699980559803234516e-03
7.610009747096360515e-03
7.513372997337219687e-03
7.418524090533015238e-03
1.971839909200471391e-02
1.540663744780884983e-02
1.320609151257739165e-02
1.146643208998442999e-02
1.030913833912070268e-02
9.415912840765152184e-03
8.579685123226861096e-03
7.896630738564747523e-03
7.335548462152910454e-03
6.824268767922180359e-03
6.401465482457088449e-03
6.000477779203287551e-03
5.641922527156798851e-03
5.300078204928494047e-03
4.977926974213826503e-03
4.767284563646363195e-03
4.517701274674734181e-03
4.259052343823072594e-03
4.024850128410847015e-03
3.824352480495870569e-03
3.658367580015481867e-03
3.470029216002276304e-03
3.293630037231553859e-03
3.140280055157716136e-03
2.986651388779318090e-03
2.856991968731812347e-03
2.727929161612849436e-03
2.617426490582517706e-03
2.518407802141799448e-03
2.415061961918874879e-03
2.340114498382548248e-03
2.246010629118991384e-03
2.164062453817153144e-03
2.075566525040501136e-03
1.998323138949069464e-03
1.931523544351865110e-03
1.851924127088091154e-03
1.788738127035138488e-03
1.728287465924194201e-03
1.657388145815815676e-03
1.611037982056979633e-03
1.555770642657624539e-03
1.502317317318951689e-03
1.444945954801888375e-03
1.385970273719793833e-03
1.334170697344777817e-03
1.283664799651799754e-03
1.236083649921687665e-03
1.186361771436921647e-03
1.135285906392366961e-03
1.082516598911455533e-03
1.033736181144426442e-03
9.855466985713762142e-04
9.391932858728354455e-04
8.949027033792951750e-04
8.530238569199152972e-04
8.151449355720663927e-04
7.755116076833347459e-04
7.358281409006451040e-04
6.971777739229218385e-04
6.608231370300172687e-04
6.300184352361241436e-04
5.970437549746246018e-04
5.691529400613324491e-04
5.433828410397295279e-04
5.203011169705202155e-04
4.954443302346269113e-04
4.708306773756351193e-04
4.460920318899495949e-04
4.244678778624719922e-04
4.049972610266195207e-04
3.873063961910283570e-04
3.706499599742196045e-04
3.526657708950277706e-04
3.363689801930496402e-04
3.195155694876121032e-04
3.060447202329866939e-04
2.917082852474638935e-04
2.789662298256077215e-04
2.661143864461079363e-04
2.550504526842920080e-04
2.419196370592635766e-04
2.316503438603802938e-04
2.221884832359624835e-04
2.124292985851850414e-04
2.026576686462191980e-04
1.940024478245015792e-04
1.857334989089291354e-04
1.788072121941677655e-04
1.702268617780126588e-04
1.621657925740729986e-04
1.557377717966336049e-04
1.493038236446276158e-04
1.427807599145770228e-04
1.371449746712661275e-04
1.318215497083053615e-04
1.275445486714225560e-04
1.224061172824180506e-04
1.176048763578327046e-04
1.127355541342123766e-04
1.065376137891785140e-02
7.484795654164481081e-03
5.632680082415590997e-03
4.431455782730753419e-03
3.570607545612230257e-03
2.968794698551063208e-03
2.449040675496291265e-03
2.042705981845101011e-03
1.739769121393433451e-03
1.501803132750139345e-03
1.295805565223581398e-03
1.120242262772036578e-03
9.798983816728882700e-04
8.610757775641350326e-04
7.543053383200113652e-04
6.698927917132345249e-04
5.949101544681527137e-04
5.326425850037274810e-04
4.784998798076716092e-04
4.335233027701750909e-04
4.010222604540932532e-04
3.692364630708565624e-04
3.392859136908042651e-04
3.163968173628275244e-04
2.932484066722795867e-04
2.739190916148725530e-04
2.563986085851571706e-04
2.405078756019071078e-04
2.262287343085244980e-04
2.123755142521086686e-04
1.999100120341662274e-04
1.869773789974486680e-04
1.751166108391921162e-04
1.645680808381189413e-04
1.538355502341528440e-04
1.461158581225294618e-04
1.366354604028827786e-04
1.283002900582691801e-04
1.195853529494187838e-04
1.101558619016933997e-04
1.029106934986801018e-04
9.532062633510582535e-05
8.726494822008698635e-05
8.099230745787656797e-05
7.510000966639045954e-05
6.972311708196948213e-05
6.440461775922543583e-05
5.998598575920222081e-05
5.570507260705488597e-05
5.220685399850789118e-05
4.889031212518063567e-05
4.625312313803715348e-05
4.394362529128248641e-05
4.173996808187449873e-05
3.980088025257865766e-05
3.788297761512716451e-05
3.598445370646370856e-05
3.440693775163584673e-05
3.304746744462815457e-05
3.142641112341118043e-05
3.016117890046935394e-05
2.898040216337053782e-05
2.776609302021386787e-05
2.674419328835993045e-05
2.564458696848410582e-05
2.462933409790732999e-05
2.364399042258114793e-05
2.272655831871521007e-05
2.184979378305882178e-05
2.107031213627980174e-05
2.026564918239622792e-05
1.955891999979332202e-05
1.892367403595635749e-05
1.815929735538673637e-05
1.756724155956794131e-05
1.694251424757998263e-05
1.625445029603901951e-05
1.549723720226404356e-05
1.483044899263106260e-05
1.404629824806870378e-05
1.340342340702522566e-05
1.282042755190816818e-05
1.221475360277702267e-05
1.157989163036908466e-05
1.094300339780588115e-05
1.025968742474484468e-05
9.632806132583831145e-06
9.111907443331112755e-06
8.495244510946172532e-06
7.883760140274877914e-06
7.282856950391940020e-06
6.820806607752578526e-06
6.372372390860392535e-06
5.955892631307541641e-06
5.489637294196178653e-06
5.088361551276091480e-06
4.753725319624268316e-06
4.406251617112822031e-06
4.090044237804179935e-06
3.794212463419206797e-06
