9.593182449044679316e-01
7.979803140691567043e-01
3.879308192355380713e-01
1.188452620041856450e-01
6.638134055367654607e-02
5.010908023768283204e-02
3.715401667598887403e-02
2.633183488753028378e-02
2.178536242581127422e-02
1.823120974294105759e-02
1.619839693602282554e-02
1.214459495593023589e-02
1.062553658179272477e-02
9.104358339995765811e-03
8.125947228685679452e-03
7.747554932543215638e-03
7.339756413968063185e-03
6.884692479976252735e-03
6.541976043092672354e-03
6.126324893967020901e-03
5.750134040683784094e-03
5.284776172704522268e-03
4.905454530249807668e-03
4.783462196471620700e-03
4.651935106626549875e-03
4.537626068484849201e-03
4.425860924894814592e-03
4.343414449096824267e-03
4.231794676924241147e-03
4.030485048885503602e-03
3.881246627564709055e-03
3.526134358429135543e-03
3.208270240728515292e-03
2.979315135866592891e-03
2.816780219277863293e-03
2.699664759288332352e-03
2.606595078080291110e-03
2.541292859682945174e-03
2.487189890211571018e-03
2.459074029732886187e-03
2.427919731308199932e-03
2.316978752356575397e-03
2.179112151538775428e-03
2.086478725658558533e-03
2.022282620080812898e-03
1.979161812807362329e-03
1.950408954468689244e-03
1.928611072125942802e-03
1.908115261612246998e-03
1.885730963064888646e-03
1.864491029925663965e-03
1.849790662705475160e-03
1.794575705680568961e-03
1.752119405040798760e-03
1.729535802789011192e-03
1.701713583099490230e-03
1.679523818631112157e-03
1.660875230785057539e-03
1.644748326544711540e-03
1.618882483517132022e-03
1.596295800859350369e-03
1.583354359595332819e-03
1.564085697410217681e-03
1.548464666892136396e-03
1.530921400748526352e-03
1.516175388199284815e-03
1.492368071747945252e-03
1.468003975714350737e-03
1.427075632360181668e-03
1.379859920795753437e-03
1.354268020082955749e-03
1.331696792222899963e-03
1.311816350570008073e-03
1.292112891234151791e-03
1.268183701813758784e-03
1.248024480766540649e-03
1.222864799328568118e-03
1.198662570787429986e-03
1.186246548659311952e-03
1.172978691386247167e-03
1.157029688479471307e-03
1.142255219927634487e-03
1.128340935174470443e-03
1.116541897697471888e-03
1.104664585971905540e-03
1.094729148153403189e-03
1.085878224479595909e-03
1.077944802038591091e-03
1.012666331408589981e-03
9.504109707700682296e-04
9.355087026907951339e-04
9.226662959075780006e-04
9.142735784741897256e-04
9.067418224329057115e-04
8.995170824005242977e-04
8.929951251741291432e-04
8.859428168889958146e-04
8.782161852736443224e-04
8.741152755840051218e-04
8.692934722348172631e-04
8.650259776648358675e-04
8.573875605686646570e-04
8.516628811872783023e-04
8.476931054519606977e-04
8.417281366723781966e-04
8.357906347779335511e-04
8.224545537924466028e-04
8.109228156568980880e-04
8.080018590605797567e-04
8.028946121832337534e-04
7.978110118497404226e-04
7.931355454015373433e-04
7.888430313663141779e-04
7.854984330640859278e-04
7.819405880869663428e-04
7.648487021402850883e-04
7.532233601919073552e-04
7.497385784828758696e-04
7.455817808446361722e-04
7.431658256471778551e-04
7.390728074770015104e-04
7.345385553481853730e-04
7.308311457706497113e-04
7.275546266552095423e-04
7.243043624579742750e-04
7.209974825438431219e-04
7.153878671128043563e-04
7.098482314392012566e-04
7.029168614429013228e-04
6.976574687623647185e-04
6.876790766811588865e-04
6.784740283450326837e-04
6.652270838555760261e-04
6.511629634128944348e-04
6.461885723075727660e-04
6.410373813146127064e-04
6.369981267379345481e-04
6.322821768639075952e-04
6.269189874434589940e-04
6.210451869151568287e-04
6.167821820767836272e-04
6.127462377838369502e-04
6.053590772932534786e-04
5.997852683418737098e-04
5.952618670074721419e-04
5.893456915352262345e-04
5.868187137432639457e-04
5.835171269114664471e-04
5.803733441104778727e-04
5.778001238112679371e-04
5.752892650007399803e-04
5.727131943977634880e-04
5.702287503197665938e-04
5.604033287293821563e-04
5.530190054893100414e-04
5.481566966417941115e-04
5.434793227246169194e-04
5.362244332681037617e-04
5.316173842553988376e-04
5.273930263080419236e-04
5.231638586308200818e-04
5.211184448960272386e-04
5.190730468866304242e-04
5.155537128903269319e-04
5.126737777448914408e-04
5.040895540552070868e-04
4.959366543798370908e-04
4.933430886660143460e-04
4.906460067927398373e-04
4.881533672198692725e-04
4.854857169199584756e-04
4.834221249779293802e-04
4.810571427146616069e-04
4.787789736885890283e-04
4.767797016612832580e-04
4.737890694283468200e-04
4.710639261732301494e-04
4.693088470006079836e-04
4.673159675074814055e-04
4.656062404409014289e-04
4.629535291882557130e-04
4.605710729931110185e-04
4.571676525799276184e-04
4.525880356534053286e-04
4.506110147216346230e-04
4.484213994150687901e-04
4.460086096671714729e-04
4.436142474094097979e-04
4.413495573415115981e-04
4.394263958368330690e-04
4.375764732956626576e-04
4.350801184560001782e-04
4.326864537878450799e-04
4.311257345285792126e-04
4.296098255853994280e-04
4.281434077801059301e-04
4.265121880134159645e-04
4.244361481478371376e-04
4.226214221243720557e-04
4.198434832954532842e-04
4.167529351715899572e-04
4.150647095779713951e-04
4.134787335961025395e-04
4.112931207155399072e-04
4.087651522855573812e-04
3.987888390830285541e-04
3.853824976798820375e-04
3.834660612807471369e-04
3.815530350306380828e-04
3.773949962005863500e-04
3.719741370336641603e-04
3.679567883526881013e-04
3.640225663837641404e-04
3.624333060821016174e-04
3.610322610820656435e-04
3.595528405385197161e-04
3.582947151207502637e-04
3.570137963603135681e-04
3.556262172929411272e-04
3.544196718737515359e-04
3.531391677364648356e-04
3.520350465148407528e-04
3.509922492388407780e-04
3.494818710776724600e-04
3.480629453879913095e-04
3.468766224813794072e-04
3.447505265375779742e-04
3.431621210933580432e-04
3.422892080717799277e-04
3.414767506181508143e-04
3.406444632221186219e-04
3.397441498602387527e-04
3.354122172797391701e-04
3.314780412946207854e-04
3.291887116161749558e-04
3.272964453458213963e-04
3.257491209983255772e-04
3.243083273070469026e-04
3.156356645008948298e-04
3.087688304953658462e-04
3.069079914355558663e-04
3.050400763698070373e-04
3.040131381505477011e-04
3.030613109375622960e-04
2.983207863681627825e-04
2.937942350592610092e-04
2.900018700849522923e-04
2.857192999668558045e-04
2.844648420158148259e-04
2.835707918008759207e-04
2.828306894909413116e-04
2.819423014867743801e-04
2.810326480444272725e-04
2.803616176693260811e-04
2.784071017350803678e-04
2.766369633369944567e-04
2.653638975975154799e-04
2.557145291926644459e-04
2.546198801070724354e-04
2.535338585437079285e-04
2.506912127852964248e-04
2.483054830322429900e-04
2.445376517495882925e-04
2.415758465621277754e-04
2.410778713548727731e-04
2.394011228264977592e-04
2.371117435307504783e-04
2.357477308493888387e-04
2.336233391746089132e-04
2.322641422824998664e-04
2.310477622539974015e-04
2.305892063046918739e-04
2.300495931169868862e-04
2.294673202136870451e-04
2.291102204004333168e-04
2.285604227192945662e-04
2.280679321865491536e-04
2.267058545505105189e-04
2.255504973608595627e-04
2.248692882603494194e-04
2.241555253547537568e-04
2.229219070418829841e-04
2.217309182370872029e-04
2.211973601089730669e-04
2.205012939904280121e-04
2.196280400440696822e-04
2.188291695406418083e-04
2.182545503515239576e-04
2.176326851285972127e-04
2.166533758969263251e-04
2.157407421425075141e-04
2.149863779996913262e-04
2.144136871096445943e-04
2.138107829856669858e-04
2.131012943366254850e-04
2.120866581452414325e-04
2.110710131786423533e-04
2.101517645876109443e-04
2.092265921672614801e-04
2.078705787022748757e-04
2.064929885088202777e-04
2.040388452668756721e-04
2.013594179818709517e-04
2.002759322318693389e-04
1.986645558911039890e-04
1.975315589285707744e-04
1.964775437733706201e-04
1.954005026836581871e-04
1.944272109407845612e-04
1.936577311972904523e-04
1.929559542263618247e-04
1.925941499765838384e-04
1.922798640059361120e-04
1.919711270118720033e-04
1.914872573920450469e-04
1.909779511627047489e-04
1.904000499210643457e-04
1.898819864059977155e-04
1.891698986627607609e-04
1.885861490963928382e-04
1.876233131787048280e-04
1.861902252400134128e-04
1.853623329415977179e-04
1.845838084747102926e-04
1.842052324866730361e-04
1.836815609964621398e-04
1.811482898252713748e-04
1.792461925686233038e-04
1.735034995909431139e-04
1.675509062035204061e-04
1.671234269204284310e-04
1.666900856677442115e-04
1.663380672852636836e-04
1.660334307500322423e-04
1.657169608895946958e-04
1.653670047448360929e-04
1.651328554726801524e-04
1.648630354069327130e-04
1.646065178947173752e-04
1.643530368986826804e-04
1.641343947700045795e-04
1.638115671548600845e-04
1.635541736617403426e-04
1.632991770162799941e-04
1.629816040900431285e-04
1.627005598232072656e-04
1.624684352252647398e-04
1.622451437711794938e-04
1.617428737529969407e-04
1.611635488942513418e-04
1.604026756059710431e-04
1.596847834752941880e-04
1.594019313682251790e-04
1.589912067812343705e-04
1.573660911197441122e-04
1.561118894180212036e-04
1.545523920703962704e-04
1.529079987562901872e-04
1.506662384397586436e-04
1.488986479652940336e-04
1.480401014001535721e-04
1.474314447638842558e-04
1.471273109468183859e-04
1.468308397586048323e-04
1.466491020891750295e-04
1.464174175975818443e-04
1.462397402484554357e-04
1.460914368840372421e-04
1.458918781816398642e-04
1.456736741465293982e-04
1.454757946438207147e-04
1.451832264330960509e-04
1.449177537431894675e-04
1.447504397316987210e-04
1.444633281517005037e-04
1.441687435397594587e-04
1.437611779132637194e-04
1.433555308654522228e-04
1.429206524123434897e-04
1.423914629532131314e-04
1.418076708993828484e-04
1.411269611324829994e-04
1.406665461117827330e-04
1.401443246501993885e-04
1.395099601641995948e-04
1.388756536102461682e-04
1.378535267508230642e-04
1.368766508447021837e-04
1.366899784927313717e-04
1.365123931562762355e-04
1.362314947315456379e-04
1.359549539489394337e-04
1.355520501668534383e-04
1.350669681813058357e-04
1.341828061116741538e-04
1.334243939279759479e-04
1.330676135833375726e-04
1.325087150728767921e-04
1.323687480513575964e-04
1.321993675191245889e-04
1.320377417041759653e-04
1.318332377101634934e-04
1.317040678182214279e-04
1.315678398872253832e-04
1.314089168069241197e-04
1.303378073889197551e-04
1.294372088559707541e-04
1.292680133273714700e-04
1.291116434668812638e-04
1.289590813537712637e-04
1.288292580406868906e-04
1.286515937357409639e-04
1.285101912518614897e-04
1.283183000136982246e-04
1.281092998563202780e-04
1.278787480464933172e-04
1.276841117240778306e-04
1.272554254459852454e-04
1.268559920376341867e-04
1.263800525639203586e-04
1.258746473557497835e-04
1.257425396087856636e-04
1.256003004527633533e-04
1.254699916036259124e-04
1.253528568552261379e-04
1.252193859400194532e-04
1.250657905642933330e-04
1.249372847410044429e-04
1.247680788683545373e-04
1.243762755241726670e-04
1.240402470512837663e-04
1.237825469511506999e-04
1.234867789759402468e-04
1.221375105224569910e-04
1.209597852542129367e-04
1.202951287956222380e-04
1.195784944563105712e-04
1.191619323712142043e-04
1.187391359463972764e-04
1.172898642806611939e-04
1.158060892151073837e-04
1.155063794629172395e-04
1.152088465307262263e-04
1.149592888857786969e-04
1.147523146906958397e-04
1.146216430758529030e-04
1.145264063323754420e-04
1.143485468471229873e-04
1.141810530891866214e-04
1.138509943147312885e-04
1.135666921946357194e-04
1.132776510070044820e-04
1.130544140697223223e-04
1.129449906395362175e-04
1.128194393894005608e-04
1.126532495055380500e-04
1.125502710668028859e-04
1.121288869563039564e-04
1.115350941089288562e-04
1.111795163687522822e-04
1.108201888317294679e-04
1.091892705675602738e-04
1.078840830234879317e-04
1.068041777203909508e-04
1.056900829633764704e-04
1.054889726538566711e-04
1.053206633753468431e-04
1.049753657221955599e-04
1.047110255016099595e-04
1.045094553119544110e-04
1.043898471459266564e-04
1.042925605352974691e-04
1.041624805269100208e-04
1.039982233679002558e-04
1.039049323494907842e-04
1.038048273130264194e-04
1.037032022427305850e-04
1.032499775348029550e-04
1.028290401282008120e-04
1.024952989980613906e-04
1.021934296839856736e-04
1.020798581189784863e-04
1.019603143341067913e-04
1.018252088346285807e-04
1.016979280236330365e-04
1.011758579702509898e-04
1.007452583671946756e-04
1.002935141933443804e-04
9.979995347977707761e-05
9.961916124964218845e-05
9.945281689349580933e-05
9.920095564413218612e-05
9.902282942408799317e-05
9.894317615968065149e-05
9.880545671615039967e-05
9.866153068864009612e-05
9.848699731835607886e-05
9.840776975614628336e-05
9.831575093032914547e-05
9.819911559287022255e-05
