5.178201044361650796e-02
2.174273135803932860e-02
1.259448962548056529e-02
8.996976000172044949e-03
7.334419550896191520e-03
9.851786252432617741e-03
7.596492909122527087e-03
6.268353954525212289e-03
5.271161900683923179e-03
4.458943690053614878e-03
4.233561026126489261e-03
3.785484059748288766e-03
3.391246502001766649e-03
3.103295450915785018e-03
2.869107467024950044e-03
2.889139677800609245e-03
2.638422292329275880e-03
2.504908055090328701e-03
2.374171033275470494e-03
2.254777070883142581e-03
2.259161882165218460e-03
2.090010308166931861e-03
1.971056468084004393e-03
1.861430458422911466e-03
1.761938934138469488e-03
1.867587592007404667e-03
1.731771016799232149e-03
1.643799611991857840e-03
1.583529198835250968e-03
1.541633627740358545e-03
1.568951625057102284e-03
1.528297385821183454e-03
1.492510220601720112e-03
1.457755440198379732e-03
1.419235702699424067e-03
1.374937003331667745e-03
1.316925460746626222e-03
1.255083216889123785e-03
1.197461193428881777e-03
1.152656744890521827e-03
1.150520590512372869e-03
1.110042362508060782e-03
1.086708512130531157e-03
1.070288373190421893e-03
1.045439570963151979e-03
1.056969178116505537e-03
1.029282734718391015e-03
1.012275882312603384e-03
9.929406302696555751e-04
9.802390311481250316e-04
9.692328601198388436e-04
9.572557378326952866e-04
9.435498011810336408e-04
9.305329760276342304e-04
9.186365111646817815e-04
9.047345110611330031e-04
8.875005530180891640e-04
8.730477993199942588e-04
8.606674742951270088e-04
8.492439063468668753e-04
8.399721494654420039e-04
8.331729406657491493e-04
8.266383811067496562e-04
8.171291568089322560e-04
8.067929081329337304e-04
7.952237738700267209e-04
7.860538933143566137e-04
7.729397959684325978e-04
7.627752969908408159e-04
7.505212871128720846e-04
7.399398395259490892e-04
7.304562803200790938e-04
7.218314453695776241e-04
7.143814786018880909e-04
7.092143056816716017e-04
7.042917939692062545e-04
6.967038704593184629e-04
6.902965690807367095e-04
6.834404291590824056e-04
6.784120527727850389e-04
6.744375997304099266e-04
6.711376274953833806e-04
6.672826880692134211e-04
6.636655458016795916e-04
6.578856910625521066e-04
6.512176184026045650e-04
6.441271502196492006e-04
6.358514562608436624e-04
6.270628083810235323e-04
6.194432791147522644e-04
6.113062958531102851e-04
6.046636011961338585e-04
5.978876642674660824e-04
5.908386958995651833e-04
5.826604917383350910e-04
5.769407734739712482e-04
5.730141660477111164e-04
5.682679493386285545e-04
5.621497869898727526e-04
5.567768918555646976e-04
5.456119904274633415e-04
4.847790941957831872e-04
4.462011328537316703e-04
4.117437827623038186e-04
3.786293380165979571e-04
3.569649711876362588e-04
3.377237910139425578e-04
3.230471056568339481e-04
3.099975989107608900e-04
2.991461054621394810e-04
2.894061917027554768e-04
2.789891773976421979e-04
2.686347632244197163e-04
2.590861503633788720e-04
2.512676409600940876e-04
2.445922531812598304e-04
2.379159433661735639e-04
2.312874505049624058e-04
2.243946468996071985e-04
2.192428652446690434e-04
2.132476057943865646e-04
2.082182210884587158e-04
2.034810735033909133e-04
1.990304012823075912e-04
1.947661872120020027e-04
1.920264577430625644e-04
1.883828895302614749e-04
1.848937830699973748e-04
1.813389599766182623e-04
1.787992661068356977e-04
1.761112444430998575e-04
1.730354052059481537e-04
1.702448752385391200e-04
1.676444524592470399e-04
1.647271134640712110e-04
1.621640346204049463e-04
1.594405613526003133e-04
1.567658128058703330e-04
1.546857900809401796e-04
1.529781745656321433e-04
1.515582468555753840e-04
1.500564125087412509e-04
1.485309500408712113e-04
1.470351119771068718e-04
1.457191966047677225e-04
1.447410251333269946e-04
1.436534483864879478e-04
1.423829174937946227e-04
1.409705184665938766e-04
1.395660902166135427e-04
1.381405596447589227e-04
1.364817342964250526e-04
1.350491249498360011e-04
1.336979704748499000e-04
1.324937434295278386e-04
1.312811554232282889e-04
1.301639197033964282e-04
1.287697489832282077e-04
1.275336169991023226e-04
1.263117359953318632e-04
1.250455771316856014e-04
1.239324766697436260e-04
1.230272841673487228e-04
1.221449353630501720e-04
1.211842784518366045e-04
1.202703822083388974e-04
1.193889102735886320e-04
1.187093683395529958e-04
1.179677297797857325e-04
1.172416118836730947e-04
1.165122920892899686e-04
1.157568156360304980e-04
1.150335108884690025e-04
1.142772553567790065e-04
1.136027973747026978e-04
1.129753822566275642e-04
1.124144175549530821e-04
1.118296043631233515e-04
1.110737662773883560e-04
1.102748006142230110e-04
1.094916826711243277e-04
1.087514716990192705e-04
1.081094303290048024e-04
1.073388858267774169e-04
1.067112531097390754e-04
1.059603950557428206e-04
1.052250116576295292e-04
1.044498096323924220e-04
1.036380351010832672e-04
1.027238449152776881e-04
1.020662757183466135e-04
1.014046864196810170e-04
1.006083474055987915e-04
9.984955289253145310e-05
9.922663502276432763e-05
9.867755813828929295e-05
9.822073945391723794e-05
9.769786377777525492e-05
9.713048860840041670e-05
9.664943533242394743e-05
4.382810133907496641e-04
2.734215381182778935e-04
2.075272263989539397e-04
1.737376051040384975e-04
1.565479596572126001e-04
1.451284810462112303e-04
1.365804039285696797e-04
1.293000024457243130e-04
1.228059947575269755e-04
1.165450795311588020e-04
1.118314475684470871e-04
1.067871957509561678e-04
1.019635044379548665e-04
9.798348867494168532e-05
9.459794063444891478e-05
9.178339226720492300e-05
8.826876118504438731e-05
8.532976485004718412e-05
8.255838654291504483e-05
8.014506365688267499e-05
7.829315223166068518e-05
7.625899304126265135e-05
7.411134470364103347e-05
7.201943340093490788e-05
7.048389822779881726e-05
6.899852521098060148e-05
6.756520151488936430e-05
6.626783951518867030e-05
6.433410604124079513e-05
6.249880201900971394e-05
6.104585996228932240e-05
5.940819617908362974e-05
5.812052839563911860e-05
5.687184174567721384e-05
5.537223794558787958e-05
5.417387990298056682e-05
5.308997538106816950e-05
5.187569939224263415e-05
5.083671126810451247e-05
4.989194525314106712e-05
4.916556397864088910e-05
4.844394563069084788e-05
4.773888318764483996e-05
4.709870042183970435e-05
4.638028643049906983e-05
4.577020173947746970e-05
4.515460151709464656e-05
4.455877923889598006e-05
4.394836825445118427e-05
4.342396979886848361e-05
4.295318021258262277e-05
4.246548476814525689e-05
4.195833300079557877e-05
4.153045559001395396e-05
4.119791020681611270e-05
4.079438215523607488e-05
4.045781888954237996e-05
4.009302341253339052e-05
3.975092202527462902e-05
3.937909889155336317e-05
3.903158000299346807e-05
3.874421062116702587e-05
3.846025357656740555e-05
3.813227575574733823e-05
3.769782270267458944e-05
3.736602922855091608e-05
3.703662521041084336e-05
3.668383850569780565e-05
3.635152293129705135e-05
3.606035915342475727e-05
3.578051488056822746e-05
3.552652525922796336e-05
3.524608147445749848e-05
3.495680544456549729e-05
3.464588891899049027e-05
3.437142133496223344e-05
3.410440852677919552e-05
3.388333095087370803e-05
3.366543337071346446e-05
3.349427533931380291e-05
3.328779627726393542e-05
3.309948697820654182e-05
3.286979970018232905e-05
3.267297060477726377e-05
3.247931563498375826e-05
3.227691236460343690e-05
3.206617964091493066e-05
3.187687587346964984e-05
3.169176322362295849e-05
3.152584199206307479e-05
3.132106049431612022e-05
3.110057894703090398e-05
3.088216777572033229e-05
3.070070878525118152e-05
3.049996143906812324e-05
3.034121164351778459e-05
3.018147060603222970e-05
3.002836358680497879e-05
2.989677250782651961e-05
2.975719483771252930e-05
6.685540686120990984e-04
3.994603926230247230e-04
2.793068588639866022e-04
2.318262928477238802e-04
1.986010901209766719e-04
1.763470783721673280e-04
1.615930732627546913e-04
1.509430989230656293e-04
1.411558861885969102e-04
1.320240145591827796e-04
1.221795565328278352e-04
1.130887806675065494e-04
1.044271835346360244e-04
9.625258930408756963e-05
8.922781623266180058e-05
8.357021175652456135e-05
7.842358622811011380e-05
7.347251136767935203e-05
6.903519367347007573e-05
6.510558270417012028e-05
6.150312402210264344e-05
5.814779048504209257e-05
5.533002880473943049e-05
5.275519510559324038e-05
5.025252900090773444e-05
4.819368469531875709e-05
4.592942616585828596e-05
4.416097314611637400e-05
4.238965659356028057e-05
4.088105658962888785e-05
3.962355028410934608e-05
3.824625484350349739e-05
3.695905442990944878e-05
3.580299688512053418e-05
3.474909438079101299e-05
3.369589944757996237e-05
3.273767191036138993e-05
3.200755908199970394e-05
3.129090319739052218e-05
3.066641445648358544e-05
3.009699609157474691e-05
2.947304068866013759e-05
2.886063887371208975e-05
2.825549781686978473e-05
2.768735031689750764e-05
2.706007232048736908e-05
2.650328999964953857e-05
2.595915623752048307e-05
2.543950146135713728e-05
2.490492376613518414e-05
2.448913665296470981e-05
2.410141315135888715e-05
2.373782019471078363e-05
2.334385433005763927e-05
2.295943453145334214e-05
2.268680572012664052e-05
2.242384009917450341e-05
2.216833693359278673e-05
2.192057143303190842e-05
2.165573250679377575e-05
2.135488278996476165e-05
2.108206917691757059e-05
2.082416143723081416e-05
2.055197805743976959e-05
2.030590873933932171e-05
2.006430845225900411e-05
1.985950694341527279e-05
1.961772369831320611e-05
1.944362533184919897e-05
1.925683506676357474e-05
1.904227250607123102e-05
1.883720831660462729e-05
1.863818284768835895e-05
1.841851150193545814e-05
1.821572738882116008e-05
1.800424945200480411e-05
1.780034458328377732e-05
1.760267271573288283e-05
1.741783138860052800e-05
1.723553881462039654e-05
1.709368024066018407e-05
1.694256964712281883e-05
1.680791412366243326e-05
1.663503657633481485e-05
1.649905574670638685e-05
1.636458560700170420e-05
1.620443426568249544e-05
1.601414311938110209e-05
1.585192443401150199e-05
1.570920886120358536e-05
1.557885138298571688e-05
1.545104188052019538e-05
1.534177703698592722e-05
1.522098288230428133e-05
1.510835571492272733e-05
1.500576565127540386e-05
1.490525057394178586e-05
1.479361846323444418e-05
1.467270496197427491e-05
1.456948060227944861e-05
1.006413763190789918e-03
5.146279245212146075e-04
3.583203002018978708e-04
2.776707664805560974e-04
2.293663610991660028e-04
2.063062185641950218e-04
1.765281756215647503e-04
1.534574981391173759e-04
1.304448948611567868e-04
1.147817026335988842e-04
1.000091383817401191e-04
9.101956340611062814e-05
8.294517500554774553e-05
7.672136165164921968e-05
7.036870192179934484e-05
6.527178089065813172e-05
6.176221973763743761e-05
5.809135419945276409e-05
5.540530720237275472e-05
5.288360808850282521e-05
5.059113500483718146e-05
4.827450824817389955e-05
4.644165705657167910e-05
4.473905825043232300e-05
4.318598415510247211e-05
4.154394787113124029e-05
3.996003374686941798e-05
3.848809831817493268e-05
3.705891418002211135e-05
3.563464451501361600e-05
3.400238034901873689e-05
3.249834204869320186e-05
3.121877475204966991e-05
3.021460569529035311e-05
2.933655986160457445e-05
2.864086428775878336e-05
2.798535171987215388e-05
2.738495193318206167e-05
2.672107860613197997e-05
2.607143025562920499e-05
2.542319187424280953e-05
2.480621390582941945e-05
2.415583016631045915e-05
2.352209697365235724e-05
2.296703792298832630e-05
2.237414776565504462e-05
2.183255488933015664e-05
2.131393256046433386e-05
2.078155897770834820e-05
2.027943997161527585e-05
1.985503307421425441e-05
1.938937163104468048e-05
1.897456378625559062e-05
1.861166983576009940e-05
1.826063158013995093e-05
1.787606029291261638e-05
1.755033345164033978e-05
1.722292803290977514e-05
1.695218075220666898e-05
1.666413962429571868e-05
1.637952982219075904e-05
1.606016295849602046e-05
1.578550755842869565e-05
1.548435099402240342e-05
1.525638349256122793e-05
1.499157495319925841e-05
1.470152744429709914e-05
1.448439974463938335e-05
1.430650236426763684e-05
1.412995273365728633e-05
1.395617913404472525e-05
1.379666962320505821e-05
1.360602595261117404e-05
1.341245568168740406e-05
1.318631865243237111e-05
1.296192751222792746e-05
1.274436796684035278e-05
1.254419405207959158e-05
1.236647402965527720e-05
1.218432045775081376e-05
1.203109916509493390e-05
1.187203707820825156e-05
1.172719266185247819e-05
1.157812647589037028e-05
1.143683474208092844e-05
1.128474235620538479e-05
1.115670813294877146e-05
1.103138720971692322e-05
1.090383238939114390e-05
1.077750336291366465e-05
1.066812579162486175e-05
1.054682793526454171e-05
1.043764759704517946e-05
1.032887758382152710e-05
1.021285802626383051e-05
1.010498593299296743e-05
9.975975642538926637e-06
9.882356969545150088e-06
9.775618261453316907e-06
9.657039718214263242e-06
