3.959749964488722407e-01
2.489631469058527502e-01
2.092628180576267538e-01
1.870055382060116234e-01
1.752286070251858618e-01
1.642643049923721565e-01
1.551159569061001942e-01
1.476692514773459419e-01
1.427466100873400201e-01
1.381739750697648927e-01
1.352261185616950023e-01
1.318729753367875457e-01
1.290897397673289593e-01
1.265858429358061310e-01
1.241705078891318231e-01
1.223525187652468038e-01
1.197596323327020790e-01
1.177717701608912981e-01
1.159334538836934297e-01
1.143757476534595086e-01
1.132770901669623437e-01
1.118123541690419775e-01
1.099368553233702056e-01
1.078181159330932060e-01
1.058522899990035765e-01
1.044894658837600687e-01
1.028636872669132507e-01
1.016019478713971191e-01
1.007570610436086256e-01
9.983541722179203881e-02
9.949947655516945544e-02
9.861263379850894462e-02
9.789356125211529092e-02
9.712719880617423640e-02
9.636711864880129208e-02
9.585672282425633517e-02
9.528767809937140065e-02
9.474793248660075273e-02
9.429658967285121929e-02
9.385455519684998693e-02
9.350031426105739896e-02
9.305196538089234581e-02
9.257870635586556984e-02
9.213983928774953369e-02
9.166326936574890893e-02
9.136158252089357501e-02
9.091130097716641767e-02
9.047666280197637356e-02
9.008774977819186680e-02
8.978413014716259133e-02
8.945348891129867308e-02
8.916483518170925660e-02
8.884270215127687553e-02
8.857251993984854854e-02
8.835174794877478921e-02
8.816934839605604368e-02
8.800441724359214790e-02
8.785654837234117831e-02
8.769568116180623263e-02
8.751915893001441238e-02
8.730749006611474017e-02
8.711437408584475628e-02
8.690586153698720562e-02
8.674625392924320555e-02
8.660701931894390637e-02
8.646646883892805668e-02
8.630695879857772090e-02
8.617052374074322951e-02
8.603520881077846016e-02
8.590139087371287396e-02
8.577462210985331570e-02
8.563832904117305023e-02
8.550746237285551665e-02
8.536536842548189674e-02
8.520836319907139356e-02
8.507203755920338117e-02
8.494039992649511650e-02
8.481641899372932558e-02
8.468118531605833832e-02
8.456637833908092761e-02
8.447680102734264618e-02
8.440009558240904597e-02
8.432732696864664312e-02
8.424161441761579550e-02
8.416062676327643044e-02
8.409533262563004263e-02
8.403078871860820975e-02
8.395972271838890444e-02
8.387487146241162650e-02
8.380906570112348075e-02
8.372211009549421212e-02
8.366042052928751582e-02
8.359097359268589933e-02
8.352324926912343961e-02
8.344436687295299360e-02
8.337604679743632063e-02
8.330894176823662456e-02
8.325323550584116938e-02
8.319762067417758866e-02
8.313903871750472074e-02
8.102011541512099679e-02
7.995882229743216107e-02
7.912000635383112379e-02
7.856246225887168755e-02
7.806403505670649057e-02
7.763423787816452204e-02
7.731978401771723297e-02
7.701260653314566385e-02
7.676796676573795220e-02
7.651862899856670674e-02
7.632941415589374057e-02
7.614792392982835945e-02
7.597470433340768048e-02
7.581225668190270939e-02
7.566553058954758604e-02
7.554068224117241326e-02
7.536728498857031555e-02
7.521448275959821683e-02
7.505308520973309749e-02
7.488163265954136949e-02
7.479118888636449025e-02
7.459512053217437488e-02
7.446147538699825208e-02
7.431153834136615399e-02
7.417421361299962601e-02
7.415464446378428054e-02
7.403292078256354380e-02
7.390355429735777359e-02
7.376883874328296620e-02
7.364945871956925239e-02
7.358534419727394416e-02
7.346758374578778172e-02
7.335782381252151096e-02
7.322384740174635309e-02
7.310130576337224573e-02
7.312445871551391530e-02
7.302423614618366865e-02
7.290877988316166181e-02
7.280549155546550688e-02
7.270677844035462745e-02
7.277469252212549755e-02
7.268120268502178960e-02
7.258872080239907321e-02
7.247779462343841017e-02
7.238379503154869499e-02
7.243115686925070962e-02
7.232983044625267144e-02
7.222420517725591793e-02
7.212771805799961244e-02
7.204277044652399042e-02
7.195268596622836355e-02
7.187311309087811295e-02
7.179236576818581739e-02
7.170393126939278439e-02
7.163109590353251843e-02
7.156280990150006016e-02
7.148755882661554650e-02
7.140542462681044589e-02
7.133634618385312209e-02
7.127083673708782541e-02
7.119598010155808732e-02
7.110564061139444669e-02
7.102734831452447994e-02
7.095333040664288105e-02
7.089096628582002013e-02
7.081802315012934723e-02
7.075819995429925846e-02
7.069741048564347208e-02
7.063289126217793534e-02
7.058128797218003736e-02
7.052205259693856976e-02
7.047838605661124745e-02
7.042910725603246380e-02
7.038248416523910922e-02
7.032784986526512128e-02
7.027439957449982399e-02
7.022125583918172043e-02
7.017071630686023964e-02
7.011634111701353644e-02
7.006819729300473032e-02
7.003347821404350138e-02
6.998754816705118897e-02
6.994096139239025511e-02
6.989493959697794245e-02
6.985320433416244978e-02
6.979768009083628377e-02
6.975461106124448973e-02
6.971842664327475292e-02
6.967832814589652868e-02
6.963469367649362252e-02
6.959642047420622202e-02
6.956036062706935641e-02
6.952441692566457832e-02
6.948472924070869805e-02
6.944391029536722826e-02
6.939641825309844636e-02
6.935209198784418605e-02
6.931333994500078755e-02
6.927831421696684089e-02
6.924342843604761044e-02
6.876495550725374162e-02
6.830525164649783876e-02
6.790292390823603197e-02
6.755326018820327627e-02
6.729836826330631849e-02
6.710745369393150694e-02
6.695233192277644241e-02
6.682384803348236091e-02
6.667228089602142416e-02
6.655049474032519174e-02
6.641906188692894841e-02
6.630593128855261087e-02
6.620389798657833058e-02
6.610163668984002372e-02
6.602018438456226657e-02
6.595111734062396314e-02
6.586853161871687734e-02
6.577547712820788761e-02
6.569103377941473698e-02
6.562539991109982151e-02
6.557700704428828797e-02
6.551482743743175519e-02
6.543485772300697279e-02
6.536784989427335546e-02
6.528952130875824433e-02
6.525932816264376490e-02
6.517412481097863142e-02
6.510143784594984995e-02
6.503597419520638911e-02
6.497801043310098834e-02
6.496823974840122695e-02
6.491400787325443678e-02
6.486343359255751506e-02
6.481741316853530110e-02
6.476620468460837776e-02
6.475694627010156190e-02
6.469915163479933451e-02
6.464477880243105212e-02
6.459223725488826007e-02
6.453521061486969246e-02
6.455974098625426316e-02
6.449886159757192705e-02
6.442675018186445890e-02
6.436486006606295662e-02
6.429965683097992046e-02
6.431067538022319785e-02
6.424779832923278866e-02
6.418856729641307657e-02
6.412200542822671379e-02
6.406405366094850007e-02
6.400430106243217010e-02
6.394608752252532724e-02
6.388879915886871985e-02
6.383929069991714500e-02
6.378355661195908577e-02
6.372417616179204547e-02
6.367044183965789306e-02
6.361923101206137798e-02
6.357079819761400630e-02
6.352340089595596984e-02
6.347453684944330543e-02
6.342509843239052536e-02
6.337659972145444354e-02
6.333116160099028225e-02
6.328317185326003125e-02
6.323792878424215613e-02
6.319626024148290722e-02
6.315546733744133168e-02
6.311559430548918659e-02
6.307607453320146496e-02
6.303097069915489237e-02
6.298495163676399999e-02
6.294307667910889470e-02
6.288834598097824136e-02
6.284549499569477837e-02
6.281525966515050241e-02
6.278230756951717895e-02
6.274734159426850755e-02
6.271409393876765936e-02
6.266954004049708760e-02
6.263335536834813144e-02
6.259557603421077310e-02
6.256112121132359483e-02
6.252492267016375449e-02
6.249090178203966367e-02
6.246177200585598110e-02
6.243277205242977329e-02
6.239458657711111078e-02
6.236035296528279898e-02
6.232982012976841235e-02
6.230249705171405500e-02
6.227441468649975304e-02
6.224673966211819592e-02
6.222569626860910419e-02
6.220354054303894181e-02
6.218306092134751745e-02
6.216402263978151183e-02
6.214501031406615555e-02
6.212075605263771283e-02
6.209974525773710730e-02
6.209870492573831002e-02
6.162313533218229805e-02
6.122664041918485928e-02
6.077129175206990447e-02
6.041539635935003899e-02
6.015218322921962735e-02
5.990552992595617882e-02
5.966731298204001194e-02
5.946294950099877130e-02
5.925297881667076355e-02
5.908917418361744195e-02
5.890585212876457005e-02
5.874929574380848701e-02
5.859443931367180197e-02
5.843976056155406051e-02
5.835262495253935866e-02
5.822222624738834784e-02
5.810119905358168690e-02
5.798833262976667291e-02
5.787320574029079095e-02
5.780972360099745355e-02
5.769054067352642062e-02
5.757221369157984603e-02
5.744432316257042787e-02
5.734015942009430128e-02
5.730481154476713135e-02
5.720303470895258396e-02
5.710483527203537302e-02
5.702618643846610325e-02
5.694182600689806639e-02
5.695020743749693026e-02
5.683519676388744390e-02
5.674606067811830551e-02
5.666267108809028286e-02
5.658393682818210063e-02
5.662286587437680152e-02
5.653234770924645686e-02
5.645884472707460994e-02
5.637905220330390738e-02
5.630396744623823724e-02
5.637311965245308393e-02
5.626450287058417515e-02
5.619113194666797845e-02
5.610890671955209158e-02
5.603185081378779520e-02
5.607290419020253408e-02
5.597170377501652083e-02
5.589845637732814010e-02
5.583249231017150399e-02
5.575632193370658185e-02
5.567884456356662209e-02
5.560673054824168821e-02
5.553065672898328115e-02
5.545467024672471462e-02
5.538687366772655080e-02
5.532837052235555636e-02
5.526099703694367649e-02
5.519155040871062678e-02
5.512628837121046760e-02
5.505981400663878533e-02
5.500223334462620017e-02
5.494995266642928311e-02
5.489401937158520928e-02
5.484145874117431207e-02
5.478596880229783667e-02
5.474272677988432229e-02
5.469499772344339067e-02
5.464550750654344202e-02
5.459386949144015566e-02
5.454753122707321072e-02
5.449588175394970424e-02
5.444577963208400290e-02
5.440004386499802669e-02
5.435390599728285449e-02
5.431383899663680404e-02
5.426253929747743010e-02
5.421398523693191085e-02
5.415697277213007282e-02
5.411422886950714023e-02
5.406728950176804133e-02
5.402148631722016037e-02
5.398301576392090795e-02
5.394550112718798918e-02
5.390292752703451651e-02
5.386080692819941729e-02
5.381627762538852833e-02
5.377218206173860898e-02
5.373386266970700542e-02
5.368988278605722059e-02
5.365205409333524689e-02
5.362118147502893672e-02
5.358688033373709692e-02
5.354874510260572429e-02
5.351413665182920554e-02
5.348164216093338058e-02
5.345127484803323392e-02
5.341956628280175590e-02
5.339010839231365241e-02
5.336061982667677367e-02
5.332805153783008734e-02
5.393700670238955192e-02
5.349330028069793769e-02
5.311426741472548285e-02
5.266900586172083842e-02
5.226003731261306962e-02
5.198303499395000998e-02
5.173271794920112493e-02
5.147887056382816073e-02
5.127026217375058731e-02
5.104217338905791407e-02
5.084523017280029311e-02
5.059688037363917895e-02
5.040341604130409853e-02
5.020671599924358963e-02
5.000324372597252792e-02
4.991309992753716063e-02
4.976397788603083294e-02
4.960354618547158090e-02
4.943415564056280465e-02
4.927956252684358163e-02
4.927158371736490433e-02
4.909993873771280326e-02
4.896947139077745259e-02
4.883637281095389721e-02
4.866494828850165960e-02
4.868590143728730724e-02
4.854623074231514956e-02
4.841930331147173416e-02
4.830081754044357467e-02
4.813357037955653950e-02
4.815969234904984853e-02
4.803559656827436491e-02
4.789410175975469114e-02
4.775000002738404720e-02
4.763523025107179593e-02
4.766683692547198786e-02
4.752297166455323602e-02
4.740482910145235596e-02
4.728073884027801654e-02
4.716407074667399585e-02
4.725822266029728463e-02
4.712729576688087091e-02
4.699738082495669850e-02
4.688086626005679575e-02
4.679257667358035361e-02
4.694960093067371970e-02
4.682648232729724053e-02
4.672161879887302971e-02
4.662803910218113468e-02
4.653031947054968309e-02
4.643246960221376896e-02
4.634984548182193714e-02
4.626723170214234321e-02
4.619697827943740343e-02
4.610359285323203937e-02
4.602281159354845719e-02
4.593641924162465001e-02
4.584138534003862064e-02
4.576800124608371850e-02
4.569083630691396503e-02
4.560818645200351990e-02
4.552536895583195187e-02
4.545146495144219284e-02
4.536709941941033386e-02
4.529187548304791644e-02
4.521991796589325957e-02
4.515068156165007868e-02
4.507203374697407727e-02
4.499734391727273908e-02
4.491836442534333923e-02
4.484067157458032638e-02
4.478135837163706168e-02
4.470670877133072624e-02
4.464238328063122041e-02
4.457501086702578968e-02
4.451310046860949832e-02
4.444604561908847840e-02
4.438989629466693482e-02
4.432839745075207311e-02
4.427199869433101620e-02
4.420746514977885039e-02
4.415276782598118177e-02
4.408146324984116293e-02
4.402601044451898149e-02
4.397644103408852173e-02
4.393151765648560525e-02
4.388752437877684737e-02
4.383233472828614724e-02
4.377487474976016202e-02
4.373140349536145527e-02
4.368878883500854765e-02
4.364283415057684801e-02
4.359962349745510890e-02
4.355068565699309058e-02
4.349923138037783271e-02
4.344767829997219638e-02
4.338143963588111246e-02
4.331534789458077461e-02
4.326595260624428035e-02
4.321849989412777926e-02
