3.331323413847758208e-01
1.924761484593764116e-01
1.384520995721302827e-01
1.018778575458726549e-01
7.944438216653398888e-02
8.681114046485713387e-02
6.627968484993700116e-02
5.264249736157727844e-02
4.521313564671334412e-02
3.997217617716850024e-02
4.042742024039924775e-02
3.599631430012990158e-02
3.267810889193596691e-02
2.946389729459993057e-02
2.657706225198062933e-02
2.805405119889674628e-02
2.570643244245536183e-02
2.409483540574659799e-02
2.276088448549036178e-02
2.133296337549160995e-02
2.182345599165886468e-02
2.021698455174597564e-02
1.933826758147474956e-02
1.857326978773318760e-02
1.773110525405191540e-02
1.909531371718234047e-02
1.746342039271524260e-02
1.667737290066668293e-02
1.611102713462801012e-02
1.563681240214762763e-02
1.652721746751492291e-02
1.588674722917082435e-02
1.537507515550012166e-02
1.496169269417025466e-02
1.448890063402948937e-02
1.484159923783548614e-02
1.410676950472959483e-02
1.384791879647185968e-02
1.360980207345726181e-02
1.334491318027317477e-02
1.380815127105428433e-02
1.335116332876865389e-02
1.301656515716108353e-02
1.266134282217594963e-02
1.234299476132481518e-02
1.273131194151734882e-02
1.218261082437798251e-02
1.187861378348013114e-02
1.166775058359718377e-02
1.145386693362427516e-02
1.121181826732123646e-02
1.088980417443762873e-02
1.050813881840929019e-02
1.010906771392303463e-02
9.849375041010730025e-03
9.646147588846593762e-03
9.455487995903176165e-03
9.266534193595479807e-03
9.043736080326563245e-03
8.797810933395487296e-03
8.610071748224304086e-03
8.446414341652021956e-03
8.276810891346596255e-03
8.131632771705114490e-03
7.983007592249629844e-03
7.826009954338228325e-03
7.666877770473672603e-03
7.525444329110508868e-03
7.406905267603698835e-03
7.290219944384783608e-03
7.177676222289333663e-03
7.068053835378943460e-03
6.949257247106826671e-03
6.824215666577674796e-03
6.717393055741796050e-03
6.633632763816193004e-03
6.536270464501285800e-03
6.436694837633669640e-03
6.347352385817243287e-03
6.266380294680290799e-03
6.192199491416545271e-03
6.118947008563227832e-03
6.036179721469631457e-03
5.963009373760077593e-03
5.896123875109536561e-03
5.824707710571062208e-03
5.752454428659662181e-03
5.693574661701610029e-03
5.627990392715155783e-03
5.559278263020340713e-03
5.493582386992202499e-03
5.426119682921747879e-03
5.375829053953390738e-03
5.316702055248949919e-03
5.258144150782402375e-03
5.204129223429313292e-03
5.155072174525643196e-03
5.101207285978347737e-03
5.052799488902401381e-03
5.008861226879175038e-03
4.539486706586934317e-02
2.706065381028027045e-02
2.073688652212274386e-02
1.657392734841652698e-02
1.342136476598742613e-02
1.153310739806307113e-02
9.867583255486520044e-03
8.601889376625896852e-03
7.700538778828522335e-03
7.074294502940056857e-03
6.551150081409887888e-03
6.064418970285122452e-03
5.642719047526765543e-03
5.291137913598718823e-03
4.906380853079504722e-03
4.692112063159710120e-03
4.439110713066846473e-03
4.222125360407971879e-03
4.060678945746043836e-03
3.894225234617429074e-03
3.771400048707222990e-03
3.639409398179379359e-03
3.513102763281557035e-03
3.410172247455124910e-03
3.308310089346390166e-03
3.238677388479397658e-03
3.153888025001284554e-03
3.069486874933507765e-03
2.974484974359439815e-03
2.894514367122881949e-03
2.852581949379162825e-03
2.791054952890848102e-03
2.734172154207891239e-03
2.670382194872499004e-03
2.598728774556896288e-03
2.568356446134198098e-03
2.500624475110097868e-03
2.445949363044995755e-03
2.392552884228898481e-03
2.341343914312440933e-03
2.338810538710229831e-03
2.294668260131652038e-03
2.260075843096431489e-03
2.222970972253139436e-03
2.180993051211491639e-03
2.163491647272141726e-03
2.130822626458408683e-03
2.106904211891353143e-03
2.082435213064900027e-03
2.056733374862546645e-03
2.033877772783331157e-03
2.004799620740450612e-03
1.973125737107197381e-03
1.942628121895801892e-03
1.910054785385990189e-03
1.880437328667836213e-03
1.850231579079368799e-03
1.826424557369527371e-03
1.798577918391242167e-03
1.777329140382716104e-03
1.757936674047769080e-03
1.735349867597975847e-03
1.715304957798937345e-03
1.695477427774464861e-03
1.678514464645061884e-03
1.662045296250807972e-03
1.647216374604248837e-03
1.629746193963178477e-03
1.610645646767006013e-03
1.588149814453259680e-03
1.572382981153230917e-03
1.556176909707358315e-03
1.540633734225004816e-03
1.526876262475966670e-03
1.513450396824416377e-03
1.497420306865416932e-03
1.483249924839407817e-03
1.469780075213561465e-03
1.453819459824362472e-03
1.434949295233504995e-03
1.418769374882208239e-03
1.404633407610436256e-03
1.391413079714891353e-03
1.378227884553716613e-03
1.366553463357281532e-03
1.354326929761361965e-03
1.341048508752608901e-03
1.327863402274734230e-03
1.315219673517124734e-03
1.301574330687511449e-03
1.287421361619295671e-03
1.276450141765894100e-03
1.264166909460337279e-03
1.254739281960868657e-03
1.244544617815844046e-03
1.233814958931199598e-03
1.223490490203229392e-03
1.214495411307643007e-03
1.205430371195673981e-03
1.196802671280469427e-03
1.920844713064021351e-03
1.627220450945085061e-03
1.453560836666360767e-03
1.355680321442110725e-03
1.271303099407803273e-03
1.214021141725514594e-03
1.166975991205837244e-03
1.128421624158570643e-03
1.086337579451831506e-03
1.048083774181226722e-03
1.013595860268432826e-03
9.808711751444979931e-04
9.514914974361669657e-04
9.289797537480173678e-04
9.059019436554698176e-04
8.843090682112720322e-04
8.666818169764546999e-04
8.495059340333616874e-04
8.316699275334990581e-04
8.134941391139610201e-04
7.981013079206280766e-04
7.834849419362544540e-04
7.677858038832613852e-04
7.550494057347521522e-04
7.427055264700582748e-04
7.319264605260833445e-04
7.202990723064727494e-04
7.087362964553281259e-04
6.984072304464402064e-04
6.888253260676866375e-04
6.803044747564137174e-04
6.703163082667051419e-04
6.601454717859093872e-04
6.516809626757252361e-04
6.443151844036721417e-04
6.378945062726694730e-04
6.293313555625952181e-04
6.213647225515754385e-04
6.143930658163777089e-04
6.075568264406697866e-04
6.020474527433178564e-04
5.965276780977229543e-04
5.909672854316144015e-04
5.840151389465877540e-04
5.768392632161627306e-04
5.714529698395262505e-04
5.644666772786648048e-04
5.585013156253787903e-04
5.532051021710037266e-04
5.479046969136769319e-04
5.411651863750699181e-04
5.345532757264674856e-04
5.285006219311683476e-04
5.223553437357998696e-04
5.173284812388468995e-04
5.122639510138317018e-04
5.074443582566945084e-04
5.032913798529016318e-04
4.988620321365118578e-04
4.943959358015917200e-04
4.904677135937951299e-04
4.855652216369395180e-04
4.814287384716390899e-04
4.773520580665775400e-04
4.725816518036352293e-04
4.678751638304846894e-04
4.639102965136322190e-04
4.591839001045666712e-04
4.551030727144628110e-04
4.510787482035854526e-04
4.473497053320534943e-04
4.437696791218831318e-04
4.397309272615394630e-04
4.362010922815816208e-04
4.332655442835782835e-04
4.301640085895901632e-04
4.267250794238020939e-04
4.235649515215533074e-04
4.209859365501408476e-04
4.184489485192645179e-04
4.157929100451685151e-04
4.134437676515045836e-04
4.110652685778936038e-04
4.086233011198564199e-04
4.063334475415960548e-04
4.040482233124429237e-04
4.020790968773606364e-04
3.996024096021116552e-04
3.976179334125392760e-04
3.952012982968211357e-04
3.930395190788300787e-04
3.906451310162468537e-04
3.880269387610941166e-04
3.851775549024175288e-04
3.824122842609867083e-04
3.802505535055562759e-04
3.782898520947548587e-04
3.759782784508926170e-04
3.737087563245744689e-04
3.718867077955769602e-04
7.046254290159707084e-04
5.989098168649658683e-04
5.378084320233268061e-04
4.950068070886557651e-04
4.639060042527397482e-04
4.424194907154410401e-04
4.243771093432198416e-04
4.094672272206488733e-04
3.963791023185597468e-04
3.844952477992470479e-04
3.721785369296760947e-04
3.618761682005135379e-04
3.531377787243093779e-04
3.446603442266547726e-04
3.362817131366170479e-04
3.295221531301250695e-04
3.225184748215490405e-04
3.151276288711704772e-04
3.087344227845906642e-04
3.034261286555034378e-04
2.981024854589551664e-04
2.928009230211495997e-04
2.868137055142869858e-04
2.818736587264905938e-04
2.775760215237484140e-04
2.738781767029826184e-04
2.699664015826393313e-04
2.660424292282662908e-04
2.617207091760908526e-04
2.576259190203051565e-04
2.539294622945964443e-04
2.507291978556421799e-04
2.480220373282886583e-04
2.451114216017396901e-04
2.420173533057693490e-04
2.393695484966360410e-04
2.362210205476519050e-04
2.335983683131370237e-04
2.310960976349972257e-04
2.286934666360857296e-04
2.262428116138140584e-04
2.233419870366139021e-04
2.210358961815460605e-04
2.187349335084718815e-04
2.165417448990650370e-04
2.145407046498104141e-04
2.119427296483268499e-04
2.094480310937231005e-04
2.069488893628784656e-04
2.045669900965760345e-04
2.024225512518328985e-04
2.005399180643365874e-04
1.985131376521992517e-04
1.968760185987525194e-04
1.954740364775589892e-04
1.940076233387781374e-04
1.923488661571344689e-04
1.906794485900713070e-04
1.894521057214221781e-04
1.881330170308118967e-04
1.867470394245165412e-04
1.853672067461336161e-04
1.840637345510702950e-04
1.823629721970354816e-04
1.808420939140575889e-04
1.796581575717224818e-04
1.783632945059589940e-04
1.771831911302416528e-04
1.759572657553469240e-04
1.748917697643507748e-04
1.737528214230736568e-04
1.725803147861622831e-04
1.714529984860338149e-04
1.703070245256105134e-04
1.691095658233985211e-04
1.678086707660980236e-04
1.668459216623141691e-04
1.658655096746598832e-04
1.648654175076026695e-04
1.639759126598671019e-04
1.629754870352660028e-04
1.619838089851691480e-04
1.607980294432760247e-04
1.597503298211465838e-04
1.588386940389255189e-04
1.579853888816905479e-04
1.570427676286796745e-04
1.560380856022011080e-04
1.552063229323042608e-04
1.543014649065581009e-04
1.533842094319734528e-04
1.526060982695583255e-04
1.519494102238650682e-04
1.511757849619941967e-04
1.503164283407095294e-04
1.496666274269915331e-04
1.489200172606507306e-04
1.482830929814174363e-04
1.476443976237347985e-04
1.470470389634331507e-04
3.097407403425117686e-04
2.562064797588093734e-04
2.275226233733828826e-04
2.100864194629476736e-04
1.953386508454807056e-04
1.844631020033092811e-04
1.759844877225454161e-04
1.695110623295945670e-04
1.635346086034613657e-04
1.583297212992916926e-04
1.538441045570709137e-04
1.498568392679518982e-04
1.463737601041386097e-04
1.434675590075470801e-04
1.400919926022111024e-04
1.374573509886594508e-04
1.344582877910931813e-04
1.323027883283412940e-04
1.297369841138923527e-04
1.270053504257562509e-04
1.248848888131939350e-04
1.228213247445707071e-04
1.209621621725182376e-04
1.194617922862196361e-04
1.179052968052515766e-04
1.163013615992941917e-04
1.146702706800453112e-04
1.128757976269709749e-04
1.114488189504327445e-04
1.095371682730440365e-04
1.081498043005858469e-04
1.066735242647301934e-04
1.051515097464299182e-04
1.038013929406861378e-04
1.026364958118787882e-04
1.012742461112573703e-04
1.000432765455415028e-04
9.887381147925117242e-05
9.782897934109719025e-05
9.685438815687197843e-05
9.582848009280667365e-05
9.506945601791516836e-05
9.419293047074336423e-05
9.349742480602198634e-05
9.279107816619378652e-05
9.189795621444148100e-05
9.119599553662383778e-05
9.037821209603178537e-05
8.949537939088204202e-05
8.876684522504270348e-05
8.803220971010040008e-05
8.729470726665321094e-05
8.647164472178105470e-05
8.557407058612860769e-05
8.475038741834382502e-05
8.390657198578063160e-05
8.310406477985007260e-05
8.224811647285897520e-05
8.146450108828835334e-05
8.076497956432884958e-05
8.003568043148206166e-05
7.946875113054219686e-05
7.885189710994363124e-05
7.831502008793919049e-05
7.780129995629912060e-05
7.728536272135581582e-05
7.672889856914007645e-05
7.617747452639413001e-05
7.553156174033975596e-05
7.496017223687917853e-05
7.442106115670327519e-05
7.380884825233516224e-05
7.318645903005511003e-05
7.263160422156651438e-05
7.211526366699566332e-05
7.152120252407401712e-05
7.102685868004420422e-05
7.057217775395795709e-05
7.004022783396248472e-05
6.946199015183007915e-05
6.894925727375997423e-05
6.849578037556940894e-05
6.809647634796409121e-05
6.771828031802121402e-05
6.736944346247897622e-05
6.709709796329770958e-05
6.676949389214969556e-05
6.648520031854198472e-05
6.613381035392892329e-05
6.577849801860296620e-05
6.542258058632449821e-05
6.498586530280864239e-05
6.459066367700129854e-05
6.416648479253839741e-05
6.376246366910691085e-05
6.339095402972090641e-05
6.303673833500897405e-05
6.272751628871986299e-05
6.241782661763519010e-05
6.217894834937351802e-05
