9.893978037924031632e-01
9.712609501045142979e-01
9.198499501086114805e-01
9.062564550452308909e-01
8.429143014304749659e-01
8.046565989850715805e-01
7.902759143548272469e-01
7.763406106745673885e-01
7.709165052547152230e-01
7.681940594646206044e-01
7.634583085658293022e-01
7.598940938877626339e-01
7.577835365993758066e-01
7.560420148749278368e-01
7.511057601630830582e-01
7.470960635179025866e-01
7.465121909594922833e-01
7.414105910892269113e-01
7.377664345339054464e-01
7.372227169790147583e-01
7.370300579403465946e-01
7.369391528696803695e-01
7.368939656838521257e-01
7.356513447777552894e-01
7.347086798444407707e-01
7.303269101227932714e-01
7.280573047954876920e-01
7.279445451416063362e-01
7.278491144408528735e-01
7.277741622214413120e-01
7.264211884570975775e-01
7.258903030905222709e-01
7.248712037612586867e-01
7.246903820856326339e-01
7.237654629787150240e-01
7.235223406537590884e-01
7.231774574904765718e-01
7.225150511795919162e-01
7.220660939690745073e-01
7.213042266984341921e-01
7.210241954929277330e-01
7.207812616518148863e-01
7.206863453636321859e-01
7.206474736169555806e-01
7.206042962440005750e-01
7.205704961936290065e-01
7.197910568402512421e-01
7.191375198648185529e-01
7.169878512648091284e-01
7.151150558943403235e-01
7.144982508479795769e-01
7.143474951534772854e-01
7.143103907880149483e-01
7.142793005561847153e-01
7.142149933620913771e-01
7.141781137674200197e-01
7.140538504361301220e-01
7.128364157905058285e-01
7.124116864343555955e-01
7.120271050213202724e-01
7.114504303303453847e-01
7.111998652405420174e-01
7.111921902218347746e-01
7.111649877442351997e-01
7.111367168986126863e-01
7.111335142755744743e-01
7.111303850256152081e-01
7.111273703126146373e-01
7.109519197848316319e-01
7.107262658874816674e-01
7.106672504157326431e-01
7.106214084460940050e-01
7.105333009565277802e-01
7.104868968268459595e-01
7.104833524410354428e-01
7.104776347369564649e-01
7.104703517046573324e-01
7.103957217774945487e-01
7.103258387770716720e-01
7.103193413451075466e-01
7.103156071840377450e-01
7.103120421645143789e-01
7.102588029436137651e-01
7.102228204921990917e-01
7.101658231414170741e-01
7.101392903140931745e-01
7.101270947124709298e-01
7.101195303630074562e-01
7.101044205642671470e-01
7.097636573234016311e-01
7.096413550060186592e-01
7.095984769711076723e-01
7.095766599664276031e-01
7.095557630353065415e-01
7.095334415872985856e-01
7.095250828808534749e-01
7.095112168794305285e-01
7.094979567519409391e-01
7.094885681935754196e-01
7.094834696213414560e-01
7.094798371703506801e-01
7.094658019675991190e-01
7.094535853470252951e-01
7.094502871706761526e-01
7.094478624762379226e-01
7.094449584926687535e-01
7.093180798716924862e-01
7.091577287651865680e-01
7.091503928916214061e-01
7.091448548154489773e-01
7.091394124074217320e-01
7.089426840685419950e-01
7.087891524699244661e-01
7.087762662901162525e-01
7.087673316391195355e-01
7.087615680220880066e-01
7.086611327488115952e-01
7.085565846085296604e-01
7.085294818612095646e-01
7.084947032960603464e-01
7.084773832786844805e-01
7.084754261554367938e-01
7.081621342081152459e-01
7.077027082428640758e-01
7.076784499903600034e-01
7.076687803079192429e-01
7.076654511041643447e-01
7.076635977691564383e-01
7.076585054468105263e-01
7.076449707998802019e-01
7.076357382302218557e-01
7.076324226598973421e-01
7.076274976974913367e-01
7.072449459516541026e-01
7.069267429411978387e-01
7.069088885465675265e-01
7.068903576515274123e-01
7.068838868151012811e-01
7.068814714098101692e-01
7.068801381551860219e-01
7.068702160832263104e-01
7.068634795101086388e-01
7.068593860700101983e-01
7.068576766456335925e-01
7.068553665656857055e-01
7.067611844080816663e-01
7.066722913749517998e-01
7.066708304294108123e-01
7.066698851258735870e-01
7.066688622409601495e-01
7.066679237760270516e-01
7.066666526935079240e-01
7.066427990602044407e-01
7.066216440674633059e-01
7.065573638703729342e-01
7.064747200089557255e-01
7.064559686840531372e-01
7.064531490186723994e-01
7.064397024801338798e-01
7.064282025290835598e-01
7.064239295676205677e-01
7.064222930399900457e-01
7.064053531489987714e-01
7.063592526821929063e-01
7.063217895316818984e-01
7.063196788216959954e-01
7.063186165500866531e-01
7.063164744228227487e-01
7.063058673284635658e-01
7.062972931326921833e-01
7.062951358385800571e-01
7.055870408391898829e-01
7.051095771738528084e-01
7.050899336368982029e-01
7.050811268615658767e-01
7.050586321754226393e-01
7.050402562956404884e-01
7.050374197547132349e-01
7.050021249391668077e-01
7.049848169867278802e-01
7.049608062002475917e-01
7.049537234501128680e-01
7.047876206838339375e-01
7.047167283609863109e-01
7.046740886732865139e-01
7.046067428278123268e-01
7.046032285694096009e-01
7.046009930191212689e-01
7.045695137560845644e-01
7.045559273529504729e-01
7.045516464429065762e-01
7.045485150995925983e-01
7.045456802951342024e-01
7.044721347399381939e-01
7.044275227646823456e-01
7.044092581845875500e-01
7.043720644658579833e-01
7.043565350628435695e-01
7.043363965969365870e-01
7.043319506703026311e-01
7.043108423120023609e-01
7.042903667724561556e-01
7.042852019165155575e-01
7.042788437737824703e-01
7.042779486329636685e-01
7.042769134146383836e-01
7.042726768175398000e-01
7.042697091630555351e-01
7.042684648497430366e-01
7.035241594890100369e-01
7.032784108451929361e-01
7.032618662564199541e-01
7.032571103341508367e-01
7.032551677106655408e-01
7.032507980087400190e-01
7.032489202536723605e-01
7.032446926930823183e-01
7.032401121854513493e-01
7.032390107036057270e-01
7.032356271402787629e-01
7.032177486819809475e-01
7.032046105178073603e-01
7.032019141220503533e-01
7.031995240184707452e-01
7.021738678320964544e-01
7.021041117797639508e-01
7.021022205531114446e-01
7.020982948444147720e-01
7.020867692133604399e-01
7.020401333204991934e-01
7.020094225536551713e-01
7.020043688327138875e-01
7.019828140421697782e-01
7.019706485137818808e-01
7.019641146334927306e-01
7.019618500489150925e-01
7.019603762880585185e-01
7.019550711528288467e-01
7.019502715659701186e-01
7.014796910617765446e-01
7.011786399683486160e-01
7.011213190543298390e-01
7.010901269313959405e-01
7.010818129837420587e-01
7.010792411701740612e-01
7.010544525240403058e-01
7.010363364474651027e-01
7.008718870452763650e-01
7.008242127599036975e-01
7.007696918603801839e-01
7.006997255449781692e-01
7.006971817927819535e-01
7.006890514696311190e-01
7.006826122831757431e-01
7.006785374794052279e-01
7.006750483899211179e-01
7.006725057923987032e-01
7.006696780242651634e-01
7.006674671684158806e-01
7.006664530452613171e-01
7.006659273791669973e-01
7.006594447548707416e-01
7.006482315355891943e-01
7.006416367304432180e-01
7.006408040640109691e-01
7.006398945146968815e-01
7.005566177920394821e-01
7.003858538468545891e-01
7.002812928965629347e-01
7.002729556074505091e-01
7.002677550979510279e-01
7.002652454059785647e-01
7.002629234849563344e-01
7.002615107123990601e-01
7.002601630417711887e-01
6.989598080517196443e-01
6.986762447234063922e-01
6.986662949932842537e-01
6.986588792705069606e-01
6.986458131782603553e-01
6.986389461858283356e-01
6.986373488845869506e-01
6.986165608042667063e-01
6.985926719644310889e-01
6.985776877757468029e-01
6.985658505232911208e-01
6.984443511061610987e-01
6.983592063048690290e-01
6.983410639640424966e-01
6.983310557749738967e-01
6.983266473130581575e-01
6.983231868889930860e-01
6.983198588027559328e-01
6.983179108285044734e-01
6.982933531536266170e-01
6.982841486838856637e-01
6.982793681271893815e-01
6.982758908193744674e-01
6.982697137459763503e-01
6.982669112366515218e-01
6.982488540460367599e-01
6.982333108346097106e-01
6.982309291346624480e-01
6.982279956273791388e-01
6.982110223046668063e-01
6.981562247089156958e-01
6.981213039160726330e-01
6.981124138534788859e-01
6.980769415435420511e-01
6.980510623159903449e-01
6.980443594806717833e-01
6.980423414839772578e-01
6.980402893363439887e-01
6.980387404509018623e-01
6.980375308348409913e-01
6.980362808811009234e-01
6.980336167751073351e-01
6.980126406949043183e-01
6.979894837644702310e-01
6.979854906217449750e-01
6.979814690644662312e-01
6.979778864562787843e-01
6.979748113880994698e-01
6.979685337568223291e-01
6.979644820679243855e-01
6.979624065864309390e-01
6.979585111858012114e-01
6.979553165276903837e-01
6.979534581131772164e-01
6.979514585798807236e-01
6.979410168726073449e-01
6.979303633591372735e-01
6.977334018675863669e-01
6.975187203327903873e-01
6.975164770064615771e-01
6.974939018030452687e-01
6.974693042274541233e-01
6.974674064927257611e-01
6.974656256427742562e-01
6.974410742551028219e-01
6.974162018489523662e-01
6.974131722560430457e-01
6.974121455256797608e-01
6.974055521547214420e-01
6.973987788032250945e-01
6.973931254971059701e-01
6.973886882261580711e-01
6.973875043395687534e-01
6.973851578876294477e-01
6.973821854036513779e-01
6.973465812539183517e-01
6.973176148676443198e-01
6.972842719625301777e-01
6.972518311015646342e-01
6.972495662000938177e-01
6.972454506105100203e-01
6.972439151569745919e-01
6.972427803469477547e-01
6.971261290305486025e-01
6.970348660999944324e-01
6.970300869682233280e-01
6.970266862963494514e-01
6.970250751211302109e-01
6.970224646346696584e-01
6.970211022656844779e-01
6.968641072269353698e-01
6.967245449935146606e-01
6.967215885831952171e-01
6.967176206276435302e-01
6.967147607887472782e-01
6.967122937532949090e-01
6.967083901846125027e-01
6.967063937977642230e-01
6.967054561261299961e-01
6.967013755864976954e-01
6.966970768666813640e-01
6.966906065518153612e-01
6.966875652883590675e-01
6.966839631515567843e-01
6.966811187862722576e-01
6.966776652982104023e-01
6.966749066136230795e-01
6.966738030742730681e-01
6.966713010899439062e-01
6.966678315401807486e-01
6.966664014168916230e-01
6.964420517793918908e-01
6.962014490394551336e-01
6.961630409807488817e-01
6.961223516284553714e-01
6.961170131152609741e-01
6.961142125497705724e-01
6.961133580997170833e-01
6.961045121344351383e-01
6.960977762263996782e-01
6.960960430967727541e-01
6.960949562851135308e-01
6.960680546158347637e-01
6.960597217496234945e-01
6.960415176826451056e-01
6.960393140358450692e-01
6.960367116994911063e-01
6.960345509607022141e-01
6.960326867586483779e-01
6.960302377234436344e-01
6.958609820172214633e-01
6.957031455523683405e-01
6.956918530997420191e-01
6.956868673105593981e-01
6.956854953630992044e-01
6.956844737513641075e-01
6.956820548422196770e-01
6.956802806620039359e-01
6.955964191081948078e-01
6.955447313064706538e-01
6.955339302245507893e-01
6.955285007211768900e-01
6.955095230366336034e-01
6.955071802440051520e-01
6.955010585626043573e-01
6.954915025572608878e-01
6.954838133282708057e-01
6.954755897798926556e-01
6.954731410863169705e-01
6.954701736711400573e-01
6.954675718757258318e-01
6.954650259410422031e-01
6.954625129701628161e-01
6.954606601578564584e-01
6.954588299460605638e-01
6.954570525854373297e-01
6.954552248477660070e-01
6.954537120659646243e-01
6.954517388061657313e-01
6.954502299162689249e-01
6.954485480645122841e-01
6.954468529805530874e-01
6.954452691939863040e-01
6.954031446230876101e-01
6.952930456666550629e-01
6.952260840174437906e-01
6.952235216626400094e-01
6.952213331231521520e-01
6.947937251145842597e-01
6.946221618784020890e-01
6.946045827631420755e-01
6.945976934131692371e-01
6.945939888422795194e-01
6.945913905265438393e-01
6.945891967042026049e-01
6.945873467369615417e-01
6.945853039442029253e-01
6.945833242443717470e-01
6.945814342359570848e-01
6.945799335736070335e-01
6.945751208341621741e-01
6.945691999115615189e-01
6.945674518683010445e-01
6.945664156139118584e-01
6.945634260800782611e-01
6.945612174843263098e-01
6.945596885751305072e-01
6.945582787069264352e-01
6.945572210984983785e-01
6.945560167397142326e-01
6.945387773038411705e-01
6.945031942045818418e-01
6.944871037221262977e-01
6.944841958336510634e-01
6.944813771347772002e-01
6.944790936971863005e-01
6.944776229886290286e-01
6.944761535699174315e-01
6.944740386821636191e-01
6.944719895563254974e-01
6.943364802281438708e-01
6.941509886381385108e-01
6.941444896575522661e-01
6.941381420752312792e-01
6.941347113089814114e-01
6.941301998123754480e-01
6.941280392919022546e-01
6.941239822175252483e-01
6.941201837223288651e-01
6.941177859486807877e-01
6.941153142087296279e-01
6.941135064635935992e-01
6.940089813477563485e-01
6.938913243244992923e-01
6.938899470077513065e-01
6.938885902836762209e-01
6.938871979797252010e-01
6.938852167280274985e-01
6.938819768330932725e-01
6.938790259030040986e-01
6.938659284974041386e-01
6.938597262244363684e-01
6.938396401132908009e-01
6.938199701503703354e-01
6.938043382807412840e-01
