7.149276156665328452e-01
6.418188095439203433e-01
6.321707657142521253e-01
6.188573288692500451e-01
6.118437485113455976e-01
6.069711335792860041e-01
6.017256524996663636e-01
5.978624582502735096e-01
5.933098446907714152e-01
5.908084893040884689e-01
5.896335420024796381e-01
5.881370535539630628e-01
5.869312591736275397e-01
5.855498876045485135e-01
5.845307734891326268e-01
5.844820835393108593e-01
5.836998741707737359e-01
5.829577193422450510e-01
5.815878801591317648e-01
5.805507920470334149e-01
5.815136219973510157e-01
5.805268885568696247e-01
5.794370869726693796e-01
5.784461665175220091e-01
5.776150590702815446e-01
5.797695565828877573e-01
5.793174462112861134e-01
5.789495739581433931e-01
5.786351792879274036e-01
5.782221325621463848e-01
5.786174445670372313e-01
5.779380591170665271e-01
5.773287342492935403e-01
5.769034989661175894e-01
5.763797135688913942e-01
5.784276743119327602e-01
5.770571467596136150e-01
5.762759589050699960e-01
5.758231807172853323e-01
5.754387550355416492e-01
5.767695852061105466e-01
5.760238922671371276e-01
5.755025025976937547e-01
5.752624123491357766e-01
5.750577489797166209e-01
5.763323189578489769e-01
5.757165288246831603e-01
5.752578960429035604e-01
5.748837634190863133e-01
5.745898520710907009e-01
5.743023813591547899e-01
5.740357420732120630e-01
5.736954508792797558e-01
5.734782198523185048e-01
5.733758995503329681e-01
5.732764948407403915e-01
5.731728424426044688e-01
5.730599959600745086e-01
5.729756048264010859e-01
5.729063190975544062e-01
5.728380126762022684e-01
5.727685828628812370e-01
5.727235448157146358e-01
5.726457627833320130e-01
5.725730558593028485e-01
5.725118103432803585e-01
5.724643336396578741e-01
5.724007161771178520e-01
5.723402332049858376e-01
5.722527787697071489e-01
5.721656009944399157e-01
5.720514125529732041e-01
5.719301343615655897e-01
5.718600610687595287e-01
5.718019626777979258e-01
5.717334476780869812e-01
5.716723690227257793e-01
5.716318181487366479e-01
5.715937775553568967e-01
5.715659438552040950e-01
5.715407177371425451e-01
5.715247753365531036e-01
5.715097711333380071e-01
5.714873403317635159e-01
5.714724779868165516e-01
5.714635160358511046e-01
5.714554160254331494e-01
5.714453937418633167e-01
5.714396309861807799e-01
5.714347900774853217e-01
5.714299257759114514e-01
5.714256070915736396e-01
5.714217425870019573e-01
5.714175948495266999e-01
5.714131708921317276e-01
5.714090896543151388e-01
5.714020907417647344e-01
5.713958352858407030e-01
5.713890266608165902e-01
5.713793118978787167e-01
5.434619012846734210e-01
5.367035528703980596e-01
5.329898462788762448e-01
5.292468852006249058e-01
5.265576817286414801e-01
5.244769515869669441e-01
5.230155867757088073e-01
5.218804176267297645e-01
5.204443357437964490e-01
5.186344083128663351e-01
5.176513126170106949e-01
5.168895923989890173e-01
5.160912289709957967e-01
5.143809583987385414e-01
5.128522975466347500e-01
5.120828203748577501e-01
5.110480397542261910e-01
5.103246984916642859e-01
5.097930290530493513e-01
5.092711156522021776e-01
5.096639872057334708e-01
5.090620877298001057e-01
5.081440499646258102e-01
5.076130465092135724e-01
5.063920771493313211e-01
5.065929187567955738e-01
5.059664973931379262e-01
5.054227518620959536e-01
5.049570002614223174e-01
5.046753600577617016e-01
5.050856820272898728e-01
5.046335121435290283e-01
5.041301178231200053e-01
5.038739681900287204e-01
5.036651189175802568e-01
5.047249939997920931e-01
5.044469374045361665e-01
5.041212726648180986e-01
5.037450399055620753e-01
5.034501751601283548e-01
5.040245622154145844e-01
5.036424014018683337e-01
5.034562722826942949e-01
5.033357936686626566e-01
5.031861827751376026e-01
5.036017390005280703e-01
5.033459233638503116e-01
5.031772344532260410e-01
5.030189876377526570e-01
5.029057340635181284e-01
5.027709846217582879e-01
5.026641263271175442e-01
5.025748429788059468e-01
5.025133637391331343e-01
5.024434891637767908e-01
5.023665868773034004e-01
5.022933146324685127e-01
5.022406773043249784e-01
5.021899977439978624e-01
5.021339476496107235e-01
5.020689127672227636e-01
5.020016802569565728e-01
5.019153290416630275e-01
5.018499918264839321e-01
5.017906320947639331e-01
5.017332697848631007e-01
5.016770861712198659e-01
5.016299505922167112e-01
5.015899135699395384e-01
5.015526843834391402e-01
5.015185292554943386e-01
5.014887662445466354e-01
5.014650046086155388e-01
5.014415778949177227e-01
5.014153271753396535e-01
5.013747142035528404e-01
5.013295729454890770e-01
5.012830999665631726e-01
5.012265668361924886e-01
5.011679441016819725e-01
5.011132468279340113e-01
5.010672243672470438e-01
5.010275819767447958e-01
5.009959336232112648e-01
5.009665592853043137e-01
5.009392241236143573e-01
5.008989818979843189e-01
5.008737885038220261e-01
5.008454050508496236e-01
5.008117563525296134e-01
5.007749667956865602e-01
5.007451648635040664e-01
5.007038913620708298e-01
5.006702984626946185e-01
5.006422074807076461e-01
5.006189012629734814e-01
5.005892727841627643e-01
5.005664559583552498e-01
5.005477274947744970e-01
5.005293705368474289e-01
4.970470457425167354e-01
4.943693004264102520e-01
4.930950269526093166e-01
4.923210923957938578e-01
4.914560990252791473e-01
4.910807643402156919e-01
4.905392354675434108e-01
4.896066666030172154e-01
4.887868858735210376e-01
4.883289172260878996e-01
4.881214746318275344e-01
4.876188520609447963e-01
4.870305289564144657e-01
4.862684846381465364e-01
4.853961781056476688e-01
4.848262292189549072e-01
4.842198893300789786e-01
4.836671877989856538e-01
4.831152122103160584e-01
4.824478695227565894e-01
4.825532108255896624e-01
4.820879391487644106e-01
4.816261210659750214e-01
4.811548165148443745e-01
4.807616132814526710e-01
4.808292743236111111e-01
4.803654835365872011e-01
4.799237837173021548e-01
4.796206310415864205e-01
4.793287972235082961e-01
4.794641781413653825e-01
4.789721875420402397e-01
4.782136359487035304e-01
4.774906814356899565e-01
4.772165041993388646e-01
4.770365719616752598e-01
4.768280260562394179e-01
4.766976556952285393e-01
4.765210782397299449e-01
4.763060000509535263e-01
4.761896373824200945e-01
4.760141023389138915e-01
4.757995195990614157e-01
4.756227273610317829e-01
4.754390394431320943e-01
4.751334908923515177e-01
4.749581907568690142e-01
4.747866180126373847e-01
4.745866329859699806e-01
4.742735374461556908e-01
4.740310130998136029e-01
4.738888987633479988e-01
4.737383065262211201e-01
4.736162320602613773e-01
4.734888890860540767e-01
4.733606246448050503e-01
4.732084272040977813e-01
4.730301838677746784e-01
4.728891488798986353e-01
4.727608171198608433e-01
4.725738425675540255e-01
4.723787120906133841e-01
4.720872883803612363e-01
4.717386228323044994e-01
4.715159972506543506e-01
4.713126995155373367e-01
4.711326304279439547e-01
4.709872515732136389e-01
4.708512349945142561e-01
4.706672020181543736e-01
4.703155521001539663e-01
4.700752385606471462e-01
4.698834019255903605e-01
4.696539644402579761e-01
4.694363310649937726e-01
4.692039862067690081e-01
4.690712026665084244e-01
4.689543625524574821e-01
4.688321492861559636e-01
4.687362925382169143e-01
4.686423293706265536e-01
4.685286549799194122e-01
4.684467070932912258e-01
4.683728492093766071e-01
4.683171703617335924e-01
4.682546468750584667e-01
4.681646347246676276e-01
4.680792713087937873e-01
4.679910757971200708e-01
4.678968537772602576e-01
4.678004287164055364e-01
4.676807965730805372e-01
4.675829302411321220e-01
4.674825463267693326e-01
4.673976533587722582e-01
4.673096967937632185e-01
4.672240590623358281e-01
4.671636681728564833e-01
4.671162355422259216e-01
4.670615072979491522e-01
4.661154834211568843e-01
4.636189491562676679e-01
4.623375246132118699e-01
4.612049178353103129e-01
4.603798128974780912e-01
4.596177957950863813e-01
4.587938371248543312e-01
4.575746249350073902e-01
4.567414065767118059e-01
4.560407530490889205e-01
4.549765268174675859e-01
4.542002563078604838e-01
4.531040964364260737e-01
4.523881106699359500e-01
4.518804689152542409e-01
4.515669063292681029e-01
4.511781472530344561e-01
4.507457628970658603e-01
4.502448438502694716e-01
4.497968990210971518e-01
4.493761675881862705e-01
4.488909142960048060e-01
4.484472251382844443e-01
4.479960864747211668e-01
4.474674061964477589e-01
4.472949860410902478e-01
4.468719638200469579e-01
4.464944313752901017e-01
4.461234275161045093e-01
4.458070924818017811e-01
4.458966037272015792e-01
4.456571427742033187e-01
4.454325817574079083e-01
4.452306522206412875e-01
4.449984482856390589e-01
4.450205529594071785e-01
4.447252816010736631e-01
4.444467858270677585e-01
4.442346839028415428e-01
4.439910978137393549e-01
4.441927501005444312e-01
4.439160691741883547e-01
4.436144934419718466e-01
4.434431239492310772e-01
4.432736183250987061e-01
4.436637580893175725e-01
4.434413283493922053e-01
4.432517805020081414e-01
4.429936492683788640e-01
4.427003822707827330e-01
4.424797964325721256e-01
4.422647571542770439e-01
4.420709325124311806e-01
4.418389367995387840e-01
4.416126047357929463e-01
4.413635715975927631e-01
4.411225514433146366e-01
4.408571920540860223e-01
4.406200006740364494e-01
4.403880713020161819e-01
4.402018801482721067e-01
4.399732536256237836e-01
4.397200951165741722e-01
4.394412956428870864e-01
4.392191745858518570e-01
4.389722037253278031e-01
4.387090713998962888e-01
4.384463189604536071e-01
4.381291323184402509e-01
4.379051958119185017e-01
4.377141920900830541e-01
4.375103383531871448e-01
4.372969171773917196e-01
4.370506369371478517e-01
4.367706420831200531e-01
4.365245536241596502e-01
4.363185168874378905e-01
4.361514225441441295e-01
4.359737954903346591e-01
4.358419509705034334e-01
4.357075999289472534e-01
4.356160681305882854e-01
4.355041312942686815e-01
4.353820729394976552e-01
4.352529126237135726e-01
4.351239282868400449e-01
4.350122161139573507e-01
4.349099014693664222e-01
4.347815990105386996e-01
4.346415575311555202e-01
4.344795526626459292e-01
4.343595961054143029e-01
4.342573687949449202e-01
4.341596572857653880e-01
4.340515159077216745e-01
4.339441413521885060e-01
4.338113306137814096e-01
4.336918512372716084e-01
4.336151887359359636e-01
4.335212724021431652e-01
4.330057828190178593e-01
4.309784144776406256e-01
4.297591512649819312e-01
4.287511528243352910e-01
4.278259494965190313e-01
4.267509132614001888e-01
4.260853552861678106e-01
4.255710299948286535e-01
4.250788214714974478e-01
4.247317687248746698e-01
4.244173669786220904e-01
4.241427628032374275e-01
4.237632018188461913e-01
4.233428512332835236e-01
4.230394249528536266e-01
4.228583270291768059e-01
4.225802588966101614e-01
4.223112983733711134e-01
4.220665193283933414e-01
4.218236799224098221e-01
4.216092339800264210e-01
4.213334342509071906e-01
4.210302747103083498e-01
4.206459495991705100e-01
4.202670573513079266e-01
4.198988024434506805e-01
4.195576184366955896e-01
4.193235514063149427e-01
4.191130668134839810e-01
4.189286618625136516e-01
4.188337076438062856e-01
4.186142703316951263e-01
4.184194269810997957e-01
4.182320171697149203e-01
4.180426058158643876e-01
4.178317526456928888e-01
4.176111016344656313e-01
4.173836354649543834e-01
4.171925615391860465e-01
4.169977671840792155e-01
4.168913373543702838e-01
4.166937702907412278e-01
4.165055745936003251e-01
4.163108831241730812e-01
4.161591366205445452e-01
4.160442865530142309e-01
4.159110491223393380e-01
4.157916592221451157e-01
4.156539983926051951e-01
4.154922929257449660e-01
4.153186523610096215e-01
4.151777740820575824e-01
4.150504397821847546e-01
4.148919206585032771e-01
4.147552713275385328e-01
4.146089938033979960e-01
4.144499392936148441e-01
4.142966179346314060e-01
4.141613715722690658e-01
4.140373630013416406e-01
4.139289768411247850e-01
4.138177988656535633e-01
4.136845299350530580e-01
4.135022959767349349e-01
4.132586011050866093e-01
4.131187530806829655e-01
4.130064194045453552e-01
4.129270995666757815e-01
4.128509627169634766e-01
4.127632118015734930e-01
4.126966436713960795e-01
4.126203292759362817e-01
4.125372476245287579e-01
4.124266797707754062e-01
4.123265215611056633e-01
4.122052987806596458e-01
4.120958679205723452e-01
4.119600863955352743e-01
4.118060379743670452e-01
4.116443590984457113e-01
4.115007616827194847e-01
4.113615519015825783e-01
4.112262450872106734e-01
4.110541170273607214e-01
4.108365656767858365e-01
4.105911457715541446e-01
4.104179078914858558e-01
4.100839855528329303e-01
4.095102992907520001e-01
4.091353209733709084e-01
4.089947087618714949e-01
4.088962708959967829e-01
4.087850361895403739e-01
4.086624336167561378e-01
4.085626650121282899e-01
4.084667924172913356e-01
4.083322040769883365e-01
4.082000706375139565e-01
4.081167782236135855e-01
4.080484966031013294e-01
