9.785155841598865978e-01
6.789825116407609551e-01
1.708391776915528792e-01
1.055774167034480571e-01
8.801086322809399676e-02
6.932047005075372970e-02
4.584390841947372924e-02
3.593930442155784249e-02
2.935354089763697952e-02
2.560822370547910509e-02
2.371890782253158539e-02
2.193250680528859020e-02
2.036366529247728846e-02
1.920276045733080791e-02
1.778949246967798797e-02
1.673987941736116217e-02
1.618708512327403370e-02
1.573062900432512651e-02
1.512522547401423320e-02
1.418978037750002336e-02
1.356364033893088517e-02
1.287185022905670308e-02
1.234510515471483848e-02
1.190725791989104450e-02
1.152267192313182961e-02
1.117167398296014733e-02
1.075155508618004518e-02
1.039058771863194709e-02
9.989466086654031837e-03
9.586351259322408933e-03
9.125960739071169517e-03
8.713262691746563940e-03
8.386352771724515584e-03
8.094604024729031358e-03
7.851838551240802877e-03
7.629369638825911869e-03
7.408072222486570754e-03
7.189551114212023274e-03
6.961367091835485819e-03
6.773055784983021341e-03
6.479261515562013268e-03
6.288629931503603859e-03
6.185436527168218686e-03
6.089404046008409406e-03
6.018793728835064930e-03
5.882794909798836312e-03
5.802620708402550682e-03
5.726129063730408912e-03
5.606757490182808813e-03
5.513119023764073527e-03
5.452767160387484401e-03
5.257624617500340596e-03
5.093015948401506850e-03
4.854092227814018473e-03
4.661453544916781266e-03
4.591077400494302484e-03
4.530348978661403667e-03
4.369298736727074070e-03
4.259639087364940763e-03
4.198986589421534188e-03
4.145121632016718349e-03
4.112044681744583992e-03
4.072629481076900891e-03
4.050023476093380682e-03
3.974938153212312537e-03
3.887366632655056553e-03
3.866362006364548569e-03
3.797220192308424849e-03
3.736178537215358725e-03
3.709365083998988379e-03
3.670071144282526475e-03
3.646331892182802081e-03
3.630882104604527070e-03
3.607627853388018641e-03
3.575782683017306347e-03
3.550456132306283995e-03
3.522985788541966711e-03
3.498918164488620374e-03
3.405572176245406663e-03
3.331092054029604482e-03
3.246144907278143525e-03
3.162093521094807864e-03
3.059872197218107669e-03
2.973143078037513223e-03
2.909987137333978121e-03
2.854237822343144021e-03
2.831662152226423288e-03
2.813446153373839933e-03
2.785124337736021374e-03
2.741404822428547810e-03
2.693078444403027190e-03
2.639459448723019495e-03
2.595946833462246285e-03
2.561536198469366483e-03
2.546225366751141226e-03
2.522848074584485133e-03
2.507167426980302493e-03
2.478294844410605484e-03
2.454655398365140819e-03
2.436726060660889242e-03
2.421627802747224143e-03
2.394385527118490526e-03
2.370140131819436190e-03
2.321792963600882286e-03
2.284523780557240046e-03
2.272286090137003861e-03
2.258538281740423564e-03
2.248675044515116312e-03
2.237600162044401080e-03
2.228814982903708480e-03
2.188052081784761481e-03
2.155980208816017478e-03
2.038725135626644376e-03
1.946980131391190527e-03
1.925184951859267761e-03
1.900970064649352802e-03
1.874467193690805469e-03
1.849344305156337643e-03
1.826507216583102148e-03
1.804561174673061487e-03
1.789296841008585371e-03
1.778179960930333526e-03
1.763629023440711242e-03
1.750160046308459191e-03
1.744257456387139161e-03
1.736526333572566659e-03
1.715402967928780949e-03
1.702260873028603114e-03
1.624362420783660808e-03
1.553839465732449136e-03
1.547275606945160446e-03
1.541258117156715530e-03
1.531323049103779435e-03
1.517126135056832406e-03
1.509427276063970329e-03
1.503673081031831928e-03
1.497656184694825176e-03
1.487629393027850360e-03
1.479336272403429823e-03
1.472305430472529509e-03
1.464483812736942347e-03
1.448650487483421363e-03
1.436223408437988869e-03
1.389181249441022491e-03
1.343271879233155948e-03
1.339199826967395722e-03
1.333714245372714718e-03
1.328490462481106025e-03
1.323145112910926232e-03
1.318090785292596202e-03
1.313520548574291773e-03
1.307871914071162024e-03
1.302863226605041396e-03
1.299153389776095888e-03
1.294205439640970859e-03
1.289046691788097582e-03
1.285975084150539583e-03
1.280925959648983358e-03
1.275545179308707096e-03
1.271598922259237598e-03
1.264945463371048521e-03
1.258258856921944590e-03
1.236407685662057644e-03
1.215686220555856458e-03
1.151254503875766408e-03
1.079605974616448067e-03
1.067076395689418649e-03
1.055689489501945334e-03
1.044618818500260386e-03
1.034884482027174923e-03
1.030584703719499094e-03
1.026719482781802972e-03
1.017888357976772136e-03
1.008830399004857423e-03
1.000025461579494767e-03
9.905435385987406728e-04
9.821187299045243315e-04
9.735430573752578646e-04
9.688920896084996090e-04
9.642187308541940892e-04
9.518279462462611758e-04
9.404459538233087869e-04
9.354133719382018734e-04
9.304212797878354388e-04
9.243825930989708287e-04
9.197507463075171906e-04
9.155133919132543057e-04
9.114270566524129312e-04
9.088562609850167878e-04
9.061183551341169115e-04
9.039332901175230976e-04
8.985858475867690301e-04
8.926019251378682507e-04
8.902737829441847647e-04
8.876504629561886035e-04
8.850245977130846362e-04
8.815481020044461328e-04
8.778343557259601611e-04
8.744155963831311620e-04
8.724161461861769775e-04
8.690957097667545515e-04
8.656901151980347193e-04
8.582223797922399313e-04
8.512313370201606217e-04
8.460726675717357512e-04
8.409181638743359367e-04
8.322695084913480507e-04
8.255029313684115241e-04
8.118833168009398707e-04
7.980930683907777861e-04
7.879991360333883860e-04
7.789638115544765366e-04
7.667934325035613823e-04
7.579720790464383262e-04
7.560181992182945414e-04
7.544684309908597552e-04
7.528279242350697370e-04
7.506226046415111729e-04
7.484955239745578158e-04
7.453582361545418866e-04
7.421608847419834069e-04
7.386978043811855393e-04
7.357528510656603273e-04
7.315281651805928976e-04
7.244168811402171846e-04
7.214166020597370318e-04
7.160255080704342650e-04
7.114563627452467768e-04
7.038313828246267395e-04
6.967262280401051878e-04
6.885328723904274219e-04
6.802986992199364785e-04
6.781865787933019163e-04
6.766548024425797806e-04
6.746419519770486444e-04
6.724567862210227348e-04
6.704129895404577167e-04
6.679787317082734599e-04
6.651788524810176278e-04
6.634641523632150376e-04
6.564974161339700827e-04
6.517331433530758724e-04
6.490866044582076612e-04
6.464469202121297595e-04
6.211921857178744674e-04
5.898448394927298475e-04
5.875093012660543689e-04
5.850657461451466007e-04
5.840739256077531532e-04
5.827432011326290394e-04
5.816565949329184160e-04
5.804776065333886511e-04
5.792753955648888677e-04
5.782203610173651488e-04
5.770211037307308635e-04
5.756494893248850992e-04
5.741841043008748388e-04
5.731394228233388033e-04
5.720425713727041780e-04
5.704594994152367531e-04
5.680959063136173772e-04
5.667237840371455249e-04
5.656568915686104905e-04
5.646566460301012365e-04
5.636404532293242059e-04
5.622396325003143529e-04
5.609987144366254718e-04
5.601478437639668875e-04
5.591798721051974459e-04
5.580624288243966847e-04
5.569863031355778201e-04
5.559812697154564460e-04
5.550565977071507612e-04
5.538822633049030617e-04
5.524425200756897560e-04
5.512639653244273512e-04
5.500678296297261414e-04
5.485983221024281391e-04
5.472567374977721413e-04
5.436660169419036586e-04
5.397531403532414198e-04
5.386974330547899268e-04
5.376137563890067035e-04
5.361239802111877201e-04
5.346157292825484166e-04
5.335144688244961670e-04
5.325337127205479089e-04
5.305024712283509065e-04
5.280323566156396899e-04
5.246326845513137743e-04
5.218111404709356192e-04
5.160832489017178927e-04
5.109572963230238785e-04
5.083948876627290316e-04
5.058292387848651022e-04
5.041003247190562787e-04
5.025703377613519084e-04
5.018731327258223142e-04
5.010217593167987137e-04
5.000138125794404732e-04
4.992418861455981838e-04
4.979569103137202650e-04
4.966537080088884995e-04
4.957963798817224951e-04
4.949814766913325894e-04
4.938547493343636071e-04
4.927373264268884853e-04
4.866708724070700613e-04
4.815163839954086336e-04
4.798986262510832501e-04
4.776422531018482552e-04
4.764650804438529401e-04
4.755963707554680523e-04
4.747680148556348754e-04
4.732854657306139520e-04
4.718206107814773348e-04
4.705886116919730895e-04
4.695345513912065863e-04
4.687129423359844525e-04
4.678001527107911563e-04
4.669432010487043145e-04
4.658979164551486419e-04
4.650779610936443321e-04
4.642373520857974683e-04
4.633740874109603183e-04
4.626780825475185752e-04
4.615759148364879071e-04
4.605959535226639883e-04
4.600120045908168078e-04
4.589102981285397950e-04
4.577389954606094109e-04
4.550532568658744587e-04
4.521229026372933116e-04
4.454049949710864710e-04
4.359748073127510978e-04
4.350881593381200965e-04
4.342869705810159845e-04
4.238290656615628540e-04
4.137168349534009687e-04
4.121228612571476400e-04
4.108312679189121100e-04
4.100549080327707476e-04
4.094324883703004641e-04
4.087944479315013284e-04
4.081367442763661479e-04
4.072486869107458688e-04
4.062284018106524733e-04
4.050390609227414568e-04
4.036029425763824267e-04
4.023173488960480292e-04
4.010862505095182280e-04
4.002335585519107793e-04
3.994449622887896061e-04
3.986941358089910077e-04
3.980353493722284470e-04
3.974661127548783702e-04
3.968801906202508748e-04
3.962806031374292086e-04
3.956383851042930412e-04
3.947241491667109899e-04
3.939920596383928212e-04
3.933764204683267915e-04
3.929092649679685615e-04
3.904681289440599000e-04
3.884395682688881351e-04
3.877034626530210756e-04
3.869476723757883543e-04
3.864422030610644614e-04
3.858645945419144838e-04
3.853208595735206285e-04
3.827835492276040813e-04
3.801473197773224105e-04
3.794071440399213288e-04
3.785359115746378704e-04
3.779844239231257611e-04
3.774175670348240514e-04
3.763409063814723908e-04
3.755966273499167121e-04
3.749942961478364731e-04
3.743449915627346226e-04
3.739209587348438181e-04
3.733408171329308180e-04
3.727236025372320113e-04
3.722146577866134788e-04
3.717402987221712007e-04
3.710916908828497244e-04
3.704051476413526230e-04
3.699467754921364473e-04
3.695229607967210500e-04
3.685819782481844845e-04
3.668246976958980951e-04
3.654089624590297464e-04
3.643317148791335564e-04
3.630373589949368327e-04
3.616731123552408521e-04
3.604146357773471460e-04
3.596733137895540434e-04
3.587533854812700179e-04
3.569160988764981174e-04
3.550765758916662367e-04
3.512603185697035974e-04
3.479735722092378481e-04
3.429102188781442146e-04
3.371589028653654784e-04
3.363525624589030149e-04
3.356900312460381797e-04
3.346864683825698174e-04
3.337665288834766077e-04
3.328166707119238187e-04
3.320446248348133192e-04
3.317334849486522157e-04
3.312685403713359618e-04
3.306563632334999460e-04
3.302420660574838782e-04
3.298268565663486354e-04
3.294451630129761519e-04
3.290068263920620543e-04
3.286106393195184537e-04
3.282245701793678116e-04
3.278752162294787539e-04
3.270227183053954164e-04
3.263509583924431427e-04
3.258616306757220848e-04
3.255467232457713404e-04
3.247014162737202401e-04
3.239258170781140708e-04
3.233153762578096484e-04
3.228542789016759741e-04
3.210899178146126021e-04
3.192579782871021342e-04
3.178284804193402487e-04
3.164440624143456996e-04
3.126528296104439959e-04
3.096056587628371552e-04
3.081330637448936264e-04
3.068817496434218329e-04
3.040613926423206223e-04
3.004123152595410844e-04
2.997243370947217300e-04
2.992276451964005378e-04
2.988213572046105669e-04
2.983665458841851270e-04
2.979418149869436801e-04
2.975445712339425358e-04
2.972320591375340925e-04
2.968119162921321365e-04
2.963593262365911266e-04
2.960029193764909155e-04
2.954857435239582300e-04
2.950476775050079833e-04
2.946395119530140216e-04
2.942325043864509114e-04
2.938102553184102745e-04
2.934225130489244134e-04
2.930708854300230135e-04
2.927191531611073191e-04
2.921823179233079483e-04
2.916937738037455132e-04
2.912554903412989523e-04
2.908294909636379528e-04
2.904918926705741590e-04
2.900952827559577876e-04
2.895887026997659083e-04
2.891771872346182173e-04
2.888285730242839814e-04
2.878549136933832540e-04
2.869970644861576147e-04
2.865139179935611170e-04
2.861557101101887637e-04
2.858395746044539959e-04
2.855128175628205843e-04
2.851316683703711925e-04
2.846373172047594944e-04
2.842856369213194031e-04
2.839598113796036106e-04
2.836938267527835391e-04
2.829371606074456151e-04
2.822216515016063329e-04
2.806434471075179636e-04
2.788690819222173849e-04
2.784989639653810581e-04
2.781191270211008973e-04
2.776527857468949348e-04
2.771128951066637969e-04
2.763992595656119319e-04
2.756583783854842638e-04
2.753328357138234875e-04
2.750717636266390774e-04
2.745836072779673435e-04
2.735132217312508953e-04
2.728273187791947817e-04
2.721618483594716331e-04
2.714791490312464710e-04
2.706652529907219704e-04
2.696347358288499869e-04
2.684709978661077600e-04
2.678731572999989421e-04
2.673019822018126747e-04
2.666807878889518226e-04
2.636601647886364377e-04
