8.828742291071508541e-01
8.270882448380121321e-01
8.005638182411186632e-01
7.893368250681054299e-01
7.826338293654069300e-01
8.044732002717311925e-01
7.886650171699522982e-01
7.801352912347031543e-01
7.762415031027956047e-01
7.727748372074215721e-01
7.777797648196576041e-01
7.735210165389414527e-01
7.713426689061646524e-01
7.695995052930025837e-01
7.680588594805922709e-01
7.698151348214083978e-01
7.675918211445068584e-01
7.658050836601912881e-01
7.642764101668986232e-01
7.630626281883046147e-01
7.637225001766461130e-01
7.624520485213091003e-01
7.613720044823910627e-01
7.598328278129077296e-01
7.580852137348754738e-01
7.575386755076932710e-01
7.562062083035712146e-01
7.551089225950325945e-01
7.543812186878470216e-01
7.536857852185518958e-01
7.559237923094848099e-01
7.549184776420123644e-01
7.542467748241504788e-01
7.537004088052259299e-01
7.532841106728860314e-01
7.541013503397606677e-01
7.533447717278645150e-01
7.528696295219258205e-01
7.525013300713183639e-01
7.521627157502018823e-01
7.527796929345873522e-01
7.523359234477065005e-01
7.521197303054056871e-01
7.519172200855641641e-01
7.517124428185872898e-01
7.519555910325360637e-01
7.516560110829600960e-01
7.514102078818075681e-01
7.512236427028033958e-01
7.510390454879135591e-01
7.509023279885559399e-01
7.508074108029115790e-01
7.506767790249827543e-01
7.505924747740602143e-01
7.505161413519446656e-01
7.504333242640653934e-01
7.503267743300054970e-01
7.502229792479229165e-01
7.501161066379484765e-01
7.499980407038179253e-01
7.498449563199718337e-01
7.496711870727792437e-01
7.495593190930560645e-01
7.494603507775001727e-01
7.493501502920666413e-01
7.492225101612242089e-01
7.491196650052893702e-01
7.489875397143007651e-01
7.488854577498338383e-01
7.487963818729214127e-01
7.486880691569943735e-01
7.485979884926203809e-01
7.485026635945410955e-01
7.484212014311555361e-01
7.483528347964051308e-01
7.482715601089725554e-01
7.481661110611490528e-01
7.480784990969356896e-01
7.479633200445847674e-01
7.478358552309581908e-01
7.477014516974896940e-01
7.475295843253098038e-01
7.473610848544686158e-01
7.471833433892665077e-01
7.469623525002478948e-01
7.467743628599284866e-01
7.465714644582888138e-01
7.463741590840355933e-01
7.462059302680185136e-01
7.460605850244886872e-01
7.459386683551527675e-01
7.458503408865201356e-01
7.457541830529206273e-01
7.456534748044435501e-01
7.455492503005570759e-01
7.454124205828697169e-01
7.452709402644228653e-01
7.451415700048290569e-01
7.450400222050361787e-01
7.449369771901438453e-01
7.226829066895629206e-01
7.047295162386613132e-01
6.934727347539616504e-01
6.866736128874713074e-01
6.806551151353885665e-01
6.739817056639454407e-01
6.669579455016293457e-01
6.593036475410682939e-01
6.528898966360775491e-01
6.461232349291390342e-01
6.453101683279788281e-01
6.386456547177433718e-01
6.332089531023631368e-01
6.291758691158326755e-01
6.266324283188530186e-01
6.307661372145944023e-01
6.274789669271930714e-01
6.250191555193188586e-01
6.225449803306375429e-01
6.201978292360557088e-01
6.228921551629199582e-01
6.199808176045811248e-01
6.173156049265831058e-01
6.148927927581697706e-01
6.127269440745471973e-01
6.160513120901001116e-01
6.119295429503978090e-01
6.091915398650493696e-01
6.070233191266257711e-01
6.044969442639162027e-01
6.080075018764562467e-01
6.039810889149752615e-01
6.006913453951360227e-01
5.983031783599138675e-01
5.964173503875142002e-01
5.990257227211330804e-01
5.966187273112648626e-01
5.948784424127311343e-01
5.934815856142940937e-01
5.921998038604516790e-01
5.941706686067116383e-01
5.923152098552200151e-01
5.912760868636145473e-01
5.903227205530197086e-01
5.891997659288709110e-01
5.899489953545561383e-01
5.883423448215725493e-01
5.872816351813350266e-01
5.866291651865782608e-01
5.860666275405614911e-01
5.855193019542019872e-01
5.848712149474680766e-01
5.841975349876981083e-01
5.835392302821890143e-01
5.828464460252805734e-01
5.822408851650536787e-01
5.817021272803749588e-01
5.812558442037728534e-01
5.807509963630582694e-01
5.803722590516821045e-01
5.799506379539403067e-01
5.795256805552675416e-01
5.791447749378098031e-01
5.787340948899116766e-01
5.783498881622151089e-01
5.780366472026385871e-01
5.777305321206042121e-01
5.774018192411642936e-01
5.771083989196006403e-01
5.768657571996759215e-01
5.765409554002541848e-01
5.763014139408320080e-01
5.760748831745854392e-01
5.757922505727691709e-01
5.755066353395207335e-01
5.751851719980949351e-01
5.749011947581632587e-01
5.746537813044484411e-01
5.743388036743387604e-01
5.740532762562935432e-01
5.737485155586785623e-01
5.734386834969620317e-01
5.730619365273404986e-01
5.727102002089081711e-01
5.723620256520886018e-01
5.719554931788883856e-01
5.716067312464192529e-01
5.711871869758471387e-01
5.708108522163524157e-01
5.704376970786982914e-01
5.700797063220298666e-01
5.696426108173976433e-01
5.692100163503680532e-01
5.688043131708395705e-01
5.684026376160792315e-01
5.680948806308911969e-01
5.677948662336935737e-01
5.674887077146912873e-01
5.672093556142926429e-01
5.670029678302400677e-01
5.640605458239683623e-01
5.489929043131612785e-01
5.387964072239536106e-01
5.315289025555063329e-01
5.250804095412892059e-01
5.206388177906561276e-01
5.160969681101870155e-01
5.119293697803458665e-01
5.082143140559830519e-01
5.038164004488567826e-01
5.005321708331601505e-01
4.966510689404657897e-01
4.935242157308126765e-01
4.901108469566635151e-01
4.866377084904240924e-01
4.857468522491446006e-01
4.825569732518444344e-01
4.799050599802675010e-01
4.774961522076817677e-01
4.746910858239561937e-01
4.729124542722776825e-01
4.700852153245395071e-01
4.679609693331738818e-01
4.658889297856971257e-01
4.640363340594325092e-01
4.648425949694406367e-01
4.624853196717922388e-01
4.605575613895457887e-01
4.578577315158915972e-01
4.559891970427421559e-01
4.566394722468759548e-01
4.543527662583077276e-01
4.523071695400688319e-01
4.502899027758471284e-01
4.483350351262431199e-01
4.475846912526219024e-01
4.461925668263731493e-01
4.448842927048358153e-01
4.438920356184606897e-01
4.429034797961065584e-01
4.434133040213453225e-01
4.420519921146888742e-01
4.408391693098812070e-01
4.398930694776754802e-01
4.388680322333334272e-01
4.422853688310239284e-01
4.405883650857408962e-01
4.394225414200602087e-01
4.383837650260579699e-01
4.373110097327438939e-01
4.363059204096482180e-01
4.354261356357643220e-01
4.345709452003004292e-01
4.336623145714106342e-01
4.328897463695786652e-01
4.321395602758777432e-01
4.315886866411597356e-01
4.309833684712392476e-01
4.303014391311745790e-01
4.296125415546847570e-01
4.290557353203185431e-01
4.285509520382713156e-01
4.280423639523456281e-01
4.276013197161025459e-01
4.271862186687089835e-01
4.267423467888158406e-01
4.262219124446943175e-01
4.257168597177105607e-01
4.252249021608729418e-01
4.247305363543792955e-01
4.242396128774600927e-01
4.237328086734448718e-01
4.232489590351698472e-01
4.227978653195451630e-01
4.222766476285388371e-01
4.218716630717666005e-01
4.215055077855956456e-01
4.211302094931932971e-01
4.208059919882020661e-01
4.203872219964076007e-01
4.200980603524707702e-01
4.197843122245032421e-01
4.194311138813409112e-01
4.190894735090061052e-01
4.188156305367952692e-01
4.185347952996466003e-01
4.181778155191104851e-01
4.178466475346414022e-01
4.174557936258305180e-01
4.169529605548829010e-01
4.165383905659763575e-01
4.161234884408145374e-01
4.157896639811267669e-01
4.153902268139263998e-01
4.150298845725039487e-01
4.147018557561790719e-01
4.143793977522579053e-01
4.141000871935824335e-01
4.138336565985155646e-01
4.134443253459189060e-01
4.550481763940282809e-01
4.398510664322561881e-01
4.310381530282820228e-01
4.242366294640194102e-01
4.203887645044434018e-01
4.177895011700938910e-01
4.151456667112847221e-01
4.118679487115743942e-01
4.086373670915490197e-01
4.059232947849014672e-01
4.028985002095186174e-01
4.004952071587720708e-01
3.978915952962159830e-01
3.962673001268957051e-01
3.948974987369463507e-01
3.939686730771980727e-01
3.927300075573940119e-01
3.916363686992958004e-01
3.900693274841960934e-01
3.890058865228367413e-01
3.877967231427302819e-01
3.866366014319648214e-01
3.853251135063958666e-01
3.842367263076001960e-01
3.830765359451058782e-01
3.826793876615426360e-01
3.816185272065302225e-01
3.805778583854798613e-01
3.795513229014682577e-01
3.784397901739462444e-01
3.778238944148273881e-01
3.769244216366044453e-01
3.760355017806040201e-01
3.753982257592475280e-01
3.744339833201478229e-01
3.735539147777640623e-01
3.727513683057811500e-01
3.721074279716872768e-01
3.713309235132838948e-01
3.704753301528547205e-01
3.699435483975024863e-01
3.692625969461623137e-01
3.688234826113475084e-01
3.682314106639809625e-01
3.673797979843111405e-01
3.668136718632343252e-01
3.662371130901402316e-01
3.655017833584409126e-01
3.649370921729213069e-01
3.643828300498957451e-01
3.636988348452112052e-01
3.633956550132482755e-01
3.629305318561464877e-01
3.622177548390775326e-01
3.616943891520347787e-01
3.611789519185232833e-01
3.604942536774387030e-01
3.598568099260927577e-01
3.593655175129740198e-01
3.589132382201908333e-01
3.582156400476071978e-01
3.578118408552969920e-01
3.572416960801440000e-01
3.567485392723095949e-01
3.560016720024649639e-01
3.553920997987429775e-01
3.548330948099063797e-01
3.543425503739092708e-01
3.537318899025723162e-01
3.531032378418152429e-01
3.526024068030054748e-01
3.521452568097193092e-01
3.516323775928902329e-01
3.509416942453466581e-01
3.504104850277573457e-01
3.499759167469231325e-01
3.495466054309117054e-01
3.491839285333805942e-01
3.487591088627798874e-01
3.483819484238054875e-01
3.481126512124060879e-01
3.475019023452867728e-01
3.470851716732999415e-01
3.466551192608923193e-01
3.462891827300627612e-01
3.459203583248304237e-01
3.454403629179041424e-01
3.451238405355262495e-01
3.447682351410468748e-01
3.442436014593047711e-01
3.437500273858031807e-01
3.431178950865976240e-01
3.425946399866233172e-01
3.422869347576340537e-01
3.418719954953676754e-01
3.413829183815368373e-01
3.409451506454222458e-01
3.405240477403863042e-01
3.399595763403057136e-01
3.394612484602908542e-01
3.720967947096618933e-01
3.601754005498130629e-01
3.527697215275670262e-01
3.447576915697574962e-01
3.383501480598932742e-01
3.324233403765375350e-01
3.254244786820743585e-01
3.198152696730840461e-01
3.147204950563838310e-01
3.102714640358174569e-01
3.070648493228332332e-01
3.031908016229400427e-01
2.997330742822653660e-01
2.961960614004972014e-01
2.932721313151697706e-01
2.908227660649306268e-01
2.887928815862418896e-01
2.868812410726742645e-01
2.849514818930279914e-01
2.832407575384206511e-01
2.818957963347022422e-01
2.802673044862150076e-01
2.788091288730353834e-01
2.771949433147486985e-01
2.757056128968102260e-01
2.744184034492622715e-01
2.728838482412616062e-01
2.713780164056370237e-01
2.699676264506928880e-01
2.687842492986582399e-01
2.675118372727054994e-01
2.658762043578369316e-01
2.645272501110434438e-01
2.630268579332362133e-01
2.617222090393232503e-01
2.613766759388428951e-01
2.601019836171484800e-01
2.588258850689974522e-01
2.575503793125198393e-01
2.562683688800706516e-01
2.559156217023562108e-01
2.545143085888658674e-01
2.530137474472595738e-01
2.515488226037811970e-01
2.500214729410568659e-01
2.503273070546118695e-01
2.491606878636694333e-01
2.480443301127844002e-01
2.470078877106921256e-01
2.459698363232432627e-01
2.449252706339242469e-01
2.438886430693192608e-01
2.429630256553036716e-01
2.419771656650588354e-01
2.408622615281621748e-01
2.401487504116343874e-01
2.394426270944086943e-01
2.386061627929807194e-01
2.377122628931533643e-01
2.370418463354409533e-01
2.364155955461344771e-01
2.356779918956204700e-01
2.348783917842931224e-01
2.339987321171257129e-01
2.333134287077025804e-01
2.324805103416748286e-01
2.318175971250495404e-01
2.309644492210916888e-01
2.301389967009158377e-01
2.294109501545283369e-01
2.286749146906251751e-01
2.281009552445404653e-01
2.274902224146664320e-01
2.269126705970821445e-01
2.262379445383463916e-01
2.256456175905896255e-01
2.249090065487262535e-01
2.243634838149712873e-01
2.238015459802994989e-01
2.232837277967006651e-01
2.228351676591740216e-01
2.222254602967537740e-01
2.217186503870701986e-01
2.211446085316223498e-01
2.206477756001720969e-01
2.201472190187702405e-01
2.196071573194166293e-01
2.191280984935697063e-01
2.186202437432354651e-01
2.181121439166510412e-01
2.174987875056767217e-01
2.170507200186537755e-01
2.166163223455944975e-01
2.161725623307100275e-01
2.157455161043653202e-01
2.153243192336428136e-01
2.149173258151199917e-01
2.144915294837929642e-01
2.140310114898807126e-01
2.135735103034834548e-01
