2.250343062117103332e-01
1.205882238581368893e-01
8.665654198016302379e-02
7.079903418155975015e-02
5.960516809059073634e-02
5.317331883983732188e-02
4.738021927282530521e-02
4.239667891107461867e-02
3.860216141063602807e-02
3.557867754362431523e-02
3.303625957851431122e-02
3.031113315953946202e-02
2.814740802280983958e-02
2.661950589413201312e-02
2.534365839139508456e-02
2.435705607627406885e-02
2.326218721795670491e-02
2.238565990272248230e-02
2.162641543247505876e-02
2.088716629221353330e-02
2.042193051961289918e-02
1.960941698804015421e-02
1.892506929498303375e-02
1.820005799345469216e-02
1.762863744565906082e-02
1.732525849558798695e-02
1.668974551172332232e-02
1.611656256384457267e-02
1.556288116012024582e-02
1.506536548049387456e-02
1.488029630821734346e-02
1.439035832700793875e-02
1.394195209557636678e-02
1.347562049291545216e-02
1.305528742514287452e-02
1.301485628486097161e-02
1.261013707073273434e-02
1.224238389670719712e-02
1.186515426650629895e-02
1.147176614038300686e-02
1.131706665783909112e-02
1.099667944690637875e-02
1.070803674866366642e-02
1.044743641864189637e-02
1.021541997584052633e-02
1.016921997608138430e-02
9.935533651003854855e-03
9.717458751228306990e-03
9.507349524498429072e-03
9.318197553676374131e-03
9.128831095379237939e-03
8.946564379171710255e-03
8.736902537019143947e-03
8.563404764690873278e-03
8.407780646579515738e-03
8.254976697256813725e-03
8.096979231597269816e-03
7.949118130278291436e-03
7.819304509365637354e-03
7.680004031527065504e-03
7.539009240597684298e-03
7.405484158547702249e-03
7.279904014187517716e-03
7.170028717728723841e-03
7.059669331540428978e-03
6.974664949078273647e-03
6.882959487282995330e-03
6.796351229605666899e-03
6.709147760393319865e-03
6.622655640774350108e-03
6.542498774336599071e-03
6.459548186540028936e-03
6.390538455746049701e-03
6.305996989030327599e-03
6.226310934805705591e-03
6.136244745700433594e-03
6.051739212769262702e-03
5.986744910595271502e-03
5.924869848046367647e-03
5.862678201823878429e-03
5.801026780494695709e-03
5.740463096844131141e-03
5.682939052286466522e-03
5.628636815861655374e-03
5.584598124200071748e-03
5.539508990753517700e-03
5.489404247063402534e-03
5.438391117748103687e-03
5.390668523846319990e-03
5.340403134871767911e-03
5.293408233191717986e-03
5.245015168155180325e-03
5.208101674440964585e-03
5.165978104623693279e-03
5.125267747520540450e-03
5.083575937423575296e-03
5.042202893027879912e-03
5.002440311515823045e-03
4.953961551775451500e-03
4.904188575497569168e-03
4.686242367930877617e-02
2.764870216709190698e-02
2.167138248314405199e-02
1.828256385590252414e-02
1.615191409679281320e-02
1.492654357226072016e-02
1.351720360897384898e-02
1.242553497409886604e-02
1.151533160896475033e-02
1.080505451848549903e-02
1.023927151151721344e-02
9.756307273499468385e-03
9.302242667475599594e-03
8.897459765832694059e-03
8.499353145857785341e-03
8.174136891824165113e-03
7.828603114249706868e-03
7.564294505219403691e-03
7.305566308015308020e-03
7.079267957423889500e-03
6.892825757401680430e-03
6.695996440542656240e-03
6.519254072042591011e-03
6.366164624868129139e-03
6.220177359937672026e-03
6.106932361525367614e-03
5.983035339071319895e-03
5.864832751255205125e-03
5.731213301790589673e-03
5.612728532664729153e-03
5.536721646274767733e-03
5.433182397023114847e-03
5.344978563957577047e-03
5.262796529747519429e-03
5.177496964581387168e-03
5.108102464762084502e-03
5.012404384264467286e-03
4.928491901251262110e-03
4.849861663454652777e-03
4.774661682457329720e-03
4.741166366047471631e-03
4.671198546836900951e-03
4.608302211264787666e-03
4.538770455398593966e-03
4.480283519839525427e-03
4.454756144480600914e-03
4.389397423906461759e-03
4.333252781844100857e-03
4.285964089470591272e-03
4.236502045391369112e-03
4.189775091998430324e-03
4.150933678700606012e-03
4.106319363479202234e-03
4.059411022955614588e-03
4.015165886647543807e-03
3.977279259705710293e-03
3.938310162973031325e-03
3.895788755995469206e-03
3.864480980077641004e-03
3.824876677557817635e-03
3.787371195670236404e-03
3.752300936404794496e-03
3.717904855623858831e-03
3.685512020583689430e-03
3.652752748680910665e-03
3.621414599358495443e-03
3.590033390895122547e-03
3.564529084856513184e-03
3.537738836120570256e-03
3.511194514999167477e-03
3.484476013870304884e-03
3.462410536074719304e-03
3.438740692775474166e-03
3.413888373377344573e-03
3.393265667309858322e-03
3.366650974621950964e-03
3.343811090539576623e-03
3.316714347745924191e-03
3.290089220464400156e-03
3.268733588250534016e-03
3.247885067556750827e-03
3.226915068398965650e-03
3.206950118669456284e-03
3.187098177791285354e-03
3.166941487797629053e-03
3.149873351578132575e-03
3.129572444198890080e-03
3.111706015952022796e-03
3.093181960139640505e-03
3.077421938561925984e-03
3.062477962307234413e-03
3.047711484646824665e-03
3.032507104286770450e-03
3.017626237440149822e-03
3.001975483876804986e-03
2.987079125177264077e-03
2.972339746482191656e-03
2.957734101847711312e-03
2.941236930558042799e-03
2.928011728144692873e-03
3.444495366978378350e-03
2.905295912804622266e-03
2.668778492719261347e-03
2.483405906792230441e-03
2.350821991204731475e-03
2.246607225408519832e-03
2.158429571309616705e-03
2.072767031023397492e-03
2.003370600237296909e-03
1.945552294362831551e-03
1.897298520992698155e-03
1.853829854524401089e-03
1.809375537593105234e-03
1.763296153875601197e-03
1.722748597237529905e-03
1.688005818509495009e-03
1.655996538967083927e-03
1.616203638365991662e-03
1.580894954166447248e-03
1.545077682227668624e-03
1.513660923253804143e-03
1.481178463841210761e-03
1.446039946303728178e-03
1.410297513430252983e-03
1.373467632984339383e-03
1.344809031129729849e-03
1.313282107812667248e-03
1.280754960795150955e-03
1.252524591368913559e-03
1.223413597938122427e-03
1.201445448137421256e-03
1.172548982946972117e-03
1.146509642406043058e-03
1.123123721307418702e-03
1.098666126284775701e-03
1.082512697004769540e-03
1.059105384745301229e-03
1.034855437255959628e-03
1.012098326745496449e-03
9.905012326446255375e-04
9.802213956352505593e-04
9.597038988525984820e-04
9.406990460434210563e-04
9.214314802956452772e-04
9.044204003026955771e-04
8.929527271068563032e-04
8.734267644469574047e-04
8.575351830294699251e-04
8.401299042349074427e-04
8.232857410101499310e-04
8.060877565766865361e-04
7.915174447152439506e-04
7.765591782456521958e-04
7.629227024291309993e-04
7.510745348665067832e-04
7.381455312784401335e-04
7.254560522124459294e-04
7.131570626616883001e-04
7.008280421787260262e-04
6.880257789564209452e-04
6.769790639556991056e-04
6.650088289493593773e-04
6.530181971879695131e-04
6.420257095186044120e-04
6.309739989918199902e-04
6.203384205405919425e-04
6.109711370968247532e-04
6.007715980415613121e-04
5.902353474763041754e-04
5.808910091602753406e-04
5.724128916605674376e-04
5.627191447119112271e-04
5.525496684097205282e-04
5.428435479561167804e-04
5.329334229837017498e-04
5.241344601768730543e-04
5.155982058275238944e-04
5.079311103763391308e-04
4.983249042688960581e-04
4.899100981672808129e-04
4.811275931000936991e-04
4.731255619490826658e-04
4.651539862993242730e-04
4.578530358029599709e-04
4.508046312361153689e-04
4.436443279609247848e-04
4.369331513879779719e-04
4.299268962527129584e-04
4.228762273686447262e-04
4.152620924365256201e-04
4.090632399883421702e-04
4.032323719938024653e-04
3.973042764261681590e-04
3.916032928066072731e-04
3.860369014088428879e-04
3.805596914015843004e-04
3.752477277908325306e-04
3.695176504806701209e-04
3.639737253430063270e-04
3.597202277526918195e-04
1.243330989150643511e-03
9.055557731714394690e-04
7.366866969949503220e-04
6.322995121671428015e-04
5.522908852787175062e-04
4.972435047766742043e-04
4.478800880179118621e-04
4.043041075168667987e-04
3.693201906257959316e-04
3.361154053363007142e-04
3.091301196455814907e-04
2.843610108409108618e-04
2.609891171885828304e-04
2.404281014918116955e-04
2.234025035751004151e-04
2.083762715712248164e-04
1.910633977508242984e-04
1.772594960186910508e-04
1.621794901534377015e-04
1.512490239807828016e-04
1.412519824315411549e-04
1.315186466599532430e-04
1.212165445223691566e-04
1.126710946431105069e-04
1.052261913583099335e-04
9.740261955226741297e-05
8.961106607984484955e-05
8.363167833533786445e-05
7.814024643241410095e-05
7.242697943640279124e-05
6.781260437519171880e-05
6.370422879859818943e-05
5.921015791409233570e-05
5.535915521639548509e-05
5.162594696539002885e-05
4.877075705084906127e-05
4.591228474015102357e-05
4.248118459963247070e-05
3.942826683723410784e-05
3.677925064987628987e-05
3.468157563382396160e-05
3.221910959164505555e-05
3.004810510298370045e-05
2.802883426025465561e-05
2.618371134507623687e-05
2.447665862193048976e-05
2.218854027562763354e-05
1.983574884137691708e-05
1.823611451201562596e-05
1.695866533694747537e-05
1.567171540642462482e-05
1.442434698784135400e-05
1.341586401650539880e-05
1.248556176858564256e-05
1.150577498983375722e-05
1.061078922001253734e-05
9.748833549389614180e-06
8.953141078152575223e-06
8.225797089331338968e-06
7.592062681274967390e-06
7.069204179650998213e-06
6.635016580242041788e-06
6.202709419708309593e-06
5.834101427459560225e-06
5.430818675094626113e-06
5.055354276522344534e-06
4.764279567740514697e-06
4.447057892873817282e-06
4.164906500293157255e-06
3.877988441681946089e-06
3.596250018253072207e-06
3.305600953026394946e-06
3.019670279193804467e-06
2.796414164851893383e-06
2.534770477314635698e-06
2.296794233921200334e-06
2.115256200672041694e-06
1.930684388278849715e-06
1.793437236526692104e-06
1.663251660071455072e-06
1.562971424281848734e-06
1.462526412164330177e-06
1.358822377805150961e-06
1.260722005571475709e-06
1.169114833793355278e-06
1.085428388350601417e-06
1.012137860784791407e-06
9.408505086373858348e-07
8.661466586499859889e-07
7.990962481926533529e-07
7.382719390798348127e-07
6.881252362383210694e-07
6.488739480258839379e-07
6.022613513684088524e-07
5.616727082226754882e-07
5.221380213606706623e-07
4.837893630065514674e-07
4.483584341603291059e-07
4.128389649495366760e-07
3.801237070066584653e-07
9.129327742113344532e-04
6.166318773937155958e-04
4.615292350704915743e-04
3.525960154174063348e-04
2.888392118468809024e-04
2.353865844589281124e-04
1.964336506263652919e-04
1.648188599949862280e-04
1.367644962805455154e-04
1.125859566283429812e-04
9.506998017588012492e-05
7.940395156712170091e-05
6.597101429043501482e-05
5.545664712464984505e-05
4.807729756429679154e-05
4.046242697999733178e-05
3.401687465225435838e-05
2.856340868211225127e-05
2.404585657815406710e-05
2.036003256802748312e-05
1.733612345454540248e-05
1.471534235222219607e-05
1.257042606901087969e-05
1.054103816158291389e-05
8.810295157853250447e-06
7.464271342102748762e-06
6.377821008023960155e-06
5.288481619781559612e-06
4.512274004474058206e-06
3.775406868592232543e-06
3.188868398944534915e-06
2.775152714802295542e-06
2.388004080322066304e-06
2.052935171444577171e-06
1.763020078867007770e-06
1.518280506606712915e-06
1.342295378288114880e-06
1.127334667033928182e-06
9.485683280953331342e-07
8.172946150674436686e-07
6.785625423363129683e-07
5.787672490187660815e-07
4.872914849108621749e-07
4.154339645931549793e-07
3.596830912072443367e-07
3.113984133671365407e-07
2.574649838876883590e-07
2.216844111832691012e-07
1.830455611884769332e-07
1.546580927474029174e-07
1.314596122393275803e-07
1.129352215098036334e-07
9.715714592758912661e-08
8.073083342340708705e-08
6.802930385536283522e-08
5.811494225165533089e-08
4.794416638725909830e-08
4.036191068536258646e-08
3.395411645585169641e-08
2.785869004739005605e-08
2.389481873285771166e-08
2.371652771561486366e-08
2.371652771561486366e-08
2.371652771561486366e-08
2.371652771561486366e-08
2.371652771561486366e-08
2.371652771561486366e-08
2.371652771561486366e-08
2.371652771561486366e-08
2.371652771561486366e-08
2.371652771561486366e-08
2.371652771561486366e-08
2.371652771561486366e-08
2.371652771561486366e-08
2.371652771561486366e-08
2.371652771561486366e-08
2.371652771561486366e-08
2.371652771561486366e-08
2.371652771561486366e-08
2.371652771561486366e-08
2.371652771561486366e-08
2.371652771561486366e-08
2.371652771561486366e-08
2.371652771561486366e-08
2.371652771561486366e-08
2.371652771561486366e-08
2.371652771561486366e-08
2.371652771561486366e-08
2.371652771561486366e-08
2.371652771561486366e-08
2.371652771561486366e-08
2.371652771561486697e-08
2.371652771561486366e-08
2.371652771561486366e-08
2.371652771561486366e-08
2.371652771561486366e-08
2.371652771561486366e-08
2.371652771561486366e-08
2.371652771561486366e-08
2.371652771561486366e-08
