3.035127885437191031e-01
2.323378651135586948e-01
2.009261834087291698e-01
1.792089187649699156e-01
1.607044985862058628e-01
1.740818050347381907e-01
1.564407527493960337e-01
1.400263266429806752e-01
1.253174534679606655e-01
1.163996701290768432e-01
1.145730675352647360e-01
1.054321305765826694e-01
9.952008499574284406e-02
9.554381577460235864e-02
9.204125229996985846e-02
9.595909045521651415e-02
9.149611547370499476e-02
8.797210995060081307e-02
8.333877942155470953e-02
7.979538487170338701e-02
8.483204148339971995e-02
8.092270830714906604e-02
7.794181947891590245e-02
7.615256339070541891e-02
7.379631727701072008e-02
7.512959545928322991e-02
7.186889073514579618e-02
6.940191102589064742e-02
6.781193081745473528e-02
6.588702690694216157e-02
6.677946897689968075e-02
6.441238335339656562e-02
6.304076986110475345e-02
6.183037607461529250e-02
6.089001872415894523e-02
6.355170755611536104e-02
6.152792549369949515e-02
6.015917605743403146e-02
5.872878254161701533e-02
5.698401136380920606e-02
5.544026524697284047e-02
5.289293413396409932e-02
5.061300193385479679e-02
4.763256230048004691e-02
4.457242333954980484e-02
4.060775470961742323e-02
3.662184953786634667e-02
3.398908597271593085e-02
3.192821215680859137e-02
3.041886081496803645e-02
2.870098116596465215e-02
2.717352802226961905e-02
2.546076715114188940e-02
2.378006287852615919e-02
2.263346657551947722e-02
2.150056861702921707e-02
2.071984876508058127e-02
1.961446565551473731e-02
1.892214080528006881e-02
1.821710925401363174e-02
1.742477417849130905e-02
1.645883772446628604e-02
1.575637283756737422e-02
1.516935385916992098e-02
1.456658275061443672e-02
1.400393930834790621e-02
1.348857029362110146e-02
1.300790280107633722e-02
1.254297682295588828e-02
1.218301530544728568e-02
1.187541183832561270e-02
1.149678046442636353e-02
1.112941469145277071e-02
1.075888174193433654e-02
1.040786325530953030e-02
9.974215357379115701e-03
9.691540576776055960e-03
9.450762737349268153e-03
9.170480780975872465e-03
8.890190843190440284e-03
8.678441506688158724e-03
8.448219685179796448e-03
8.205295960845182535e-03
8.058022388840119579e-03
7.867745710564626876e-03
7.668185650174833348e-03
7.536955826817770196e-03
7.440759269233242386e-03
7.326905881190943007e-03
7.183533007800319177e-03
7.117062379329240282e-03
7.017816337528671317e-03
6.925736497019271271e-03
6.851820192517965764e-03
6.761670283148011988e-03
6.684486203269761166e-03
6.624140426495870454e-03
6.521170320170133206e-03
6.432481130266350967e-03
6.316348053176126971e-03
7.497441863170329138e-03
6.759374665388984647e-03
6.388890714181640409e-03
6.177725416595456279e-03
5.932458147568188400e-03
5.769839432714220923e-03
5.568508739542261422e-03
5.400986164706259897e-03
5.252538538538309605e-03
5.146522297241315491e-03
5.213787780202452232e-03
5.050079991537803105e-03
4.879898718299356328e-03
4.761157729365261132e-03
4.681085035130348911e-03
4.616490811561482083e-03
4.514403138375294028e-03
4.423112403681437980e-03
4.307263646030305183e-03
4.208452465964578233e-03
4.186575706499382973e-03
4.082949716175781653e-03
3.980560403462349642e-03
3.892084196748864244e-03
3.823624695918689722e-03
3.872084925673009194e-03
3.803676112279020909e-03
3.749795019819308298e-03
3.691615829501029584e-03
3.644639408979096547e-03
3.673471184548998247e-03
3.631640624524166538e-03
3.587249365300122870e-03
3.541566725904820960e-03
3.495743435124209174e-03
3.489983589564668240e-03
3.432605895632951081e-03
3.375499820087013176e-03
3.317473430008495427e-03
3.256353659664625033e-03
3.253910447440919868e-03
3.189902316745475870e-03
3.139422705858237531e-03
3.076296931783743544e-03
3.029858048453006655e-03
3.032908745001629356e-03
2.992930828795229044e-03
2.958545738425083158e-03
2.919066170879487752e-03
2.881027210823469339e-03
2.843796860885814889e-03
2.806077454449225784e-03
2.772781936678606843e-03
2.741246066011778209e-03
2.712518283355710123e-03
2.684849692532682679e-03
2.663707924775272386e-03
2.647520196793660355e-03
2.628633646641897591e-03
2.611815640445063706e-03
2.593321673042446856e-03
2.577605516899420576e-03
2.558546748166279448e-03
2.544449338391111849e-03
2.528552625294027811e-03
2.514219438294460016e-03
2.494398622795875303e-03
2.479849238216729878e-03
2.462491640154182513e-03
2.447721702558273635e-03
2.434460302432850300e-03
2.419880420818864685e-03
2.407478132768766255e-03
2.390597335719615250e-03
2.376581180318864447e-03
2.362071267695454654e-03
2.345810258688317551e-03
2.332446565060063582e-03
2.318020814291768192e-03
2.301447716161569151e-03
2.282340050207923212e-03
2.263477009934862678e-03
2.244809868180112390e-03
2.230274070565630134e-03
2.211624466799367965e-03
2.196716664008651482e-03
2.178372447380791735e-03
2.161583466091525525e-03
2.148385151301950621e-03
2.135427068269039365e-03
2.117200783120912373e-03
2.103535104361082403e-03
2.089938411671287289e-03
2.074200717454750126e-03
2.058061506186440771e-03
2.041683853020831788e-03
2.023159209594047481e-03
2.008259954191447295e-03
1.992801098313596187e-03
1.977035506081929218e-03
1.420938340470656071e-02
1.024237049233090238e-02
8.895679315548566529e-03
8.053459613031553263e-03
7.398399477828829403e-03
8.015260501982323510e-03
7.514389149722426088e-03
7.173001090531345471e-03
6.879767815417238246e-03
6.575503780714675971e-03
6.678890239904575199e-03
6.495653800556026522e-03
6.324496853791208503e-03
6.183848270017231266e-03
6.036672604229912503e-03
6.197811482935954366e-03
6.030090873172268967e-03
5.863776890185050036e-03
5.694285106881186512e-03
5.552727120867670396e-03
5.592403751558929804e-03
5.432351303845352718e-03
5.295233078224477127e-03
5.170292668803959206e-03
5.050829489681666479e-03
5.116672119405620001e-03
4.896551938321237404e-03
4.734674333639174795e-03
4.621015826056871362e-03
4.510300867672043662e-03
4.648579001603301598e-03
4.522163078211456459e-03
4.444850370364489267e-03
4.354225983227562498e-03
4.267896901548073364e-03
4.275175841172800667e-03
4.194203994867798900e-03
4.103476144518199489e-03
4.000888770193917511e-03
3.911338010627649249e-03
3.950015488560191732e-03
3.873684418011662679e-03
3.803529850121542977e-03
3.723500536301916752e-03
3.614621116593965105e-03
3.698081890769827455e-03
3.598880259739541988e-03
3.530317503570700160e-03
3.468668002359775841e-03
3.419145196398101945e-03
3.368388371473206300e-03
3.311483879312942386e-03
3.267093796006218399e-03
3.230246719478290299e-03
3.191218068654729043e-03
3.142475000857463882e-03
3.108157397056116565e-03
3.067072965047662990e-03
3.038861819355982274e-03
3.007786509351107872e-03
2.973839837439794850e-03
2.948119952391482432e-03
2.925458890780037111e-03
2.903532625618849596e-03
2.882542595103725069e-03
2.858452374369323777e-03
2.839139431174147674e-03
2.820533535447332374e-03
2.802327563889735976e-03
2.787188563065223692e-03
2.770011322502683154e-03
2.753233076925121984e-03
2.735857741822672259e-03
2.716011180952255296e-03
2.698315393818926430e-03
2.679997363685852202e-03
2.658957974141775479e-03
2.640152541308318258e-03
2.619369351140610376e-03
2.602037508327726019e-03
2.580211290293044600e-03
2.560589184793335416e-03
2.542850824745208037e-03
2.527377469244967024e-03
2.508826730574027081e-03
2.491484057682094317e-03
2.471172624148958857e-03
2.446096933357681975e-03
2.423688825025058051e-03
2.399922659208814351e-03
2.381703194977775884e-03
2.360365710098620215e-03
2.339559720144183171e-03
2.320409114074118481e-03
2.306649066568189788e-03
2.292765849017414093e-03
2.277554652969606113e-03
2.263943850142718841e-03
2.249172567827716941e-03
2.235081205673118600e-03
7.892800710566263978e-03
6.827575194940750831e-03
6.154840098773650681e-03
5.782419652360336337e-03
5.577796961440631418e-03
5.562511584610970762e-03
5.416032700021344154e-03
5.289259901686633493e-03
5.140019309565234569e-03
5.021807234605981003e-03
4.981394308335083260e-03
4.873086429807400172e-03
4.760507042345304106e-03
4.658852799990961281e-03
4.551042529263592089e-03
4.487524119394230293e-03
4.396952841542425133e-03
4.324781787247335661e-03
4.252529984542298067e-03
4.187372539184288332e-03
4.163920772910694422e-03
4.092081645496180829e-03
4.037022751826803424e-03
3.976888418281489777e-03
3.941250008939511766e-03
3.935626471948004343e-03
3.881480875746338814e-03
3.820323522132059845e-03
3.767686257246066588e-03
3.730855061446183580e-03
3.725588877933791801e-03
3.669279587949331265e-03
3.622674368462136876e-03
3.579012286112780508e-03
3.533042691203941866e-03
3.527881209726160556e-03
3.467153027856521071e-03
3.414526643646015151e-03
3.366318595318134720e-03
3.327197994563812870e-03
3.312716881452432149e-03
3.277520178124866766e-03
3.231092772306713885e-03
3.202403222633767258e-03
3.163270111681615055e-03
3.157800240410663269e-03
3.126006567198433370e-03
3.089013965565286408e-03
3.049615690077727911e-03
3.018558745916684934e-03
2.993122822017872577e-03
2.968819118004633120e-03
2.946432990231866687e-03
2.921960101170569674e-03
2.899810774271063558e-03
2.875196070179754371e-03
2.848323420948837247e-03
2.824380629997405839e-03
2.797395269703911377e-03
2.770535667887207096e-03
2.749961617610072444e-03
2.728947685927111781e-03
2.705981503484231835e-03
2.686784354815909513e-03
2.671848967508536499e-03
2.656435107398297680e-03
2.638019058537563813e-03
2.623373347165477813e-03
2.613234979626301822e-03
2.598693989585773578e-03
2.580365658563701665e-03
2.564541916867283094e-03
2.551500153894564575e-03
2.537076598472433591e-03
2.525584153100345324e-03
2.513397519631985124e-03
2.503223182174857397e-03
2.493077815727866992e-03
2.484084801765026884e-03
2.476488330605520604e-03
2.470166864681929992e-03
2.462547218411009157e-03
2.454224005785298531e-03
2.446553613783373701e-03
2.439256350859014908e-03
2.431319299827466602e-03
2.424619686889376794e-03
2.418243206066739235e-03
2.410826275001045401e-03
2.401432892823510221e-03
2.390749568593421651e-03
2.381503281892113043e-03
2.373390972579257109e-03
2.367472832231049071e-03
2.360097832574428473e-03
2.354084614754105905e-03
2.349498193557050373e-03
2.345757024680181473e-03
2.342402013577536170e-03
2.338274592191673298e-03
1.146500648979575585e-02
7.907326010461436516e-03
6.718400714383173516e-03
5.991568835317933814e-03
5.478341050466056968e-03
5.647790891624583816e-03
5.024818307430942155e-03
4.650328752586516123e-03
4.431973574294721663e-03
4.254690252377932129e-03
4.109971611495922064e-03
3.914533358177204464e-03
3.765085114523753808e-03
3.628749299296151788e-03
3.501991063745895586e-03
3.398628765173675615e-03
3.273660660576850449e-03
3.188013167032895286e-03
3.115191322384225879e-03
3.039537692450256564e-03
2.963297741082550514e-03
2.891358545224188403e-03
2.803590892501748189e-03
2.729409810518096998e-03
2.670016408098792489e-03
2.622426858132766419e-03
2.571245537231504723e-03
2.535657811362648697e-03
2.501672055448884990e-03
2.468773846528024823e-03
2.433553917346141949e-03
2.400408733505278794e-03
2.373946731948742978e-03
2.348533649788360576e-03
2.325292148198528606e-03
2.302460100370535331e-03
2.280484520762986710e-03
2.259208162665833023e-03
2.239441035926371254e-03
2.221210353316764238e-03
2.216694341810033358e-03
2.198249231214382919e-03
2.179831974658034098e-03
2.165285768145569154e-03
2.153048291388433635e-03
2.147819649004770095e-03
2.135736045326473969e-03
2.121608272598046654e-03
2.108925329722334714e-03
2.094498470255341804e-03
2.080555901423356523e-03
2.066965955172890036e-03
2.053915382267961984e-03
2.043959580501122572e-03
2.034256590194632227e-03
2.023664045366883532e-03
2.016137655539008804e-03
2.008887423455337634e-03
2.001404244941899259e-03
1.993388533886491457e-03
1.985502137812923933e-03
1.975268182267206612e-03
1.966471122811066889e-03
1.956451777202127418e-03
1.947341213168919368e-03
1.937616632869976771e-03
1.928660156533426638e-03
1.918294505280368836e-03
1.906769976191348024e-03
1.897257658838921420e-03
1.887787141666143371e-03
1.878315103818303322e-03
1.869536490174331881e-03
1.861565609730726550e-03
1.852423022735774161e-03
1.841604962728436408e-03
1.831324902422967141e-03
1.819476587920947595e-03
1.809592189861343719e-03
1.800047532965465529e-03
1.789896579695147375e-03
1.782469430852046382e-03
1.772855006959827293e-03
1.762956490268371892e-03
1.753638622352420321e-03
1.745817741819826472e-03
1.738284806730328253e-03
1.731652176883846520e-03
1.725346301550890592e-03
1.718355662326116881e-03
1.712599661998760042e-03
1.706969061478011938e-03
1.700665508610255984e-03
1.694642331282928066e-03
1.688361038475713052e-03
1.681688107587404240e-03
1.674992872952715036e-03
1.669024878179424434e-03
1.663457045762846117e-03
1.657530576536129108e-03
