1.809621122528141252e-02
7.733630016278725781e-03
3.456205309844117331e-03
1.380758680468599595e-03
1.062824093735225935e-03
7.796640216673674526e-04
6.973036011172965929e-04
6.422616690839418789e-04
5.918990515231379755e-04
5.381399836296128520e-04
4.992330986566348048e-04
4.435344708395967889e-04
4.072008709943434669e-04
3.872266408527003426e-04
3.682901358364137987e-04
3.531088477954511190e-04
3.402302241194792823e-04
3.211538908369974510e-04
2.996194021184343001e-04
2.815426581392822987e-04
2.615763254088674045e-04
2.396455606049475821e-04
2.319025004329590184e-04
2.241889261982093031e-04
1.499043130698049639e-04
1.227552449359108002e-04
1.198009610476618057e-04
1.170682131107729230e-04
1.125973136959219196e-04
1.089199404096779101e-04
1.043970088736661622e-04
1.011008176440860817e-04
9.902551069872902816e-05
9.692601968707400607e-05
9.538347385691299562e-05
9.409090407213875520e-05
9.271866619183311909e-05
9.142186259840401916e-05
9.024396844321270464e-05
8.915425085247848591e-05
8.797872480422152782e-05
8.668931384314640008e-05
8.561945303104865051e-05
7.997885776404044559e-05
7.550264395492997129e-05
7.462116904178903273e-05
7.369869589785673942e-05
7.293376209228263256e-05
7.211737010447126798e-05
7.135273114024532899e-05
7.059097245865490256e-05
6.967814237940047131e-05
6.783723854690806485e-05
6.651057406417233621e-05
6.563184436113332144e-05
6.478415573496331813e-05
6.167410133975971011e-05
5.881971333695862146e-05
5.773098753332755063e-05
5.681729451859649036e-05
5.343392908036356153e-05
5.096144021909616362e-05
5.013249060048670223e-05
4.930892387654539904e-05
4.800697884111965722e-05
4.690877002972583369e-05
4.576030582081833798e-05
4.477423902842601476e-05
4.395060265204936222e-05
4.295631424723902293e-05
4.256565990473341361e-05
3.691679041676889869e-05
3.206775534443066252e-05
3.147451244680527632e-05
3.095896362749857360e-05
3.073101899513243335e-05
2.992093502405604997e-05
2.926273396659046918e-05
2.891397281819595253e-05
2.863545857132433512e-05
2.778154249991073406e-05
2.705826313007306979e-05
2.648266506225348672e-05
2.591894822424073582e-05
2.574289660731466059e-05
2.536865149413625913e-05
2.511172575715600632e-05
2.492433706872227236e-05
2.446513052858949043e-05
2.406429120381127344e-05
2.390723182193863587e-05
2.375133711623373227e-05
2.361550544183836699e-05
2.343416638563765187e-05
2.329693277787668956e-05
2.318359915363756005e-05
2.305832422453144430e-05
2.294362333039694224e-05
2.276058218170898509e-05
2.259835903404042610e-05
1.877891676141772449e-05
1.605400083922589111e-05
1.595841052758678391e-05
1.586360245088319388e-05
1.578726404556272754e-05
1.570859632736734777e-05
1.564675343372116619e-05
1.558381743168580277e-05
1.534460684688548069e-05
1.515070719157707845e-05
1.507071963449631752e-05
1.499397875838374675e-05
1.488713342019676898e-05
1.476454213871839492e-05
1.468414183326492752e-05
1.459679129180777086e-05
1.447556295835937198e-05
1.438674902303990065e-05
1.433274737842683740e-05
1.428361145265717005e-05
1.424006700207549412e-05
1.419437763099325493e-05
1.414930451417318294e-05
1.410721834898904000e-05
1.406311226772198527e-05
1.401154103365592082e-05
1.396364213350562602e-05
1.378099313321032022e-05
1.361367037404834789e-05
1.346122308256086758e-05
1.333363521934511053e-05
1.325546919264654493e-05
1.310763568047399828e-05
1.294483584265612223e-05
1.282047060547286408e-05
1.273232111553335514e-05
1.266746985901849611e-05
1.260723661416585690e-05
1.253130598955218184e-05
1.244576154075273886e-05
1.238188453784234219e-05
1.234700063961030333e-05
1.231183542186476989e-05
1.226291988393060478e-05
1.221756027915386538e-05
1.217614517417398899e-05
1.211757271779636244e-05
1.208073958909596772e-05
1.166501183530716968e-05
1.130942778460297107e-05
1.121447899530846916e-05
1.109718739620809804e-05
1.104773696276726801e-05
1.101940034903243649e-05
1.099271503059899238e-05
1.096363189775685732e-05
1.093691604763604777e-05
1.089552860887026169e-05
1.084997847818855499e-05
1.081039554539625653e-05
9.962949323535357247e-06
9.340671943694232190e-06
9.278660163958282473e-06
9.222299996861937525e-06
9.170975236342271091e-06
9.128961530357892774e-06
9.108639050059685657e-06
9.074447913550174526e-06
9.042059837729536032e-06
9.021218006729433020e-06
9.002604747243172532e-06
8.984385462746832232e-06
8.682208685566254782e-06
8.437617303221791438e-06
8.370932913255618491e-06
8.303413918712485015e-06
8.265319227262289529e-06
8.222571903447908578e-06
8.161415327528415281e-06
8.112648821917855079e-06
8.086416363224600473e-06
8.047268530476993047e-06
8.026704633738163724e-06
8.011662640718376997e-06
7.994888105395060236e-06
7.966498997624863346e-06
7.933696655534516111e-06
7.910309904161090235e-06
7.886657371850614063e-06
7.863797768359984287e-06
7.835609503714165930e-06
7.814863544585055210e-06
7.796759031867025230e-06
7.598830098231797880e-06
7.416902773305518731e-06
7.391581707170796904e-06
7.361109761194782707e-06
7.319683486414312622e-06
7.284778398645004471e-06
7.244211235395457894e-06
7.204401019048342283e-06
7.185680601067228915e-06
7.164480523245757656e-06
7.150710486068450553e-06
7.137563447179999723e-06
7.123656018685348326e-06
7.109895774527530871e-06
7.057418886515892699e-06
7.007980136740009078e-06
6.985213396289785585e-06
6.967918386664032554e-06
6.954196953782192270e-06
6.941577697306249469e-06
6.929108161702411103e-06
6.917528423277538525e-06
6.906474584535287542e-06
6.858089704118288529e-06
6.813708834702567399e-06
6.799904895011729260e-06
6.778479723802650764e-06
6.762452165509010116e-06
6.725849403239217142e-06
6.690442619130883582e-06
6.610662570008649519e-06
6.525602092680328611e-06
6.469206408104845940e-06
6.425459566743994572e-06
6.408452377064711697e-06
6.393805990976919106e-06
6.382520691463266961e-06
6.368862000865176741e-06
6.358539265300021406e-06
6.336374669958080161e-06
6.307066752988260259e-06
6.291152162889027898e-06
6.280218997393741371e-06
6.221963489544454045e-06
6.180209586003955191e-06
6.163238579797071554e-06
6.147161874956122073e-06
5.968979272924370579e-06
5.860014874195386116e-06
5.823298173925237642e-06
5.778956836136729519e-06
5.725133442769157174e-06
5.693449530414470460e-06
5.664158309067914445e-06
5.637200594745601001e-06
5.627712280359580731e-06
5.616383871019812699e-06
5.605421941123669791e-06
5.593920450809942424e-06
5.586155641502857525e-06
5.577039085326823784e-06
5.568624003546869319e-06
5.559387144085514365e-06
5.549783680079596411e-06
5.540099420995594610e-06
5.530745480394541235e-06
4.970258838828313154e-06
4.663862405027698226e-06
4.651834343153630432e-06
4.644553737184441178e-06
4.639339509346171198e-06
4.634339912346288857e-06
4.629816199894644793e-06
4.625409414897059834e-06
4.619575244012841208e-06
4.613509458403403004e-06
4.607921008864889608e-06
4.595241030594004337e-06
4.583228706786996269e-06
4.565411055990676525e-06
4.546745127724590872e-06
4.521074700286228447e-06
4.474844664549331509e-06
4.403342318613220758e-06
4.328372844919955806e-06
4.321317168256513813e-06
4.313765253372820016e-06
4.306361363217822672e-06
4.300816744568748890e-06
4.296753772785961563e-06
4.276530321321812201e-06
4.262965942086366026e-06
4.253647180300110407e-06
4.246773386930012911e-06
4.239004471428949561e-06
4.222169352044802742e-06
4.212252093458537962e-06
4.207529031164318372e-06
4.202570764983074528e-06
4.197535287387132850e-06
4.193896812845827265e-06
4.155245659199535734e-06
4.123983607513199649e-06
4.058172370006719403e-06
4.009196353852374641e-06
4.005183479058653745e-06
4.000741582744872242e-06
3.995242541629326355e-06
3.989205538953161344e-06
3.984619916636572121e-06
3.980602475050805282e-06
3.976773028258234696e-06
3.970578751819391131e-06
3.964932279292323594e-06
3.954281178514523918e-06
3.943013044483846050e-06
3.936988023105332808e-06
3.930911763807148206e-06
3.883920956091629894e-06
3.838953515177950657e-06
3.834200294005811569e-06
3.829834459455720572e-06
3.824453897917396317e-06
3.819572903300536916e-06
3.814585039834757657e-06
3.809309323778535234e-06
3.803803956965904133e-06
3.799351614141875076e-06
3.794926096847816540e-06
3.790828059729039158e-06
3.786319213666232696e-06
3.781544967044795639e-06
3.751784626244773617e-06
3.723217020083237186e-06
3.573199019388408952e-06
3.422207477303319054e-06
3.415713525492304026e-06
3.411610762155788363e-06
3.408348165782315988e-06
3.405969976043869971e-06
3.401393057903062342e-06
3.397352116782664178e-06
3.376710915965091655e-06
3.355470014300897616e-06
3.352503266197168808e-06
3.350000788972262117e-06
3.345042284867819792e-06
3.341389656729057836e-06
3.334023380725636898e-06
3.327280317946503373e-06
3.323207250454768648e-06
3.318852483514600683e-06
3.273195103573036402e-06
3.229743017022690583e-06
3.226705376056768970e-06
3.224331544409429743e-06
3.219906888196520828e-06
3.216900361927449831e-06
3.214798662955075948e-06
3.212240675311999276e-06
3.209213964129081847e-06
3.206943713587249019e-06
3.201716667788998682e-06
3.197196360684945139e-06
3.193689118071813712e-06
3.190015031250075414e-06
3.182651584896800960e-06
3.174952214927094259e-06
3.167955103432077300e-06
3.160532447826955435e-06
3.156488978247676896e-06
3.152493824491953277e-06
3.141809914692144396e-06
3.132104231649296325e-06
3.124695182196160563e-06
3.119359794444259670e-06
3.115853261290651166e-06
3.112128664034730501e-06
3.034981038173092655e-06
2.974821670427398348e-06
2.971635537014686820e-06
2.967922535200054042e-06
2.966093416551962359e-06
2.962614720404727430e-06
2.959661869180890951e-06
2.945614883584325363e-06
2.933407601444107090e-06
2.929363748843638527e-06
2.926133433341908102e-06
2.923747800953905872e-06
2.921465502997703495e-06
2.859865638053176309e-06
2.801762142320408957e-06
2.795140602293053746e-06
2.792426346395465923e-06
2.790483189192344782e-06
2.786919254787071608e-06
2.783684098708505624e-06
2.781695109963255952e-06
2.780138817509755818e-06
2.778845656919826108e-06
2.769871310666539385e-06
2.762917547354210613e-06
2.759937010267439466e-06
2.757432645400756488e-06
2.756346451505955886e-06
2.754614560557872567e-06
2.748488043204380115e-06
2.743082939468425409e-06
2.738379102533442833e-06
2.735297389678652161e-06
2.733859144613896249e-06
2.732400665558318445e-06
2.730835649814299577e-06
2.729184407197711819e-06
2.724324229202058459e-06
2.719182417590349995e-06
2.715147947814825817e-06
2.710278109633729527e-06
2.708705723342819761e-06
2.707651602517324013e-06
2.706620266286587759e-06
2.705599649234149425e-06
2.701368232365323240e-06
2.697285042735488603e-06
2.695773372678005042e-06
2.694222300753801698e-06
2.692682924398434095e-06
2.691068014540091677e-06
2.688262913259501028e-06
2.685611138202027652e-06
2.682879363172230139e-06
2.681268650698018306e-06
2.679943410068889279e-06
2.678298685589162702e-06
2.676501399127621830e-06
2.675232297546965995e-06
2.674331719111211119e-06
2.673372361506596116e-06
2.671762165384991147e-06
2.670243375837661984e-06
2.667252495077393833e-06
2.664192392277032479e-06
2.648602251035190989e-06
2.635518755793568189e-06
2.633505554677681303e-06
2.632273742335856207e-06
2.630808450229128579e-06
2.627971650342466799e-06
2.625818925240988770e-06
2.623688035600333625e-06
2.622174607840517957e-06
2.620593716350989300e-06
2.619502491829947771e-06
2.618453478581844734e-06
2.617269824639164001e-06
2.616039632584066705e-06
2.615080944285409523e-06
2.614197015417636551e-06
2.613103680305968022e-06
2.612006319505042431e-06
2.607152762921677894e-06
2.602057578381106484e-06
2.600198479606627412e-06
2.598433825691725393e-06
2.597275972438405381e-06
2.596165684754600742e-06
2.595195935447891457e-06
2.594387289253708859e-06
2.593512118171034952e-06
2.591516679537013096e-06
2.549102630496692378e-06
2.516563735430012819e-06
2.514617572078914070e-06
2.512849691304705540e-06
2.510966923514282141e-06
2.509227009619907924e-06
2.508360746139360745e-06
2.507299667214552885e-06
2.506170582025094246e-06
2.505014253152482956e-06
2.504157618699458936e-06
2.492668779418708090e-06
2.482096380323799859e-06
2.480604466630904780e-06
2.478223047832939279e-06
2.476945018201415106e-06
2.475800612925829217e-06
2.474732403193541642e-06
2.473461808161829948e-06
2.472172098075024701e-06
2.468726866467355105e-06
2.462773374940456585e-06
2.459894936245086652e-06
2.459194189088606517e-06
2.458522907177026529e-06
2.457856838070361470e-06
2.457140443852983787e-06
2.456446772682493985e-06
2.455801538286290917e-06
2.455156672200709295e-06
2.454472837676587898e-06
2.453834558924324188e-06
2.452298955859548630e-06
2.451281099901259447e-06
2.449710191994264467e-06
2.448568182980717759e-06
