8.019503757215151740e-01
5.952627243270638413e-01
4.575970980691623224e-01
3.201551450584132485e-01
2.564894124820329968e-01
2.133642756586417444e-01
1.885847329644627091e-01
1.698263540947188288e-01
1.537174749893341075e-01
1.420062881862517168e-01
1.338484488676050521e-01
1.127920133665377272e-01
9.678700208837952290e-02
8.598023843347353534e-02
7.881369710197112799e-02
7.349268279393229852e-02
6.986036880395134208e-02
6.342692876666539137e-02
5.797919685715131194e-02
5.017113819495386956e-02
4.554591481296601380e-02
4.241450755626435809e-02
4.077668700155497733e-02
3.911005970698453599e-02
3.771571252930380758e-02
3.656927837978948131e-02
3.550233621944889201e-02
3.354324655306862440e-02
3.211458614279522755e-02
3.106118726346637424e-02
2.989860336065823174e-02
2.889613879310795955e-02
2.808853335995726772e-02
2.726858408567077799e-02
2.647901638700294810e-02
2.567185842720984615e-02
2.512619386993380013e-02
2.420047047349499839e-02
2.335052320729578620e-02
2.256024812484493103e-02
2.183590216214430571e-02
2.047828232687217906e-02
1.926477643991968136e-02
1.852199336322806617e-02
1.791314062797824333e-02
1.744193332879212174e-02
1.701422215771967658e-02
1.671087432144208532e-02
1.649341835380289251e-02
1.603709180865618700e-02
1.563876658927344787e-02
1.532142344938362995e-02
1.503931055327797570e-02
1.488941857891912593e-02
1.454601213902497435e-02
1.428858603900304107e-02
1.410588756727015544e-02
1.390198685154388041e-02
1.357002571287085554e-02
1.325407998365846218e-02
1.306248906196719531e-02
1.280333635532881868e-02
1.254827911543501470e-02
1.233937869144990755e-02
1.215337966529140244e-02
1.198722467337196007e-02
1.161888374286208607e-02
1.127848718307828367e-02
1.104969313512580743e-02
1.082774735694152016e-02
1.068096253332382999e-02
1.049283756228633520e-02
1.032107898779618602e-02
1.007605028437567017e-02
9.937705101287384532e-03
9.830901075531778277e-03
9.759671740316675295e-03
9.658134278678408985e-03
9.564136260604464215e-03
9.485586471286460222e-03
9.404061025543282784e-03
9.329955060830417979e-03
9.248772564066396612e-03
9.174635010801970858e-03
9.095454973429277501e-03
9.032111632476004515e-03
8.404523163244997930e-03
7.970111927912663582e-03
7.871795641576351948e-03
7.774766043306128444e-03
7.708145354591145956e-03
7.616039662375240389e-03
7.564915830595865705e-03
7.487533805642170373e-03
7.421005211139825725e-03
7.359046731608928117e-03
7.303481298102811221e-03
7.251041369975020842e-03
7.193221786556905188e-03
7.146441329707287418e-03
7.104775940571341972e-03
7.006122950697924942e-03
6.940991123009211845e-03
6.880251143181212968e-03
6.821877469860057608e-03
6.713176901367582522e-03
6.622044700552648551e-03
6.589644875922449560e-03
6.558936060187773621e-03
6.524524699206330283e-03
6.488706324110465364e-03
6.449591086376199774e-03
6.423659256900131342e-03
6.366059770525694765e-03
6.316053963869999732e-03
6.072826716785790363e-03
5.866386545292584867e-03
5.817679510009312639e-03
5.782196260284225460e-03
5.762158079007818380e-03
5.737037610700707405e-03
5.711456750725525319e-03
5.669572449759067989e-03
5.626405947650982113e-03
5.579194044417830518e-03
5.545075836512495561e-03
5.526236041898286398e-03
5.493574499325136126e-03
5.458880166854166056e-03
5.429895598633363053e-03
5.397537361295274075e-03
5.374048900091439075e-03
5.352319648349155093e-03
5.335133305619718484e-03
5.167676236692091661e-03
5.021595103696005133e-03
4.992838133462798415e-03
4.958168194952369996e-03
4.926763018518316890e-03
4.884494912728802769e-03
4.846588300143634537e-03
4.791838455762357195e-03
4.734644143520029720e-03
4.716108935619650437e-03
4.687328097916234303e-03
4.661634839305764215e-03
4.618500609577836334e-03
4.581509913223965301e-03
4.526329074184849179e-03
4.481897314764333833e-03
4.454220430521176055e-03
4.431740285365469954e-03
4.416899149190494332e-03
4.400611762448937772e-03
4.380960430440150252e-03
4.359849947846786145e-03
4.329575369735738123e-03
4.311684115481869382e-03
4.287850608669307832e-03
4.269744461719964142e-03
4.251420702192074130e-03
4.234026672501102657e-03
4.221247350586257961e-03
4.184182878261625584e-03
4.154330454710581169e-03
4.115399701557896465e-03
4.086707399066896035e-03
4.072790165437317235e-03
4.041496260363859269e-03
4.015184192656803472e-03
4.001832207428609317e-03
3.981872162854518948e-03
3.967715115567922550e-03
3.912796271292331117e-03
3.858756521624174055e-03
3.843717939199818578e-03
3.827578111766729001e-03
3.812695804415882055e-03
3.797320412744841205e-03
3.787116928245055567e-03
3.773633505036672834e-03
3.700322391502243631e-03
3.634231502093702038e-03
3.613509431359820685e-03
3.600685284962532907e-03
3.586553250303838557e-03
3.574080814362354773e-03
3.564970885027009349e-03
3.549280937636029726e-03
3.519266790062984280e-03
3.494755954465899976e-03
3.484898540081678760e-03
3.466141055814315249e-03
3.451514116130206724e-03
3.434060638070999313e-03
3.411908969120396734e-03
3.400845091196227649e-03
3.389807482792774832e-03
3.359220523229342233e-03
3.318205891316469269e-03
3.304538909904675571e-03
3.291218697728381416e-03
3.281867636826785260e-03
3.274039982713748340e-03
3.264234610628494355e-03
3.255227731989834058e-03
3.247724596388945183e-03
3.227805433436593298e-03
3.206654768962926942e-03
3.191046166371705375e-03
3.174925726464732003e-03
3.156249030120082937e-03
3.141070107429726286e-03
3.132021581621734739e-03
3.124003677006814087e-03
3.114485413559377452e-03
3.105600279377026315e-03
3.094246073677291414e-03
3.084565488588007776e-03
3.073876292669655130e-03
3.063015819081872301e-03
3.043544647252242712e-03
3.025147089917097805e-03
3.015554253505840169e-03
3.005580125354232954e-03
2.997214491325568986e-03
2.987337697877062628e-03
2.981150296426521903e-03
2.975421774315998268e-03
2.967924941513713170e-03
2.946461542451396780e-03
2.930851304863597417e-03
2.918298049968862107e-03
2.907362351621787383e-03
2.899574884204204027e-03
2.893028535101717456e-03
2.886231682532016101e-03
2.879021863116415416e-03
2.863118189514646597e-03
2.848554119530842792e-03
2.842420421704469971e-03
2.835682298002426081e-03
2.829125039780876552e-03
2.818529940013525525e-03
2.805826699295150845e-03
2.801570964108132493e-03
2.793959710264054975e-03
2.784510724457568177e-03
2.776008097970812400e-03
2.768579850689363315e-03
2.728602982499405728e-03
2.694390894410620720e-03
2.680753089669547090e-03
2.671555660002986662e-03
2.667326574565707757e-03
2.652339415724154405e-03
2.639992036477870931e-03
2.625022530276908180e-03
2.614780475073031837e-03
2.604316320315583702e-03
2.596234938634956867e-03
2.589510387665124123e-03
2.584579604524241906e-03
2.575230904067911646e-03
2.566258009152965792e-03
2.554553838095448282e-03
2.543345415735286715e-03
2.536181073350467392e-03
2.528610395611353718e-03
2.523362033063404793e-03
2.512601044901485031e-03
2.503744040347272420e-03
2.498170607250581928e-03
2.490551097206249263e-03
2.485061159741095132e-03
2.481242615303745278e-03
2.475829125563801681e-03
2.469573328397226594e-03
2.464203177826985655e-03
2.459288006071369114e-03
2.454536328350211388e-03
2.451075279015403705e-03
2.447359812756129405e-03
2.441894136811659666e-03
2.438283668609697846e-03
2.434327345583983324e-03
2.431564250866840096e-03
2.426763217823076167e-03
2.421257990341818545e-03
2.417139579576837050e-03
2.412610877867820032e-03
2.408490637578877391e-03
2.404485071027622194e-03
2.399745963558412316e-03
2.393865859143541695e-03
2.388104051472828004e-03
2.384300207228774726e-03
2.378462763927326369e-03
2.375035321460434827e-03
2.366025040313587870e-03
2.356044429697452813e-03
2.351582132282772040e-03
2.347176994626145631e-03
2.339454828966918472e-03
2.334192317429325571e-03
2.328938675888325358e-03
2.324006700194984881e-03
2.318485965528443559e-03
2.312694265971965927e-03
2.308286472148745119e-03
2.302719703438762915e-03
2.298279842962887287e-03
2.294169449939716977e-03
2.289495727130468582e-03
2.282641668217192266e-03
2.278336618635700556e-03
2.274764654421156888e-03
2.270523957103954670e-03
2.267683973629027600e-03
2.263756588806735155e-03
2.260011615450056507e-03
2.256640660503860668e-03
2.251968170077845929e-03
2.248325078767703968e-03
2.238699625901064295e-03
2.229789548913013817e-03
2.220414307982225208e-03
2.212440553666987671e-03
2.208657892830063075e-03
2.204923928237709913e-03
2.201517082671385420e-03
2.195194271004524949e-03
2.188033248725054693e-03
2.183884490491329062e-03
2.180284405264337928e-03
2.177333330183691198e-03
2.174915357449451470e-03
2.172172071211350176e-03
2.169484549843734948e-03
2.151930104375036207e-03
2.135206523329597275e-03
2.128774016526501032e-03
2.125144964497451775e-03
2.121827368900894382e-03
2.119127406938434502e-03
2.115884356877914107e-03
2.113207882170486593e-03
2.106078767498335228e-03
2.096974046615574828e-03
2.094809322778586405e-03
2.089806499296998753e-03
2.085141472398865676e-03
2.082820117147944541e-03
2.080456039969664789e-03
2.077504928966179571e-03
2.075309696799660514e-03
2.072818198665712930e-03
2.065737959899449638e-03
2.059556953927405964e-03
2.056284035962447233e-03
2.053683472247989136e-03
2.049237806210838734e-03
2.045756829135562428e-03
2.041338794226676794e-03
2.036207132462713055e-03
2.030111506478689959e-03
2.024769254138187105e-03
2.022343186761686642e-03
2.017251259753388357e-03
2.012676231931504519e-03
2.008345709639525883e-03
2.004028784195669485e-03
2.000834788330708384e-03
1.996365313341171531e-03
1.994086713840932494e-03
1.992150889696013300e-03
1.990003227505924427e-03
1.986987125408298284e-03
1.984007238234614199e-03
1.981339372055552529e-03
1.978539085339338106e-03
1.973980296178269589e-03
1.969695586185989979e-03
1.965945171399713191e-03
1.963649532616787083e-03
1.958527449070568763e-03
1.954950289749500438e-03
1.953419646810029223e-03
1.951466525902335793e-03
1.945557782642504943e-03
1.935456906160918982e-03
1.933546570244325464e-03
1.930877088311238427e-03
1.928241992751005126e-03
1.919712845387448047e-03
1.911146063118899065e-03
1.908790350090206877e-03
1.905295494454814975e-03
1.902468084948154888e-03
1.899812124697057222e-03
1.896962846278399005e-03
1.894367745813677626e-03
1.890956580684516157e-03
1.888762828431435640e-03
1.887125048013844767e-03
1.882856154588690833e-03
1.879459165524914946e-03
1.876871619452210021e-03
1.874107760388125802e-03
1.871309097663464375e-03
1.868492980575538328e-03
1.864087058979858056e-03
1.859073146056278549e-03
1.855854984854179860e-03
1.852187915303673497e-03
1.848966470015589014e-03
1.845987533488039007e-03
1.839674404027055428e-03
1.827556844757467465e-03
1.823945143044298405e-03
1.821368715169157911e-03
1.819717681606534444e-03
1.818212036401042810e-03
1.814977041876785196e-03
1.811915419017723176e-03
1.810112437577423303e-03
1.807676799052011004e-03
1.805391359595589140e-03
1.804025893125616549e-03
1.801731812487907241e-03
1.798590140097140787e-03
1.796392817813561834e-03
1.793813987626528524e-03
1.791891220000005292e-03
1.789951266870111858e-03
1.788182711735255290e-03
1.786639008605178224e-03
1.784396908428584469e-03
1.782160385876806934e-03
1.780776217223577641e-03
1.778246448012902421e-03
1.775371753900916501e-03
1.765105393703852608e-03
1.755466858078697737e-03
1.752948713456828388e-03
1.750985748994279617e-03
1.748571692781636074e-03
1.746079856497391881e-03
1.744438348154576631e-03
1.742984178501862753e-03
1.741419988956268566e-03
1.740033930968700772e-03
1.737323928831281238e-03
1.735125796803163286e-03
1.732668211517802547e-03
1.730264490992173805e-03
1.724425011458682443e-03
1.717952772225072320e-03
1.714496347813087825e-03
1.712755769959806249e-03
1.710376944829894441e-03
1.707976618591305722e-03
1.705927851643628760e-03
1.703815846672720666e-03
1.702338483913872370e-03
1.700707706669946605e-03
1.699400793628960725e-03
1.698225129438023055e-03
1.695854724725404149e-03
1.693296001406364775e-03
1.690925208866189992e-03
1.689025443798689236e-03
1.687103604138097098e-03
1.684938183210303456e-03
1.683789788570365245e-03
1.677026315052171498e-03
1.671628656529789824e-03
1.670145245875858135e-03
1.668307184530726803e-03
1.666678692680757367e-03
1.665250443204149876e-03
1.662475884095431259e-03
1.660235265776954187e-03
1.658230224071503877e-03
1.656973167834265535e-03
1.651448746370852514e-03
1.645515485548217473e-03
1.643105073403375565e-03
1.641851116021543879e-03
1.637041113228127282e-03
1.630635826520899319e-03
1.628419393609189386e-03
1.626828908785411809e-03
1.625146768825630819e-03
1.623582750304133427e-03
1.622358998474420074e-03
1.620620192480486544e-03
1.619358187740604959e-03
1.617376320537687335e-03
1.615011716622140716e-03
