7.494225885826300004e-01
6.626972706872761298e-01
6.196584582966430110e-01
5.906972237702086126e-01
5.716883470921291233e-01
5.694628836466213428e-01
5.607932875837617903e-01
5.539774712341063445e-01
5.489561491861105758e-01
5.462526292477022372e-01
5.484578647017716024e-01
5.454185813894726342e-01
5.432775039824282448e-01
5.415925845032099062e-01
5.400541455532321677e-01
5.415672397126067850e-01
5.392548643728385382e-01
5.365443443359753095e-01
5.331743706954192863e-01
5.312337569260568992e-01
5.342420680219200912e-01
5.323349181430746535e-01
5.306667076072968392e-01
5.294437478189423230e-01
5.279902205649765756e-01
5.314395336725120655e-01
5.287863364988804049e-01
5.273071579793388031e-01
5.264009710820786170e-01
5.257123680305648694e-01
5.296038220923162676e-01
5.278264880781301516e-01
5.267836952535377426e-01
5.260192039202576941e-01
5.254582316607906423e-01
5.291407313908836896e-01
5.276561850356151773e-01
5.264603361423286776e-01
5.256569494240126428e-01
5.251361880412571681e-01
5.273501108620805011e-01
5.258587386907580541e-01
5.250829125594871361e-01
5.246392987607413350e-01
5.241324924960577558e-01
5.275862153265797883e-01
5.262465957730289023e-01
5.251237590874238137e-01
5.243485039569655282e-01
5.237873941328708982e-01
5.234119590623331764e-01
5.231549859726536411e-01
5.228834587498212283e-01
5.225497823870036695e-01
5.221740784298423144e-01
5.218755357252016225e-01
5.216406381831222294e-01
5.213982324890777953e-01
5.211340324147980541e-01
5.209150726078984883e-01
5.207296097954658975e-01
5.205275687042731914e-01
5.203576369132655310e-01
5.201762491573661551e-01
5.200036278231791043e-01
5.197595099044728384e-01
5.195009667433436729e-01
5.192351865532187638e-01
5.190033250908151485e-01
5.187727841265457052e-01
5.185867209162823288e-01
5.183443112029884059e-01
5.181225971163845312e-01
5.178943270102298602e-01
5.176510406013171695e-01
5.174113284317274353e-01
5.172236461433553645e-01
5.170303811642303904e-01
5.168192646038649585e-01
5.166125212737497918e-01
5.163722374592818465e-01
5.161366753424780907e-01
5.158902440191076577e-01
5.157074703188201381e-01
5.155536749645468486e-01
5.154278034960387833e-01
5.153013529491380362e-01
5.151821094619094543e-01
5.150628259710738899e-01
5.149521370346140658e-01
5.148554674513271534e-01
5.147631360972666492e-01
5.146497543116258511e-01
5.145317504183390955e-01
5.144180674626763761e-01
5.142879186240180145e-01
5.141711370597998876e-01
5.140585804698347694e-01
5.139561172595412675e-01
5.138758327052992403e-01
5.431673771678214857e-01
5.009998309633075797e-01
4.831308944771396940e-01
4.725246113307643436e-01
4.656002773976285480e-01
4.617668404935198478e-01
4.581492553505982501e-01
4.548751255079035993e-01
4.517043291209339451e-01
4.494715243654360814e-01
4.482164619562213348e-01
4.457563264205520182e-01
4.434578115864957204e-01
4.416430300246192986e-01
4.399956546517038158e-01
4.399937671392020189e-01
4.382134240497329580e-01
4.365948757379931044e-01
4.349814825064007295e-01
4.334745145817743284e-01
4.344781896877348837e-01
4.330478085452095227e-01
4.320173821799598857e-01
4.309814501255019303e-01
4.301905241324864848e-01
4.320090444696756404e-01
4.305141892819481786e-01
4.295301992096844934e-01
4.286780605805310396e-01
4.279758013203429634e-01
4.290244261844399221e-01
4.274470654341510634e-01
4.267226647057697497e-01
4.260467887378565632e-01
4.255109425911211551e-01
4.272770103528897856e-01
4.259180882797758416e-01
4.248778555560196457e-01
4.242592110873921740e-01
4.237245109889992700e-01
4.257274983162863680e-01
4.245635273161666445e-01
4.238919412912042772e-01
4.233108677299319278e-01
4.227490184123499639e-01
4.248264736331174851e-01
4.234382084046862116e-01
4.226841175951892571e-01
4.220492277660551905e-01
4.216831570919181149e-01
4.212932391432546164e-01
4.207869408235778153e-01
4.203089992744081238e-01
4.197971062745257109e-01
4.192943566370569974e-01
4.188038897499538060e-01
4.182922572087951485e-01
4.178101710907057842e-01
4.173510991679381110e-01
4.169947892295273739e-01
4.166870989173206419e-01
4.163248768262202693e-01
4.160046461583783994e-01
4.156482227244779892e-01
4.152754516543810115e-01
4.148851124328186146e-01
4.144758511054974504e-01
4.141208016528032387e-01
4.137949460634992027e-01
4.135175804443329550e-01
4.132634925445038410e-01
4.130369536524483576e-01
4.127668192598347163e-01
4.125316338609117950e-01
4.122736348901618331e-01
4.120475701594126794e-01
4.117937198575717939e-01
4.115790490931668932e-01
4.113441685591915919e-01
4.110865892298378732e-01
4.108380758351126150e-01
4.106378086294620311e-01
4.104287781084888787e-01
4.102115662324311574e-01
4.100131087580557998e-01
4.097851946567083181e-01
4.095712606506356490e-01
4.093641216666699667e-01
4.091264148234541320e-01
4.089156849274759864e-01
4.086683063516207137e-01
4.084252632932092730e-01
4.082122242639787957e-01
4.080246528944386220e-01
4.078488381384268169e-01
4.076750794161563274e-01
4.075141119338803741e-01
4.073576655947933056e-01
4.072120829796822550e-01
4.070966788755484567e-01
4.014545251201325771e-01
3.949179379268177859e-01
3.908712044471282510e-01
3.873372828011577562e-01
3.851069165013170648e-01
3.832601530916545096e-01
3.816378009594388887e-01
3.799883132798540508e-01
3.785234623679759047e-01
3.770930191988387525e-01
3.754638217669723499e-01
3.739203325014106571e-01
3.725300087240570601e-01
3.713003388863795329e-01
3.701978167299504463e-01
3.695475085365894086e-01
3.686362840228016857e-01
3.676707119117783029e-01
3.667747753653052278e-01
3.657952698096126887e-01
3.652799788727316699e-01
3.643463471795330699e-01
3.635558073084444453e-01
3.627505714078587684e-01
3.620010948468611045e-01
3.620165460561666215e-01
3.614249066934152599e-01
3.608163965281191987e-01
3.602091516314201436e-01
3.595401955878742006e-01
3.592829986427975020e-01
3.585352373766503842e-01
3.578493846291841973e-01
3.572351570896684092e-01
3.565813601455947723e-01
3.565816018514483821e-01
3.558365399943168583e-01
3.551027264808142014e-01
3.544825753456290474e-01
3.538969394331185625e-01
3.537830136904794309e-01
3.532337606476736447e-01
3.527209465657747400e-01
3.521556122286397805e-01
3.515934920049249568e-01
3.514340335149576666e-01
3.509384954762383435e-01
3.505036446820970486e-01
3.500651449091709000e-01
3.496843419454969681e-01
3.492938291083750313e-01
3.489318537953151611e-01
3.485262253242450980e-01
3.481361234649453795e-01
3.478094003755414221e-01
3.474240007726080992e-01
3.470373863003949899e-01
3.465918354499136766e-01
3.462391380817483322e-01
3.458521624201491007e-01
3.454728873112694054e-01
3.451338012231071062e-01
3.447978371940153552e-01
3.443761266960320699e-01
3.439988258576325286e-01
3.436099461540984557e-01
3.432440456926130201e-01
3.428243940699050585e-01
3.425212043885861868e-01
3.421607237374130750e-01
3.418105226829887822e-01
3.414145063598435503e-01
3.410762331564844985e-01
3.407613802707702422e-01
3.404097480315538271e-01
3.400749462391730038e-01
3.397058033613026828e-01
3.393878215522682651e-01
3.390314418184047773e-01
3.386591454669176104e-01
3.382678039278749216e-01
3.379727932216240460e-01
3.376465537978969866e-01
3.373386584907247521e-01
3.370448737199122635e-01
3.367779538018432217e-01
3.365272732157660873e-01
3.362660455728639364e-01
3.359485418880145402e-01
3.356445734733976560e-01
3.353630806242509643e-01
3.350774699654143762e-01
3.348101174633236199e-01
3.345400509865434358e-01
3.342552756421579563e-01
3.339710716341318664e-01
3.336853588262434500e-01
3.334248493119947865e-01
3.331631422830675371e-01
3.329107403957180522e-01
3.324075861896875206e-01
3.273742282654791280e-01
3.243403255190394074e-01
3.216305524842386077e-01
3.196771178046241002e-01
3.181502812031208882e-01
3.163526472366050002e-01
3.148329185999016455e-01
3.136791956771284862e-01
3.123126603623528341e-01
3.110560178748860705e-01
3.097963612572267600e-01
3.087300670076658093e-01
3.078078105692170219e-01
3.067479851446839323e-01
3.059372466007367897e-01
3.050001826073694966e-01
3.040805861315246106e-01
3.031881585588871997e-01
3.023234255576025542e-01
3.014304026818932503e-01
3.005185713651206125e-01
2.995270595271674607e-01
2.985391926648046645e-01
2.974608851333369608e-01
2.969681613450170232e-01
2.961326987671991096e-01
2.952854140734580968e-01
2.945026352251680080e-01
2.937646790818055353e-01
2.930726623929217900e-01
2.921312733190798427e-01
2.913361937173171712e-01
2.906137037349727503e-01
2.898434435465527814e-01
2.893353585323625299e-01
2.886806075309724107e-01
2.880409539678102093e-01
2.874091728190222295e-01
2.868401825002112604e-01
2.862785031399573410e-01
2.856919935767589513e-01
2.851660245112078162e-01
2.846459411337835532e-01
2.841165341837404434e-01
2.837294295135126543e-01
2.832082971736226695e-01
2.827155985911676273e-01
2.823291295402057255e-01
2.818946223993772926e-01
2.814790597955414975e-01
2.810752549233160313e-01
2.806374554745209027e-01
2.802365907013074642e-01
2.798658781230942139e-01
2.794646057784838655e-01
2.790377625630099390e-01
2.786427956573885867e-01
2.782948422008341693e-01
2.779104686835886517e-01
2.775371560317314024e-01
2.772005930088455861e-01
2.768231285189874935e-01
2.764843412723735905e-01
2.761620929269686942e-01
2.758486229635376263e-01
2.755665487157644700e-01
2.753027949578762956e-01
2.749757381639764131e-01
2.746471419491812171e-01
2.743260193605943642e-01
2.739542672030421122e-01
2.736305651028204666e-01
2.733550092993207725e-01
2.730755418378221777e-01
2.727801199165624801e-01
2.724979542455126524e-01
2.722248183621593376e-01
2.719561923505504630e-01
2.716689394153218862e-01
2.714075799109639253e-01
2.711607493171256933e-01
2.709232899067787748e-01
2.706869662989764280e-01
2.704369705445358596e-01
2.701863068013078961e-01
2.699353403106050653e-01
2.697058612056381088e-01
2.694588966240676342e-01
2.692060596750563417e-01
2.689685108729642504e-01
2.687407861559691913e-01
2.685074381262709808e-01
2.682921444695948732e-01
2.680817235577681590e-01
2.678522460801044947e-01
2.676467060828547906e-01
2.674407614111348197e-01
2.672283974464136902e-01
2.670322326302695948e-01
2.728479658088582838e-01
2.689907477880885134e-01
2.660131023877176371e-01
2.637272337929728039e-01
2.616786042537374568e-01
2.601026316493280088e-01
2.586665959225292744e-01
2.573653221179377226e-01
2.560768810486798164e-01
2.548202510874800208e-01
2.537649829637865784e-01
2.528408248755961152e-01
2.519304948181235182e-01
2.510580057969253320e-01
2.503113881840208776e-01
2.497977251150131639e-01
2.492808007667700332e-01
2.486210953773488885e-01
2.479295211697223889e-01
2.472873871859380124e-01
2.467753091355864015e-01
2.461015447666426159e-01
2.454566126794263392e-01
2.447302406307849953e-01
2.441145207215357493e-01
2.436528760725864828e-01
2.431430832934863562e-01
2.426573695611580206e-01
2.420803034756462691e-01
2.415505982919125272e-01
2.411788937202737348e-01
2.406282204308303474e-01
2.401433273343474284e-01
2.396328580830045796e-01
2.391434298088871979e-01
2.389498446360222572e-01
2.384032176050086826e-01
2.378540116534529070e-01
2.372785520896673328e-01
2.367354166948398841e-01
2.365092882177516065e-01
2.360403515073332681e-01
2.355776491752451796e-01
2.350959171135899028e-01
2.346598082562851295e-01
2.344444652162905596e-01
2.340480303123989581e-01
2.336358349715556282e-01
2.331246452170262218e-01
2.326401206052682857e-01
2.320641270792904165e-01
2.316374869949264781e-01
2.311987014610082380e-01
2.307843900847563745e-01
2.303664439778403128e-01
2.300060614080361721e-01
2.296180479258060625e-01
2.292317049449434374e-01
2.288567788504120293e-01
2.284570728558119879e-01
2.281118361749596979e-01
2.277607634855045027e-01
2.274398651913084601e-01
2.271095930732172086e-01
2.267213073732643192e-01
2.263304456936150733e-01
2.259356980421876049e-01
2.255094293949299611e-01
2.251393152642436335e-01
2.247534678647291617e-01
2.243470554788111193e-01
2.239508417393289985e-01
2.235708666064896155e-01
2.232174871437304919e-01
2.227693325496790389e-01
2.223877315096365603e-01
2.220793428446880546e-01
2.217688270281144014e-01
2.214686937912750397e-01
2.211625072078461651e-01
2.207818312575800246e-01
2.204279370583883679e-01
2.201415143086114523e-01
2.198476943150154961e-01
2.195637205002119730e-01
2.192516131218781583e-01
2.189623306562881733e-01
2.186659943967664832e-01
2.183839120906201914e-01
2.180798606581437482e-01
2.178335339879390875e-01
2.175522438367878952e-01
2.172869108429129614e-01
2.170086760230883205e-01
2.167562834913044911e-01
2.164785909729635416e-01
2.162013059791093039e-01
2.159662621531549809e-01
2.157373093971800826e-01
2.154284193768339628e-01
