5.914724678083518178e-02
2.870709095059610985e-02
2.068450189859185467e-02
1.553114003341030634e-02
1.260114608258236686e-02
1.039166088543152545e-02
8.760084889737113426e-03
7.513200698893785986e-03
6.601973277553079174e-03
5.963294975245632575e-03
5.422918542041887599e-03
4.932580551858369543e-03
4.577459226176659735e-03
4.260583937444680121e-03
4.016646910595804941e-03
3.776736829169093351e-03
3.564360734275222146e-03
3.411171144442975544e-03
3.246871520905315108e-03
3.130405889636698243e-03
3.015505316242300064e-03
2.890089091043735250e-03
2.810401251930090636e-03
2.734148361662303451e-03
2.655475487683430121e-03
2.564231936226934235e-03
2.482918876958384140e-03
2.415082461944977749e-03
2.342137473836016642e-03
2.277784047866476553e-03
2.226481497311220623e-03
2.173382241815852677e-03
2.109224732254018960e-03
2.048754386104733542e-03
1.994312086598918395e-03
1.932298148171854822e-03
1.869718992182851968e-03
1.807739322759287009e-03
1.760220747098179168e-03
1.716943066330446849e-03
1.670884739504803615e-03
1.625131558363827541e-03
1.589892119762206530e-03
1.557410349191901480e-03
1.532078406260518368e-03
1.499431431549196189e-03
1.472122667274809596e-03
1.447618028682630398e-03
1.420469999256658913e-03
1.397047540143850873e-03
1.370031332024581727e-03
1.349556927833347932e-03
1.330425136717824442e-03
1.312500270702546398e-03
1.292850377276729724e-03
1.276700191442793446e-03
1.259047101394505756e-03
1.242953575424246429e-03
1.227651838944211803e-03
1.210675130292700056e-03
1.198817674169532724e-03
1.187006288165090963e-03
1.173672774371821393e-03
1.162780491573752384e-03
1.151733494347547109e-03
1.140997634025641815e-03
1.129388622230839386e-03
1.115445199713897178e-03
1.100101609540415784e-03
1.086011441637157191e-03
1.076029670191115759e-03
1.067446878453916703e-03
1.059214664240191442e-03
1.050402362199065855e-03
1.041177204368337042e-03
1.031942899585507967e-03
1.021073028680620758e-03
1.010131860607070466e-03
9.980593915445803207e-04
9.870101060491056656e-04
9.764036611454547177e-04
9.693810683406297668e-04
9.611933066197208761e-04
9.529340033277182084e-04
9.451357520121450974e-04
9.377571515729985104e-04
9.294409436927077639e-04
9.230892323187927682e-04
9.171470227289013274e-04
9.091738511469084783e-04
9.009179149132553934e-04
8.932180559008054540e-04
8.844213432541339192e-04
8.757307602338738114e-04
8.686607806704033704e-04
8.626552132230474405e-04
8.554898164280399413e-04
8.490948265465620955e-04
8.422442398878262054e-04
8.370943092974421828e-04
1.826842035812726878e-03
1.257399129959666483e-03
1.022653674570155480e-03
9.085004377539768585e-04
8.473567355954506096e-04
8.057037098361622416e-04
7.812743479672385610e-04
7.640673596024124105e-04
7.473098136160741820e-04
7.372755670600124626e-04
7.263120399834492851e-04
7.177109584093998955e-04
7.104492498731576882e-04
7.041254243350630708e-04
6.974812451602480177e-04
6.907165021029212709e-04
6.845042037392188054e-04
6.793202729545200647e-04
6.743057995233052437e-04
6.686767679093249877e-04
6.640899176683451527e-04
6.600171592826782401e-04
6.558404533663330640e-04
6.521904803231678245e-04
6.484795207078126794e-04
6.455166136376740442e-04
6.418854008798525589e-04
6.386166067135250679e-04
6.352730372773698854e-04
6.325724901654955143e-04
6.301574989764376468e-04
6.278656314423356139e-04
6.256745416031440606e-04
6.232570069226288107e-04
6.210605362659986145e-04
6.185866025209159347e-04
6.163500020747750231e-04
6.138984208683978408e-04
6.116316817941812919e-04
6.092300941021544470e-04
6.071682244883883257e-04
6.045214227867386778e-04
6.011651410082365218e-04
5.980668096770869495e-04
5.953691958109282338e-04
5.928932265307384391e-04
5.891728717450155865e-04
5.860278163556244084e-04
5.829546942170071248e-04
5.803217642607839608e-04
5.774327768117524119e-04
5.746021400123491659e-04
5.717782476032238397e-04
5.686802816210372643e-04
5.654565158843269986e-04
5.623733703785763509e-04
5.594135793325909385e-04
5.558367142819801163e-04
5.524285318893791021e-04
5.491252527145097173e-04
5.453252829896470567e-04
5.408510251213741269e-04
5.369055380567261913e-04
5.330885002532088955e-04
5.290407563476374510e-04
5.255657335536393542e-04
5.223178109327785085e-04
5.192449931831145038e-04
5.160023559831799968e-04
5.129803944914707514e-04
5.098045332129361390e-04
5.067434565426750127e-04
5.038486787286657097e-04
5.007286692621036161e-04
4.977606788714462318e-04
4.945267002862817774e-04
4.913495934062501102e-04
4.879837984448502143e-04
4.848826485508848276e-04
4.813156188268520748e-04
4.775556651114758275e-04
4.737011613000236682e-04
4.697748067486735130e-04
4.660416497659149474e-04
4.623487422303773240e-04
4.590058858196074585e-04
4.560418718375448322e-04
4.526496469000534993e-04
4.494977013811781081e-04
4.468699536532227089e-04
4.435951105025677868e-04
4.407772764270606559e-04
4.383243735069651298e-04
4.356759752834052563e-04
4.332960569677442222e-04
4.305164740584068242e-04
4.282694585542500204e-04
4.260529194175184165e-04
4.239489159727480088e-04
4.217635713486345486e-04
2.816740430011462071e-03
1.711240857843608588e-03
1.228088728678415360e-03
9.524164263162467189e-04
8.081063975740945815e-04
6.942351845333840938e-04
6.130777500678937127e-04
5.583473484860971290e-04
5.217912385609573033e-04
4.942687151744233360e-04
4.747423407759883223e-04
4.598914550043643507e-04
4.473881296565631075e-04
4.370884087791619688e-04
4.292201066970182592e-04
4.238705721812189285e-04
4.191266007790886666e-04
4.144937101145925525e-04
4.106291484828236671e-04
4.073209654085379119e-04
4.041260604049251885e-04
4.006268379524143344e-04
3.972893935617190730e-04
3.941047446778152274e-04
3.911256397839235188e-04
3.888439295848110811e-04
3.862912151873123374e-04
3.839597282523117138e-04
3.816769842979886112e-04
3.795670424114691729e-04
3.779314254474813056e-04
3.756361772403751472e-04
3.737272459533367121e-04
3.718901912064811414e-04
3.699947021213626321e-04
3.683165954231635620e-04
3.664360453973824539e-04
3.648291596497554379e-04
3.633812569744735701e-04
3.616404862384307449e-04
3.599927532753260180e-04
3.582959487765554870e-04
3.565994162854750908e-04
3.550521158906471916e-04
3.536759969368306867e-04
3.523905932678206721e-04
3.508067743288839462e-04
3.495231071852283248e-04
3.481049925131471487e-04
3.465986491529442258e-04
3.451252200003455776e-04
3.438314205235428085e-04
3.426120825205312666e-04
3.412876501633845699e-04
3.401636374635926973e-04
3.391185205319974033e-04
3.383418463079068163e-04
3.373571594544214980e-04
3.362600897925128985e-04
3.350741276508746634e-04
3.337579895587273961e-04
3.324495900865268028e-04
3.313250100594792268e-04
3.300762644379656133e-04
3.286421508031861028e-04
3.274527288955310042e-04
3.261843780986257925e-04
3.246974679877203925e-04
3.234207270673014828e-04
3.221505202589405805e-04
3.209171882192346221e-04
3.199848474779830722e-04
3.189075700385775401e-04
3.177266877499577871e-04
3.164613160524673238e-04
3.152785373016020270e-04
3.141156495479314570e-04
3.128287420144242634e-04
3.116266242533027105e-04
3.104314973815721366e-04
3.092242459031707431e-04
3.080643612798069980e-04
3.068999895620266849e-04
3.058646297810158413e-04
3.047962982132223727e-04
3.037332118318821546e-04
3.025328920899018371e-04
3.012392563015161098e-04
2.999511875179358190e-04
2.988043873744066479e-04
2.974749866869210151e-04
2.962161264271323514e-04
2.951980631806849016e-04
2.938214723299978045e-04
2.927669300942004104e-04
2.916711476285263399e-04
2.905328766507319087e-04
2.896014200163633313e-04
2.887050068757124506e-04
2.878070858105453598e-04
2.736402138647908017e-03
1.694109098111518975e-03
1.290128992137857741e-03
9.475331462446131767e-04
7.406334503996687144e-04
6.268678342737092797e-04
5.456773234089141783e-04
4.903137877070438315e-04
4.484823739626461617e-04
4.111200563819539093e-04
3.851330984512728642e-04
3.657596655915720438e-04
3.492263673833151286e-04
3.376210417070112427e-04
3.285435587456034842e-04
3.202213193353399458e-04
3.125024941236305052e-04
3.054632705494025554e-04
2.996118034110039317e-04
2.950818396848207958e-04
2.916625637001554424e-04
2.882038952633980342e-04
2.852170284015810445e-04
2.827220377582803429e-04
2.806082256809868183e-04
2.787479161027316306e-04
2.766916015292525399e-04
2.746394100480013833e-04
2.728138202664155600e-04
2.711202341500295178e-04
2.697124722537380908e-04
2.681528994658325619e-04
2.667203340647675692e-04
2.653796558525502148e-04
2.640867642041571143e-04
2.631080053331498448e-04
2.621103227066470722e-04
2.610045738611758742e-04
2.601219274460200869e-04
2.592242079468881806e-04
2.584519418244551046e-04
2.576017134826986922e-04
2.566805101062129280e-04
2.558616418754243080e-04
2.549926021684667836e-04
2.542763267697785022e-04
2.534464505079977135e-04
2.524841342943376170e-04
2.516327292556628072e-04
2.507837067733137849e-04
2.500675039917441477e-04
2.491891677104466339e-04
2.486140354675870669e-04
2.479724239589045534e-04
2.473283491138072543e-04
2.467000018797537103e-04
2.459603040523508253e-04
2.452982079979783465e-04
2.446903470946718961e-04
2.441882929390913333e-04
2.436991695920407949e-04
2.432488166725593033e-04
2.427324282520019821e-04
2.422040731990466645e-04
2.415485406654750765e-04
2.409372787482001819e-04
2.403664159106026115e-04
2.398463632019507948e-04
2.393114823867781998e-04
2.388312656397614938e-04
2.383452545255743593e-04
2.378805321645166559e-04
2.373833677828329433e-04
2.368802769792924701e-04
2.363218463986915883e-04
2.357647964042438910e-04
2.352812061965476828e-04
2.347251235482344413e-04
2.342237476350438909e-04
2.336455030976429623e-04
2.331809654259978939e-04
2.326748969757142058e-04
2.322082643968217074e-04
2.317268489591464687e-04
2.311783420156658848e-04
2.306820851339964353e-04
2.302049295998545250e-04
2.297862070218004984e-04
2.293672719646267779e-04
2.289426245154905007e-04
2.285604306733346892e-04
2.280874385281816226e-04
2.275942030739685194e-04
2.271680540011949587e-04
2.268040265099351084e-04
2.264758562591245470e-04
2.261904590849798306e-04
2.258364521295470287e-04
2.254950672588267176e-04
2.250889378025897861e-04
3.160491907167274541e-03
2.101097498085833550e-03
1.681886831214325076e-03
1.383435812454087430e-03
1.214930308204622764e-03
1.091558696522270701e-03
9.826234581471757559e-04
8.932256006226143479e-04
8.168927590363447887e-04
7.538957488600415546e-04
6.902224618928137030e-04
6.397996236323888171e-04
5.917775064515503301e-04
5.574370100977477614e-04
5.200164962875898980e-04
4.921109366050346618e-04
4.659954654395425115e-04
4.431627240001260559e-04
4.232361004108688672e-04
4.078993398568283679e-04
3.880549469095809462e-04
3.712509441459455051e-04
3.552011442030967594e-04
3.412243551082090576e-04
3.294554951859611741e-04
3.187474608801871799e-04
3.092768003972826705e-04
3.015003909722387522e-04
2.939788167795138389e-04
2.870608813435213905e-04
2.813985968990912758e-04
2.764987387881630461e-04
2.717488503266429073e-04
2.678792669813208414e-04
2.640060705679777913e-04
2.607665214284855706e-04
2.575009944189683643e-04
2.545268508453004471e-04
2.518660406591027162e-04
2.494787921794312910e-04
2.473685061963171563e-04
2.453149072521499286e-04
2.432054065396016518e-04
2.412685650933840817e-04
2.394550860680437140e-04
2.379077148866427869e-04
2.366747172752811667e-04
2.353720804652537318e-04
2.340357707541855774e-04
2.328048881317119749e-04
2.314175506595323058e-04
2.302620121327259885e-04
2.292048673271370547e-04
2.282938054113765533e-04
2.272828572072680417e-04
2.263167312689405087e-04
2.253905579592528651e-04
2.246201891472006699e-04
2.237641373758552060e-04
2.227921845031684983e-04
2.217366773636087721e-04
2.207426263815381450e-04
2.198505968526427528e-04
2.190436151927606487e-04
2.182757379193836988e-04
2.175277979733858478e-04
2.167980414281500613e-04
2.160519492039312032e-04
2.154280965006938136e-04
2.147700063143886875e-04
2.140978289049067429e-04
2.135375832728835226e-04
2.130632772087313821e-04
2.124216140595121054e-04
2.117465650388650504e-04
2.110558931559509770e-04
2.104330198340089971e-04
2.098954055062399507e-04
2.094103830086607460e-04
2.088940610947380969e-04
2.083977173195081581e-04
2.078694700758929904e-04
2.073940349447434288e-04
2.069288626841492089e-04
2.063824031543480032e-04
2.058232506100177075e-04
2.053775138605447412e-04
2.049256845850492463e-04
2.044927031624418131e-04
2.040104665749759678e-04
2.035484732950239512e-04
2.031057014702919558e-04
2.026649227264742991e-04
2.021071005482533525e-04
2.016304307058773820e-04
2.011201895264648606e-04
2.007329105888789190e-04
2.003494044298386877e-04
1.999665055060168635e-04
1.996656336841115249e-04
