9.970031623055846115e-01
9.847404984077382517e-01
9.699937217786338550e-01
9.507142218543236378e-01
9.291788413396219193e-01
9.115480107392269771e-01
8.966043457519208282e-01
8.805326667456430112e-01
8.700777363055844926e-01
8.543359219975484864e-01
8.423962507393131238e-01
8.318882742814251996e-01
8.218126588141910771e-01
8.107089310468944543e-01
8.025326345180521237e-01
7.948701985611742460e-01
7.883418205925689648e-01
7.843435500770139512e-01
7.807819191156315508e-01
7.776756456785242078e-01
7.736161479537685404e-01
7.696795509404115165e-01
7.674958109389428129e-01
7.656477439132194363e-01
7.639874259204725293e-01
7.625600444438075387e-01
7.611658063027270105e-01
7.597144109975282333e-01
7.583496589931534304e-01
7.570834933796575239e-01
7.559990787407985247e-01
7.548776860566254188e-01
7.528253640003852443e-01
7.512443699703597044e-01
7.498466029974764080e-01
7.485829663098902964e-01
7.477664893033654225e-01
7.469712071488343597e-01
7.461417887375535463e-01
7.450220311728746880e-01
7.445404879967301159e-01
7.420138393057464921e-01
7.403571790306922029e-01
7.401532583228642714e-01
7.385368506875765737e-01
7.376218220967373229e-01
7.374598535606537997e-01
7.369709059415880947e-01
7.366322440811362560e-01
7.365609325299152799e-01
7.362395264816159468e-01
7.355583434587246172e-01
7.352820630963152748e-01
7.352172842252544527e-01
7.350464866667241193e-01
7.349468721554974771e-01
7.348885789471240049e-01
7.348460492248171105e-01
7.347376657399311561e-01
7.345070541780667206e-01
7.335085300902154382e-01
7.329856951111840546e-01
7.329162970755886963e-01
7.328818055329600067e-01
7.327490224268663477e-01
7.323932196370124270e-01
7.321839498057601814e-01
7.321291077180382967e-01
7.320897885123738291e-01
7.320516117471393969e-01
7.320128668305703190e-01
7.319803112901108744e-01
7.319366259107680239e-01
7.248530049522431407e-01
7.234388095531109064e-01
7.232994111157160511e-01
7.232368878555240910e-01
7.230975732174493853e-01
7.230305985156283421e-01
7.230134421218447072e-01
7.229869713843809498e-01
7.229656831469424283e-01
7.229248868354247737e-01
7.228723864854734726e-01
7.228398746244747430e-01
7.228260093805188857e-01
7.227620234814550182e-01
7.224388088807256469e-01
7.221241820859264360e-01
7.220844699632427144e-01
7.220586297142788101e-01
7.220463690038342319e-01
7.220390206444037284e-01
7.220294950905774556e-01
7.220215243968463037e-01
7.220146486317775558e-01
7.219482485773213165e-01
7.187854814761159838e-01
7.178562713452217858e-01
7.173402659826971783e-01
7.171891645129271353e-01
7.171315737844423666e-01
7.171057413352832643e-01
7.170884929734785418e-01
7.170696206808722106e-01
7.167274075435807745e-01
7.166319969426049319e-01
7.166074193166177553e-01
7.165923712055428663e-01
7.164735936481840817e-01
7.164339715943915943e-01
7.164024727946149973e-01
7.163883358934612922e-01
7.161806000463080135e-01
7.160518434316706093e-01
7.160191341527410991e-01
7.160041201822664458e-01
7.159396830172092274e-01
7.159174161178358808e-01
7.159020839941409031e-01
7.158901518245512907e-01
7.158793439441083484e-01
7.158704349379111376e-01
7.158359508018101725e-01
7.158064592766300027e-01
7.143170638281141072e-01
7.137988912276331810e-01
7.136903429665060195e-01
7.136596114774430566e-01
7.136069600367582755e-01
7.135483928205377246e-01
7.134983929710412287e-01
7.134871170873896551e-01
7.134794894315753533e-01
7.134645175479652490e-01
7.134330121539844694e-01
7.134135283560771867e-01
7.133879302804049249e-01
7.124829796936981152e-01
7.121158980490718271e-01
7.117829079673169135e-01
7.115222998176380376e-01
7.114610295541691221e-01
7.114483499895324359e-01
7.114399760156422392e-01
7.114343746733833296e-01
7.114182748047390703e-01
7.114037921458309377e-01
7.111133531126390128e-01
7.109342208498347082e-01
7.109193983156565366e-01
7.108991113183815713e-01
7.108799531118863424e-01
7.108696505122789056e-01
7.108592845693896267e-01
7.108459485371935171e-01
7.106568221557801879e-01
7.105519401433193494e-01
7.105114969086978594e-01
7.104887285543231012e-01
7.102176031886450192e-01
7.101256021997766066e-01
7.101023587869813580e-01
7.100952020794005781e-01
7.100640484286235843e-01
7.100455702233807731e-01
7.100405469949233606e-01
7.100315916468215027e-01
7.100235550384876859e-01
7.100180251451063684e-01
7.100141492203344562e-01
7.099139766064344048e-01
7.098772768106016429e-01
7.098162121510046552e-01
7.097940829258044815e-01
7.097847121365785661e-01
7.097800244352017174e-01
7.097757290941417718e-01
7.097590411245753295e-01
7.097490721491744869e-01
7.097460832807622744e-01
7.097429635219547617e-01
7.097363669639079609e-01
7.097303553826888045e-01
7.097271263500631866e-01
7.097240060431168063e-01
7.097193518568980508e-01
7.097087937060910789e-01
7.097045748818203714e-01
7.097008357779835963e-01
7.096985365998679240e-01
7.096331220714389154e-01
7.095759694183075839e-01
7.095680074539784110e-01
7.095589257686225615e-01
7.095539579377114769e-01
7.095490992719017953e-01
7.087630415688730423e-01
7.081253821918491731e-01
7.081084701253597125e-01
7.081016798959791636e-01
7.080954903733058803e-01
7.080871098103694861e-01
7.080797576815304195e-01
7.080737401832425393e-01
7.080694181855331504e-01
7.080674474884274261e-01
7.079959784599486605e-01
7.079458294854854561e-01
7.079437168639521882e-01
7.079384218590784039e-01
7.079357429368917654e-01
7.078810046185347593e-01
7.078421580687392911e-01
7.076477412198415307e-01
7.075769461579146657e-01
7.075050199070324064e-01
7.074735823670410539e-01
7.074686489302325354e-01
7.074644065108403046e-01
7.074076090117797921e-01
7.074041864523814560e-01
7.074013683512823114e-01
7.073989570333880650e-01
7.073969080148529986e-01
7.073914369586346007e-01
7.073608349427218389e-01
7.073440080504683758e-01
7.073385860123905244e-01
7.073326945263600507e-01
7.073289367190574994e-01
7.073276489561775016e-01
7.073265592561661652e-01
7.073068126188631899e-01
7.072937494136597447e-01
7.072888851316587733e-01
7.072835462152776698e-01
7.068331835419021658e-01
7.063368762373035681e-01
7.063291925489668666e-01
7.063258194459569594e-01
7.063238676689329587e-01
7.057176122988980671e-01
7.056293429124216310e-01
7.054643702321667931e-01
7.053889661500081232e-01
7.051522074718021837e-01
7.051223455847274169e-01
7.051106448813759808e-01
7.051023434040741833e-01
7.050951153415723205e-01
7.050931015891579445e-01
7.050778397405316200e-01
7.050660963249839597e-01
7.050632740815293564e-01
7.050606821099577592e-01
7.050387837825415893e-01
7.048405325383184650e-01
7.048024514308929289e-01
7.047807952175267898e-01
7.047370660010957577e-01
7.047137207228661993e-01
7.046676767841549838e-01
7.046566648467884608e-01
7.045224813879326087e-01
7.044845093372800182e-01
7.044696589105182705e-01
7.044613262431933531e-01
7.044448027056225969e-01
7.044083166601288193e-01
7.043939809560318954e-01
7.043901443332833967e-01
7.043883089488134353e-01
7.043869481119213738e-01
7.043853235097286003e-01
7.043824048612786770e-01
7.043637180367318118e-01
7.043461691907891842e-01
7.042914013486476499e-01
7.042462118400026894e-01
7.042432316206613807e-01
7.042408381796905203e-01
7.042387244381015377e-01
7.042371011479990894e-01
7.042322327684049643e-01
7.042292855271103935e-01
7.042278347846950837e-01
7.041446088764623523e-01
7.041215103779302487e-01
7.040961458820040875e-01
7.040872203938228768e-01
7.040832389231812538e-01
7.040733113365658102e-01
7.040681265862278604e-01
7.040503453084676622e-01
7.040413783392718283e-01
7.040397376590581402e-01
7.040388356275885107e-01
7.040375168693481234e-01
7.040362298288791454e-01
7.040352235132333325e-01
7.040306169200233333e-01
7.040269783611298182e-01
7.040216834580605987e-01
7.004121273584621443e-01
6.999310020121383147e-01
6.998549216329384981e-01
6.998332609867899956e-01
6.998219498731657051e-01
6.998172921715543060e-01
6.998129891866496921e-01
6.998094269192014494e-01
6.998056259678007152e-01
6.997978677088695365e-01
6.997909412049397870e-01
6.997812503476875667e-01
6.997742704110498924e-01
6.997713769201469036e-01
6.997682851606603638e-01
6.997007328261647396e-01
6.996881631841717075e-01
6.996823763951700581e-01
6.996780544437196658e-01
6.996747210170785047e-01
6.996734959334313109e-01
6.996726102331332076e-01
6.996536914060595969e-01
6.996347776608661251e-01
6.996341906193679350e-01
6.996336381532731741e-01
6.996322932701941610e-01
6.996293326073399488e-01
6.996266964598601978e-01
6.993496370897965830e-01
6.992503015485829199e-01
6.992346496743007123e-01
6.992290503456527473e-01
6.992256396597462675e-01
6.992165142001909306e-01
6.992096595767608447e-01
6.992085453418217522e-01
6.992074617304020467e-01
6.992064019927822782e-01
6.992053630076244808e-01
6.991906833135005384e-01
6.991838989843485175e-01
6.991818537183541737e-01
6.991415625863809380e-01
6.991352084697159963e-01
6.991052749837544100e-01
6.991041934643449363e-01
6.991013698098214046e-01
6.990995781699231859e-01
6.990960007740223414e-01
6.990916904294318668e-01
6.990904323036468693e-01
6.990884181344033665e-01
6.990867285973919598e-01
6.990858579161712827e-01
6.990851373350810416e-01
6.990830444802322852e-01
6.990811544552233414e-01
6.990805220516104201e-01
6.990646769770522129e-01
6.990555513173350999e-01
6.990544087729914091e-01
6.990536855354688717e-01
6.990528343159738700e-01
6.990520605687889910e-01
6.990511661442336822e-01
6.990500884105248502e-01
6.990372398955615463e-01
6.990258130710226281e-01
6.990226422603230683e-01
6.977981916599554912e-01
6.966847594183729342e-01
6.966604071558900602e-01
6.966518077393799580e-01
6.966491718681935286e-01
6.965658182141989396e-01
6.965540972262804775e-01
6.965440672935588884e-01
6.965396372759204979e-01
6.965209855575912323e-01
6.965166153332480459e-01
6.965149912356456419e-01
6.965109460139792263e-01
6.965074275129143899e-01
6.965066266580653975e-01
6.965061022501143340e-01
6.964622070889961991e-01
6.964498386121711349e-01
6.964434326167783240e-01
6.964407000600016939e-01
6.964395062598428554e-01
6.964387459189775864e-01
6.964379765763467622e-01
6.964355609010984827e-01
6.964342041461374366e-01
6.964149804637039809e-01
6.964095643887057152e-01
6.964067278263510463e-01
6.964052544959308255e-01
6.964046992848896833e-01
6.964042617753687381e-01
6.964038820789262285e-01
6.964032094871652756e-01
6.964026283540649676e-01
6.964019708580606594e-01
6.964014251863869243e-01
6.964009333392704448e-01
6.962806870371509582e-01
6.962741678638388887e-01
6.962599974494153576e-01
6.962282259843435295e-01
6.962111956903698218e-01
6.962079657347820527e-01
6.962058602922245321e-01
6.962051877998297611e-01
6.962037729736132441e-01
6.961914430040446744e-01
6.961869686554968961e-01
6.961854560660054592e-01
6.961844651639055304e-01
6.961839885448081189e-01
6.961833986808730890e-01
6.961825514571987616e-01
6.961813298149935880e-01
6.961805699804453074e-01
6.961777382704358308e-01
6.961747034866253570e-01
6.961723657272101962e-01
6.961703583752403279e-01
6.961694029481308998e-01
6.961684927328792849e-01
6.961656058954387438e-01
6.961634006403700781e-01
6.961630950951713803e-01
6.961625116234955168e-01
6.961615917951704535e-01
6.961607705497121490e-01
6.961161582397528136e-01
6.960652163242742052e-01
6.960644588281860168e-01
6.960636646110796022e-01
6.960632507774614508e-01
6.960609857277564316e-01
6.960588526817930166e-01
6.960585812639654701e-01
6.960582782729985984e-01
6.960579080027607946e-01
6.960565518704634469e-01
6.960552757497687759e-01
6.960542885654094070e-01
6.960536861079442694e-01
6.960533837874326446e-01
6.960529735171507859e-01
6.960137270859242387e-01
6.959735224274375964e-01
6.959695553078014685e-01
6.959652128873876631e-01
6.959631769097061049e-01
6.959612420806352562e-01
6.959606962335410651e-01
6.959601553032311871e-01
6.959579641341456790e-01
6.959568717032267315e-01
6.959544235370094256e-01
6.959521493696181338e-01
6.959514022561069657e-01
6.959506833379153212e-01
6.959503122514285600e-01
6.941476784828070068e-01
6.939024146029233453e-01
6.938889743233112029e-01
6.938783039043183720e-01
6.938638334964066789e-01
6.938512202754180125e-01
6.938341800066378795e-01
6.937381946242328068e-01
6.937098474214532517e-01
6.937075853774157252e-01
6.937051781572168840e-01
6.936983112175167943e-01
6.936928087907401341e-01
6.936915151585462125e-01
6.936805031719373016e-01
6.936727833168845336e-01
6.936714401112095141e-01
6.936702785600360466e-01
6.936699300710700289e-01
6.936617097468300575e-01
6.936563680868759185e-01
6.936550050307627169e-01
6.936539873049739624e-01
6.936527923712669796e-01
6.936520170335039870e-01
6.936516586312795329e-01
6.936513494390001977e-01
6.936201380680351303e-01
