4.102011097187125421e-01
3.295220150432377482e-01
3.117744447893169846e-01
3.026566578027194421e-01
2.969024642206835041e-01
2.984020102941959407e-01
2.871954778830932420e-01
2.770062554257199383e-01
2.711038803564033706e-01
2.667471080729299504e-01
2.639650891260411636e-01
2.609741573739594589e-01
2.591096860197694696e-01
2.577763118147090582e-01
2.562721064932792503e-01
2.571048792370254077e-01
2.557401817324128079e-01
2.544311937716966510e-01
2.531494363436932460e-01
2.511265930936388280e-01
2.500293769914473940e-01
2.488078938594856238e-01
2.481296245281410795e-01
2.476586094943971639e-01
2.472551909944382120e-01
2.479832340743570729e-01
2.475324563413934253e-01
2.472082473661153801e-01
2.468501490544982580e-01
2.464884030555873351e-01
2.463597014262759732e-01
2.459128355678390221e-01
2.454786859670621546e-01
2.448711635146140209e-01
2.442967749591848092e-01
2.449815895007790845e-01
2.442205540282565424e-01
2.436370450199009108e-01
2.430076727384555824e-01
2.423371507687186455e-01
2.429066238696367952e-01
2.421472224823252029e-01
2.414643207321635343e-01
2.408834641736515569e-01
2.402519599981700338e-01
2.415038676276956287e-01
2.405493694528355875e-01
2.400041111525313686e-01
2.395624652560110479e-01
2.391284156765637048e-01
2.386863209759332027e-01
2.383148409268052714e-01
2.378659127010355201e-01
2.373923141076931254e-01
2.369208315867812886e-01
2.365331236358904077e-01
2.360116417821702950e-01
2.354075770974122239e-01
2.350472606206011894e-01
2.347741039512836470e-01
2.345460651514032768e-01
2.343502990625836169e-01
2.340667595811674329e-01
2.338277230822604635e-01
2.336282440598093646e-01
2.334633283246402013e-01
2.332654378118385885e-01
2.330911032208725919e-01
2.329307970781761550e-01
2.328202672339183821e-01
2.327383621209253572e-01
2.326497118210862081e-01
2.325534725608926212e-01
2.324578826490061312e-01
2.323723948800111017e-01
2.322896972564195139e-01
2.322189112564112812e-01
2.321429131742905883e-01
2.320651754272369804e-01
2.319996099945418611e-01
2.319337079942366819e-01
2.318230122471273136e-01
2.317575764363001001e-01
2.316947395347201399e-01
2.316134747085901724e-01
2.315318120588835960e-01
2.314785714207686917e-01
2.314110738723491878e-01
2.313490598547131571e-01
2.312952373946146334e-01
2.312499172837555461e-01
2.311971319495251531e-01
2.311446412565994757e-01
2.310820707511590799e-01
2.310161703814587186e-01
2.309621527248788553e-01
2.309070864427292535e-01
2.308427928649195437e-01
2.307835804887944653e-01
2.307286990438362217e-01
2.199279771379406279e-01
2.150291667710622634e-01
2.126491144774472764e-01
2.108771994285407736e-01
2.093150377217225799e-01
2.102177336324018986e-01
2.089866933450343911e-01
2.080123713918233808e-01
2.070729377158083695e-01
2.061337230195351977e-01
2.067729997476649706e-01
2.053154184067214061e-01
2.039890496715690560e-01
2.030833892446767264e-01
2.024765007205917011e-01
2.037341297808917817e-01
2.030108783475154666e-01
2.024961897859710036e-01
2.020899544364753997e-01
2.017010479852968940e-01
2.018683780979605713e-01
2.014749433232552178e-01
2.011106333641364818e-01
2.006995782803173423e-01
2.004035332248811085e-01
2.021308814988763691e-01
2.013569864205426996e-01
2.007100804403310901e-01
2.001619500208111635e-01
1.997112838708527960e-01
2.002186608058889317e-01
1.997479342452574136e-01
1.993444808175613148e-01
1.989445868794003092e-01
1.986154894835365226e-01
1.993189557893562669e-01
1.987876631918590320e-01
1.984987475332581353e-01
1.982828526146888648e-01
1.980727765107499483e-01
1.982830090191769201e-01
1.979551168435229325e-01
1.976691426417068187e-01
1.975200877536258115e-01
1.973592131386002757e-01
1.980718008557314780e-01
1.976239292305526918e-01
1.973555794593760682e-01
1.971880030053686783e-01
1.970312743719199733e-01
1.969006613168433617e-01
1.967753920594134676e-01
1.966753833900315995e-01
1.965613743951434012e-01
1.964516345181882007e-01
1.963349054148874895e-01
1.962130105903999167e-01
1.961181284804932590e-01
1.960129480975094651e-01
1.959114578033943344e-01
1.958172387553415161e-01
1.957195732905111507e-01
1.956261702457431639e-01
1.955359015645700971e-01
1.954662898450303943e-01
1.953845212314730406e-01
1.953094949410469072e-01
1.952216955475530313e-01
1.951382173129914133e-01
1.950654345500649200e-01
1.949913874933528746e-01
1.949031879291996117e-01
1.948262014112127904e-01
1.947537313550051497e-01
1.946849879926116078e-01
1.946204850642352935e-01
1.945668899502028815e-01
1.945127968157168985e-01
1.944518690161445851e-01
1.943969567795364728e-01
1.943323557298484716e-01
1.942760792123617297e-01
1.942151038820753295e-01
1.941594700479673807e-01
1.941070703928345631e-01
1.940634251717620606e-01
1.940147181603930904e-01
1.939757080110607046e-01
1.939366151962749474e-01
1.939101090878123101e-01
1.938861444779571841e-01
1.938649629841958932e-01
1.938432886388057330e-01
1.938254606425684756e-01
1.938099823017764289e-01
1.937934991594392475e-01
1.937755934136916047e-01
1.937520798797205124e-01
1.937307813559680514e-01
1.937101031945829555e-01
1.917498394917092619e-01
1.889570560618241690e-01
1.875781138044386176e-01
1.867484471919843292e-01
1.860650984782629969e-01
1.854533290450404159e-01
1.848928267120542590e-01
1.842285676513964465e-01
1.837094815861177732e-01
1.832459872940487289e-01
1.827362962916822264e-01
1.820525883669796841e-01
1.814037013118779684e-01
1.807704457200156600e-01
1.802083314139571180e-01
1.799584165227154087e-01
1.794049292483343161e-01
1.788143933152838150e-01
1.783751201094137817e-01
1.779520129381099158e-01
1.786539719042498087e-01
1.780660278399734120e-01
1.776989469855131398e-01
1.773472948977459496e-01
1.770325409054419319e-01
1.779638941320650924e-01
1.774514389437786832e-01
1.771527404818198925e-01
1.768990339512788723e-01
1.766436345276097275e-01
1.771495181130218199e-01
1.767820569956261301e-01
1.765156608659686766e-01
1.762740368172083794e-01
1.760985468258447761e-01
1.766261952483079711e-01
1.762787313692368019e-01
1.759633257286254415e-01
1.757219533361899788e-01
1.755303341424574171e-01
1.760775810031753041e-01
1.755208418162030604e-01
1.751831177346793444e-01
1.749729245465725114e-01
1.748391404015438300e-01
1.755179782033236546e-01
1.750194461159650383e-01
1.747571142390726140e-01
1.745871619011892528e-01
1.744199081963998532e-01
1.742879184719811347e-01
1.741553699395373966e-01
1.740198846900230523e-01
1.738876932797071839e-01
1.737594469475020331e-01
1.736203942642138287e-01
1.735105781437465966e-01
1.733890566838676983e-01
1.732491040220949796e-01
1.731125010788570340e-01
1.729612903849329919e-01
1.727933416959873680e-01
1.726601300049570575e-01
1.725227165953958364e-01
1.724003402770802607e-01
1.722652122957097354e-01
1.721349200790580070e-01
1.719449323288315401e-01
1.717840169538245865e-01
1.716227291509485609e-01
1.714451017691681900e-01
1.713193375324098544e-01
1.711816713658342592e-01
1.710300089878135921e-01
1.708936187141071594e-01
1.707581507345437566e-01
1.706462614310086667e-01
1.705012019365026166e-01
1.703899141170937270e-01
1.702929634212926591e-01
1.701930040005477374e-01
1.700979477540230378e-01
1.699976898365875566e-01
1.698707542588739350e-01
1.697195338117236385e-01
1.695586433018747841e-01
1.694027546980496068e-01
1.692669512626936712e-01
1.691429741517096186e-01
1.689698619353819098e-01
1.687908984887465380e-01
1.686402592662572253e-01
1.685161841255760629e-01
1.684118529282465360e-01
1.683289178932391161e-01
1.682324632683380172e-01
1.681509805543148772e-01
1.680731267889514491e-01
1.679947067892755830e-01
1.679212435272318671e-01
1.689190875457684260e-01
1.655314966390161180e-01
1.636041586507630818e-01
1.622143742775037645e-01
1.611198318152809450e-01
1.612692834749241411e-01
1.602331073888695612e-01
1.590793165088928707e-01
1.580772344379739736e-01
1.572059243020102193e-01
1.574265965469759665e-01
1.566955917358829053e-01
1.560870762089380248e-01
1.555483698116370828e-01
1.550251137650940914e-01
1.554069092412553033e-01
1.547846214121300912e-01
1.542899958092381618e-01
1.538081542391897261e-01
1.533703866463401733e-01
1.538184432830905779e-01
1.532747893563296271e-01
1.528609675151397784e-01
1.524802259911952895e-01
1.521708260011315483e-01
1.523657546494842641e-01
1.519570436728954754e-01
1.516772880590492589e-01
1.514043166288535913e-01
1.511710505335724375e-01
1.515007462192418108e-01
1.511136847823015550e-01
1.508350774317000487e-01
1.505819251218507848e-01
1.503398376874252595e-01
1.505166325559574581e-01
1.501236163962062498e-01
1.498404937019293948e-01
1.495819954177468603e-01
1.493278112023031234e-01
1.507353983483084026e-01
1.502216647790854953e-01
1.499519546829683470e-01
1.496551458337549434e-01
1.493701692338793019e-01
1.500856649653480035e-01
1.496122793755832459e-01
1.492803816015719209e-01
1.489508605279967479e-01
1.486975920714212751e-01
1.484960172868526884e-01
1.482867844096868448e-01
1.480836842026254374e-01
1.479101191707969387e-01
1.477456915198042953e-01
1.475831832795627963e-01
1.474339318741711979e-01
1.472557318370335266e-01
1.470889484646867862e-01
1.469304270095774800e-01
1.467711463815002948e-01
1.466297345948907871e-01
1.464787598835587679e-01
1.463529248424733920e-01
1.462387311913757870e-01
1.461129248286303084e-01
1.459966019091995526e-01
1.458841003225425370e-01
1.457467966805838233e-01
1.456062611887745661e-01
1.454757636285358147e-01
1.453547163411289256e-01
1.452425753954610377e-01
1.451391997504550280e-01
1.450511448333174080e-01
1.449711347499369196e-01
1.448923512767056887e-01
1.448145126406032990e-01
1.447221491324858500e-01
1.446358706522941906e-01
1.445599502045845364e-01
1.444991066800707380e-01
1.444309331038492183e-01
1.443679054152386676e-01
1.443060096883774790e-01
1.442568330446220015e-01
1.441997742790734061e-01
1.441387898620892227e-01
1.440741622325611426e-01
1.440094700603591904e-01
1.439476012620747869e-01
1.438751167038142542e-01
1.438017077639424102e-01
1.437306749817666984e-01
1.436609730648773786e-01
1.435843861519187081e-01
1.435017422674804699e-01
1.434262418006727047e-01
1.433430369961828377e-01
1.432656602633986809e-01
1.489957653274234517e-01
1.456878832635786214e-01
1.435409115613619224e-01
1.421466815501112868e-01
1.408539275565273696e-01
1.403451373660107027e-01
1.395552106395938352e-01
1.388432301421656245e-01
1.381676646419565391e-01
1.376463185648111875e-01
1.377320307135879718e-01
1.372433545361347040e-01
1.367938748262139959e-01
1.363180322528903254e-01
1.358383196786235037e-01
1.364768707916616253e-01
1.358742010247615539e-01
1.354440126589501747e-01
1.351018775143827677e-01
1.347663652778210708e-01
1.348678852597663957e-01
1.344605538868525185e-01
1.341266344625466900e-01
1.337974072404353731e-01
1.335375396689731931e-01
1.336427051067406169e-01
1.333004276265774835e-01
1.330094030305883357e-01
1.327706264381632584e-01
1.325555169890693108e-01
1.329268859217218879e-01
1.325914070165039871e-01
1.323510467434006466e-01
1.321234195110654042e-01
1.319274437601724581e-01
1.321277751530470501e-01
1.319128238397357933e-01
1.316771744328059102e-01
1.315210961227707975e-01
1.313685089155967323e-01
1.313875990711395048e-01
1.312252989886233956e-01
1.310954844909173467e-01
1.309796306191486903e-01
1.308709428981569833e-01
1.309978614903899719e-01
1.308528397011944067e-01
1.307265659990961559e-01
1.305725570963953974e-01
1.304040566293073189e-01
1.302657582964514560e-01
1.301238086162028185e-01
1.299855084964037510e-01
1.298705346628921120e-01
1.297611736887618328e-01
1.296548043008538820e-01
1.295474767374824310e-01
1.294259796821649600e-01
1.293221737598213572e-01
1.292098305758223320e-01
1.291002013822301620e-01
1.290007776049744981e-01
1.289033208265590591e-01
1.288185003938853712e-01
1.287288294714588055e-01
1.286017394148206983e-01
1.284871556991033781e-01
1.284086246599947245e-01
1.283300889541476586e-01
1.282582323650171552e-01
1.281826214074495152e-01
1.280969409391358171e-01
1.280144879895152854e-01
1.279409357592913299e-01
1.278728724342703960e-01
1.278009067443853231e-01
1.277314462735407163e-01
1.276505073403673418e-01
1.275798315479207690e-01
1.275071093957230728e-01
1.274410452270876848e-01
1.273698689568615317e-01
1.272980867205452393e-01
1.272313518097819562e-01
1.271668576171767762e-01
1.271002524213518392e-01
1.270365211393184313e-01
1.269704480804640101e-01
1.269097317632591482e-01
1.268459621348145272e-01
1.267823793166857060e-01
1.267112330604049930e-01
1.266447992253149080e-01
1.265746707907101365e-01
1.265022843764047333e-01
1.264130952584981149e-01
1.263220834898824696e-01
1.262499159968360762e-01
1.261815059441873388e-01
1.261221264597652825e-01
