8.316218736975958814e-01
7.006822109017928346e-01
5.578650057441448817e-01
4.343939330982433678e-01
3.579557653012307994e-01
3.235815806324974231e-01
2.632614566132129852e-01
2.334768629242643667e-01
2.130244451466014599e-01
1.933944267990318211e-01
1.806839350580421721e-01
1.625645581098437709e-01
1.427053089983092993e-01
1.322720486685956542e-01
1.256158607705514518e-01
1.194142924553385221e-01
1.144382817078754416e-01
1.080818524298550742e-01
1.029719533160506767e-01
9.814994857261243044e-02
9.156677768024479303e-02
8.791603498307930253e-02
8.505765657486993869e-02
8.283570697593699295e-02
8.080830511142482464e-02
7.819444461724599227e-02
7.624725782578782585e-02
7.317604897881634096e-02
7.079300564517466976e-02
6.858297733542330354e-02
6.665996005765738308e-02
6.146163264792718628e-02
5.774366987789378985e-02
5.633748769244674437e-02
5.476418326150200161e-02
5.362239442507971826e-02
5.250603298335195651e-02
5.158932156765043409e-02
4.967028977062756118e-02
4.814602193635403315e-02
4.735067209382825409e-02
4.651363172191368134e-02
4.550458144772284719e-02
4.464341715900142782e-02
4.342355009080692968e-02
4.247267777909884134e-02
4.199180596829137080e-02
4.144076106426272665e-02
4.101035523259076443e-02
4.027414547245699444e-02
3.980372903458748862e-02
3.816897254027663833e-02
3.677125509556682798e-02
3.629158759496302344e-02
3.582087743899765170e-02
3.551096124379232721e-02
3.529022622255886116e-02
3.493351570993610822e-02
3.423183697943781023e-02
3.399674608770254097e-02
3.360095548808170185e-02
3.324118392858022020e-02
3.238166301973493394e-02
3.153874823432829821e-02
3.101841614499179292e-02
3.050561312726731561e-02
3.020749846977788602e-02
2.990146778002329003e-02
2.966214930893877263e-02
2.943763147290864163e-02
2.924914138844566733e-02
2.898996301860332428e-02
2.877724501639957258e-02
2.859747507022868812e-02
2.829086349913176313e-02
2.803810904556444661e-02
2.777370564755296187e-02
2.744868432353903334e-02
2.690277510702913932e-02
2.636935704815972573e-02
2.624480566611562052e-02
2.599937098898520357e-02
2.578856804894175472e-02
2.557913992685698079e-02
2.533426455211060940e-02
2.511775847992266456e-02
2.492003388738631142e-02
2.467283053584258187e-02
2.445467510407843548e-02
2.406311497298359303e-02
2.367604680388788602e-02
2.342734730245967997e-02
2.323564854101459534e-02
2.310982987252211546e-02
2.294208978508063823e-02
2.278830966060807831e-02
2.267311328509595547e-02
2.258051121579993797e-02
2.239402263820224406e-02
2.219688700834592660e-02
2.200879940397452994e-02
2.184676598576949791e-02
2.161929407474249762e-02
2.143583632891130422e-02
2.128734126644313274e-02
2.110722419367021957e-02
2.100960672197233273e-02
2.089141126965887371e-02
2.077237967493119480e-02
2.065590776215416036e-02
2.057230998416123904e-02
2.048021739032437546e-02
2.015821083486750084e-02
1.985844490255316355e-02
1.975026999411819140e-02
1.962613538400833496e-02
1.952920187985244388e-02
1.938110616417559537e-02
1.924360574742822044e-02
1.916508069274396042e-02
1.903880867214214831e-02
1.892017948888451151e-02
1.885322549439033199e-02
1.876157412018226306e-02
1.865434679880409105e-02
1.858521061239215913e-02
1.846373276335882760e-02
1.840264847730339881e-02
1.830044880207776226e-02
1.816085035430213546e-02
1.809481858842019314e-02
1.799328481360598642e-02
1.791804509916998869e-02
1.787035164705368454e-02
1.779320418171536494e-02
1.769308490693381059e-02
1.760905368603103011e-02
1.750500012138238998e-02
1.738563769576473989e-02
1.723069143430612515e-02
1.716187445655593946e-02
1.709501887163355355e-02
1.702709552894603184e-02
1.697961594463646626e-02
1.682760692966073918e-02
1.667310683085029832e-02
1.654396080935975621e-02
1.640395666160636076e-02
1.632438978148450376e-02
1.625434838960511386e-02
1.615181934347480197e-02
1.604966422391595690e-02
1.600767806602860013e-02
1.592614427722300469e-02
1.584710569999518009e-02
1.575971128562732998e-02
1.567004465408615779e-02
1.556547196690884552e-02
1.544979495889116199e-02
1.541095791161771651e-02
1.533999143725809332e-02
1.528249087479298905e-02
1.521741940623939221e-02
1.514226334854310192e-02
1.508877117627709791e-02
1.502461664240401819e-02
1.497808548900639997e-02
1.492032790605511867e-02
1.485833757991610049e-02
1.474235178369006326e-02
1.464131485157143045e-02
1.456597742533451666e-02
1.449311639542830155e-02
1.444232044500810656e-02
1.437934352698194869e-02
1.430824399839352758e-02
1.422658051438105420e-02
1.417947273728784041e-02
1.412081653134250776e-02
1.407000773222451956e-02
1.402086561042049755e-02
1.396926135178347926e-02
1.391943307440152329e-02
1.386981855314827448e-02
1.382172632277646127e-02
1.375851042272328156e-02
1.368866881456572843e-02
1.365043738267027185e-02
1.360672778530480458e-02
1.357003843605313065e-02
1.351559704446985560e-02
1.346592115281159026e-02
1.342169619288923615e-02
1.336615247867259208e-02
1.333151481957693500e-02
1.327612550633091443e-02
1.320526589537553662e-02
1.315937188027351511e-02
1.311769248040964633e-02
1.307598607454893772e-02
1.303348308085060421e-02
1.299161027730169095e-02
1.294336278540195173e-02
1.289097161126151470e-02
1.285515082147736278e-02
1.282051153590877540e-02
1.279758909273337984e-02
1.273836224719544774e-02
1.266596879196154810e-02
1.262059612813440368e-02
1.256614858783053866e-02
1.251661049341309777e-02
1.246660702884051612e-02
1.242229182210703720e-02
1.236666822669106255e-02
1.233688202629488334e-02
1.230790071237132695e-02
1.223825228815397445e-02
1.218703536606198512e-02
1.214372814997457736e-02
1.210350538210903763e-02
1.207223755558708457e-02
1.203807613672845667e-02
1.200602535964361874e-02
1.197576591460905795e-02
1.193630493432138936e-02
1.190285305171330868e-02
1.185110700467985334e-02
1.179480075263732337e-02
1.176627185349556244e-02
1.172990366356708308e-02
1.169426060192175348e-02
1.164517068415105334e-02
1.162490812083062652e-02
1.149605902652577581e-02
1.134322601801389385e-02
1.128943125461735579e-02
1.125643211960043050e-02
1.123087058472374208e-02
1.119763303257991123e-02
1.116669488654315964e-02
1.114283855277360853e-02
1.110780234385442579e-02
1.107510774848650438e-02
1.105027055659705930e-02
1.101126710052992633e-02
1.097024850791351869e-02
1.093467060414795959e-02
1.088959733953371971e-02
1.084979441891484146e-02
1.078966074781072086e-02
1.073989681297054903e-02
1.069731335064143252e-02
1.067533112087044531e-02
1.065109176445211241e-02
1.061251378474941179e-02
1.057511208648809035e-02
1.055047320186597651e-02
1.051573303410512777e-02
1.047563880373383015e-02
1.042310690630237312e-02
1.038779836307604509e-02
1.035447478671742798e-02
1.032784595414017008e-02
1.029869230510332447e-02
1.025991755569172041e-02
1.022151359094941765e-02
1.018993877755508017e-02
1.014854148346853308e-02
1.012174360312301756e-02
1.009798745845794446e-02
1.007965500847468610e-02
1.004979819344901069e-02
1.002108676126919548e-02
9.988916563995005674e-03
9.955547501415477202e-03
9.925394142099584413e-03
9.890700582273330779e-03
9.876578617579373498e-03
9.853224035850639134e-03
9.834534831159777099e-03
9.786768645495099589e-03
9.722771849518503998e-03
9.698265147911855691e-03
9.678210519136573597e-03
9.658794230617124416e-03
9.637207633770891735e-03
9.612120002937927718e-03
9.593080723867985007e-03
9.540612781052310032e-03
9.482378466167262418e-03
9.462467903346410275e-03
9.438011380608866963e-03
9.417222098832393057e-03
9.391358535385472758e-03
9.365129886180639102e-03
9.338976652280908675e-03
9.310962227517420586e-03
9.279117840642593651e-03
9.251178268658956719e-03
9.206767470051186592e-03
9.168894900861753600e-03
9.141086887285730656e-03
9.116779610208626886e-03
9.101093241786338550e-03
9.080842503588090059e-03
9.060794421717902405e-03
9.040364845457666068e-03
9.018447835952644528e-03
8.998165046415233445e-03
8.969595167851925413e-03
8.952214184344569128e-03
8.933975865303034336e-03
8.918177307033297446e-03
8.900309030150719072e-03
8.884665301459197806e-03
8.864713397397912947e-03
8.848729994711704988e-03
8.827904682340962511e-03
8.798205151488380782e-03
8.768080155012059757e-03
8.758242079702899946e-03
8.719022643505870002e-03
8.678349833052458745e-03
8.654067667511778153e-03
8.637829144609259976e-03
8.614401049843168484e-03
8.585325004798017440e-03
8.569403438682636834e-03
8.544592667148628168e-03
8.530537090879693890e-03
8.504287719773014759e-03
8.478910630993506670e-03
8.463673511115474279e-03
8.445765754759922139e-03
8.432636121402818652e-03
8.415479140286813431e-03
8.401091632834752770e-03
8.378753207003680759e-03
8.353287597387765162e-03
8.331898968092917371e-03
8.307082846229243284e-03
8.282957227446870879e-03
8.251164453790245032e-03
8.233210392046948212e-03
8.209234226166376575e-03
8.190563444042474328e-03
8.165485073407740060e-03
8.157824407016038212e-03
8.129466575515852111e-03
8.089857260720317508e-03
8.067212013293896186e-03
8.050903711649888203e-03
8.038808868581626479e-03
8.021877810469514591e-03
8.006101889478669381e-03
7.974321330483034528e-03
7.943853741904613117e-03
7.922583350398106766e-03
7.901092886108206093e-03
7.881810603348436695e-03
7.862995122810129481e-03
7.853249299895672178e-03
7.830461121787365281e-03
7.801489415280509626e-03
7.788590129027187121e-03
7.765260699362498860e-03
7.750399683858628409e-03
7.735373396665111596e-03
7.719384413684487849e-03
7.707924295125000505e-03
7.697326322182808205e-03
7.682950857844171588e-03
7.666389902767471905e-03
7.655941263748097456e-03
7.636564409592749673e-03
7.619980919171417955e-03
7.602778546762572857e-03
7.580831393494135394e-03
7.570068974382166208e-03
7.560175537003756274e-03
7.550164960607350442e-03
7.539526494028928397e-03
7.525366112007160838e-03
7.508935977826716734e-03
7.473708231235734467e-03
7.456375327132638148e-03
7.434937891811936768e-03
7.422793810945771918e-03
7.412058757435109439e-03
7.397932035954881726e-03
7.384208970564173913e-03
7.355353950796723710e-03
7.317940861679011338e-03
7.299473151624880952e-03
7.289875279658430442e-03
7.275861654256065778e-03
7.259642217049531304e-03
7.239969370693257952e-03
7.218888774314896617e-03
7.205443482160325298e-03
7.190207118800525515e-03
7.179009989928972213e-03
7.168997875850416368e-03
7.151325248676909836e-03
7.130796225421418520e-03
7.121053985618549034e-03
7.111297641188210963e-03
7.093553189816644011e-03
7.079916786028422372e-03
7.068860427113097221e-03
7.052861970098921879e-03
7.043540604520915141e-03
7.033728871043093932e-03
7.022055225588152462e-03
7.011846501196911628e-03
7.001999547221684703e-03
6.988703835844880044e-03
6.979486594924046682e-03
6.972156672298255448e-03
6.961915264233047712e-03
6.948699987459049446e-03
6.937982948558697391e-03
6.926802094426203101e-03
6.914175916720343568e-03
6.896673999271237671e-03
6.879136911416974982e-03
6.856770050225529343e-03
6.834781351045633377e-03
6.818220007836884623e-03
6.805858547238541507e-03
6.789892901581824451e-03
6.775418656099701543e-03
6.765015887847377306e-03
6.752675875629159108e-03
6.738226548510724626e-03
6.721308607449899032e-03
6.710951588070886847e-03
6.700632760278527403e-03
6.684876291225691318e-03
6.662272301502554159e-03
6.654665841138250777e-03
6.645299670381659383e-03
6.636998016454597957e-03
6.614245864409662272e-03
6.592943110723138538e-03
6.585146228137054442e-03
6.567048634597237415e-03
6.542502159815291596e-03
6.529844435395970939e-03
6.519074823575891214e-03
6.506276829598086481e-03
6.492494403917727086e-03
6.469372836143283227e-03
6.444304527861603911e-03
6.434843809114582612e-03
6.423529452887405400e-03
6.415305278815549260e-03
6.408321840854477869e-03
6.396575688553203867e-03
6.385319018184279147e-03
6.377896976235025196e-03
6.366524849685452347e-03
6.357604774485112534e-03
6.345086172502280471e-03
6.329059179967989890e-03
6.319416131805832317e-03
6.310452548509867983e-03
6.302748768083328221e-03
6.290196011425515550e-03
6.278176063719027346e-03
6.268485196276551291e-03
6.257527062061731329e-03
6.249315397024572151e-03
6.240149570990062046e-03
6.232400390386968331e-03
6.222971475731835754e-03
6.215641612557805742e-03
6.204283461018947517e-03
6.185366207974858990e-03
6.156740011506998435e-03
6.149599463081172751e-03
6.141280980214372173e-03
6.130073820210644835e-03
6.122784820686649754e-03
6.113633109652962319e-03
6.104919730393520289e-03
6.094083228321902322e-03
6.083910650707255105e-03
6.071674838632514989e-03
6.063446778423867145e-03
6.050635601357466815e-03
6.041746107219712891e-03
6.028122218604674634e-03
6.021536841896729490e-03
6.012207713842546153e-03
6.001420216198723352e-03
5.989954751641693789e-03
5.978560139017367880e-03
5.971477939981183376e-03
