1.193474055033087317e-01
8.789254738323691585e-02
7.243271925941965894e-02
6.319738647702509426e-02
5.686818381068955292e-02
5.603118337453549119e-02
5.475755473434427284e-02
5.347454123940159620e-02
5.243357079719784819e-02
5.094914745096589676e-02
5.009931393692643870e-02
4.884246945308229337e-02
4.801204477333803622e-02
4.731056606953235738e-02
4.660505474879687859e-02
4.632778938245400019e-02
4.604362483247771698e-02
4.567488398178881637e-02
4.516591616404777576e-02
4.481463209241731693e-02
4.442469073492521375e-02
4.403036111827561550e-02
4.367021004900359382e-02
4.347844093973463053e-02
4.325667808378082929e-02
4.355243437923450589e-02
4.340665858137525424e-02
4.331246175841284296e-02
4.321561783365730075e-02
4.312158641660527453e-02
4.323064536319532608e-02
4.307610747240164101e-02
4.296847224185158798e-02
4.286690446168401475e-02
4.281615726600940947e-02
4.293950294643941040e-02
4.272196740302564022e-02
4.249286821067199682e-02
4.214870708620031131e-02
4.176787254719270537e-02
4.169260699158929689e-02
4.125119764720694415e-02
4.082653201466840409e-02
4.036834105224525876e-02
4.000121791831606766e-02
3.978604697755590280e-02
3.936708082447685358e-02
3.900967582822306018e-02
3.870645157559591404e-02
3.841434063433846885e-02
3.812796799453584823e-02
3.789910192175200560e-02
3.769851672978025842e-02
3.754760909159694099e-02
3.738472743152009004e-02
3.726411981953747787e-02
3.713681635894443972e-02
3.701254316146442708e-02
3.687740675165765425e-02
3.676183263271168289e-02
3.662832503040202442e-02
3.647857707782769382e-02
3.635492180145684371e-02
3.624682257152744141e-02
3.613557755229571816e-02
3.601969619531510819e-02
3.593849149076233651e-02
3.585911037400029561e-02
3.579303073250154898e-02
3.573770870239241504e-02
3.567654068462512013e-02
3.562648940046734408e-02
3.558010069855261498e-02
3.552006875052778068e-02
3.545787305136002820e-02
3.539063818838923681e-02
3.531977478328927889e-02
3.525516007451329897e-02
3.516550418903521824e-02
3.508704935306056205e-02
3.502023839323323978e-02
3.496516483469823411e-02
3.490958628432488942e-02
3.484974202711507707e-02
3.475771755645424427e-02
3.467349607103663300e-02
3.461853233138844493e-02
3.454951091305315247e-02
3.448231624438898718e-02
3.440491638784063527e-02
3.433901448763347630e-02
3.426862035408458768e-02
3.419540613043607624e-02
3.413529347546936238e-02
3.407318762575167054e-02
3.401535978485334399e-02
3.395277502126709673e-02
3.389807470541317952e-02
3.384718959910870684e-02
3.380614359758941229e-02
3.238438538992323423e-02
3.120338859198201406e-02
3.057253706544002872e-02
2.987813059973079902e-02
2.926781679740769054e-02
2.870551749253084581e-02
2.824423705590857828e-02
2.787003003735001941e-02
2.752420326225128722e-02
2.719662556756104535e-02
2.695869378923305970e-02
2.665875244546367373e-02
2.640241618037386315e-02
2.617097764332486712e-02
2.597047443995192245e-02
2.592216640131505753e-02
2.579113504324566028e-02
2.568545074368611819e-02
2.559641674377757456e-02
2.550752702211687289e-02
2.555573549334563821e-02
2.545340836080112190e-02
2.535874740037787414e-02
2.528888105483344598e-02
2.521384396977013539e-02
2.523673320700889344e-02
2.513793185258478280e-02
2.505640686532714309e-02
2.499323239071865252e-02
2.493722540200665402e-02
2.493280362610266268e-02
2.484574680804028241e-02
2.477665601819910648e-02
2.470718992927624369e-02
2.461914360058789844e-02
2.463212828619211481e-02
2.451455436206471244e-02
2.441024641688714983e-02
2.429870643074380845e-02
2.420416598119713714e-02
2.438198872902063927e-02
2.429710147264032075e-02
2.426117553406785879e-02
2.420295826486367624e-02
2.415575671368406022e-02
2.414031213620566885e-02
2.407568405807731723e-02
2.401353450975583781e-02
2.395792397233420523e-02
2.391090570434703522e-02
2.386480306907774393e-02
2.382995264405493238e-02
2.378934584790877438e-02
2.375954792459365056e-02
2.372370368803604010e-02
2.369175626547608340e-02
2.365447522506397560e-02
2.362224089057151852e-02
2.358494423428572628e-02
2.355449682011510892e-02
2.352163144492547958e-02
2.348171105124870206e-02
2.344886905667821833e-02
2.341014288365906790e-02
2.337592106995349875e-02
2.334032289634097729e-02
2.331151715155848833e-02
2.328019756169813839e-02
2.325134345748939776e-02
2.322470693896259292e-02
2.319649074009551282e-02
2.315857742629050253e-02
2.311433257775089012e-02
2.307899582101161431e-02
2.304323787098785589e-02
2.300934314570526884e-02
2.297737488131598727e-02
2.293563238201580881e-02
2.290134206707526016e-02
2.287121894132794833e-02
2.284591648383237431e-02
2.281312506894833669e-02
2.278499382366738074e-02
2.275664899786378551e-02
2.273190889577652446e-02
2.269385039721076927e-02
2.266353335345399830e-02
2.263058222223152116e-02
2.260128740075249831e-02
2.258069675328202783e-02
2.255931987995639723e-02
2.253935558612422604e-02
2.251518752682656749e-02
2.249376460332526070e-02
2.247410188405441628e-02
2.245378667763738012e-02
2.243654751953893731e-02
2.242040351356376984e-02
2.239862801795662953e-02
2.237437810364726123e-02
2.828805736834635529e-02
2.628597070478269279e-02
2.542041927105555960e-02
2.494308687910172170e-02
2.472776451347429710e-02
2.447920350656213745e-02
2.419766333295325991e-02
2.399775261180585664e-02
2.384459418265140809e-02
2.363897163233692408e-02
2.348709736861718037e-02
2.337453357013667340e-02
2.331058754889426057e-02
2.314741013352624582e-02
2.306907279036288921e-02
2.299927566764315215e-02
2.293763428646986707e-02
2.284085160574702775e-02
2.281099641532591607e-02
2.275264855050803878e-02
2.269037136454998826e-02
2.266002775121495061e-02
2.261858360866501536e-02
2.258130110135998792e-02
2.250676648624641563e-02
2.245656790798855953e-02
2.240531359834063707e-02
2.236698368974156248e-02
2.230369531192340909e-02
2.225809855869369941e-02
2.222855743340428764e-02
2.216771932920844762e-02
2.212912507459552022e-02
2.208870463794264730e-02
2.205929502489369087e-02
2.201627172001213717e-02
2.198685815444741468e-02
2.192666780835679161e-02
2.189580559902655835e-02
2.185275937753913822e-02
2.182420261946113257e-02
2.178381957234704416e-02
2.175477290788972035e-02
2.173349926155338646e-02
2.170817637514546594e-02
2.168903977433805572e-02
2.166686604865911830e-02
2.164764473935974765e-02
2.163384591181811978e-02
2.161959900040616792e-02
2.158153979239016418e-02
2.156097952377004565e-02
2.153513444382955389e-02
2.150858712266591130e-02
2.149932522816885155e-02
2.148750710311311818e-02
2.147195973018576828e-02
2.144882614046664943e-02
2.141182582386087427e-02
2.139942425409517568e-02
2.137858155285213974e-02
2.134806824685022558e-02
2.132238889804068116e-02
2.129473636320795837e-02
2.126317596489413903e-02
2.123871595926440925e-02
2.122122423211679487e-02
2.120621709887693038e-02
2.118680238649980549e-02
2.117354841519447292e-02
2.115212011322824617e-02
2.113825090655545302e-02
2.111958741646761950e-02
2.110013336772994380e-02
2.108638921736299618e-02
2.106973989158868535e-02
2.105238364364296275e-02
2.103913326192074010e-02
2.099805900590925520e-02
2.097273206149814773e-02
2.096112791556774615e-02
2.093452059492154071e-02
2.090250982226525903e-02
2.089129524010136310e-02
2.087873995753191173e-02
2.086696800556350762e-02
2.085384180467702436e-02
2.084150141223105324e-02
2.082506007439886148e-02
2.081180674211855972e-02
2.079696391710205913e-02
2.077675074400470168e-02
2.075758580059663613e-02
2.073593102319403261e-02
2.072195201302515222e-02
2.070691656792607652e-02
2.069344558078056381e-02
2.067902624133650599e-02
2.067441934519022653e-02
2.065932978073637197e-02
4.096364820337393409e-02
3.346857550051060559e-02
3.039673070084818532e-02
2.882967200009873415e-02
2.788222685961717559e-02
2.648889099368047229e-02
2.532890998237567748e-02
2.422107666904247184e-02
2.335728000329236748e-02
2.277218867868537749e-02
2.230764552334926765e-02
2.202329240159212401e-02
2.168976714692678540e-02
2.137751464742166166e-02
2.115938985500962627e-02
2.099984347106857371e-02
2.085613407608756173e-02
2.068758197414786656e-02
2.057375696280724225e-02
2.039725411777910252e-02
2.032215848724728061e-02
2.022170173447735211e-02
2.005487532389374147e-02
1.995154955295996152e-02
1.985315114858101498e-02
1.976621303034879068e-02
1.963004978769064546e-02
1.953713828939462882e-02
1.939257351769484161e-02
1.927278650217945782e-02
1.919909451164428238e-02
1.911314824984727476e-02
1.899644937034693226e-02
1.889227954050986397e-02
1.880520891594307520e-02
1.872099588491255018e-02
1.864711054582283631e-02
1.855880413491983391e-02
1.848762769583427862e-02
1.841733592810776074e-02
1.836636557692926733e-02
1.829702785262032547e-02
1.822692678246278300e-02
1.816527074098264749e-02
1.810868398307369231e-02
1.808039221467634683e-02
1.801202339348621090e-02
1.794970649477465457e-02
1.790734963305215185e-02
1.783932600374011843e-02
1.779486076829041655e-02
1.774925277627317430e-02
1.770315898872277388e-02
1.765681626754965136e-02
1.760681324740734008e-02
1.754535751228475729e-02
1.746275953330815242e-02
1.740373988142444178e-02
1.733194553952641104e-02
1.725422739353800125e-02
1.720579527147507101e-02
1.716107488487001939e-02
1.709579066913709255e-02
1.704335552322524053e-02
1.699025012084249761e-02
1.692934900958135980e-02
1.687237694134273089e-02
1.683064007513562776e-02
1.678558545947496372e-02
1.673745645547836114e-02
1.670135413901571372e-02
1.667601196642452127e-02
1.665063450287561364e-02
1.662617207707798445e-02
1.660566385986531751e-02
1.658287104733524933e-02
1.656020629074512682e-02
1.653572217137781394e-02
1.651334302328141823e-02
1.649444635426289621e-02
1.646885833443813632e-02
1.644255852067091558e-02
1.641830555235153713e-02
1.639131117997690706e-02
1.636694962438573625e-02
1.633992590759249242e-02
1.630986742375103646e-02
1.629090614046444646e-02
1.627378280989880827e-02
1.624554053787028579e-02
1.622248040636708327e-02
1.619733380485590193e-02
1.617223532002537087e-02
1.615009691669227337e-02
1.613360808023975648e-02
1.611471994570130503e-02
1.609841819529674034e-02
1.608225702404793636e-02
1.605834373027145018e-02
1.604274358048770471e-02
5.867643001304771733e-02
4.863262359784022854e-02
4.528988012144778696e-02
4.360512858517808649e-02
4.218512611732327250e-02
4.114678287809596380e-02
3.809411102208643679e-02
3.557475030982470976e-02
3.335188131398313799e-02
3.117170361045108057e-02
2.867590325341794893e-02
2.680002669070083443e-02
2.537314196606812317e-02
2.414144835553571136e-02
2.327368135335092236e-02
2.256156032539187103e-02
2.195184739264427823e-02
2.134032748600110663e-02
2.091648334415336860e-02
2.053766791927971042e-02
2.036802319398055977e-02
2.006978395292122533e-02
1.984128808644410047e-02
1.960351761255576392e-02
1.939924622812697411e-02
1.926332235789050135e-02
1.908930239619971783e-02
1.894579430604039980e-02
1.875454041135308711e-02
1.859518258269449165e-02
1.850023839990008051e-02
1.837347840112373010e-02
1.821503897063230307e-02
1.806707417741626812e-02
1.793295245881280225e-02
1.781982958662646499e-02
1.769727188645738025e-02
1.756257824742298371e-02
1.744602458169700748e-02
1.732359019063876848e-02
1.726137664301588895e-02
1.713681533630445966e-02
1.701417092825230001e-02
1.691250013665962504e-02
1.681808276547260700e-02
1.677777177699521505e-02
1.671843628767246542e-02
1.665279690842129054e-02
1.659806469418461869e-02
1.652407616247966726e-02
1.645818803468621083e-02
1.638717677744669018e-02
1.631169927594038754e-02
1.623845635040573054e-02
1.616004742525024157e-02
1.610421847271149495e-02
1.605501067087988093e-02
1.598597091430406167e-02
1.590384832514407654e-02
1.584709921324450529e-02
1.577962862880658360e-02
1.571433439523525766e-02
1.567060430368389171e-02
1.559989426260310029e-02
1.553144429192144724e-02
1.547279599842190691e-02
1.541493555999747661e-02
1.535143477330264475e-02
1.530208604570645892e-02
1.525889138712733552e-02
1.520851660238938842e-02
1.516420802871644956e-02
1.512827840044027664e-02
1.509248754112560431e-02
1.505259764177970666e-02
1.501319327606677988e-02
1.497501347141032106e-02
1.494216268783129381e-02
1.491722472991626608e-02
1.488964968520277259e-02
1.486356913907904004e-02
1.483568361430821075e-02
1.480835965935833019e-02
1.477805333377899336e-02
1.475002010985461062e-02
1.472742882463423143e-02
1.469862407379766284e-02
1.466572720351981378e-02
1.462365658377559607e-02
1.458751275974399381e-02
1.455097837130969567e-02
1.451037889922911911e-02
1.446801307305073045e-02
1.444152669964166372e-02
1.440491446035927631e-02
1.436642833382144151e-02
1.432570082069000751e-02
1.429740233173872228e-02
1.426454149516426413e-02
1.423450615891925196e-02
