8.563476927203570455e-01
7.282551840967589341e-01
6.651742420044771675e-01
5.812729789446425821e-01
5.207733533803631243e-01
4.868494562341962872e-01
4.699719090159493184e-01
4.543747190646836853e-01
4.378505565146814105e-01
4.239549565593861424e-01
3.963216637279808330e-01
3.787604848313343431e-01
3.634913165107002686e-01
3.357002334525911458e-01
3.040752381846250629e-01
2.842857401218608637e-01
2.643463246314667336e-01
2.403776907804560381e-01
2.271939567069226618e-01
2.176197614014061532e-01
2.071166796906143137e-01
1.954861551950129173e-01
1.865884839736356715e-01
1.762830115019133059e-01
1.589259307987131442e-01
1.492438919495703009e-01
1.398537210186297508e-01
1.328909822005293062e-01
1.275624300188299975e-01
1.219328184456879849e-01
1.180152779936056162e-01
1.103130309259723468e-01
1.052185158247535418e-01
1.025635070174260449e-01
1.002366265923114869e-01
9.640652892263283646e-02
9.344350493378764111e-02
9.092782530081397474e-02
8.872210927039139716e-02
7.218594239185686934e-02
6.844398141895680077e-02
6.736224404006763145e-02
6.645385371781555028e-02
6.565342602100121550e-02
6.478716595307383586e-02
6.367199321985186899e-02
6.281394333367672222e-02
6.162532277488029508e-02
6.083694971425193665e-02
5.949517192398827425e-02
5.823716583265822755e-02
5.769336622278303794e-02
5.694753813522484415e-02
5.646869758537314404e-02
5.587414111577617554e-02
5.539136827969121796e-02
5.489882150380413772e-02
5.418646975513142366e-02
5.357299244191811999e-02
5.250541697162770804e-02
5.162818601368114602e-02
5.046308015462430685e-02
4.931903570671256759e-02
4.842825121500528990e-02
4.768278785763956779e-02
4.611913133138999255e-02
4.438945345348237204e-02
4.237265637108818955e-02
4.047420623368715165e-02
3.984098986730584546e-02
3.928282390610551150e-02
3.903197514755150921e-02
3.880538206257891365e-02
3.856072464063158012e-02
3.817470432412859577e-02
3.784123883081078749e-02
3.754713171832990692e-02
3.722212673042554765e-02
3.675777709480936711e-02
3.633144060057813540e-02
3.615244403689400060e-02
3.596530191287557188e-02
3.580403051145136101e-02
3.563111148697466202e-02
3.541852588037971289e-02
3.518181027278127759e-02
3.506826972867265607e-02
3.490752885390033255e-02
3.451964445843276608e-02
3.420674902771905085e-02
3.408158334031253373e-02
3.396144503809428450e-02
3.381988775547505044e-02
3.368863688243303040e-02
3.358312968704828955e-02
3.347580297450721692e-02
3.336653577789977509e-02
3.326360895447745547e-02
3.310201217493544124e-02
3.294318761413828761e-02
3.279940742666991038e-02
3.268606111772120321e-02
3.259653250936169616e-02
3.247458550091648216e-02
3.231281646410748276e-02
3.166380468557914579e-02
3.104333732234696927e-02
3.050436534050730147e-02
3.000324433923510711e-02
2.954388273330046943e-02
2.916745282718269730e-02
2.898792014255542615e-02
2.884100835385732323e-02
2.866479762660345543e-02
2.847934492030681358e-02
2.838472875481927102e-02
2.830182434720282872e-02
2.822914806651023734e-02
2.814633217107891799e-02
2.807169938831194367e-02
2.794461103565530624e-02
2.785655497626927241e-02
2.775505755118908360e-02
2.765794047816824003e-02
2.756494881694822319e-02
2.744461348434111547e-02
2.732469250775041575e-02
2.724163589358387372e-02
2.701710944249659588e-02
2.677954446851059031e-02
2.641613382542357114e-02
2.609580155036782603e-02
2.594409616084688772e-02
2.580849403132044403e-02
2.572923155446482993e-02
2.565763475225613446e-02
2.528214856686956946e-02
2.499335777529389582e-02
2.468288276485551200e-02
2.442903986430501259e-02
2.419847900349195863e-02
2.400457188549346213e-02
2.393646493326927541e-02
2.388509374228973275e-02
2.383402186605252174e-02
2.378175922296206501e-02
2.373441700115720351e-02
2.368716804229660869e-02
2.363848412147327369e-02
2.358744846264414219e-02
2.354021885886408913e-02
2.349443152902994797e-02
2.344216174901372560e-02
2.338362932350055226e-02
2.330382932110126870e-02
2.322695778057205437e-02
2.316686324643135383e-02
2.310551530913007925e-02
2.297247104751753630e-02
2.283980395872758570e-02
2.270419617822146824e-02
2.257507116899533373e-02
2.251648497201764673e-02
2.245724114016784193e-02
2.240075054808238902e-02
2.233111873791108343e-02
2.225919625118352382e-02
2.219125304990555991e-02
2.213160371326045733e-02
2.207687978834871334e-02
2.203443932937884653e-02
2.199149043712054358e-02
2.194408654295009961e-02
2.190221391831962544e-02
2.185497727752917785e-02
2.181307623929025497e-02
2.174803851095435253e-02
2.167227150757387519e-02
2.160445673115546361e-02
2.155008418786770463e-02
2.146290220611939137e-02
2.137438454415025238e-02
2.132840283162481393e-02
2.125812453211323172e-02
2.120128279217659700e-02
2.114686051281699716e-02
2.107646044000522842e-02
2.101743388612339891e-02
2.096002645815291457e-02
2.089505300440372762e-02
2.083399305091702611e-02
2.069940642750544429e-02
2.049511202636499982e-02
2.044602563098291484e-02
2.039378308988010549e-02
2.034914753190062223e-02
2.028191466410096330e-02
2.024371962597334984e-02
2.019695328088936398e-02
2.015880313805772095e-02
2.011986381723334175e-02
2.007905322101727341e-02
2.004703844648209748e-02
2.000794115730225933e-02
1.996657535483297233e-02
1.991950684280779579e-02
1.985417747298675109e-02
1.979604820156054268e-02
1.975597980417797758e-02
1.970928259542724728e-02
1.961814989443856280e-02
1.953626983276608026e-02
1.945223229513408716e-02
1.934427848524805996e-02
1.925484989352093182e-02
1.916523234193938385e-02
1.907304853562595895e-02
1.897497064851949578e-02
1.891109591751617344e-02
1.878499772405237481e-02
1.870326113338562773e-02
1.858607242278204411e-02
1.851843454568364786e-02
1.846584444564322233e-02
1.841382425238414708e-02
1.835631495165230762e-02
1.832591463907702264e-02
1.829742861757730280e-02
1.824957878666203653e-02
1.819763474521919264e-02
1.815603835547689032e-02
1.811620560531247356e-02
1.806037129635107083e-02
1.800843748399912070e-02
1.793443521157630713e-02
1.783809386619181203e-02
1.766202273333001768e-02
1.745864937119474131e-02
1.735847479234646495e-02
1.726018219438389678e-02
1.717694998132263812e-02
1.709614281533919367e-02
1.706760148179481754e-02
1.703709304119258375e-02
1.699100452324296684e-02
1.694705244024729066e-02
1.691706632147309958e-02
1.687905731925814709e-02
1.684132761899327993e-02
1.679938965630061593e-02
1.666525625897415791e-02
1.657072445164896324e-02
1.649123007005298333e-02
1.641276007185472896e-02
1.634763080082991468e-02
1.628027008940865009e-02
1.622673824503972906e-02
1.616924522240135650e-02
1.613629733775185510e-02
1.603122419665942502e-02
1.588190237920550016e-02
1.582050476817333656e-02
1.576978231560918070e-02
1.571480200370478295e-02
1.565794138237238536e-02
1.563332887990211487e-02
1.560207708846750134e-02
1.553181685480251907e-02
1.541960795387666179e-02
1.537377341207657976e-02
1.531712841316395200e-02
1.527529401762426492e-02
1.522682803356829005e-02
1.520114113432143033e-02
1.517979841354352710e-02
1.515315655936190845e-02
1.512973095298873229e-02
1.510109232047052510e-02
1.507411061195136973e-02
1.504969239191976740e-02
1.502907100151816555e-02
1.500798742275634770e-02
1.496499400114354242e-02
1.492178403148721605e-02
1.483245793894939941e-02
1.473800426708962372e-02
1.469142324563132290e-02
1.464450895798278911e-02
1.459205494795097653e-02
1.454009341385025487e-02
1.450061425019917756e-02
1.446475868992776193e-02
1.442881677783685451e-02
1.438852573865296615e-02
1.436621214904582576e-02
1.432499710736119362e-02
1.429100605219982625e-02
1.426809576138988664e-02
1.424069238056218691e-02
1.416192110416271584e-02
1.410507484322328503e-02
1.400626838762573066e-02
1.389408218243660433e-02
1.384071150498992694e-02
1.373776796753531891e-02
1.366969520681676591e-02
1.361175001173450111e-02
1.357624637620595195e-02
1.352197546993092608e-02
1.350088765490383910e-02
1.347707386884210157e-02
1.342649654918508240e-02
1.336743410851587259e-02
1.333387212792076955e-02
1.329730260443021984e-02
1.326612522137967862e-02
1.322987043104850539e-02
1.316794512941930201e-02
1.311993805860771529e-02
1.309700564215063485e-02
1.307403907581319163e-02
1.297275798480470622e-02
1.289066139917511601e-02
1.286047094152859178e-02
1.283333303433367364e-02
1.281323640329746355e-02
1.279023156710200511e-02
1.275266287885955599e-02
1.269222795788443707e-02
1.267633811064895061e-02
1.266127266442212615e-02
1.264421032425921965e-02
1.261733526541061051e-02
1.259735763958187010e-02
1.258339807484077331e-02
1.256768680996767432e-02
1.254920842018916044e-02
1.252387519456522533e-02
1.250765325238581416e-02
1.249526863067610891e-02
1.247231853851420852e-02
1.244884279505108042e-02
1.241174771726550469e-02
1.237536943836738297e-02
1.235964233016368340e-02
1.233960949866018397e-02
1.232398217292215992e-02
1.231096111624418836e-02
1.225722179130888170e-02
1.220192407455023172e-02
1.202663323310107502e-02
1.186908671281329715e-02
1.181321945274945058e-02
1.175182597357360761e-02
1.172728718492275883e-02
1.169546571521060292e-02
1.168174842980529947e-02
1.166872609920008817e-02
1.165457935830214141e-02
1.163784956720208957e-02
1.162057667174330559e-02
1.160865644674473861e-02
1.159672925911781755e-02
1.158305769350767567e-02
1.156883612777138970e-02
1.155745876296993511e-02
1.154602593226026694e-02
1.153497639028955649e-02
1.152360671810521639e-02
1.151132157922343108e-02
1.149189346399611365e-02
1.147194379621907165e-02
1.144537434087835974e-02
1.141835532501910000e-02
1.139325920385473971e-02
1.137332842588756159e-02
1.135521676447632036e-02
1.133997028909854675e-02
1.132777782041778647e-02
1.131468199434742042e-02
1.130046536216991471e-02
1.128765555178818866e-02
1.127644055081003863e-02
1.125860328026094710e-02
1.122761864561563731e-02
1.120220190421789865e-02
1.119194910607745376e-02
1.118016722857285115e-02
1.116740379403804821e-02
1.115452028771318771e-02
1.114050221203990131e-02
1.112252272174718039e-02
1.109164888882539605e-02
1.105457725612726989e-02
1.104204988166348524e-02
1.103066523386786978e-02
1.101928918942873120e-02
1.100805449573625562e-02
1.092849559627837204e-02
1.084353240307625761e-02
1.076089354533905050e-02
1.065769528573938182e-02
1.060389094557293195e-02
1.055225422926074283e-02
1.053784152529007277e-02
1.052652941293327760e-02
1.051447970442650863e-02
1.049710444747865498e-02
1.048015938318534734e-02
1.045382360571004386e-02
1.043583142768650732e-02
1.042152830280143258e-02
1.040464882137553254e-02
1.038712456285260065e-02
1.037509371628054719e-02
1.036474009281663881e-02
1.034397261711446359e-02
1.033099401863694575e-02
1.032060218858821786e-02
1.030912488560789021e-02
1.029437507699524496e-02
1.027954161369730619e-02
1.026174127558483404e-02
1.024284979853031484e-02
1.023128273167192570e-02
1.021998626002902297e-02
1.020242016977839124e-02
1.018238289844535481e-02
1.016239764585057104e-02
1.014094034197688537e-02
1.013212140258753710e-02
1.011892624569209198e-02
1.010494381552820564e-02
1.009450498885098961e-02
1.008581211575554706e-02
1.007634562215562607e-02
1.002860740013672078e-02
9.986157946563144552e-03
9.964057360601456803e-03
9.944250008415101913e-03
9.928630315412032351e-03
9.916615104777893111e-03
9.904783342533340570e-03
9.893846624079305138e-03
9.870536436548657533e-03
9.852025803891091213e-03
9.837973111510951371e-03
9.821951481654838181e-03
9.790170980712307319e-03
9.769678607365420500e-03
9.740318436698864116e-03
9.716562136306668845e-03
9.693598141546482319e-03
9.674307245294881674e-03
9.658722314084501256e-03
9.644374214432014508e-03
9.634494750839604424e-03
9.608709478114402236e-03
9.594034598655433801e-03
9.585183684662696921e-03
9.576574831281934805e-03
9.563199361471296997e-03
9.550193186110708665e-03
9.540386174895658378e-03
9.530696272388405194e-03
9.507300093399666252e-03
9.486374824657787044e-03
9.464978333464241222e-03
9.446708863448964946e-03
9.419602269482456325e-03
9.387974587954955874e-03
9.351344187874774047e-03
9.326488254783110374e-03
9.312790824500425876e-03
9.298884454756777690e-03
9.288658048266139333e-03
9.277908859979646164e-03
9.258854285195747616e-03
9.235798590276110900e-03
9.212760377927071975e-03
9.189863691660702175e-03
9.180052828977753807e-03
9.170183376800401798e-03
9.158631616581393992e-03
9.146807968861777119e-03
9.138358929035226424e-03
9.116347989511578917e-03
9.099174029732166186e-03
9.072475940344746498e-03
9.048592432943383668e-03
9.035797449619893326e-03
9.019849865595386956e-03
9.010045281822811128e-03
9.001473397808048074e-03
8.990110164539976204e-03
8.977681246261070072e-03
8.969563994312134206e-03
8.961372460356392330e-03
8.950437338708944895e-03
8.940643865331276974e-03
