4.423217957122470810e-03
4.769380952891062427e-04
1.940359270592212273e-04
1.217866121061701555e-04
6.707230921652483288e-05
5.080956687338534421e-05
4.414204980796860688e-05
3.543278908346336102e-05
3.005587804201772443e-05
2.583746142923384559e-05
2.270465503609991052e-05
1.315310904948565440e-05
1.005741030081038706e-05
9.444974413321343578e-06
9.107389321224211261e-06
8.518906260554514486e-06
8.068264874684024591e-06
6.960327430722655329e-06
6.248132075612340382e-06
5.866925118515780761e-06
5.603308082897009251e-06
5.422931956689992698e-06
5.265185653883372726e-06
5.084993525599523709e-06
4.897598510603570495e-06
4.822719201130050992e-06
4.721686376944455884e-06
4.616672526560184245e-06
4.495766322269622262e-06
4.408272603627704392e-06
4.209063181469164161e-06
4.007327980290843171e-06
3.918173140151811598e-06
3.825014235372231044e-06
3.785314834812767306e-06
3.727528002501244907e-06
3.633909368777426900e-06
3.572694426177922248e-06
3.504838765697120612e-06
3.465649236694973800e-06
3.049691075572430923e-06
2.760391586834963621e-06
2.703893393398451631e-06
2.662314013892397723e-06
2.612122250257691539e-06
2.569727408089739796e-06
2.542501399617013847e-06
2.516265499169587269e-06
2.493678056103249467e-06
2.468093394915274683e-06
2.427985410805974399e-06
2.389467738977848526e-06
2.365812999983526913e-06
2.337250831477225660e-06
2.292111509983871725e-06
2.236763158758742356e-06
2.215210182803535972e-06
2.197623952604679454e-06
2.052135655896013123e-06
1.958110762147212857e-06
1.946110013197689544e-06
1.862552215533567812e-06
1.835219428576822007e-06
1.815293118576918620e-06
1.803137137620411693e-06
1.765612624917562133e-06
1.731032363305095555e-06
1.706984883854984715e-06
1.683908316206334448e-06
1.606863334622170053e-06
1.552545488391908599e-06
1.542214918381302194e-06
1.519051983237985745e-06
1.506659974039878078e-06
1.484300991497895725e-06
1.459606768826058672e-06
1.443734136635325314e-06
1.427509869455304777e-06
1.418382579380023090e-06
1.411281907735255360e-06
1.403560080238076002e-06
1.397059015852382825e-06
1.388830241174086926e-06
1.381186163980760497e-06
1.376332130454674092e-06
1.345798137558942443e-06
1.323852000703121720e-06
1.319890389891204899e-06
1.311415481418567676e-06
1.304093096252130667e-06
1.296235373351181835e-06
1.288484051625036079e-06
1.282438031693238014e-06
1.276616526390794747e-06
1.170437976642536278e-06
1.108707705697837801e-06
1.093674706601700598e-06
1.082232360280231806e-06
1.076346717981244182e-06
1.069434737294461891e-06
1.062551671384689035e-06
1.057839080271570991e-06
1.050267156624498970e-06
1.045655086970282722e-06
1.034496381667227870e-06
1.026711270402606897e-06
1.004513817132830769e-06
9.899214396299635938e-07
9.819358041462988318e-07
9.768070392824841402e-07
9.734613668675592174e-07
9.705483208006267774e-07
9.650474538936582476e-07
9.582190350346945823e-07
9.543266863033345079e-07
9.522708262932673919e-07
9.384737327441236294e-07
9.237952792016044038e-07
9.116648266751650739e-07
9.044029067414350755e-07
8.965469343429440658e-07
8.919963685207631091e-07
8.896671712570753001e-07
8.866103288825194933e-07
8.843764961169620450e-07
8.795315688550135446e-07
8.748258003457649541e-07
8.589182630530204673e-07
8.465908930167421051e-07
8.400315543362522916e-07
8.369016158663285878e-07
8.347420869785903117e-07
8.305090737879491325e-07
8.262149392178116710e-07
8.225438821901180328e-07
8.173399815816909521e-07
8.116944320147580876e-07
8.061635395462808633e-07
8.042636881442797419e-07
8.013244792473179768e-07
7.989632333193300749e-07
7.956662040667961428e-07
7.927846254116668841e-07
7.913779389501664821e-07
7.888438827404000902e-07
7.862841119982443763e-07
7.843410339927548372e-07
7.812096804402053480e-07
7.788120054647056651e-07
7.769946590287700407e-07
7.746598279239493993e-07
7.731318602032527678e-07
7.710862072059389715e-07
7.695932398395715876e-07
7.675678322860632036e-07
7.645577112236931098e-07
7.631690735467690811e-07
7.617145786098075991e-07
7.605243905579059003e-07
7.582493155178294169e-07
7.557745384471987683e-07
7.541612316383286778e-07
7.520689129816499425e-07
7.499962158729303976e-07
7.477313868589890136e-07
7.380343132371329354e-07
7.319392416265151998e-07
7.297936493103752395e-07
7.280781309565800739e-07
7.246934109221972162e-07
7.221457652464617403e-07
7.211292270971666445e-07
7.187121809407230779e-07
7.167494797503545904e-07
7.156661847915781535e-07
7.143264259039936034e-07
7.124437262075553211e-07
7.110663224812035196e-07
7.097348255089165284e-07
7.084316541794669215e-07
7.061649933659749564e-07
7.043961157902410526e-07
7.001071190936727038e-07
6.965878596718670980e-07
6.946528592325207990e-07
6.932950579402789500e-07
6.869975744031283228e-07
6.797354847680698893e-07
6.762734841621138927e-07
6.749670550468356537e-07
6.729486699312487646e-07
6.711594588811257341e-07
6.698909128137770553e-07
6.672786656915111914e-07
6.651443540409374768e-07
6.610796051529665642e-07
6.576980537597812459e-07
6.568227330005779831e-07
6.562649852482286225e-07
6.480138729100920162e-07
6.422185342424688643e-07
6.385611206716002559e-07
6.366079104700606923e-07
6.350387096312673739e-07
6.337942092303799728e-07
6.316639609609819054e-07
6.295938307072175976e-07
6.284202114285660964e-07
6.275406432701327527e-07
6.263348928868257960e-07
6.255644242563243512e-07
6.234793548740500236e-07
6.218767350133637667e-07
6.214367144664537147e-07
6.134177432278841707e-07
6.088203582627997505e-07
6.072725694835562990e-07
6.056216863795043976e-07
6.046156440103796457e-07
6.029908519731194576e-07
6.013493676037734508e-07
6.005907295564454344e-07
5.995930849036565188e-07
5.987859468098709005e-07
5.974794504786942022e-07
5.956921528617894062e-07
5.949635293563708668e-07
5.939366102967654787e-07
5.929006637590814316e-07
5.885921163566865845e-07
5.853981508523564436e-07
5.834116288690639934e-07
5.820499928717390701e-07
5.806446198277644995e-07
5.797200088710184668e-07
5.692491430642110862e-07
5.633940271726568808e-07
5.601763017501554129e-07
5.580979137607314613e-07
5.570498698772858703e-07
5.559439233400479713e-07
5.542576576777967824e-07
5.530825188496238642e-07
5.521207635438619735e-07
5.511280682653506123e-07
5.501611883407451213e-07
5.486776578258775429e-07
5.474778126108008914e-07
5.467196780649864965e-07
5.460805054003061388e-07
5.445594738482382698e-07
5.431752045148197338e-07
5.423553411451905340e-07
5.414956349556736738e-07
5.383210006263112424e-07
5.353359976811974611e-07
5.345850988274406288e-07
5.338871937364991778e-07
5.333532258970976704e-07
5.322341252093808039e-07
5.306048493384192693e-07
5.293139373768717529e-07
5.280153135148600078e-07
5.275343137071164332e-07
5.268462501335264179e-07
5.262922933918169433e-07
5.259061168281725625e-07
5.248809179500913038e-07
5.239160044902211709e-07
5.227483780302846422e-07
5.215475125305059291e-07
5.207609683142724408e-07
5.198397882707073890e-07
5.191862826898551230e-07
5.186219431673970850e-07
5.143211485577778110e-07
5.103126178375246173e-07
5.095997979716489261e-07
5.090533587361401620e-07
5.083162430454857934e-07
5.077813188406199827e-07
5.068594893732541470e-07
5.056549294803695015e-07
5.049452147834847585e-07
5.043739018958980385e-07
5.039937521902158134e-07
5.035872255991586719e-07
4.981247885427447987e-07
4.929457893333211774e-07
4.923918204931999833e-07
4.914471806346581874e-07
4.906458909995159603e-07
4.899806732506687635e-07
4.893772513442745157e-07
4.887843236146066548e-07
4.880543422409834217e-07
4.877535157155668186e-07
4.868630004994426906e-07
4.860832458208272180e-07
4.854840200379700530e-07
4.847647151789980847e-07
4.842134959072273355e-07
4.838172901931627570e-07
4.829556347830078140e-07
4.820349911273479975e-07
4.815274711934151915e-07
4.810817073498201226e-07
4.806048803526408025e-07
4.802008708427451123e-07
4.797840808865561422e-07
4.793748102957208162e-07
4.789003877369726702e-07
4.785171898488500910e-07
4.779073351700374603e-07
4.772396819426746251e-07
4.767352541749633988e-07
4.757404589459240082e-07
4.752320295574953833e-07
4.743016187165479965e-07
4.734727219317549174e-07
4.727998720667404365e-07
4.722449749161669189e-07
4.719366842138542375e-07
4.712031708959558717e-07
4.704419997740328101e-07
4.701213772637162925e-07
4.695995978756690568e-07
4.691883836607803998e-07
4.684758555627913705e-07
4.673733505551129529e-07
4.666659615288504159e-07
4.657632412311338645e-07
4.651374046152497938e-07
4.646345546367085797e-07
4.635557326100153202e-07
4.625459090725067670e-07
4.620500308633832651e-07
4.615535712690743992e-07
4.611727606470968544e-07
4.605920785936479555e-07
4.598616561836796917e-07
4.594630779569628991e-07
4.589973134731842765e-07
4.586028841223064455e-07
4.580097106472281618e-07
4.574323035541157491e-07
4.570625543647349726e-07
4.566872793960078855e-07
4.543488600347793673e-07
4.520198919750081596e-07
4.508800542133728491e-07
4.502198132243379738e-07
4.497715988121102652e-07
4.495183835850691372e-07
4.477839975393940190e-07
4.461205986467728378e-07
4.457408708553245519e-07
4.452905896921432897e-07
4.418904539374235889e-07
4.394137783932419099e-07
4.380727070914714889e-07
4.374793897011226061e-07
4.370743967522643010e-07
4.360419138121825541e-07
4.348433076123313673e-07
4.345336893356870469e-07
4.325722354929821446e-07
4.310346980036468584e-07
4.301042110543374239e-07
4.296095920797438598e-07
4.289225122027664117e-07
4.283964536835541546e-07
4.276554243135150871e-07
4.270549030072701900e-07
4.267869225125441134e-07
4.265298571673925627e-07
4.262594540056502239e-07
4.241078012852140666e-07
4.222785667000308884e-07
4.219169339859332751e-07
4.216797082255003944e-07
4.213958305092522112e-07
4.210457768705511927e-07
4.206048492483404862e-07
4.202054315948090065e-07
4.199333180406241181e-07
4.193058565709433156e-07
4.184839783157251816e-07
4.178501010522049651e-07
4.171365866033577599e-07
4.163362524514733164e-07
4.157654634119926728e-07
4.153389446838137677e-07
4.150416683693365986e-07
4.145839030142881429e-07
4.139101141422358059e-07
4.135125437667663730e-07
4.121795275086603384e-07
4.105372484171013026e-07
4.102264972591196471e-07
4.094638178996624834e-07
4.087165687927156502e-07
4.084154222814724003e-07
4.080763938856691676e-07
4.071864125763757348e-07
4.062552311938454468e-07
4.058311407930717946e-07
4.053631901246010372e-07
4.050598566765838282e-07
4.046739253583774500e-07
4.044224366386344798e-07
4.041051675977954362e-07
4.038092548737692854e-07
4.035410818243656867e-07
4.032237584160803254e-07
4.029875817556280310e-07
4.027175286418320442e-07
4.024727642947255882e-07
4.017813825131740366e-07
4.012153227842375375e-07
3.993044295850146418e-07
3.974842281849672406e-07
3.967510647802369853e-07
3.964210659748757334e-07
3.959779347875273468e-07
3.953201370716897878e-07
3.949014521326322789e-07
3.945304716360112992e-07
3.939711706764494940e-07
3.936364731229751950e-07
3.933158877071091792e-07
3.929731095615578097e-07
3.927609439233326798e-07
3.915193758545195643e-07
3.904366559635277013e-07
3.899293604800309943e-07
3.896323055391392494e-07
3.891921117909722710e-07
3.887198295527036800e-07
3.882831293568008780e-07
3.878377905320137586e-07
3.876553470726017094e-07
3.873535520423532935e-07
3.870644468670409317e-07
3.868839509869003902e-07
3.864155408127393456e-07
3.858467373480479022e-07
3.856247219613047402e-07
3.852031752545314001e-07
3.848158732036671519e-07
3.843086901492308379e-07
3.838318519224932143e-07
3.835115499145058764e-07
3.830897779185988234e-07
3.827568783528763329e-07
3.824951980857542394e-07
3.822038576858691363e-07
3.819846917711119082e-07
3.817391100371770469e-07
3.815163553693908603e-07
3.798891562251935604e-07
3.779148059721145543e-07
3.775573246294925803e-07
3.772038036757548855e-07
3.764930318990460527e-07
3.760249844509484582e-07
3.758123876325005235e-07
3.756134840562349924e-07
3.749361395027471591e-07
3.743387409310543649e-07
3.734422579377318810e-07
3.726442444867612175e-07
3.723142972605763454e-07
3.717280979350936023e-07
3.713479031813964631e-07
3.711463634122852669e-07
3.709413943726508607e-07
3.703725526912466410e-07
3.699731953666921761e-07
3.695848501409673744e-07
3.692701653930135336e-07
3.690106438680406316e-07
3.684686778718033489e-07
3.679518606324651881e-07
3.672550011924340725e-07
3.666387806354241334e-07
3.658831893128823426e-07
3.652290629862895388e-07
3.649059942632336235e-07
3.643476900267300718e-07
3.637782304674974192e-07
3.634241890148576028e-07
3.624214209537177013e-07
3.615395230392763986e-07
3.611889655553791462e-07
3.609468074029943715e-07
3.599335198164990782e-07
3.591511899642487101e-07
3.585365136157068034e-07
3.581506335203888070e-07
