3.907362306398198121e-02
1.773681233618650682e-02
1.171551730434460502e-02
9.166442318510763243e-03
7.623978550726412395e-03
1.040952184109319133e-02
7.612248541505975755e-03
6.588225418500848196e-03
5.808946301124001330e-03
5.321119769391009259e-03
5.079870426734365077e-03
4.620300605490160542e-03
4.262200966944786236e-03
3.951152380112347290e-03
3.707352597471546760e-03
3.752112696328139402e-03
3.502342606543170159e-03
3.377303653474239466e-03
3.247872776490299315e-03
3.085390728566487877e-03
3.037610632193233576e-03
2.944238850869357674e-03
2.850916329050400422e-03
2.779952451747781574e-03
2.696494330365294383e-03
2.661927201244209795e-03
2.567468999428855047e-03
2.464238046326068087e-03
2.386799334033712795e-03
2.337585237747480220e-03
2.419216759169336411e-03
2.330046389381614305e-03
2.289136152652981177e-03
2.257199104407736460e-03
2.223042755210991560e-03
2.214033648852792042e-03
2.177308605833467355e-03
2.146840837589105398e-03
2.115904998516154358e-03
2.081767067802782912e-03
2.080244386569136700e-03
2.049723705844726674e-03
2.020700760751029720e-03
1.993320280674389360e-03
1.968518892133738676e-03
1.965233115925791359e-03
1.942632380830867618e-03
1.929319455916336454e-03
1.913515830179323253e-03
1.896561999587986118e-03
1.881359772712899291e-03
1.865899312464107613e-03
1.851324917361895977e-03
1.837645168335558547e-03
1.828294197388199809e-03
1.813324687349567076e-03
1.790120918611604398e-03
1.759067942827744705e-03
1.729627697895213048e-03
1.704569351074275083e-03
1.683472030962185817e-03
1.659139500793381603e-03
1.636876090524443626e-03
1.619416578184114342e-03
1.601673176616040658e-03
1.582389472042474137e-03
1.569088598399512617e-03
1.554719451992152886e-03
1.541821145502558429e-03
1.529667649170053396e-03
1.518729071816160570e-03
1.508089503387109124e-03
1.497737194872572793e-03
1.486281685193461752e-03
1.472044785822478096e-03
1.462406503813326640e-03
1.452566850758977559e-03
1.439784907688941096e-03
1.428313244687326455e-03
1.418587685223693558e-03
1.410587833299178397e-03
1.403056573738342173e-03
1.395894723642724256e-03
1.385984716892845912e-03
1.377914728305979809e-03
1.369848652804469668e-03
1.360438453682512403e-03
1.352877636060224181e-03
1.344087051251796963e-03
1.331252245382699836e-03
1.322770221576976407e-03
1.311905228088184119e-03
1.303316413494214889e-03
1.294912326119730889e-03
1.286331690274740078e-03
1.276987656030299139e-03
1.266123527026226554e-03
1.255717310842089859e-03
1.247415341355453868e-03
1.239220504778996241e-03
1.002235795457111613e-03
8.631866712064213340e-04
7.819946477521510109e-04
7.190592424378479831e-04
6.681151907482336645e-04
6.206373415928139858e-04
5.812125960662636263e-04
5.539323903409927455e-04
5.316331129192278931e-04
5.128000552145225120e-04
4.904312355724896235e-04
4.700960912002242185e-04
4.552637417165960958e-04
4.425313594061702121e-04
4.303849713300721656e-04
4.223910572219575208e-04
4.102016262941237247e-04
3.985176038635106070e-04
3.867597540724141856e-04
3.779983083192145011e-04
3.698574433894007900e-04
3.637806440420371661e-04
3.573321732440681527e-04
3.513637443090097067e-04
3.467008067564568028e-04
3.432005912292254018e-04
3.375468091068087708e-04
3.323131200443684764e-04
3.282754785725358723e-04
3.246319129518812239e-04
3.205232985638827308e-04
3.158606370457079076e-04
3.115243946974021838e-04
3.074448845720259040e-04
3.037308270510420661e-04
3.012526596622187923e-04
2.972445600771021572e-04
2.934787785379125349e-04
2.904068568516298483e-04
2.874348093971830520e-04
2.845972643464051571e-04
2.814738733455159894e-04
2.786469634061581420e-04
2.760454614116388135e-04
2.735555985393291352e-04
2.718148750578001428e-04
2.696478692130860853e-04
2.675072572890503609e-04
2.654766667921095412e-04
2.636052098873685880e-04
2.620639115311250910e-04
2.603281010764345402e-04
2.586272161130760455e-04
2.570897115263527611e-04
2.554466362073497081e-04
2.538131587353613123e-04
2.520483494799026958e-04
2.505755211591816252e-04
2.491104261744425566e-04
2.472635157978665568e-04
2.454845768710855374e-04
2.432037309606221043e-04
2.415140270493126243e-04
2.400546041907470913e-04
2.385828049857259320e-04
2.369604286155261360e-04
2.354812327764317062e-04
2.339639357783595956e-04
2.327075949358277547e-04
2.312115869873025882e-04
2.295664900053036165e-04
2.280519069812509834e-04
2.268861061743362322e-04
2.259144757106767076e-04
2.247550697828073389e-04
2.235538289577393715e-04
2.224033552430922718e-04
2.213831572830814338e-04
2.199292201293610025e-04
2.186458337029580470e-04
2.173245526805237372e-04
2.163233143232813334e-04
2.155759095525515705e-04
2.147634906034306056e-04
2.140824920028817826e-04
2.133420250736263262e-04
2.125783306085151704e-04
2.117214805576176804e-04
2.107653607740858637e-04
2.098512115272299704e-04
2.091779483575785634e-04
2.084712724574195577e-04
2.078676460782293348e-04
2.072925325102082988e-04
2.066770647381722340e-04
2.060465492720231950e-04
2.054467319335834556e-04
2.049501052342548712e-04
2.044194610455561797e-04
2.038711448970976841e-04
5.406327724609813392e-04
3.652876180470875762e-04
2.938433477370703249e-04
2.519992201197006083e-04
2.277542500235526309e-04
2.141564385417363595e-04
2.041169398059210823e-04
1.949077097577166251e-04
1.854324942053086440e-04
1.735140819714692912e-04
1.620873182732712585e-04
1.530070642781973284e-04
1.454816204273742016e-04
1.400629529007727892e-04
1.345978742331920496e-04
1.297982703206157517e-04
1.250919695490867664e-04
1.207929014242811847e-04
1.171001177626524538e-04
1.141814722177311552e-04
1.111971903627404629e-04
1.086021315394610062e-04
1.063478896803718172e-04
1.039314342494622673e-04
1.018545956000425023e-04
1.002255832276258320e-04
9.871658880416270222e-05
9.748711900392921211e-05
9.649792703018758035e-05
9.553950484000142175e-05
9.424331831574584459e-05
9.288506316706260694e-05
9.153280303158716684e-05
9.020416656689389621e-05
8.881231880978087800e-05
8.752136371436544703e-05
8.616517841360936565e-05
8.508402297087959355e-05
8.418899703872045263e-05
8.320199119272601905e-05
8.210996476302460554e-05
8.106141800449156369e-05
8.002700853106662531e-05
7.931373932162687288e-05
7.845365465811110310e-05
7.783273218271649781e-05
7.708801140771298144e-05
7.642284703902700723e-05
7.582621709804000028e-05
7.531458621783106383e-05
7.475792619120595378e-05
7.430270216554919608e-05
7.385807997938770612e-05
7.337264644915566830e-05
7.279066262595898474e-05
7.233056854341453020e-05
7.193330665225326325e-05
7.153614958833069617e-05
7.113645989131904188e-05
7.072272360574982793e-05
7.032171149087720723e-05
6.996895482116505022e-05
6.964104197455033376e-05
6.932825089559012215e-05
6.902748861173909690e-05
6.868086175507494577e-05
6.830551879070226903e-05
6.798834806537862991e-05
6.762434213230408375e-05
6.731944121183033294e-05
6.708296366480692079e-05
6.683493237820593716e-05
6.661529941089233144e-05
6.630467195745692898e-05
6.603196371760549244e-05
6.579942560650136100e-05
6.553326479550721450e-05
6.524832504682526722e-05
6.497556802181573426e-05
6.470503942572262653e-05
6.445858085708737581e-05
6.414430539023908561e-05
6.390874768663630360e-05
6.365002139417464202e-05
6.341909068939968546e-05
6.318880027877084239e-05
6.296679111915066474e-05
6.274484137668838067e-05
6.255862980606794062e-05
6.236902603121198822e-05
6.217210149856148194e-05
6.201448573227442268e-05
6.186759193692621520e-05
6.171487401954223238e-05
6.158174286918097011e-05
6.145158522654489632e-05
6.132046241328087280e-05
6.120369498263696756e-05
6.105306643543754108e-05
6.092139811506671915e-05
6.473736660716542359e-04
3.889869826044854814e-04
2.703106056382987405e-04
1.939977966552923591e-04
1.536687996722689207e-04
1.388779841875149650e-04
1.291576842987697722e-04
1.236329306023386631e-04
1.186991238899900872e-04
1.132699293319727616e-04
1.093374803294665227e-04
1.047071184793117417e-04
1.000334150724664785e-04
9.545514939261158982e-05
9.112132870744743453e-05
8.902990924730841708e-05
8.622152986471823667e-05
8.354027327629099016e-05
8.036891562709962611e-05
7.721232043931214805e-05
7.517922286662813999e-05
7.248338204206038529e-05
6.991953474253535989e-05
6.757021275948538208e-05
6.521423140080566492e-05
6.390581278968041426e-05
6.171643141514562207e-05
5.969262030105607514e-05
5.769920322413166664e-05
5.601212671679983224e-05
5.489914853503457046e-05
5.323061670542236941e-05
5.167111393122506393e-05
5.021322201895004044e-05
4.894058291825172249e-05
4.773419029490949658e-05
4.609689214595436864e-05
4.485435530492391137e-05
4.381298346945955658e-05
4.279539306690509397e-05
4.199237693499071434e-05
4.122886715908790939e-05
4.048833196928677927e-05
3.984797448166419197e-05
3.924766617857031431e-05
3.873697111272971010e-05
3.813283451776989022e-05
3.764117483755969376e-05
3.716470544196805685e-05
3.664563972390579889e-05
3.619774699679086588e-05
3.576728005321044460e-05
3.537587476854630187e-05
3.490536865610688815e-05
3.444277426668194411e-05
3.396743737808331765e-05
3.358981111309708418e-05
3.323983207396402216e-05
3.295752410234505618e-05
3.268490502618485441e-05
3.239154156197829521e-05
3.216292274026389894e-05
3.194514006838091856e-05
3.175305394713275720e-05
3.158840049807142323e-05
3.139803582980765372e-05
3.118232974459579865e-05
3.095514889599183355e-05
3.077037733469049652e-05
3.059829273684098734e-05
3.040867811309046781e-05
3.022858906972036657e-05
3.006754267604275644e-05
2.989130544786027161e-05
2.971797514535266032e-05
2.957595576243287499e-05
2.944339103018949301e-05
2.933797711145831410e-05
2.922643339157350814e-05
2.914604594118442853e-05
2.904602589938489712e-05
2.895237278138958203e-05
2.887042634898794369e-05
2.876223950209883437e-05
2.865585577250465081e-05
2.856314513401982374e-05
2.844228120411025276e-05
2.833435624078988512e-05
2.823386893007922866e-05
2.811661392805858757e-05
2.800613458220100401e-05
2.790251107833767883e-05
2.781848728121424645e-05
2.772940323244805404e-05
2.764764217936043709e-05
2.755598906725983534e-05
2.744253532868469027e-05
2.735638833902811692e-05
2.726252809540747222e-05
2.715356749818102872e-05
8.323448903383949679e-04
4.724661906471550716e-04
3.212775825303907534e-04
2.464707381145165460e-04
2.045274381861731934e-04
1.734984194679502407e-04
1.554470715080182204e-04
1.379716497647375092e-04
1.279054950605008022e-04
1.196512492019754582e-04
1.175369040678822644e-04
1.125012751749234554e-04
1.077651851270829299e-04
1.036033589651313188e-04
9.863624864549771435e-05
9.588981605544009035e-05
9.121098875405004626e-05
8.640385882385142376e-05
8.090254716644978234e-05
7.611774873862223981e-05
7.482001567580785220e-05
7.196540422857269947e-05
6.883458049702754784e-05
6.623572235364401459e-05
6.343718975253049739e-05
6.123048921913829858e-05
5.807939551918068431e-05
5.570803015667938883e-05
5.372669223759097976e-05
5.232233698465010282e-05
5.164224657004739757e-05
5.020498156952895425e-05
4.879355980376855857e-05
4.751406852476322182e-05
4.625576727711711668e-05
4.553408648068899868e-05
4.439912934726439168e-05
4.297006677172916778e-05
4.172185256558527103e-05
4.074072340165055934e-05
3.999785153976918894e-05
3.915651634725096267e-05
3.859139006772866349e-05
3.798828222009458693e-05
3.745625930445715360e-05
3.705707912019221733e-05
3.661361195663723661e-05
3.613775519898196630e-05
3.561887393851183970e-05
3.499023868170564794e-05
3.435028639450763869e-05
3.371397979504682729e-05
3.304064966776114543e-05
3.237647546968301751e-05
3.169333171730491326e-05
3.108390242318474279e-05
3.059110575180032105e-05
3.003088183125669308e-05
2.957650405707419952e-05
2.921299618748264055e-05
2.876087020944545635e-05
2.840939507967600079e-05
2.796564129956553209e-05
2.759594786131691082e-05
2.728046793209184726e-05
2.695829275933689929e-05
2.669077162296821550e-05
2.643580466703933653e-05
2.624074623577972207e-05
2.604550886195974315e-05
2.582992177513481770e-05
2.563831186777742609e-05
2.543207702315022740e-05
2.526997655700702770e-05
2.508347452639514741e-05
2.488190676119467190e-05
2.469992781022316980e-05
2.451067213399538001e-05
2.430276569272350179e-05
2.405160794690294057e-05
2.385595151044587182e-05
2.366956915130738565e-05
2.343585570115905466e-05
2.324298116175759624e-05
2.302960129767693228e-05
2.284991766232150859e-05
2.269369238691919274e-05
2.253397595881249346e-05
2.236453180595002028e-05
2.220519649727665612e-05
2.206031781049710199e-05
2.194155189755334250e-05
2.181326406187933961e-05
2.167551430008736555e-05
2.156786151334465373e-05
2.147041643836486368e-05
2.137085860585809721e-05
2.128850606446347393e-05
2.117076410542474165e-05
2.107159101222950780e-05
