2.371365450628334093e-01
1.329308709458721371e-01
9.391617229874754669e-02
7.313075612432903827e-02
6.152806635338027574e-02
7.364722856196409539e-02
5.799586136106191919e-02
4.890632591934649526e-02
4.249538194346570014e-02
3.808039032040807376e-02
3.524210473689731032e-02
3.229640692689077219e-02
2.954238275324625254e-02
2.703655336655448257e-02
2.533943621628171119e-02
2.443109876056724986e-02
2.285357271466211329e-02
2.163972650230768305e-02
2.042324034740936045e-02
1.923045891709335500e-02
1.864467875475709149e-02
1.785146239045467750e-02
1.704941688497161115e-02
1.632639852864590721e-02
1.568456621211600233e-02
1.520442314332333400e-02
1.457509784900324137e-02
1.408528018729406604e-02
1.363779377312490139e-02
1.317518564387313781e-02
1.295753562811681123e-02
1.252770186881409405e-02
1.216645884568393239e-02
1.172343793938995272e-02
1.134718089490166677e-02
1.112365763419626181e-02
1.076399072644831402e-02
1.052100020692833121e-02
1.022691290555030955e-02
1.001658024535091555e-02
9.831603879203704155e-03
9.548998498806667359e-03
9.368272395509720865e-03
9.143503406997519761e-03
8.985363151339091983e-03
8.852352506334369361e-03
8.635819626861277604e-03
8.455621466859594357e-03
8.270261734893979977e-03
8.090629142775248445e-03
7.930551013562596452e-03
7.772663342111045190e-03
7.664443607123188479e-03
7.552331409156137591e-03
7.412766256167309040e-03
7.311297754534213343e-03
7.215703943424715480e-03
7.097746052550025359e-03
6.985103864883013616e-03
6.879914455275100600e-03
6.787087973646740297e-03
6.694035931587725453e-03
6.609231810792605931e-03
6.524690554113538564e-03
6.446191930768072412e-03
6.361043292736192310e-03
6.264226673262152968e-03
6.175079113335668092e-03
6.090773545936126014e-03
6.011664235392987117e-03
5.952575237197042270e-03
5.886638685679846696e-03
5.825067905945354070e-03
5.762268517150804029e-03
5.694166620619043641e-03
5.637695028846763379e-03
5.572274318730167583e-03
5.503688769744692101e-03
5.441022826185068495e-03
5.366151387389121209e-03
5.298702554253011295e-03
5.244006938974921095e-03
5.184340530402214292e-03
5.133068182834119551e-03
5.067409219717698178e-03
5.006722421482391432e-03
4.955002505460442616e-03
4.906227351628674078e-03
4.847811490130089773e-03
4.790835798065154992e-03
4.742391429945822315e-03
4.697218903873350698e-03
4.650377731248662126e-03
4.592265776367582958e-03
4.542002514124290728e-03
4.485704432051661021e-03
4.440091777440756914e-03
4.398837884284732304e-03
4.353457145880511477e-03
4.310223712714082375e-03
3.772902496445536269e-02
2.427118649297198630e-02
1.770860692611385748e-02
1.442143663817189135e-02
1.217560468809865577e-02
1.058797068526788794e-02
9.462007346700041649e-03
8.611445873472543117e-03
7.957752165934178085e-03
7.416295756191669877e-03
6.864553341297578541e-03
6.417017609023019202e-03
6.010114036228932609e-03
5.688461113798937846e-03
5.424121959805185481e-03
5.165707184396435905e-03
4.912324080503235185e-03
4.713244912307832692e-03
4.531724371860544956e-03
4.364356942321724782e-03
4.209482959457191281e-03
4.044136615240753567e-03
3.906945599439241509e-03
3.774098952807711238e-03
3.670452679973853095e-03
3.574229927306864490e-03
3.471904481380976362e-03
3.379185036421935174e-03
3.295460863184459729e-03
3.206062095086644262e-03
3.133075566220338767e-03
3.056482176210747938e-03
2.986821724215971662e-03
2.918702431547203803e-03
2.854884169030668176e-03
2.809360884826705290e-03
2.755880723814555216e-03
2.705243233435392081e-03
2.650863770261018427e-03
2.595037314815981568e-03
2.551345510071486786e-03
2.492942324315815684e-03
2.452313941194262086e-03
2.400109454898843083e-03
2.354921645037962117e-03
2.323421310714450256e-03
2.280535911399979992e-03
2.239678674868295950e-03
2.199536228295734946e-03
2.165740256877473919e-03
2.122665316774926744e-03
2.089190089396905994e-03
2.050480709511464262e-03
2.016874981901266121e-03
1.979179506896198808e-03
1.950556544876722292e-03
1.916198357408558078e-03
1.887211561426490984e-03
1.859603312844451987e-03
1.831584282474292905e-03
1.808524139149652677e-03
1.780030788445903771e-03
1.754951116882023194e-03
1.726663520086109405e-03
1.699311736923795214e-03
1.672769515231699918e-03
1.650528592153944433e-03
1.625204925170656550e-03
1.602332037828870393e-03
1.580821160709916778e-03
1.559628030814721620e-03
1.538447864786853317e-03
1.520846348609076462e-03
1.500356381143033799e-03
1.482842683410682920e-03
1.467643133874676781e-03
1.447966555427793352e-03
1.430063219600074317e-03
1.415029769278586735e-03
1.400191467661024338e-03
1.383299696305488038e-03
1.366665665466228760e-03
1.352802056650398302e-03
1.337534898197609637e-03
1.322673410148249903e-03
1.311572214503822689e-03
1.298332318871646233e-03
1.283308989202647677e-03
1.270484720577013749e-03
1.259120130865756457e-03
1.248582987730784133e-03
1.237544046777637897e-03
1.225424141066816346e-03
1.213856580026867818e-03
1.202383241453708167e-03
1.189031788106651669e-03
1.177221161005495391e-03
1.166783049653049480e-03
1.154448271221410758e-03
1.143274197229339527e-03
3.511930133110469608e-03
1.925648546633734878e-03
1.543032994406609310e-03
1.407092828940346031e-03
1.310892383270543908e-03
1.239863977972667378e-03
1.182264776402059542e-03
1.137204529023719745e-03
1.094671667881013484e-03
1.061315670676829786e-03
1.030554078271564509e-03
9.998186837825450996e-04
9.705298335872246688e-04
9.448696268515476481e-04
9.213758201749385921e-04
8.966956352335845714e-04
8.751845212074301763e-04
8.517406281815763369e-04
8.290964027831573911e-04
8.082893096510760603e-04
7.851404132052673462e-04
7.620597940313719471e-04
7.422580176797218161e-04
7.269071581927927933e-04
7.084562854341145983e-04
6.912299349299865295e-04
6.741446036422283272e-04
6.539731808085256712e-04
6.374201472190299143e-04
6.225797614895255735e-04
6.067536087320751868e-04
5.925440455007106996e-04
5.788519589962066829e-04
5.658875556293504160e-04
5.522058066279326907e-04
5.391819853614097761e-04
5.248289865067016016e-04
5.118638632073662514e-04
4.980337283466983221e-04
4.849929058366713049e-04
4.726838499642414056e-04
4.610105785785698529e-04
4.500749288852016810e-04
4.397176096721637788e-04
4.293851927936933460e-04
4.199275958245233522e-04
4.099506324718715507e-04
4.003326888416211559e-04
3.918138091041834708e-04
3.839555990101891129e-04
3.760491017805094667e-04
3.673255695201844821e-04
3.596728639602096971e-04
3.522792434524365883e-04
3.448493788607517353e-04
3.378256259807736034e-04
3.300324652263832560e-04
3.216600778418271479e-04
3.143471988334938633e-04
3.074385192647335809e-04
2.998497499112221312e-04
2.930089417462713899e-04
2.866869140952629964e-04
2.809166728294796634e-04
2.743445110646797126e-04
2.683148453402239473e-04
2.621428454676566445e-04
2.570171193640267558e-04
2.522977967064378153e-04
2.469398722148448389e-04
2.419334561437478574e-04
2.365869425777284893e-04
2.316856952863090519e-04
2.277837370957411440e-04
2.239007036927334181e-04
2.203636645608713978e-04
2.169605400662738841e-04
2.122165335714002138e-04
2.084158229607483922e-04
2.044309084531341629e-04
2.003422974053818706e-04
1.956782303771126155e-04
1.916175844615847527e-04
1.878160767763167145e-04
1.840734998453475780e-04
1.805706540163651405e-04
1.771317213841951317e-04
1.735035390157974727e-04
1.701271699033418087e-04
1.667241561809942017e-04
1.634151987220866715e-04
1.602463585816645887e-04
1.572200792015319049e-04
1.542375785000928753e-04
1.516214500438208988e-04
1.486681971282993275e-04
1.460097620659515255e-04
1.435583443206078704e-04
1.412016313541089455e-04
1.383950021412724352e-04
3.640010719738913381e-03
1.542547561545226566e-03
1.080166015760849899e-03
8.463856459082089254e-04
7.090854349817096464e-04
6.208431423337820677e-04
5.582383111095900931e-04
5.044387337230427830e-04
4.596125570635864249e-04
4.176804416775425476e-04
3.765151583523786366e-04
3.430919262167055582e-04
3.169124392841235938e-04
2.956035392295002125e-04
2.750475993557642898e-04
2.576687694864739564e-04
2.425073306960819422e-04
2.291474933480222315e-04
2.171130827811050025e-04
2.073269826077265220e-04
1.962277607558703715e-04
1.860441547292181902e-04
1.775450329869198178e-04
1.689435352381686854e-04
1.604901143127795689e-04
1.528223936429606974e-04
1.446460183761264233e-04
1.379173406023521367e-04
1.316965365216024488e-04
1.265113419522750308e-04
1.217319015846137056e-04
1.160274863682588377e-04
1.115548403346010271e-04
1.065782263198724380e-04
1.021012296816524174e-04
9.763175859215637734e-05
9.347616130621655038e-05
8.994371245223176158e-05
8.608255724106926696e-05
8.246129466661049746e-05
7.937894846755194579e-05
7.595135053409527218e-05
7.322239639516961603e-05
7.027993074476855196e-05
6.712582878841847418e-05
6.446375945921227046e-05
6.155819469660877934e-05
5.896818073271394608e-05
5.660875275801704310e-05
5.436548498444320870e-05
5.180916535391370570e-05
4.945429044142132487e-05
4.715310319900054074e-05
4.492465342758742759e-05
4.278505698805196373e-05
4.124728610239696832e-05
3.951673889551478677e-05
3.779130465271993280e-05
3.614382102643281700e-05
3.451792107469562866e-05
3.301325685117484094e-05
3.174226751972727240e-05
3.050337844667406627e-05
2.922773174116985421e-05
2.808864756181252137e-05
2.704529835038784136e-05
2.583196650195764666e-05
2.489814866889102831e-05
2.395349005283224988e-05
2.312649349545561246e-05
2.233769880987728033e-05
2.156196769498948049e-05
2.080062630470221326e-05
2.010290079130401056e-05
1.939705282614067602e-05
1.881112401707244288e-05
1.816546486652707070e-05
1.751989404719422790e-05
1.677880998747151539e-05
1.606355167953858122e-05
1.541842732831487145e-05
1.481378790006550031e-05
1.420070211513032914e-05
1.374662579260198651e-05
1.321901512271136833e-05
1.269538767208929315e-05
1.227340271277349077e-05
1.182360295896043341e-05
1.141250141270002788e-05
1.105617109458088978e-05
1.070983620811842832e-05
1.031109090952507424e-05
9.982024959204052679e-06
9.654562381403172943e-06
9.321638438431114070e-06
9.020682633883491663e-06
8.731763794214304143e-06
8.475473206685893399e-06
8.205501054077750267e-06
7.960889638491541883e-06
1.759991081431080875e-03
9.506411324773844304e-04
7.172091938540443726e-04
5.614319807810150362e-04
4.703937903616423923e-04
4.252384422026423251e-04
3.505798250619870525e-04
3.009521601490501640e-04
2.608957818632901232e-04
2.288735585166208261e-04
2.033243957889396608e-04
1.805421505138963027e-04
1.629183665507385071e-04
1.467640040723580306e-04
1.331732340424266543e-04
1.200545957430848543e-04
1.088093794417230314e-04
1.000725493397293180e-04
9.208203632889157243e-05
8.399112862830412343e-05
7.736733831656649992e-05
7.134931038558105828e-05
6.609233631714285322e-05
6.111820576878965509e-05
5.614147538765571703e-05
5.120414797891095776e-05
4.701058844812367588e-05
4.332086761240437731e-05
4.004609355988132105e-05
3.655086928681141852e-05
3.381228754499334386e-05
3.157456221501908693e-05
2.907730376899015563e-05
2.678471105224793103e-05
2.468844512088614893e-05
2.300564834455855602e-05
2.080731457820931283e-05
1.910618208199239379e-05
1.763018656888900912e-05
1.631793949042924238e-05
1.516388015571589350e-05
1.405134651047532015e-05
1.303541280603164667e-05
1.210972399710099342e-05
1.109770079626593488e-05
1.030006606243041788e-05
9.510541380126996084e-06
8.875420523737943349e-06
8.224753476637165092e-06
7.612771479591705632e-06
7.076934361640188752e-06
6.577305607316401764e-06
6.052206366117780628e-06
5.629484514719028055e-06
5.240374496878600664e-06
4.886375005158768905e-06
4.519403255231985316e-06
4.164963513229748401e-06
3.880286412199487463e-06
3.614457745985791562e-06
3.355327449939354271e-06
3.133356662405877921e-06
2.899819555472167991e-06
2.740901265531336272e-06
2.585086846017789772e-06
2.392055499079455050e-06
2.229022826373420581e-06
2.096166372972930343e-06
1.965660255869503473e-06
1.828652213876634142e-06
1.704868590898839136e-06
1.591003097176432943e-06
1.477722133230409461e-06
1.377941789136338682e-06
1.294209122166030407e-06
1.212293382895561527e-06
1.141781247166930998e-06
1.077756695683599011e-06
1.002591215191927654e-06
9.347076060714829977e-07
8.747221700579909697e-07
8.262891194915057467e-07
7.667449519012329002e-07
7.155348834824586182e-07
6.718490641535945657e-07
6.212230517911367698e-07
5.855265493415708050e-07
5.526427988150837538e-07
5.166466713886473615e-07
4.896547698620028603e-07
4.547570589981901049e-07
4.229735711050924019e-07
3.997373016198584540e-07
3.782321526551461998e-07
3.593408441236920406e-07
3.403342175810044377e-07
3.192437929596290730e-07
2.985961385518618242e-07
2.799478451455207699e-07
2.649402846804986067e-07
