3.417252009714132344e-01
2.161183470458543088e-01
1.356723324874181402e-01
8.565112020728803122e-02
6.316459484656392065e-02
4.806338734518769695e-02
3.935702187801882329e-02
3.301889302046178559e-02
2.885961241442935171e-02
2.611776128029948130e-02
2.428305778869486314e-02
2.207274269421673901e-02
1.977650485875301692e-02
1.811095377437800177e-02
1.690989860559191302e-02
1.599878690602034997e-02
1.481703502718298079e-02
1.383693525410952321e-02
1.294909809504303858e-02
1.213827441455985791e-02
1.158717715455876048e-02
1.095650955448857281e-02
1.038977689187628450e-02
9.918448585558329103e-03
9.483578433059221616e-03
9.254122466742299366e-03
8.816736629141614170e-03
8.359475780954910007e-03
7.969687413464951117e-03
7.602325352730272129e-03
7.459377755741034531e-03
7.118854793399076453e-03
6.842740097542161781e-03
6.543340131575960117e-03
6.262405864902484236e-03
6.159138579590738884e-03
5.919456283361185234e-03
5.695244714385733209e-03
5.511775663091990178e-03
5.340764838765842820e-03
5.284958100457594690e-03
5.139279331992860356e-03
5.022851161415388052e-03
4.890168351307420946e-03
4.748077258129139444e-03
4.688217883224622511e-03
4.577507967173969142e-03
4.447274552934779752e-03
4.325257197658907357e-03
4.233895860622402876e-03
4.134361219141923817e-03
4.047700792967360607e-03
3.968668877722678241e-03
3.878209691986091775e-03
3.791765527853698577e-03
3.714003328604734144e-03
3.647684055880152064e-03
3.577113362385900622e-03
3.503132838000416836e-03
3.432159514573963899e-03
3.365856879364811840e-03
3.304562732757227762e-03
3.232574950765176001e-03
3.167375307693309251e-03
3.109364481920410140e-03
3.058645035830706918e-03
3.002025400324502460e-03
2.940833572876430657e-03
2.896157674069364894e-03
2.847124154565516558e-03
2.797891963021496581e-03
2.741467109232060065e-03
2.693177683579724233e-03
2.642060128838108479e-03
2.597353296048038676e-03
2.552335462087264480e-03
2.512403186087779593e-03
2.465474113099293003e-03
2.423153911028075834e-03
2.388653755573375264e-03
2.359399781464448145e-03
2.331831253774981853e-03
2.303435335331260533e-03
2.279620238967325525e-03
2.255871148246756889e-03
2.230400724387662272e-03
2.208332258600052746e-03
2.184011861161642021e-03
2.156851077156543301e-03
2.129278403054254976e-03
2.102393135890352066e-03
2.077797141635266600e-03
2.058468787334703440e-03
2.033558195537661564e-03
2.012533687718054756e-03
1.989607123395317843e-03
1.971016851818343206e-03
1.952157253556516432e-03
1.933775461530873622e-03
1.915218878823471459e-03
1.781875440436248492e-03
1.683862206370665728e-03
1.607806293454926410e-03
1.549961028209833865e-03
1.492867879643652775e-03
1.447727113966628234e-03
1.406493310383431609e-03
1.368437436546702558e-03
1.333953845093455636e-03
1.299254554109593399e-03
1.269897009004356371e-03
1.244569357932648205e-03
1.219265376868471085e-03
1.199109556816692866e-03
1.179362880588865486e-03
1.159466312369504450e-03
1.141814470979249851e-03
1.122614096418826993e-03
1.105774519804619176e-03
1.088191460824516855e-03
1.072799016118773348e-03
1.056800368808145799e-03
1.042431092156398745e-03
1.030003754944141744e-03
1.018561644843746184e-03
1.008242526247687910e-03
9.970324183175402390e-04
9.863863384632009460e-04
9.749973428882930792e-04
9.652251140125393206e-04
9.553953533510880234e-04
9.455693355768298326e-04
9.364625325045457683e-04
9.268628803200790710e-04
9.180914154962512312e-04
9.108381335892961695e-04
9.025005171885151951e-04
8.943673875849037034e-04
8.861196001980815471e-04
8.774785787927886571e-04
8.703375801754182316e-04
8.634804239176500267e-04
8.565889318909932241e-04
8.504174499142411843e-04
8.436360016853242279e-04
8.368451495075940371e-04
8.300644337709925814e-04
8.227559150396144931e-04
8.158468626798268336e-04
8.091500356628010711e-04
8.038109311824209562e-04
7.973589318409985338e-04
7.916303517916320476e-04
7.847991458902992771e-04
7.783614456431488856e-04
7.718193403764124711e-04
7.654713202880753485e-04
7.593895176700299603e-04
7.546822127068646092e-04
7.487391125454257801e-04
7.435327107188202580e-04
7.385601875278604038e-04
7.339166000393480003e-04
7.292041692603049973e-04
7.247607577594483621e-04
7.196352147421452260e-04
7.146624041612950574e-04
7.086093623656690649e-04
7.028943808705553865e-04
6.977115005452238150e-04
6.924720257257414901e-04
6.885497067010031610e-04
6.845924453925260637e-04
6.805053770854583217e-04
6.761893919539072647e-04
6.715273390947718978e-04
6.670873356794181997e-04
6.620012437627188382e-04
6.577311321168651317e-04
6.537413645143225899e-04
6.498989874531908200e-04
6.449543170601594773e-04
6.403766001143717254e-04
6.366374533368291322e-04
6.325843563428328997e-04
6.294496695632060103e-04
6.263898175678580139e-04
6.225775756599113671e-04
6.188318975130779886e-04
6.154390626931750471e-04
6.125739734570835419e-04
6.096942279351927818e-04
6.065275335869470220e-04
6.038912680178792208e-04
6.012918410489135647e-04
5.986839680764513864e-04
5.958030989780422346e-04
5.927023505655551732e-04
5.900526881671041201e-04
5.872886863667835505e-04
5.850145259680075574e-04
5.654019855156967086e-04
5.519061766408444323e-04
5.390758757743156684e-04
5.288398598839990977e-04
5.209154389408024834e-04
5.139711832475548281e-04
5.064985308058959565e-04
5.000099776652570634e-04
4.939674246248425531e-04
4.884937119599428237e-04
4.834112307938644311e-04
4.780061916110658307e-04
4.737137179371315749e-04
4.690228944590857200e-04
4.647964872883307390e-04
4.608706960609586516e-04
4.572540400757167623e-04
4.525394498536855644e-04
4.488451219999039024e-04
4.453456758625754181e-04
4.415673283343166263e-04
4.380823154330188546e-04
4.342860682791748850e-04
4.312487889266252697e-04
4.277830018937475221e-04
4.249684769405215421e-04
4.225980575087606066e-04
4.203067213312713089e-04
4.178776906459205371e-04
4.156712365449284456e-04
4.134719497985717140e-04
4.113634570020907773e-04
4.086555944463741877e-04
4.064801556173385389e-04
4.036082515469568369e-04
4.008249982562374749e-04
3.980067919045041135e-04
3.957825500426034914e-04
3.936877745776060349e-04
3.919763359571483202e-04
3.901904589374127069e-04
3.883079873342036603e-04
3.862068417568398989e-04
3.842843671323284806e-04
3.825475528593640377e-04
3.802404820131379047e-04
3.781698227010546649e-04
3.763489411789057350e-04
3.739731090125143396e-04
3.715613181683690542e-04
3.693097505362942577e-04
3.674659584022610696e-04
3.653800469804324041e-04
3.635628788431894114e-04
3.616177996573148156e-04
3.598532134522524403e-04
3.579568710265336007e-04
3.561903431386159269e-04
3.548213612113261051e-04
3.533619910068588302e-04
3.520000217502809291e-04
3.506003028599380400e-04
3.492338117628473256e-04
3.474492286369216783e-04
3.460236399928857715e-04
3.447233448887479989e-04
3.431656576056689597e-04
3.416910665955080035e-04
3.403063093305082744e-04
3.389730202368891046e-04
3.377686050609333317e-04
3.363696143085500375e-04
3.349144814610854220e-04
3.334819633551357903e-04
3.320308266884850054e-04
3.306415501334824506e-04
3.289540337933807542e-04
3.273663356455930751e-04
3.258190903098118533e-04
3.243224020356569792e-04
3.231410470194589525e-04
3.218926225416415560e-04
3.206250706102486058e-04
3.192705259062169829e-04
3.180863897968378502e-04
3.167726200777656051e-04
3.156223206493883292e-04
3.145614805735142913e-04
3.135151749578379268e-04
3.121181407352834622e-04
3.108900489269039507e-04
3.095297051869082272e-04
3.084628711633671003e-04
3.071854588651836099e-04
3.059108456127153245e-04
3.047233018973333749e-04
3.034811930547386756e-04
3.025404006542048679e-04
3.016986841832223760e-04
3.134786935104427134e-04
3.022574314380099413e-04
2.954518280646158059e-04
2.888724160797989464e-04
2.834742277582275104e-04
2.782518846384223875e-04
2.735636908910023366e-04
2.687772971537426845e-04
2.645582426720129339e-04
2.610272980346586857e-04
2.574940449328020926e-04
2.544998552033612429e-04
2.513941413217779010e-04
2.487523248459740468e-04
2.462436888361860016e-04
2.435723098174348144e-04
2.409325045204357811e-04
2.384605951237198801e-04
2.361091700534504595e-04
2.340571402109586734e-04
2.316889576738382565e-04
2.295639523166856713e-04
2.273042601401232871e-04
2.250615226091003422e-04
2.228654245428251992e-04
2.206848992462699666e-04
2.187213059216577794e-04
2.168089685069252408e-04
2.150374626961791492e-04
2.132016552675822132e-04
2.113624969972035237e-04
2.095187118956043783e-04
2.077570595915189853e-04
2.063326378237796211e-04
2.047160047850584135e-04
2.028693149745971027e-04
2.012390127088315209e-04
1.998422875910932622e-04
1.984090873441994769e-04
1.970011471740529805e-04
1.956932872986430309e-04
1.943640751358379653e-04
1.928401213993866136e-04
1.915797212279773411e-04
1.903612594019454016e-04
1.892578183645207560e-04
1.878820649624898971e-04
1.863534770947060772e-04
1.850122862995546170e-04
1.836399790052857561e-04
1.820544564635333826e-04
1.808385365005429446e-04
1.794227206638833233e-04
1.779602734397262487e-04
1.763798896792176667e-04
1.750685923721496083e-04
1.736518016198761725e-04
1.722669951060600197e-04
1.708450452274089032e-04
1.697289371356102002e-04
1.685807380888597405e-04
1.674431382287912902e-04
1.663335552859332097e-04
1.652596757584871021e-04
1.641213640945850304e-04
1.631890113946990396e-04
1.622230583212034118e-04
1.612247352454377616e-04
1.603097719909275906e-04
1.593313161619620854e-04
1.583171402147985618e-04
1.571833705039938885e-04
1.562921625197709568e-04
1.554239711285931695e-04
1.545576685769069084e-04
1.534262512933362284e-04
1.525438973944627150e-04
1.518631831324103519e-04
1.510914397570606348e-04
1.502018620360233544e-04
1.493024110894473151e-04
1.484018455168673403e-04
1.475941357323689175e-04
1.468611401429216294e-04
1.461568268965470179e-04
1.454693062763856679e-04
1.447070281857131718e-04
1.440023404229589816e-04
1.432440638281098704e-04
1.425148267771464449e-04
1.419453176439768873e-04
1.414082135041138148e-04
1.408378731348418193e-04
1.402715732085020118e-04
1.394967382869959581e-04
1.389659808267242102e-04
1.384332690869702971e-04
1.379022539553067844e-04
1.372500424434765513e-04
1.366465638785226025e-04
1.892850595830044386e-04
1.656362772796008212e-04
1.550337901578604789e-04
1.482411691870031041e-04
1.426682705337153131e-04
1.385166202743608589e-04
1.352282791273936029e-04
1.318076864401720994e-04
1.290603251125068361e-04
1.267571186824291386e-04
1.243606777998588640e-04
1.222790797288498914e-04
1.201967926543557935e-04
1.184748426029954513e-04
1.166111182020737787e-04
1.149249786509606982e-04
1.131710221798112826e-04
1.115042647173506281e-04
1.100267370669863904e-04
1.085420380770180115e-04
1.070548875329076363e-04
1.055285070992364999e-04
1.040301194128580655e-04
1.025259656866986412e-04
1.009367013618611366e-04
9.943287584774317383e-05
9.801537461772138137e-05
9.640183888791765531e-05
9.479312369387034407e-05
9.356851249732671784e-05
9.227720807565753167e-05
9.109115174177775216e-05
8.992819615261754237e-05
8.884609333227041572e-05
8.780286677387000164e-05
8.674014354356569172e-05
8.579375392581237462e-05
8.481526820517449369e-05
8.374748672461786777e-05
8.280418316029062025e-05
8.186795783150488707e-05
8.099615464421274066e-05
8.024651449505204809e-05
7.928748669218969793e-05
7.808266722778870134e-05
7.702208074760812605e-05
7.579132684270012811e-05
7.475397125432645714e-05
7.359223961731554172e-05
7.258523399523225878e-05
7.186379653750976486e-05
7.088452494388544666e-05
6.999684556134342186e-05
6.919073121000340095e-05
6.853339880418549222e-05
6.768543773583907185e-05
6.697474518789320287e-05
6.616144487091853794e-05
6.548847752492553350e-05
6.486437995825780351e-05
6.413306951523299734e-05
6.337786165234711531e-05
6.282352883108607725e-05
6.229057883776591489e-05
6.168904576651393584e-05
6.103405950481972404e-05
6.036547287306192418e-05
5.967695523023127486e-05
5.901398307563146474e-05
5.843917411188423981e-05
5.796295339687202087e-05
5.750967580028312629e-05
5.696929363492747882e-05
5.645745388317626075e-05
5.591294617666254857e-05
5.544105308801447349e-05
5.488899954693402558e-05
5.432267099464804756e-05
5.372125368507692217e-05
5.320787562688727588e-05
5.269377570612622991e-05
5.199019712547939389e-05
5.130792563414482156e-05
5.060712467707148110e-05
4.991920043101151722e-05
4.912544472870306386e-05
4.838774813706042953e-05
4.770014142470105909e-05
4.704049041944289970e-05
4.648107314211473120e-05
4.600270444786819327e-05
4.546987350473853337e-05
4.481031720619497191e-05
4.430667806642304334e-05
4.378544243669136384e-05
4.317927378365426388e-05
4.257197853399043896e-05
4.209134987177802755e-05
4.147359569285984738e-05
4.087887401624003541e-05
