2.876377757854446937e-01
6.601497071100725922e-02
3.421230055047484037e-02
2.282182723562861323e-02
1.741404558397055546e-02
1.359074653680455817e-02
1.129495396598935442e-02
9.732280654596168340e-03
7.990573458204714569e-03
6.678523643321563133e-03
5.738779461833567325e-03
5.026973804914874021e-03
4.203849937995850217e-03
3.643842377518449662e-03
3.022639108814635395e-03
2.649460111130460920e-03
2.389845751113850621e-03
2.196085227264642399e-03
2.010194241032628622e-03
1.910486530627916041e-03
1.397612405494358693e-03
1.194101419492660156e-03
1.140073403948764323e-03
1.077221817649933171e-03
1.021799640007149158e-03
9.715279342108339329e-04
9.323636494967930087e-04
9.069177447422173627e-04
8.727640870310576478e-04
8.132670797135452311e-04
7.705467531132217333e-04
7.302106004239488583e-04
7.011524718901460161e-04
6.858785991431814739e-04
6.660368576781396143e-04
6.407299375783613408e-04
6.182854705528707502e-04
6.051631745905114608e-04
5.940615995988050716e-04
5.835598938997685380e-04
5.638388696410365827e-04
5.526901953102275134e-04
5.211625447375467729e-04
4.975092666612983315e-04
4.823290829054479516e-04
4.708713930752972854e-04
4.620926396170271962e-04
4.494137247668708287e-04
4.348079193704270642e-04
4.244035225888740932e-04
4.154219479054168849e-04
4.073369676338902279e-04
4.018273967244230613e-04
3.967096454061184410e-04
3.920629405090348438e-04
3.866134924080168200e-04
3.824857406457083460e-04
3.785305226317031832e-04
3.748701636741428905e-04
3.661098255401852445e-04
3.581335112220155746e-04
3.548888096831184931e-04
3.509866150203030943e-04
3.452758663655160882e-04
3.396207129889953764e-04
3.357549874302970987e-04
3.318190224540719835e-04
3.282345464211050340e-04
3.217955184878731239e-04
3.173879071927678225e-04
3.134734689664211830e-04
3.099883941306584762e-04
3.015987843941731307e-04
2.942049145235467390e-04
2.890600828454810726e-04
2.856531717895217058e-04
2.827938722356361360e-04
2.804744427808866206e-04
2.784844666921718992e-04
2.766721772650212888e-04
2.672327807290203385e-04
2.577470135668732758e-04
2.548531574722932153e-04
2.521881943397601914e-04
2.501822994409542891e-04
2.485609577781750130e-04
2.454697327831530085e-04
2.428795569183526514e-04
2.408125654739740669e-04
2.376421542648314718e-04
2.361218314352285248e-04
2.349159093931257273e-04
2.325792475580681581e-04
2.299532205533179579e-04
2.287338312640453436e-04
2.270772271203623201e-04
2.257929007614630271e-04
2.244963727767467540e-04
2.222598625236339102e-04
2.197178836053726239e-04
2.188927907631714595e-04
2.174500241415441783e-04
2.163870044536671039e-04
2.151582679997565716e-04
2.139708901224719186e-04
2.128003953130456398e-04
2.118067876757725998e-04
2.107265431177105289e-04
2.096214539369962591e-04
2.087918424419874810e-04
2.079048483357505720e-04
2.056960851045397658e-04
2.033083021821268678e-04
2.015057222552978219e-04
1.997822502665553288e-04
1.988366911112173863e-04
1.977214350889383880e-04
1.964927994201102568e-04
1.955336381853269175e-04
1.943694986125051071e-04
1.933971501326225528e-04
1.922214850665835946e-04
1.905511044662166684e-04
1.898457309330783415e-04
1.891841373450488912e-04
1.884376615975797114e-04
1.875128232614753246e-04
1.867536731346508083e-04
1.855695528180618741e-04
1.846292352657169121e-04
1.838126675335217800e-04
1.828349181727834008e-04
1.820364447101841812e-04
1.811971651029554704e-04
1.790847556374634440e-04
1.772092767199022858e-04
1.759108461296546647e-04
1.748331301899808371e-04
1.743544377897146547e-04
1.737224843012259007e-04
1.730852544098105880e-04
1.723262191107824588e-04
1.717941771805883862e-04
1.709422705360257825e-04
1.702094519355718883e-04
1.696890077120075406e-04
1.691055969791180097e-04
1.679711759738264885e-04
1.666077741545784270e-04
1.659180509788247919e-04
1.652677000786243323e-04
1.646649934252285752e-04
1.640257621355218091e-04
1.629441323919803442e-04
1.620488777767243303e-04
1.614451290171034482e-04
1.606055096621602650e-04
1.602234533435508237e-04
1.594817094612586755e-04
1.584239725727374173e-04
1.571448704752031339e-04
1.559538407134982373e-04
1.554961769745934305e-04
1.550745673339346323e-04
1.534368059057170379e-04
1.518375799504822945e-04
1.510107432878838305e-04
1.502465019597504692e-04
1.499197185413433540e-04
1.492192855937221152e-04
1.484889051485174772e-04
1.482747104890510528e-04
1.466808249939171736e-04
1.451402211670904023e-04
1.446513094116499824e-04
1.439408194659807301e-04
1.433386322257903720e-04
1.428546993195313854e-04
1.424548685197425636e-04
1.421724300515004398e-04
1.414605116535777596e-04
1.408127743551827109e-04
1.403300154655759836e-04
1.397654631866131973e-04
1.392448685442019022e-04
1.386283163163981656e-04
1.379910777143998981e-04
1.373487547044445283e-04
1.365193129085013951e-04
1.351080574259434168e-04
1.346360791770621131e-04
1.342220613678877172e-04
1.338598541187029090e-04
1.334480942291738212e-04
1.331505053189900318e-04
1.324287101177602484e-04
1.316148603976727087e-04
1.309572841840177487e-04
1.303729812565585563e-04
1.295332733401916079e-04
1.286198820954327583e-04
1.282110448519042099e-04
1.278782639017194583e-04
1.276057234945289173e-04
1.273500399625447535e-04
1.268650526189810709e-04
1.263463589662620695e-04
1.257783264103551259e-04
1.250835139471602291e-04
1.248679845027186560e-04
1.244312104907388137e-04
1.239924388623893695e-04
1.235737270732878109e-04
1.231686280915947362e-04
1.230225955595366934e-04
1.226513540717091963e-04
1.222303611923578428e-04
1.219224801667636253e-04
1.214463159794655498e-04
1.210633710917813436e-04
1.207899556429330715e-04
1.202968868468298882e-04
1.198054999913765169e-04
1.195268497968364631e-04
1.190436704845887532e-04
1.186564992294774701e-04
1.182518324787789216e-04
1.178464925237395893e-04
1.176377643010898774e-04
1.173268998207977284e-04
1.170279726764835359e-04
1.164324038532743078e-04
1.157484019411239698e-04
1.156069825566938752e-04
1.149482404106193207e-04
1.141977475718754882e-04
1.139761413936546592e-04
1.136357729704388551e-04
1.134559337568585949e-04
1.130485552749140000e-04
1.125883189656575432e-04
1.122904425905635204e-04
1.119361116476774249e-04
1.117089433729548896e-04
1.114784106860501552e-04
1.111468742561609916e-04
1.108373567884825842e-04
1.106309070328908016e-04
1.102177580056622175e-04
1.098264428438742031e-04
1.094416242296284076e-04
1.090972202380505505e-04
1.088126771377332286e-04
1.085483331086371415e-04
1.083004880437660753e-04
1.081293021410551842e-04
1.078035047770453149e-04
1.073628443986343541e-04
1.067898482908469872e-04
1.061822888341456547e-04
1.059265260223485246e-04
1.056880297907792813e-04
1.055359368625357632e-04
1.051215071875267576e-04
1.046411356342155050e-04
1.042624407347570928e-04
1.038371851313671748e-04
1.036759768133298069e-04
1.033420812937497547e-04
1.030017789405894237e-04
1.027281826349636266e-04
1.024822234862600282e-04
1.018659983331957899e-04
1.011769185172680313e-04
1.008173627742750371e-04
1.006404491958691797e-04
1.003624399574994537e-04
1.000702583587620735e-04
9.991971990570269464e-05
9.972524330748056573e-05
9.953240808546950501e-05
9.889244515238724295e-05
9.815903357099058503e-05
9.797125575398344917e-05
9.769474644307952365e-05
9.746494415096802007e-05
9.717358783058664240e-05
9.689553780921649937e-05
9.668603408805936320e-05
9.648905712928400064e-05
9.626000818172073936e-05
9.601582468083553741e-05
9.583579830677884282e-05
9.566763094296131984e-05
9.542853467457279983e-05
9.507033305713567274e-05
9.484689222247871235e-05
9.465287047716735853e-05
9.432843463668580907e-05
9.400900133523052435e-05
9.387073101731657938e-05
9.365681302907246427e-05
9.342604091537333986e-05
9.315560829442497452e-05
9.285767640807701933e-05
9.274365656208772722e-05
9.253949073567350862e-05
9.237327647389090507e-05
9.220054391256992288e-05
9.197521777459745406e-05
9.186664329606602467e-05
9.160641652070412064e-05
9.130527488603992271e-05
9.106696468557840701e-05
9.078344517876418796e-05
9.060146597257061015e-05
9.037448135782198211e-05
9.007975045497732469e-05
8.990851602728994326e-05
8.972994663936835502e-05
8.959792910409966225e-05
8.942876611741967839e-05
8.928693242880263831e-05
8.911550626744512424e-05
8.893746394582540749e-05
8.868119628070931029e-05
8.839096340738767884e-05
8.812049691733737315e-05
8.778562389407515627e-05
8.735128765925032643e-05
8.686221009550128150e-05
8.671616087846826322e-05
8.648898315025612825e-05
8.630120958335227277e-05
8.603662336773370786e-05
8.579663313789461388e-05
8.540592710612479404e-05
8.502717671237944102e-05
8.480133807395517302e-05
8.466641689705936037e-05
8.427229446177082587e-05
8.382334210473339027e-05
8.368666025867200716e-05
8.342978550272473121e-05
8.318781059829611561e-05
8.304479894581759825e-05
8.286397163847032058e-05
8.269700332473829609e-05
8.250251007400303139e-05
8.235477300061806890e-05
8.220958456602714729e-05
8.190069148436003143e-05
8.136571449245747205e-05
8.115534719528013979e-05
8.098918002112544116e-05
8.080763817452745173e-05
8.068443655858919378e-05
8.041183424662796877e-05
8.009216479249301097e-05
7.999043933012796640e-05
7.990561562377748890e-05
7.980154661940480013e-05
7.967993462166453311e-05
7.949740812711070812e-05
7.926192074258085122e-05
7.912519731930379877e-05
7.894231167539784272e-05
7.881433423618074618e-05
7.867064338145408756e-05
7.847954147811525365e-05
7.833702940460656296e-05
7.810951967758620858e-05
7.777055760089974796e-05
7.754583475760635808e-05
7.736861574962891955e-05
7.718019099075637567e-05
7.703889249355071970e-05
7.693182651634115281e-05
7.675418125732607418e-05
7.659756080476648823e-05
7.649980881152680082e-05
7.623960609357104264e-05
7.593167724161778182e-05
7.583790910717121538e-05
7.565231551646565619e-05
7.547157492666672245e-05
7.529224744845808292e-05
7.508852071122704944e-05
7.495892330401096116e-05
7.482174679890852783e-05
7.467400284752043411e-05
7.452242954928950511e-05
7.437464446977958845e-05
7.416536585874520116e-05
7.401985000956662298e-05
7.386564322515897971e-05
7.375148595097220352e-05
7.360561694379829192e-05
7.309801508967561342e-05
7.253246912414152727e-05
7.227491645099330621e-05
7.214485463729237871e-05
7.198841264413519982e-05
7.181600226812997047e-05
7.166824330236307129e-05
7.151705620365095891e-05
7.144563493036778113e-05
7.135125758573364200e-05
7.121904637644203091e-05
7.103247039445980044e-05
7.094475819963528163e-05
7.082081348601420353e-05
7.072852457903943194e-05
7.065099984848011551e-05
7.053425412501957011e-05
7.038792666037425015e-05
7.022052847752442554e-05
6.996624485988140851e-05
6.985242185702982627e-05
6.975297732528684019e-05
6.965419566944358685e-05
6.956251948993175322e-05
6.950151113601346273e-05
6.939050399053199114e-05
6.928882871811297718e-05
6.904369624580255777e-05
6.875032984274575848e-05
6.859301630852779623e-05
6.851087651786892641e-05
6.844450635938131551e-05
6.834494984345135065e-05
6.822006329766553778e-05
6.811143883089939254e-05
6.802929304165246252e-05
6.779867436508219892e-05
6.746196590945392540e-05
6.737164665875696725e-05
6.721478342532959756e-05
6.697728749550772593e-05
6.686705938906447580e-05
6.673382040318977270e-05
6.662300150013447805e-05
6.651419343624204769e-05
6.641624139616923055e-05
6.628175393170181618e-05
6.611743245482729634e-05
6.600727432518353407e-05
6.587981013757316653e-05
6.571613625913794393e-05
6.555024230471032077e-05
6.550488050163841270e-05
6.540048216134451882e-05
6.522745861273630580e-05
6.512427628269509491e-05
6.500417458199122774e-05
6.491458453357064427e-05
6.480383682708261385e-05
6.469227861210307090e-05
6.454954053739516632e-05
6.441895457464563897e-05
6.426781138002233293e-05
6.413715145459432160e-05
6.397844282606630559e-05
6.386432700829991146e-05
6.372600362125504896e-05
6.364534294923870081e-05
6.354419404380272742e-05
6.345757723241622942e-05
6.337202076312601642e-05
6.326242442162317706e-05
6.315738455168334875e-05
6.307883405072371719e-05
6.298934424707404618e-05
6.271487802808225728e-05
6.241866569415897403e-05
6.234004644403064459e-05
6.222219667177989692e-05
6.208165766704208611e-05
6.199932769610751388e-05
6.191015709895253492e-05
6.184881100220025946e-05
6.177479474737538115e-05
6.171163420028842833e-05
6.164106698481418138e-05
6.158113357893840267e-05
6.150250117691916064e-05
6.136873571313537811e-05
6.116777544417907565e-05
6.106787361618871155e-05
6.097794755767685625e-05
6.087285849638275701e-05
6.074736825664530412e-05
6.067312867550213822e-05
6.058140880579361435e-05
6.048567111338424022e-05
6.042229438592087841e-05
6.033521474396492408e-05
6.025717210082689188e-05
6.020409477339662456e-05
6.010700035913135698e-05
