6.588280494345037930e-01
3.713336634746487452e-01
2.111183571066832798e-01
1.245122836649440595e-01
8.142637015983435200e-02
6.096783111856592802e-02
4.464720320930042063e-02
3.555111640650081284e-02
2.825967088872920890e-02
2.376682310176322921e-02
2.104250122123907732e-02
1.893844546982720312e-02
1.642650691116384273e-02
1.486162140710427758e-02
1.138042513995731267e-02
1.031409897523503406e-02
9.333667708969492841e-03
8.846361655300749929e-03
8.720866367271205497e-03
8.569360414962366376e-03
8.453232575503609805e-03
8.279104840170376650e-03
8.069010579950238599e-03
7.960389518865722963e-03
7.789246782465061164e-03
7.638628226618994141e-03
7.525560660218616471e-03
7.423781741468390115e-03
7.069404503100809763e-03
6.796061453992311568e-03
6.663179754283159346e-03
6.565169255780565170e-03
6.514122859745071804e-03
6.451023187762201794e-03
6.388010705621480038e-03
6.266910269293132600e-03
6.145632317708937982e-03
6.077963322534664370e-03
6.012119710242839164e-03
5.955075224818023351e-03
5.894817821060106301e-03
5.839494216637813352e-03
5.783857487117352418e-03
5.738530127537972737e-03
5.607961883523948296e-03
5.487106902251797855e-03
5.429885727955084847e-03
5.386615729083041315e-03
5.281445162707377149e-03
5.079322638266502848e-03
4.853668042610202911e-03
4.773063580279673403e-03
4.676054606396827518e-03
4.581497302590423551e-03
4.507539148452324729e-03
4.404425255912801374e-03
4.271591879232994500e-03
4.189265083401493353e-03
4.118583657981404050e-03
3.917486996306038943e-03
3.765293030540659263e-03
3.490422577911379311e-03
3.325093481598485803e-03
3.301893226603928519e-03
3.247139897492220314e-03
3.196665569980358494e-03
3.138182692239712811e-03
3.058334140450820037e-03
3.012162938755210372e-03
2.968983021190252369e-03
2.876324103988635826e-03
2.793663002120980524e-03
2.723673034102726525e-03
2.670217501236030883e-03
2.623286131092715089e-03
2.583884476025094610e-03
2.568412331008941129e-03
2.539367225539831009e-03
2.499947615272962546e-03
2.475339991965404361e-03
2.456422830137673652e-03
2.434832301519281386e-03
2.408517477170841244e-03
2.347676581605944758e-03
2.293301999649576418e-03
2.217512045712655058e-03
2.113637624227477675e-03
2.088202589303737693e-03
2.063196410398885228e-03
2.027506104676701868e-03
1.994354333594011187e-03
1.978791928049491566e-03
1.959524956198339073e-03
1.925592521278155032e-03
1.898507373572310688e-03
1.867798374612677408e-03
1.843734296114994155e-03
1.828256483916949155e-03
1.806633019765167564e-03
1.789225096438109858e-03
1.779339757766604463e-03
1.763240705075055535e-03
1.748715050620312707e-03
1.671523704985130665e-03
1.604269516495778185e-03
1.592122376709895768e-03
1.581204065225142244e-03
1.574190024477229539e-03
1.562749353161566176e-03
1.553659938022258378e-03
1.548524718232099353e-03
1.543144503265171490e-03
1.538567944361127291e-03
1.533289608310294027e-03
1.517534179559026355e-03
1.508617679134651151e-03
1.503223165816668918e-03
1.496868359023779830e-03
1.492921308170103070e-03
1.482741253045457295e-03
1.472460157975968116e-03
1.466845613264998504e-03
1.455374795987200796e-03
1.445444295611487484e-03
1.441051264213901893e-03
1.437751556908139963e-03
1.422535640508506855e-03
1.409984211203098390e-03
1.392316590554731198e-03
1.375295065076510056e-03
1.361555334365595945e-03
1.349577886349964152e-03
1.344582041211856609e-03
1.340245917738640616e-03
1.336631928207181706e-03
1.332490581332492320e-03
1.323522742541697553e-03
1.316512973512080562e-03
1.306822380088023356e-03
1.296799255587005725e-03
1.292622790733098789e-03
1.289694743891598794e-03
1.277575328976960885e-03
1.266517202030682972e-03
1.263481310120783763e-03
1.259703182172738955e-03
1.256725125003458308e-03
1.253756942147451385e-03
1.248431960024618112e-03
1.242276500433227900e-03
1.238534352497482061e-03
1.234966617858549364e-03
1.231964576262534108e-03
1.223011589264095611e-03
1.215237886712053047e-03
1.210338146696638599e-03
1.206021560611807673e-03
1.201644187912356441e-03
1.197856035942013219e-03
1.194160219436076397e-03
1.190325521274800125e-03
1.186760619460166784e-03
1.182106166923452316e-03
1.169307027014480785e-03
1.159169210311018425e-03
1.119709270652578022e-03
1.086037138541731889e-03
1.068707913548451417e-03
1.052313159026634125e-03
1.043697425623071190e-03
1.035328442834613887e-03
1.032496482859176622e-03
1.029903528433241591e-03
1.021744428444715897e-03
1.015401891915154340e-03
1.005484492577256609e-03
9.958548639894802303e-04
9.887176104331021377e-04
9.821622997606563668e-04
9.792312167568957473e-04
9.768848408198318577e-04
9.725842052577352579e-04
9.690345208312579157e-04
9.626465473891875242e-04
9.583190581135178068e-04
9.542217420651499934e-04
9.504528885645733335e-04
9.349807443008547507e-04
9.191807973068322288e-04
9.151181117151376042e-04
9.118724249982602037e-04
9.094638361600115677e-04
9.065847881510821511e-04
8.997425967355286453e-04
8.943771085149704661e-04
8.928462468393311841e-04
8.913126787110697748e-04
8.882003804969450548e-04
8.850255131235074471e-04
8.833371499217802748e-04
8.814851959139151849e-04
8.798153215562191974e-04
8.770533036369558902e-04
8.744216155436885119e-04
8.724147290645700671e-04
8.703021933449992887e-04
8.655344414024027447e-04
8.626154829445250357e-04
8.529010234508724135e-04
8.457158277627048731e-04
8.410673153419989624e-04
8.358658745929550046e-04
8.327275827895242247e-04
8.297679847053591627e-04
8.219635654945325930e-04
8.147472739969886151e-04
7.793980105582708857e-04
7.520411801757802793e-04
7.492758547283931902e-04
7.474163589959088340e-04
7.450752573915013326e-04
7.433236999266000207e-04
7.419791017153619687e-04
7.399912243716821056e-04
7.384913891347461012e-04
7.366401580724212493e-04
7.344537867078147070e-04
6.935477635879126052e-04
6.540187103838460657e-04
6.492783007987074344e-04
6.442807650139709044e-04
6.412208200972772682e-04
6.381669913942890522e-04
6.354047577229130633e-04
6.331880574284088400e-04
6.320520416525989308e-04
6.299524233067953531e-04
6.282512912947526684e-04
6.259023507861074219e-04
6.239597968988501789e-04
6.221040307678422183e-04
6.205419548118541002e-04
6.177755851986865875e-04
6.154198676488093237e-04
6.125602350028004801e-04
6.106565612971299800e-04
6.077325619473668283e-04
6.048975911859483592e-04
5.922681285397598519e-04
5.798628037148865263e-04
5.781184391761954883e-04
5.767991036986720634e-04
5.751848372436529477e-04
5.738816805490002271e-04
5.711831380439097005e-04
5.684916182372676567e-04
5.670790403642278661e-04
5.655926115422073514e-04
5.628236455942195243e-04
5.559744218957119290e-04
5.521698202116020115e-04
5.484299196570961536e-04
5.444707610652417757e-04
5.375329024405881484e-04
5.309935144967060927e-04
5.295253786922132040e-04
5.275143909701696283e-04
5.260214432691189988e-04
5.248020269328996981e-04
5.236545797350932894e-04
5.214421589197691621e-04
5.192153201559470636e-04
5.176661391876752338e-04
5.164165722978853075e-04
5.146532889133534263e-04
5.130225636638383914e-04
5.117197196966128498e-04
5.102075833835989591e-04
5.092464260464829064e-04
5.072727606268006032e-04
5.058111911245893530e-04
5.042415525543525326e-04
5.028032551175794229e-04
5.017366780690586062e-04
5.005003725868309309e-04
4.986486977143233558e-04
4.971269667927550890e-04
4.957821789997368580e-04
4.941793145960832060e-04
4.931744733890112368e-04
4.884143952289881577e-04
4.846433111276106961e-04
4.829801655481206634e-04
4.812448172328800304e-04
4.794752556515765544e-04
4.774995333685598661e-04
4.766807340884462768e-04
4.747837281038476648e-04
4.727468218400881334e-04
4.681801439358051218e-04
4.643051911404379845e-04
4.630117683191287939e-04
4.605466115324654457e-04
4.590744233253393172e-04
4.573467996624587767e-04
4.547891441891982727e-04
4.497780675269531748e-04
4.456996412142009609e-04
4.441800647532663537e-04
4.428490708493310014e-04
4.416694363844616633e-04
4.405196031400011609e-04
4.393620282230440181e-04
4.377748900871906794e-04
4.366759824142458493e-04
4.350866806772822268e-04
4.338836546256266886e-04
4.331594739976914838e-04
4.312011707271195420e-04
4.294754940994258878e-04
4.281147004166616283e-04
4.269301568613612010e-04
4.195119420815051074e-04
4.127645776215332126e-04
4.100247679701131106e-04
4.062939112384754176e-04
4.026979610943296471e-04
3.995364470545174603e-04
3.901870139642233423e-04
3.819080801166183396e-04
3.807304108935888700e-04
3.794380261837736364e-04
3.785059155645334309e-04
3.778425848403044727e-04
3.770837625306540245e-04
3.760358357759876840e-04
3.752991834912800580e-04
3.739169180711678238e-04
3.724326104968409207e-04
3.709744992074629540e-04
3.696182223335636122e-04
3.690633763092359830e-04
3.683768703725129518e-04
3.675011877764232122e-04
3.668502344447268694e-04
3.660867432043072916e-04
3.649103825316954756e-04
3.640066123622824070e-04
3.634615869707716654e-04
3.626035702793103986e-04
3.618009219543725586e-04
3.605768197313849151e-04
3.593118640824287261e-04
3.584571649574646397e-04
3.577143603778509037e-04
3.569109675290024959e-04
3.564070312505419674e-04
3.558023665984549411e-04
3.551808646246098350e-04
3.545972281214151024e-04
3.540486736549073384e-04
3.534081573448463417e-04
3.528472087361858253e-04
3.523735872419285963e-04
3.514567840376602525e-04
3.506732946833577072e-04
3.495674145273401970e-04
3.486349173634353880e-04
3.477204597286357324e-04
3.466724176051246518e-04
3.458586147680151350e-04
3.411359938364911366e-04
3.366774101477853793e-04
3.347016975670116063e-04
3.290736316412978986e-04
3.198039440805102883e-04
3.115139706661748491e-04
3.103685467461253099e-04
3.093364549667636525e-04
3.087234840009927725e-04
3.077397190562679405e-04
3.069209060683127403e-04
3.064574620054713659e-04
3.058797297888053994e-04
3.050842047345243184e-04
3.044526912555094622e-04
3.030933817481181358e-04
3.018689049761428557e-04
3.008863850962617287e-04
2.998265216355852571e-04
2.975531584946579790e-04
2.947117764241959505e-04
2.925797052398585417e-04
2.898783063456739583e-04
2.891299519282141003e-04
2.881669004036729724e-04
2.875987195739127368e-04
2.871014889592885325e-04
2.865146725775773195e-04
2.838772384634396205e-04
2.819502497489706863e-04
2.814249950721973374e-04
2.807969869231770116e-04
2.800127641418996604e-04
2.793779096182145505e-04
2.787657424006350455e-04
2.781400441870319259e-04
2.776553699285182349e-04
2.765760433478307531e-04
2.757418918910988187e-04
2.748538179825431153e-04
2.740883770477347452e-04
2.737349699355709118e-04
2.733058000176325983e-04
2.729027196118713364e-04
2.724666391174909350e-04
2.720954876272990296e-04
2.714367307142192837e-04
2.709583776652025136e-04
2.701107271626587009e-04
2.690271717445925307e-04
2.684746030823488626e-04
2.679325533843517656e-04
2.674295450306863990e-04
2.669508933423077996e-04
2.663429227588992175e-04
2.658845058753051102e-04
2.652750769348725187e-04
2.647328037577116448e-04
2.642880574129364939e-04
2.639296346826118457e-04
2.633157695120205873e-04
2.627577115279616771e-04
2.615190507634518064e-04
2.604292592297802298e-04
2.600433490234591179e-04
2.595893417117407288e-04
2.589678776012967849e-04
2.585104473104734278e-04
2.568112067507672953e-04
2.552131072023483549e-04
2.546116476596975388e-04
2.538547852492353449e-04
2.499700781337292166e-04
2.464333586978657386e-04
2.455136087286308622e-04
2.448494537831129737e-04
2.431478379832213959e-04
2.415890182939938499e-04
2.408529245524956830e-04
2.398685188272304603e-04
2.384443409794276454e-04
2.373764369714213124e-04
2.336227458557151417e-04
2.259204336228827774e-04
2.249531087831872778e-04
2.246734037111909913e-04
2.243742758018088307e-04
2.241218362460061213e-04
2.233686573412965953e-04
2.226838976675571445e-04
2.219695815558150355e-04
2.214228917549443106e-04
2.210374205395780058e-04
2.206362936860144653e-04
2.203522841814515578e-04
2.199196037897939123e-04
2.195670121002987296e-04
2.193555249838369909e-04
2.190346770590269841e-04
2.187481738443295841e-04
2.184917117632097781e-04
2.181357459992541215e-04
2.178129188023913553e-04
2.162274322638846954e-04
2.144804965629646494e-04
2.120187384993472751e-04
2.099318300165863385e-04
2.096767453429506376e-04
2.093632434504434604e-04
2.087626664864334302e-04
2.082286178375346048e-04
2.077620549141208112e-04
2.073630740634048095e-04
2.069567131562152361e-04
2.065583358887561501e-04
2.063074163762486130e-04
2.060559975825253123e-04
2.057054803338464110e-04
2.049970260494704175e-04
2.044229794826137525e-04
2.039531542338048899e-04
2.035790142256205563e-04
2.032658394081813635e-04
2.029857100489622086e-04
2.027549700565819675e-04
2.014388269109224040e-04
2.003774130040184183e-04
1.959285512383429476e-04
1.931555271947786665e-04
