8.702693168341713026e-01
7.797399757997961478e-01
7.303414867777366926e-01
6.754072998354256896e-01
6.352916333267013549e-01
5.994706338926654166e-01
5.757065617876444552e-01
5.483326901949110432e-01
5.246777636434378778e-01
5.044517751492955115e-01
4.894843368063913625e-01
4.565720296369406017e-01
4.448898708542151081e-01
4.374167188002657247e-01
4.299317745048129025e-01
4.219289237084283273e-01
4.155873961068570210e-01
4.067507622148086033e-01
3.982070423886172605e-01
3.841809175970691825e-01
3.720872504223432520e-01
3.600879169811314062e-01
3.487151813254052435e-01
3.294588220260130096e-01
3.145045625048922266e-01
2.996633856573988064e-01
2.886679865756160979e-01
2.828458888492667578e-01
2.768565307262518260e-01
2.697852214887129785e-01
2.639344195852283970e-01
2.599243322803800882e-01
2.551704881037252792e-01
2.506675910470525515e-01
2.472712462842870107e-01
2.416321964563401814e-01
2.362748077864654517e-01
2.307626668912653722e-01
2.252852409979703152e-01
2.199390413550117163e-01
2.147288561045059552e-01
2.099603164195571470e-01
2.051523665131805840e-01
2.008497428941505292e-01
1.964955136154686866e-01
1.926696577136489674e-01
1.894757035178046001e-01
1.754651386733093177e-01
1.621393948363732407e-01
1.590105324259140640e-01
1.565729945473291196e-01
1.550531294741463728e-01
1.511128476624762629e-01
1.475235892859603215e-01
1.457597974816541020e-01
1.443042613489022574e-01
1.416276582371677750e-01
1.400687369913848901e-01
1.375559167338440136e-01
1.355618523860176450e-01
1.329452380724416849e-01
1.306004780779594365e-01
1.281019309097602976e-01
1.261387379615458437e-01
1.251583616817538991e-01
1.241851185932856677e-01
1.224263022156491382e-01
1.212056131392096614e-01
1.202233863555664667e-01
1.193603207796329196e-01
1.184004600807106733e-01
1.175184926405337116e-01
1.164665126853356020e-01
1.139941498622262378e-01
1.114411340995392768e-01
1.102581909941934418e-01
1.088447098191533124e-01
1.080235434314024412e-01
1.070955100723594289e-01
1.063726371655096814e-01
1.057707766196040317e-01
1.036207511457438446e-01
1.011481400535421127e-01
1.002232626643612540e-01
9.933010978412393222e-02
9.856700562994019643e-02
9.787622153140748682e-02
9.724705300804502295e-02
9.644436385527327404e-02
9.584258888220070771e-02
9.506661148001925576e-02
9.429803231477403014e-02
9.374491461031952966e-02
9.313270184307753663e-02
9.250171486684981292e-02
9.189588166154785687e-02
9.132814952043093182e-02
9.082259047067056668e-02
9.012205052094374169e-02
8.947512426759353377e-02
8.886452322271411186e-02
8.826208864147484789e-02
8.774418120354478268e-02
8.717097111858261582e-02
8.672637795800521021e-02
8.620006515609264508e-02
8.571508601588354037e-02
8.534888893784807473e-02
8.488444791806434853e-02
8.441997133071575676e-02
8.397458420821982128e-02
8.352928473942095033e-02
8.311410052714979235e-02
8.273851332610535070e-02
8.228152650429348958e-02
8.155852662282683796e-02
8.103674095478008432e-02
8.058067849413830253e-02
8.018666304358050556e-02
7.980443691305616483e-02
7.945588867844698144e-02
7.905096747515459599e-02
7.867686068568473245e-02
7.814234141029931247e-02
7.755167290384308576e-02
7.690103186905047905e-02
7.638369036822510727e-02
7.603819568481832991e-02
7.566164505067372870e-02
7.525077434368113161e-02
7.492592598463553022e-02
7.456509890338711144e-02
7.416558729411000528e-02
7.352717509090057890e-02
7.292790730001073862e-02
7.261593753323243583e-02
7.228110889385805371e-02
7.202891623548916822e-02
7.174862437214053756e-02
7.142872793546377330e-02
7.098843456154733944e-02
7.051423233780378108e-02
7.022985817893848126e-02
6.989512952433346582e-02
6.959553491968610561e-02
6.931001000598545347e-02
6.900308944408534151e-02
6.866600362083513653e-02
6.836366447394442991e-02
6.812925317663756641e-02
6.786117597076364583e-02
6.752590604501199079e-02
6.728157782492114047e-02
6.700549535702896020e-02
6.675879634107799443e-02
6.642720853894677757e-02
6.599542646537000234e-02
6.563001431025022869e-02
6.520874064247522695e-02
6.481795912571736151e-02
6.442027266858232903e-02
6.405238943080759917e-02
6.381998466068725118e-02
6.358556929424091786e-02
6.334064091344165925e-02
6.301085176131700216e-02
6.273610297413576009e-02
6.239810218833100053e-02
6.209136722287009885e-02
6.176337689547696519e-02
6.136231021186843576e-02
6.098666217844533194e-02
6.055487353903415970e-02
6.012908700200600420e-02
5.975195959080577962e-02
5.928491058083323190e-02
5.903476494369237076e-02
5.876615557133033074e-02
5.824785030484384840e-02
5.771803494973475751e-02
5.728329993357006433e-02
5.688063215319012766e-02
5.659781515333295321e-02
5.631116898486463601e-02
5.606491781787417000e-02
5.580656399641585608e-02
5.560549719343639563e-02
5.537873762162123792e-02
5.515034363030889286e-02
5.489782173592484132e-02
5.470625458768286348e-02
5.451830908216651062e-02
5.432768085526865770e-02
5.404995151005673182e-02
5.378461443284517085e-02
5.344409644687902333e-02
5.311047017980371349e-02
5.277431491831000021e-02
5.245480443731846687e-02
5.226209953789562324e-02
5.211733215386124551e-02
5.191411790288896766e-02
5.171089287177597915e-02
5.154116099627270575e-02
5.136906487739794497e-02
5.122144970854901336e-02
5.105668074162610093e-02
5.086066262887620204e-02
5.065600203156218895e-02
5.049800049134409163e-02
5.033165495300068876e-02
5.012665922695951071e-02
4.997117282080197620e-02
4.981671447929655189e-02
4.960545792368422496e-02
4.942740757691424514e-02
4.925410982001959814e-02
4.907261469128892245e-02
4.892077122010051599e-02
4.877165886461850425e-02
4.856767827404264576e-02
4.828566267191339301e-02
4.816219930384917775e-02
4.803201026613107549e-02
4.791589024272985275e-02
4.773807606370732148e-02
4.759975164132358716e-02
4.744573350379109600e-02
4.729457651639346755e-02
4.713055428919382672e-02
4.697484381376687557e-02
4.680474788422995386e-02
4.663756361012715013e-02
4.647979117051256881e-02
4.632229893034604112e-02
4.592834426416733673e-02
4.561221615152994541e-02
4.545769523278470753e-02
4.528823995293843052e-02
4.514058205610319702e-02
4.499569644037623023e-02
4.487744933368501693e-02
4.470109873472563611e-02
4.453273162549274689e-02
4.439620186804508345e-02
4.420939455368277232e-02
4.402888604491138336e-02
4.388118226418863399e-02
4.371804270869744657e-02
4.352849584570944730e-02
4.330270737557148641e-02
4.313028099542403487e-02
4.297562087011867066e-02
4.281274313661655867e-02
4.265141756720263605e-02
4.233172353195222698e-02
4.198244362609743208e-02
4.175302739125937024e-02
4.152369154877560281e-02
4.111862999656862305e-02
4.072147409842402643e-02
4.047661657855515516e-02
4.022610882113086123e-02
3.981909995962300969e-02
3.943248545566013091e-02
3.921738419893697203e-02
3.902489364421816292e-02
3.879906131503275263e-02
3.849704692339802475e-02
3.831890215655472942e-02
3.801645966897801432e-02
3.787611870399319736e-02
3.771983397489318129e-02
3.758709172491386113e-02
3.746792737936863182e-02
3.731776883052237426e-02
3.702822473662844421e-02
3.690033509109703208e-02
3.677750688975144761e-02
3.666993937587191554e-02
3.656427920175268215e-02
3.650909600526982407e-02
3.640213727141115158e-02
3.628694498059421847e-02
3.615361666627057297e-02
3.603747540297798369e-02
3.586279094315959759e-02
3.571417110428141972e-02
3.550250680085471205e-02
3.526927663420898612e-02
3.509180904462660261e-02
3.493227042501095142e-02
3.483502119525196117e-02
3.475071997521659434e-02
3.466995084171251712e-02
3.459484892219480412e-02
3.453684697194422948e-02
3.447465672164516659e-02
3.441724836304694418e-02
3.433677904931514008e-02
3.424471521018158243e-02
3.418112496796466698e-02
3.408814012936997595e-02
3.399449257427438614e-02
3.388950793391021926e-02
3.378399951065091944e-02
3.370302692969971009e-02
3.361733975252687023e-02
3.349364218460521014e-02
3.338885740109710787e-02
3.328826462775275746e-02
3.320093234914756747e-02
3.312929131716889353e-02
3.305677656055312774e-02
3.295882739961106256e-02
3.285970681601688148e-02
3.278408539338272670e-02
3.270487501837911898e-02
3.263601295873882341e-02
3.257106544179894786e-02
3.251062994930008221e-02
3.245065321103032113e-02
3.240851994098137984e-02
3.236620047390442734e-02
3.231440528580008242e-02
3.226327800430700554e-02
3.221913402445508029e-02
3.215964036479341398e-02
3.209426719841415587e-02
3.204648533921532899e-02
3.198394322161280529e-02
3.191108662318627859e-02
3.183664467779443591e-02
3.176198692859458911e-02
3.166377371290791248e-02
3.160496356754931291e-02
3.154705062534409604e-02
3.147689411038497032e-02
3.141806601426296724e-02
3.136726056079851277e-02
3.131088565531249535e-02
3.125677733107846967e-02
3.121353456691499870e-02
3.112050525719231922e-02
3.101772875742335109e-02
3.097624672204876348e-02
3.092425596304135271e-02
3.087834496147235860e-02
3.082932645525823107e-02
3.078048547505662577e-02
3.073190145934282316e-02
3.068270231297847220e-02
3.063061374348437227e-02
3.058982097440883507e-02
3.055362131767394573e-02
3.051564690948148362e-02
3.046175978940875162e-02
3.042017030411029929e-02
3.033847230069728826e-02
3.026788280129290992e-02
3.022928993467675560e-02
3.018932026592509310e-02
3.013713808299782471e-02
3.008591504719670962e-02
3.004371207373203456e-02
2.998658588912336831e-02
2.994485574076748494e-02
2.989578736820413390e-02
2.981706190683921717e-02
2.975338725306908225e-02
2.969360107356850548e-02
2.964384640515539682e-02
2.959495345386910226e-02
2.954078671668761494e-02
2.948399696839854034e-02
2.944367767716206744e-02
2.939725366867404835e-02
2.936373780107249740e-02
2.932585402321803009e-02
2.920382105970259490e-02
2.906205251344143661e-02
2.900996215111685539e-02
2.896004474067306531e-02
2.892653471646217112e-02
2.889299483769248653e-02
2.885383698552255322e-02
2.881183557245906024e-02
2.877584659482093285e-02
2.871324144790108127e-02
2.866578909857868049e-02
2.862331723453068189e-02
2.858348984408976348e-02
2.855017117440119753e-02
2.851790605041654852e-02
2.848463050957702677e-02
2.845159287213772092e-02
2.841609923877077420e-02
2.836935620487858814e-02
2.831679369629686374e-02
2.827449455623106539e-02
2.824218845366758060e-02
2.821028182090089612e-02
2.817528654979347888e-02
2.814121027576982001e-02
2.811189205319470502e-02
2.806857301541169220e-02
2.803034506678195314e-02
2.799407677787461510e-02
2.794877018165871016e-02
2.790234513729442090e-02
2.786249142808734647e-02
2.782449288646616017e-02
2.778839443187431854e-02
2.775550661122187443e-02
2.771912981149492888e-02
2.765270596447269580e-02
2.760401855859338782e-02
2.757638191634704736e-02
2.754966874935543819e-02
2.751653131955443879e-02
2.748370849315827716e-02
2.743844582473613236e-02
2.740103515708957813e-02
2.737436007967796250e-02
2.734396418265543083e-02
2.731336743019757707e-02
2.727085054243810411e-02
2.722811584380211911e-02
2.719425746031713803e-02
2.716115831913680154e-02
2.711664341602207373e-02
2.707612744465649063e-02
2.703996650653059386e-02
2.700589637885932037e-02
2.697603879400747515e-02
2.694904425431463024e-02
2.692270560762626344e-02
2.689653528607697033e-02
2.683097353053595993e-02
2.676684843218093621e-02
2.671302274512034683e-02
2.666741309562367310e-02
2.660414172729630086e-02
2.653652154300634516e-02
2.645672167400137803e-02
2.638145519265370359e-02
2.629496084243007278e-02
2.621412497623017146e-02
2.609906243805065057e-02
2.598160540154822312e-02
2.585406278901698426e-02
2.573357528639007991e-02
2.561216806964616496e-02
2.549524948592774010e-02
2.544184323162099540e-02
2.538855504822006698e-02
2.536212013731986917e-02
2.533961501219484172e-02
2.531700478889996678e-02
2.529033421571086349e-02
2.525629689590749849e-02
2.522147178585991412e-02
2.519741492870524249e-02
2.516061743838398507e-02
2.512284879824170161e-02
2.506205650753414588e-02
2.501782395909466980e-02
2.499125636322435673e-02
2.496497515497957814e-02
2.493964048199006148e-02
2.491431959327478074e-02
2.489153724043556559e-02
2.486773756999164156e-02
2.484959700829556320e-02
2.482935271732331084e-02
2.480987308334315841e-02
2.478873746794067398e-02
2.476580393319600254e-02
2.474476690927118749e-02
2.471518354691236430e-02
2.468677850888554084e-02
2.466805601904183826e-02
2.464365717595594710e-02
2.462094712586335860e-02
2.460091834557674370e-02
2.457819604108365044e-02
2.455844443482900832e-02
2.453790110419095533e-02
2.451859330449105215e-02
2.447895431411331590e-02
2.445455790575150334e-02
2.443081556402599760e-02
2.440985552019349011e-02
2.435096862379348623e-02
2.428522854764986194e-02
2.422923070296638393e-02
2.417752187381872267e-02
2.411383406487815559e-02
2.404734590180530873e-02
2.399603883734170370e-02
