5.523114807950274367e-03
1.476793110959518599e-03
9.022909775752258835e-04
5.861133256626048244e-04
4.136553754791158131e-04
3.098253123574818487e-04
2.492369056963185175e-04
1.781608281433210512e-04
1.141462017891883873e-04
9.836003802856887373e-05
8.504572473070509155e-05
7.310193040103185624e-05
6.254343502753359604e-05
4.776669716059724660e-05
3.796250727956549460e-05
3.411488545236817754e-05
1.879624566143898336e-05
1.552699485992669877e-05
1.502669895104508392e-05
1.449220190146263324e-05
1.415540273802440684e-05
1.375147874509352668e-05
1.342577307996968218e-05
1.298266703613036650e-05
1.252529321382027857e-05
1.207360725357505560e-05
1.170567141092652937e-05
1.154250611830246740e-05
1.140543406977454463e-05
1.110581231118208912e-05
1.082521027653946738e-05
1.069781174800201185e-05
1.055159399767144645e-05
1.036172241340370789e-05
1.008445688987682010e-05
9.841233783356800080e-06
9.727256916973671164e-06
9.634750147702545389e-06
9.469425860866312816e-06
9.339459640824716413e-06
9.127747585889351567e-06
8.945539052064102546e-06
6.245031968841251368e-06
6.057111049580069920e-06
6.009963137398376174e-06
5.949456717745044219e-06
5.897945114382292082e-06
5.366695710721900461e-06
5.144461571182700855e-06
5.090128363431187472e-06
5.048656731685447330e-06
5.026141097873444641e-06
5.008741864075924045e-06
4.992306620286137386e-06
4.955282313579981583e-06
4.926289673753019782e-06
4.900060554749592556e-06
4.879529081703312176e-06
4.806073080165202127e-06
4.730108578004304011e-06
4.637720173913395324e-06
4.560334908742876041e-06
4.517171470731685464e-06
4.477780717997181361e-06
4.461851106841191691e-06
4.425375360598815443e-06
4.387621163984590185e-06
4.353306097843826808e-06
4.323541570311285461e-06
4.305846495214309630e-06
4.276129571678751464e-06
4.251862296633376008e-06
4.233864236300694680e-06
4.185678100458684620e-06
4.148188545451214238e-06
4.134802331335458802e-06
4.117129877652879230e-06
4.096931540271763918e-06
4.082139034914262998e-06
4.068029142867458190e-06
4.058071088760352145e-06
4.016840597836410317e-06
3.967794932320304853e-06
3.764067197917960950e-06
3.548812920214915635e-06
3.536418768650448918e-06
3.526765057012612358e-06
3.513209715146107541e-06
3.491409684767242569e-06
2.792315047951320899e-06
2.459664767010621076e-06
2.447002964723850415e-06
2.434058283704292746e-06
2.425036637168296439e-06
2.420414521160536243e-06
2.403766092289047448e-06
2.385764268813912339e-06
2.367990985489944017e-06
2.353073478675706667e-06
2.321993762634273931e-06
2.278107251435967848e-06
2.269244177704921010e-06
2.259069451185717412e-06
2.252704970172007481e-06
2.247066285637782392e-06
2.238641075161514435e-06
2.231557552825279996e-06
2.198351481566523230e-06
2.155914824949492556e-06
2.116109604901877967e-06
2.078010901691148706e-06
2.073519970123795081e-06
2.069679837490239250e-06
2.065848884140935762e-06
2.057630290516869221e-06
2.052150871808446996e-06
2.038020519115263619e-06
2.024880913994889312e-06
2.018660229400556675e-06
2.012340263837172458e-06
2.005545566861500288e-06
1.998645629724370764e-06
1.990714782463716974e-06
1.978309730832094368e-06
1.971600420617827672e-06
1.964007009719460546e-06
1.920388697032325574e-06
1.898180839698968353e-06
1.893314227130079682e-06
1.888542043060109635e-06
1.855078896037527720e-06
1.809686915328160343e-06
1.786996827725154678e-06
1.759336412031903057e-06
1.738954855532176427e-06
1.727234843461759833e-06
1.714389161567483502e-06
1.697936030887275398e-06
1.681998381640439603e-06
1.676517882370371112e-06
1.671662677268432839e-06
1.667991223283895571e-06
1.664591956503460456e-06
1.658648710990634227e-06
1.652172435688527350e-06
1.647370495141994813e-06
1.642870868237597789e-06
1.428862170701548456e-06
1.232854139770151430e-06
1.226175828912347650e-06
1.221521649227248929e-06
1.178507362116017728e-06
1.149370969709966707e-06
1.142560527931869373e-06
1.137358689083590582e-06
1.134102999368947061e-06
1.128466526318105120e-06
1.122905200025884367e-06
1.117490485102029561e-06
1.112328384771594680e-06
1.109973583693239034e-06
1.108353444596069309e-06
1.104030745237164748e-06
1.098676739878300922e-06
1.093128095457862938e-06
1.087735632452281562e-06
1.023637780668456664e-06
9.720200974833016729e-07
9.389393025751845766e-07
9.216596888647818763e-07
9.149695738123087054e-07
9.130404714381072943e-07
9.114125511267656497e-07
9.097384290666781269e-07
9.077071897342509740e-07
9.061065097787575333e-07
9.046601679420092951e-07
9.032109364604616750e-07
9.018956029219462653e-07
9.007601848724272130e-07
8.993903110543460826e-07
8.965536572565569051e-07
8.933669989739595914e-07
8.867669178972275693e-07
8.804558595626193452e-07
5.965177898836543875e-07
5.533754569004570922e-07
5.455088848820859705e-07
5.443701145174567024e-07
5.400112498396955845e-07
5.345742840876627526e-07
5.333453621169187687e-07
5.322523767195625433e-07
5.312892908116860574e-07
5.300480100719410419e-07
5.289647314553338923e-07
5.274756328344549775e-07
5.262352256521842632e-07
5.242654983391347302e-07
5.225170391025829447e-07
5.204526057451046601e-07
5.184373045868229334e-07
5.169237952757559183e-07
5.153768966270148850e-07
5.126643980391703026e-07
5.097669749282618447e-07
4.866449889833043065e-07
4.661655705287492748e-07
4.543759102459627072e-07
4.445093349763675403e-07
4.407970771560059073e-07
4.386309313516758969e-07
4.368221381439773798e-07
4.356282079484895459e-07
4.349778101511839905e-07
4.344097025351712064e-07
4.332223042432759662e-07
4.320380430555879576e-07
4.162164738134135426e-07
4.033315978294814935e-07
4.024565045088088162e-07
4.017594193727280364e-07
4.013186515960490115e-07
3.997751149357052875e-07
3.981095088487356139e-07
3.973105037213665308e-07
3.967292891310921075e-07
3.958330904420416703e-07
3.951175540919119966e-07
3.944851859115769483e-07
3.939178874686752752e-07
3.894913750173687155e-07
3.852170143867031236e-07
3.843353623707333207e-07
3.836654103858541791e-07
3.812015347465864912e-07
3.791339297833576087e-07
3.782470697933735665e-07
3.772284722548957848e-07
3.747796918779246250e-07
3.721583090107033984e-07
3.715597284030282215e-07
3.708771724928700043e-07
3.701134361338198173e-07
3.694826807909590794e-07
3.682871094931910407e-07
3.673726626083559587e-07
3.670141434958879176e-07
3.163364676126303247e-07
2.860915959250562805e-07
2.850800777184909036e-07
2.837317951713687016e-07
2.830200310616169973e-07
2.824005544199133399e-07
2.817977706729432774e-07
2.811634659520208088e-07
2.804054669653532044e-07
2.798679810138958524e-07
2.791870578580195126e-07
2.785878587172987016e-07
2.764011078518931749e-07
2.740325064111354038e-07
2.737214741060363409e-07
2.714763566536359589e-07
2.691543989741029941e-07
2.335817175559443434e-07
2.108589273711775623e-07
2.100787148878300570e-07
2.096484512423206617e-07
2.092149052863538978e-07
2.087121452730395813e-07
2.082748427371233415e-07
2.079940499166947850e-07
2.078018095888979812e-07
2.075830334401637951e-07
2.068883782322420221e-07
2.063237021873491224e-07
2.059262056945707387e-07
2.055656863213573139e-07
2.053084063849069300e-07
2.051036703005254654e-07
2.030653508034469326e-07
2.007073029028398276e-07
2.003828525756095451e-07
2.001423110016177101e-07
1.998013640947627908e-07
1.995124644040501832e-07
1.880307778246731136e-07
1.777715017512181437e-07
1.773254775953030581e-07
1.769983365800592621e-07
1.767444194815294381e-07
1.764566600266314708e-07
1.762307485343147068e-07
1.759608879385180743e-07
1.757434242763370249e-07
1.745994961868874303e-07
1.735856506689766734e-07
1.734424965766085979e-07
1.730465211732695730e-07
1.726975847231725920e-07
1.716816930982833899e-07
1.707923753279159631e-07
1.704031304904995370e-07
1.701582001256144484e-07
1.699209204201577540e-07
1.696031048236303998e-07
1.693840518362841550e-07
1.692166593593873507e-07
1.690594293735736903e-07
1.689277134642534712e-07
1.687386813755977492e-07
1.682300879794850406e-07
1.676792355448523098e-07
1.670390209407422511e-07
1.664736987389448483e-07
1.651313850145367448e-07
1.637540662114877947e-07
1.623453138291397594e-07
1.615744451138177107e-07
1.610066664587394783e-07
1.604330663198740971e-07
1.603041318671794963e-07
1.601253082171249500e-07
1.599477296691833917e-07
1.598440344776032358e-07
1.596886438303795087e-07
1.592574103139877678e-07
1.589047753314044301e-07
1.586494754859685132e-07
1.580944588602402090e-07
1.575307606793918780e-07
1.570344253229497423e-07
1.565626369518322047e-07
1.552167352929046526e-07
1.539067634254440727e-07
1.536962875445080205e-07
1.535114522003955305e-07
1.532814487701451115e-07
1.530724567315086338e-07
1.529003785404341724e-07
1.527370056908700535e-07
1.522950971602427346e-07
1.518271787761913574e-07
1.367510556593988101e-07
1.281475398897495458e-07
1.278467229979906998e-07
1.275613552295930752e-07
1.273766333208216781e-07
1.271885994210504591e-07
1.270711501523634147e-07
1.269526150657671502e-07
1.268370617583613783e-07
1.264383698732114523e-07
1.254017898709739653e-07
1.247217350495324105e-07
1.228241346300322630e-07
1.207159051220030059e-07
1.205465397353118651e-07
1.203414795324320158e-07
1.201830836720741312e-07
1.200662324411106772e-07
1.199475969900487165e-07
1.197656632703477807e-07
1.196028295398221217e-07
1.195300836847145898e-07
1.192760319764599212e-07
1.190176454640537599e-07
1.186241126634539745e-07
1.182024172012692351e-07
1.175300677219976352e-07
1.169132813493620971e-07
1.160890510018026064e-07
1.151804207132449713e-07
1.142229654485503556e-07
1.133356572097458616e-07
1.131878416653046354e-07
1.130637837962647896e-07
1.129859550648388623e-07
1.127887971555718115e-07
1.126184342887784091e-07
1.123924306943592716e-07
1.122033976130952981e-07
1.120373824505852464e-07
1.118772596338300988e-07
1.115804696457658665e-07
1.112975974575128315e-07
1.093635283004275987e-07
1.077927841190782625e-07
1.060160799707029834e-07
1.039908971002637050e-07
1.037076608456989783e-07
1.034583392494804632e-07
1.033930841886829203e-07
1.033257144323484230e-07
1.032123836040025561e-07
1.030495832162113892e-07
1.028309933374327837e-07
1.025248960883688362e-07
1.024198449650459217e-07
1.022339943913755095e-07
1.020598080444340451e-07
9.910943693123629166e-08
9.675951807223942933e-08
9.636613582539811524e-08
9.623776581986499985e-08
9.612133799578223861e-08
9.605812971864667158e-08
9.543032138396411263e-08
9.499346611925066373e-08
9.485085070163281202e-08
9.473928859194795412e-08
9.438840781407685925e-08
9.410281618203382564e-08
9.397981386092329009e-08
9.390372687384318479e-08
9.378484499925240998e-08
9.358732911401785286e-08
9.349048943043429668e-08
9.345303727287029911e-08
9.338023778666204292e-08
9.331008322968078205e-08
9.325180309729175965e-08
9.318870546706510109e-08
9.304423003164271214e-08
9.293882510525486480e-08
9.287600694497150160e-08
9.281641801235753209e-08
9.274227454742503132e-08
9.266918524286891349e-08
9.260092185218681298e-08
9.252355259248716337e-08
9.247149280466674746e-08
9.178397358912176899e-08
9.110948277690719565e-08
9.065109383463181789e-08
9.027461623455034765e-08
8.996100448009178474e-08
8.961204343874402743e-08
8.941683430337554973e-08
8.923000125156104551e-08
8.916287880345312518e-08
8.909029430212973716e-08
8.869019859405816564e-08
8.814772538795494473e-08
8.794703492033331659e-08
8.754039304341309669e-08
8.746870434888721856e-08
8.739661874377343938e-08
8.734355120040801214e-08
8.730156873355572271e-08
8.722152745144732207e-08
8.716630362718378731e-08
8.685518757044453837e-08
8.660339396266572370e-08
8.654260992734204073e-08
8.647297874608383431e-08
8.639434491234075222e-08
8.632990770590942278e-08
8.629359571524643108e-08
8.622253183544099360e-08
8.613362822640197675e-08
8.609365367661587571e-08
8.602626831546435663e-08
8.539478113689269147e-08
8.487704221284630996e-08
8.482864441979346318e-08
8.478122162305044105e-08
8.473880371278849741e-08
8.470272053516410239e-08
8.462252526124219301e-08
8.453825388143103823e-08
8.443864969591908304e-08
8.435395850177336655e-08
8.426881706365657372e-08
8.418814878103781122e-08
8.415635875530439198e-08
8.395797873270524701e-08
8.379042301065143639e-08
8.360618557666464658e-08
8.344854834044604320e-08
8.323758018046977189e-08
8.304734261650811210e-08
8.290461609464870254e-08
8.276203116374179538e-08
8.237016846593558222e-08
8.192778253298663533e-08
8.187460065337442989e-08
8.181273504449400313e-08
7.904257631030691930e-08
7.641612533987492573e-08
7.627617155178664244e-08
7.616142270527900407e-08
7.590927723623866088e-08
7.567200116666416930e-08
7.562814444921485790e-08
7.558148735591877106e-08
7.553552256899990991e-08
7.548665011120970239e-08
7.544329687716084812e-08
