9.603436233323270343e-01
8.757956106866695567e-01
7.798931472832054679e-01
7.335404760447218342e-01
6.673459237636323316e-01
6.207297953594683726e-01
5.691958836212444028e-01
5.410563550839053715e-01
5.142681572305025650e-01
4.935915848713114951e-01
4.751335733619424517e-01
4.583848773466150384e-01
4.341143279116665421e-01
4.142625268986513953e-01
4.056205327997761678e-01
3.949990382859649984e-01
3.859058794407590476e-01
3.798913349035661358e-01
3.727607915296614061e-01
3.666465516585597495e-01
3.589856277410117258e-01
3.510578195697704462e-01
3.428073999215175416e-01
3.352850669314411114e-01
3.230776169695375732e-01
3.127571669074498684e-01
3.075405484438318293e-01
3.021977775982001568e-01
2.980334549523029342e-01
2.946148405808164950e-01
2.917824372964965551e-01
2.869429994963182962e-01
2.814143277799152632e-01
2.770332275612666928e-01
2.740542345835404459e-01
2.715062820473768124e-01
2.685219982464331911e-01
2.657245794156819496e-01
2.628154034827003827e-01
2.596859268505401497e-01
2.560404620321570790e-01
2.527160948573514698e-01
2.492093178919586871e-01
2.451143280272120306e-01
2.420626563204408832e-01
2.385450050996181237e-01
2.363138731707762064e-01
2.318082439603529332e-01
2.283379714337794852e-01
2.258517680354731327e-01
2.209539684941717042e-01
2.173662674447112420e-01
2.148812845095920687e-01
2.125383535809001745e-01
2.108768362513941952e-01
2.094034500298836698e-01
2.080683903175553351e-01
2.065904938288052051e-01
2.052834055909404654e-01
2.034602554565952404e-01
2.017153498690498481e-01
1.993964582691163667e-01
1.974988516234542635e-01
1.943057915485764675e-01
1.916308192489988294e-01
1.901255511982421487e-01
1.878741117597075572e-01
1.862109905216851324e-01
1.843257730408359996e-01
1.825218183481015777e-01
1.806206535535118396e-01
1.784277197088470213e-01
1.764799604868430294e-01
1.733539643336407809e-01
1.706527808359803167e-01
1.696107005660910660e-01
1.684905537115240770e-01
1.668372856497060408e-01
1.658064816472906711e-01
1.646799136049692525e-01
1.636476851339541683e-01
1.615573395995065498e-01
1.596634315112413216e-01
1.569836465159884509e-01
1.545545313051073788e-01
1.526455584771220786e-01
1.511619114043203926e-01
1.502728732438958770e-01
1.494428386780984608e-01
1.487545621254508788e-01
1.480288594974780436e-01
1.474232936868291322e-01
1.466580506875288514e-01
1.460450132974757398e-01
1.448781623905895932e-01
1.440589107739001506e-01
1.430464261131700887e-01
1.420994244207578472e-01
1.415573697392641661e-01
1.409772399676545440e-01
1.404886146201104746e-01
1.398725255964236858e-01
1.388728841707803918e-01
1.377025300232044003e-01
1.368708187078409577e-01
1.359927426788679061e-01
1.353995125804673960e-01
1.347883091569906933e-01
1.336381536974032558e-01
1.326158035175289407e-01
1.321208235553579524e-01
1.313589499457216980e-01
1.307404449913806832e-01
1.303265675893086062e-01
1.299340531494588558e-01
1.269671949234559005e-01
1.245461984555402135e-01
1.239361734836269685e-01
1.233666627210976002e-01
1.229160846292447623e-01
1.223316113506950492e-01
1.217461369093640888e-01
1.211156719358037065e-01
1.206728990450970512e-01
1.202392595941959436e-01
1.197632394761877078e-01
1.191162066778697903e-01
1.185787570573142297e-01
1.181853676655280766e-01
1.176609839241446881e-01
1.171752459587842854e-01
1.168357941506978775e-01
1.163811795464460563e-01
1.159891919481175759e-01
1.154652625395044818e-01
1.147211206142824819e-01
1.140758644030231417e-01
1.136367265355390649e-01
1.133010249586070273e-01
1.129612765852653633e-01
1.125939933162277279e-01
1.123067996225723258e-01
1.119317229165339572e-01
1.116021491724862869e-01
1.110641989113729661e-01
1.104987589971775513e-01
1.101393137070804384e-01
1.096682901244743352e-01
1.092376261725300640e-01
1.086432822085631467e-01
1.080027375446631216e-01
1.071515287168429698e-01
1.068927148216208406e-01
1.062811133769777233e-01
1.056246777132864301e-01
1.052360992819759422e-01
1.047751096878081212e-01
1.043122430714382848e-01
1.039264204565687744e-01
1.036117959224486518e-01
1.033086957198227629e-01
1.027824084150429640e-01
1.021821127204654706e-01
1.018460334053821192e-01
1.014124433825390470e-01
1.011080233858547284e-01
1.007304575931474849e-01
1.004842370383504241e-01
1.002103476791646602e-01
9.984755775409247247e-02
9.949893072663482108e-02
9.913111785693563827e-02
9.873733862543403184e-02
9.841153889001540145e-02
9.804384301937238422e-02
9.759212927915263125e-02
9.715178014780401217e-02
9.670569417591215466e-02
9.628089585975527220e-02
9.579667023725368935e-02
9.536718170631879044e-02
9.497846556864103507e-02
9.455848223559154553e-02
9.431455385172250738e-02
9.372895039692694108e-02
9.284202415126266428e-02
9.249134075801786203e-02
9.217932075770988998e-02
9.194724511772704723e-02
9.170578100908598207e-02
9.142533122200602325e-02
9.116558175100321348e-02
9.084779445546239951e-02
9.062248986039091181e-02
9.033457854767776296e-02
9.011432259083405893e-02
8.990577954637939129e-02
8.964586051808437484e-02
8.941638952739232316e-02
8.909100972067428292e-02
8.878267204627521281e-02
8.852351566825231166e-02
8.822038656942118862e-02
8.782849013824849116e-02
8.734925685289630926e-02
8.716504499827587571e-02
8.691660833889970628e-02
8.672165781745581892e-02
8.604006028089976332e-02
8.541947248432325834e-02
8.515584093926850673e-02
8.491618951793344916e-02
8.470840905438473123e-02
8.450967513721231728e-02
8.352869239770145671e-02
8.239926857293568274e-02
8.217513631596377877e-02
8.192811993984029650e-02
8.165223289918092930e-02
8.146810547426991400e-02
8.122851950277665267e-02
8.099619122529121140e-02
8.071299554307447000e-02
8.053931198142480485e-02
8.033627370942990342e-02
8.016939709458037466e-02
8.000216432032664082e-02
7.981187366087709456e-02
7.961136269627862305e-02
7.940260022282533137e-02
7.923701633664846644e-02
7.895887869470011311e-02
7.870355804056054783e-02
7.848894774553960563e-02
7.828515707980705784e-02
7.810001529484933425e-02
7.787609377796907151e-02
7.770369252009687311e-02
7.747646604519395352e-02
7.730608696108021149e-02
7.709261056341512597e-02
7.695558774729940876e-02
7.674579680803744752e-02
7.656926991120632797e-02
7.635605061416321504e-02
7.612775713669912847e-02
7.590098446477366867e-02
7.563927375452685065e-02
7.545845588724180153e-02
7.527716191767777620e-02
7.506290106314887633e-02
7.479975246933605326e-02
7.463540064334681090e-02
7.431153432466380826e-02
7.410634553123957025e-02
7.392125451292852478e-02
7.372561549477549270e-02
7.355761383329328940e-02
7.330243264280615623e-02
7.311108849616132499e-02
7.295794087564769215e-02
7.280386756202344989e-02
7.248577883601298177e-02
7.216859915422610405e-02
7.199786994276434482e-02
7.182845810364754668e-02
7.164068714740610966e-02
7.144526759446008513e-02
7.062981317238307966e-02
6.967269099589615267e-02
6.939357014687375091e-02
6.919686942708305755e-02
6.904782293927649861e-02
6.870851408983527642e-02
6.842971250594494237e-02
6.817656930839766094e-02
6.785550919322982932e-02
6.766384407601112871e-02
6.741988879767443765e-02
6.726670120177685730e-02
6.713666579106597476e-02
6.693714883457296816e-02
6.676047106554675037e-02
6.658305490177382491e-02
6.641112075201374698e-02
6.626764167986534670e-02
6.609241353784803263e-02
6.588873966746663924e-02
6.569591842640624957e-02
6.556959305409151839e-02
6.538676944787165379e-02
6.526095752678995332e-02
6.513043360548743943e-02
6.495559116772514630e-02
6.475673350828368979e-02
6.461042770791626533e-02
6.442668573176059399e-02
6.426195741313439624e-02
6.409945292234682512e-02
6.392027434571428968e-02
6.374650678421840688e-02
6.362116847415977272e-02
6.347549375914632308e-02
6.337923505577611194e-02
6.325759870367529680e-02
6.314503501477845837e-02
6.301530850273245887e-02
6.291274787050959993e-02
6.272262527423286271e-02
6.246145387610069211e-02
6.217611955570162552e-02
6.206724443586930651e-02
6.194652221603001024e-02
6.184419684209507134e-02
6.174820214259153089e-02
6.157055086184924642e-02
6.137018127227534398e-02
6.116236368759774694e-02
6.095814431752652474e-02
6.078210558725519186e-02
6.054879924012084025e-02
6.034144019635532402e-02
6.013751357766469741e-02
6.000760830754460484e-02
5.985689902824661152e-02
5.974786821372747581e-02
5.958092681655029199e-02
5.945510914041616385e-02
5.933907477938563102e-02
5.920669556540445605e-02
5.906829424028246095e-02
5.888635887949479619e-02
5.873090567904769993e-02
5.854045761445995921e-02
5.839528911248648840e-02
5.824983031026211705e-02
5.808521901076185712e-02
5.797295444399443859e-02
5.785311422579483831e-02
5.774305387832871783e-02
5.758708204374544254e-02
5.742910662646900921e-02
5.732074541675739876e-02
5.720857634847790335e-02
5.707209298706981959e-02
5.693447442707511713e-02
5.684194216914462139e-02
5.674634157219613645e-02
5.659675708851596987e-02
5.640302871475121049e-02
5.629169120017649824e-02
5.617787361571428828e-02
5.606523850492011601e-02
5.595703734081722974e-02
5.585040365834798709e-02
5.571196196430752701e-02
5.548585277466775573e-02
5.527324260108684023e-02
5.516282881379346026e-02
5.504295818951135399e-02
5.493830666341027735e-02
5.483288793719785781e-02
5.471933819468779991e-02
5.459897201062623162e-02
5.448223452343042145e-02
5.436413944508799306e-02
5.424487368937759568e-02
5.412065117893406774e-02
5.402240103157904261e-02
5.387034175943730685e-02
5.376774417030730224e-02
5.368359202866226920e-02
5.352787412843158094e-02
5.336844485274652022e-02
5.327474424206547765e-02
5.319652144825895435e-02
5.309444544995419596e-02
5.295786738458376636e-02
5.287340134734530572e-02
5.278570400064030999e-02
5.267803302206010285e-02
5.261222589647098630e-02
5.249905649589307194e-02
5.241075359362511177e-02
5.234224538789413600e-02
5.227017299189308519e-02
5.213503849110323607e-02
5.191361679551182579e-02
5.183799454163055126e-02
5.175454438270474938e-02
5.165442450394495261e-02
5.157564665587479474e-02
5.151456480627568391e-02
5.142318434815955353e-02
5.131368060730108482e-02
5.120910159307812126e-02
5.111032370217049453e-02
5.101795457734998457e-02
5.094156029958967630e-02
5.085635923491733240e-02
5.077158168231832303e-02
5.066469712485024285e-02
5.055271490795455736e-02
5.040307084767892132e-02
5.029150751927491392e-02
5.016524274858357585e-02
5.008294893067914699e-02
5.001735791882146870e-02
4.992766906227749657e-02
4.982237835515074958e-02
4.957599735952603059e-02
4.933218036385483840e-02
4.923668608010948328e-02
4.915239133320023490e-02
4.907842542423916654e-02
4.899881528802196851e-02
4.893477871589873435e-02
4.882777708201761074e-02
4.874059694837409862e-02
4.866291611263533212e-02
4.853494210569497119e-02
4.844387145263106403e-02
4.835141774698992201e-02
4.828713715634931625e-02
4.822378126364719464e-02
4.816083465913048589e-02
4.809855373563153014e-02
4.802091378624922385e-02
4.793510970230459300e-02
4.785681648236193853e-02
4.777323203912923338e-02
4.770033003803082067e-02
4.762066942052094187e-02
4.750004646210711362e-02
4.740233822127109392e-02
4.730873742098566648e-02
4.719695022385289596e-02
4.712275318393994994e-02
4.704223554143467656e-02
4.696954147935232526e-02
4.690503900230016954e-02
4.682215061610189161e-02
4.674531164157016971e-02
4.665108905444122905e-02
4.654850565953110031e-02
4.646029360335464375e-02
4.636432120387060790e-02
4.622347624536927990e-02
4.606944798254174883e-02
4.602332543209484289e-02
4.594499663354228991e-02
4.588470928283038680e-02
4.583173484359354816e-02
4.575828813681135504e-02
4.568008061881633636e-02
4.561116795168088101e-02
4.554861761590066338e-02
4.547885946418163405e-02
4.542077744824148111e-02
4.535544143463562938e-02
4.529830690346278027e-02
4.524274077065584126e-02
4.519090164185853714e-02
4.512851482040367013e-02
4.506649708907763119e-02
4.495935564384848093e-02
4.489239925779295315e-02
4.484273414276541275e-02
4.478144683075507143e-02
4.472695907740775745e-02
4.466373111284444031e-02
4.459564293268539897e-02
4.450745087000666789e-02
4.442413590748008068e-02
4.437051175306881007e-02
4.429054165107423890e-02
4.423599713569920794e-02
4.418805382468913440e-02
4.409462395219782005e-02
4.395680965909157245e-02
4.390144484547232190e-02
4.382814882132673312e-02
4.377727260946119581e-02
4.371439014122494027e-02
4.365661306264370656e-02
4.358735948903432605e-02
4.352373885518175112e-02
4.346513074331885551e-02
4.339821551740681571e-02
4.330274539966509628e-02
4.320589080910648694e-02
4.313586727596330911e-02
4.305936706671097125e-02
4.300008193708809712e-02
4.293901970752229263e-02
4.275039511485315830e-02
4.256329017683906091e-02
4.249052942577238173e-02
4.243511271705293492e-02
4.236387335252227854e-02
