1.419068375449410863e-02
4.613930552547804848e-03
1.543073427287780085e-03
7.960292864921588449e-04
5.122921035913876589e-04
3.035318953575609382e-04
2.238852577579645241e-04
1.505152355816595316e-04
1.197196524865333468e-04
9.171187365903222079e-05
7.993362581303647854e-05
7.492757718531413359e-05
6.994664747960654884e-05
6.352129890597884318e-05
5.834149018605132525e-05
5.505876204330429328e-05
5.212713104454277507e-05
4.834564924001857032e-05
4.554676314665029156e-05
4.240943138764270286e-05
3.995261120627259841e-05
3.555245245066047542e-05
3.286254311601036107e-05
3.174202551384485018e-05
3.015830878363434122e-05
2.905101025335220732e-05
2.592524513929644875e-05
2.370056616167147615e-05
2.149517287046739499e-05
1.905821623181601124e-05
1.845385094778744469e-05
1.806741972876196501e-05
1.783996724172144628e-05
1.748362525126320787e-05
1.715662933168551560e-05
1.698162881203281075e-05
1.682147166076645715e-05
1.659776288307419063e-05
1.640067396288854491e-05
1.618366755549122563e-05
1.588896823302814447e-05
1.573990726935849385e-05
1.558569767736266018e-05
1.541904584596054495e-05
1.526941941953400780e-05
1.508818553877044049e-05
1.493903140964891484e-05
1.468299432687489168e-05
1.445026840902798896e-05
1.436794523097033645e-05
1.422760324639318091e-05
1.409273685644394739e-05
1.388627017569818835e-05
1.370302502138190932e-05
1.305526961804541015e-05
1.249872064484345783e-05
1.224123256008033277e-05
1.201915454852588118e-05
1.182568201262651860e-05
1.166224787016699776e-05
1.155031183630255798e-05
1.144789199714511516e-05
1.139173467043671103e-05
1.130597094942815251e-05
1.124165115992448124e-05
1.114974377697145418e-05
1.107378424134402548e-05
1.102367799940878015e-05
1.087884580732247706e-05
1.076185557030673754e-05
1.056845609807215821e-05
1.040224453222928534e-05
1.024597389572347508e-05
1.010165399564418833e-05
1.006086519050147213e-05
1.002163361156834636e-05
9.900088712759557325e-06
9.786700427681491158e-06
9.706083845488423624e-06
9.613499578913369499e-06
9.564457691448580620e-06
9.529291300538445892e-06
9.141369827963930454e-06
8.780746284011554616e-06
8.663969761861354022e-06
8.583541532423179729e-06
8.473295732577002253e-06
8.390685253815080913e-06
8.353809971078631153e-06
8.317690570163063470e-06
8.284177729645525738e-06
8.249140626855675353e-06
8.208755715127818596e-06
8.178082010614653969e-06
8.134319974138509390e-06
8.092666458360950934e-06
7.865019919501922102e-06
7.616871661293387102e-06
7.503123305601304818e-06
7.436552380885626872e-06
7.411268370095976370e-06
7.390691619697306755e-06
7.363826945188524473e-06
7.319262048267366724e-06
7.299733903823092007e-06
7.208582868287813333e-06
7.137631526650735894e-06
7.068588830250355728e-06
7.017005113912119938e-06
6.920804759478141507e-06
6.841733777235299920e-06
6.808748656206776016e-06
6.786988726978285320e-06
6.752706689305117118e-06
6.727529437245248562e-06
6.698450914517497252e-06
6.669906599572488591e-06
6.570500897929567200e-06
6.498822335710715444e-06
6.406396156565272743e-06
6.329229090343633397e-06
6.301866399681920334e-06
6.281032922130854177e-06
6.196781009962520536e-06
6.141475569423276109e-06
6.117128165778962678e-06
6.098912952773548324e-06
6.073101393441388660e-06
6.051963221764789569e-06
6.031512984729643776e-06
6.012798087489008847e-06
5.995597093197950088e-06
5.980338363257291848e-06
5.969902864734642284e-06
5.918553640850376117e-06
5.825436614142900596e-06
5.787588258802768534e-06
5.753185136986142551e-06
5.735541902022028081e-06
5.718643725993121441e-06
5.700579648520315369e-06
5.684769212070916876e-06
5.671829831111806611e-06
5.659945474543082171e-06
5.629859037592428015e-06
5.601250372467427534e-06
5.557900579250952418e-06
5.520559183340079477e-06
5.508735292011982123e-06
5.487543032819239900e-06
5.471916470233088960e-06
5.456487874074183181e-06
5.441468375661309607e-06
5.425385122406913567e-06
5.363022284269592048e-06
5.318410685094771432e-06
5.251451582129410910e-06
5.203191993113001471e-06
5.181964763592200413e-06
5.171371503406196996e-06
5.158604070503875955e-06
5.147693718177539952e-06
5.110980554000749877e-06
5.082566879065679011e-06
5.060162485889048777e-06
5.045122547622435315e-06
5.038256770839231133e-06
5.018685721522323812e-06
4.992289766024901051e-06
4.981310974272340847e-06
4.965596084531642060e-06
4.958061324994212446e-06
4.950958005300285601e-06
4.943797445438144674e-06
4.931707973888981149e-06
4.915543333786546486e-06
4.900771907135273278e-06
4.893372251056336005e-06
4.877339444287382416e-06
4.861829239339374396e-06
4.854451248399774176e-06
4.843661101832711446e-06
4.836357099802043105e-06
4.827677607169041667e-06
4.818466978900898284e-06
4.802682294911431300e-06
4.785747342390164315e-06
4.771661046916905465e-06
4.758317522340002908e-06
4.744707974544401618e-06
4.732980176951632540e-06
4.727379495884973768e-06
4.713558660366996962e-06
4.700310104322860094e-06
4.693964230702538786e-06
4.684585805800706252e-06
4.679013409929647723e-06
4.670276786749666784e-06
4.661879262626698233e-06
4.655427468394231624e-06
4.648641029469384494e-06
4.625439363450625304e-06
4.597886414473344571e-06
4.585209432661619201e-06
4.574773301173030453e-06
4.565449188186991491e-06
4.557439594985995513e-06
4.535647172861573801e-06
4.516039472494802424e-06
4.492594583438494053e-06
4.470174294839358111e-06
4.453730053979574001e-06
4.440608703340134773e-06
4.431193513750468333e-06
4.425656967399620088e-06
4.420250633264281710e-06
4.412399704361280810e-06
4.406132079324436541e-06
4.398411952491538563e-06
4.390023440479163795e-06
4.385456569104136015e-06
4.379845462163823726e-06
4.372798082757824613e-06
4.368066285680432725e-06
4.356168341961173324e-06
4.348643201767450469e-06
4.337906324077951671e-06
4.326553135362257506e-06
4.313007725331355906e-06
4.300485824021920348e-06
4.290607838440350303e-06
4.277808282935377759e-06
4.273862761475100548e-06
4.268358557135273689e-06
4.257823870209426040e-06
4.247078498981289464e-06
4.240539522415530964e-06
4.233946135401503345e-06
4.226156730731488160e-06
4.220444685686725675e-06
4.216054360619440062e-06
4.212355609427477108e-06
4.199944420266094553e-06
4.187820289904308644e-06
4.181419956378030245e-06
4.173901010312356135e-06
4.168255681128639774e-06
4.160820367888458701e-06
4.153723007838354945e-06
4.147634464669657873e-06
4.143146177235331469e-06
4.138698821596167762e-06
4.133602835477918776e-06
4.129644316196589205e-06
4.113930993427687894e-06
4.100949185930930714e-06
4.096425731210521278e-06
4.088912144508857524e-06
4.082836551797694369e-06
4.072739627919165270e-06
4.063532108214430773e-06
4.053172757567439831e-06
4.044041763004176438e-06
4.028533647199026726e-06
4.005402862963502749e-06
3.993792876326825738e-06
3.985259440033983835e-06
3.978058396677655514e-06
3.970346844396134453e-06
3.965680931306803342e-06
3.961997054676249971e-06
3.942743298425926817e-06
3.925834844726079546e-06
3.866386040054821795e-06
3.799165478598133063e-06
3.792456521595286119e-06
3.788240421570644811e-06
3.783871507494410141e-06
3.778829520457722280e-06
3.773292455711628159e-06
3.769237749054629689e-06
3.765496826013278846e-06
3.761237697529317175e-06
3.757466048789228137e-06
3.752186453738209259e-06
3.747582957315301481e-06
3.743824219320429097e-06
3.739545804848960447e-06
3.735441078246006309e-06
3.732765737983725199e-06
3.729919464130192298e-06
3.696225719933327062e-06
3.647118364609571818e-06
3.643999008982305771e-06
3.640471673572415304e-06
3.636861727803165999e-06
3.631629521446988105e-06
3.629070279478338124e-06
3.621780291001531402e-06
3.615119055296588270e-06
3.608225990413750683e-06
3.601739898761268172e-06
3.596311749684472434e-06
3.591597625267613509e-06
3.589553278432323960e-06
3.585413990441312785e-06
3.574046812780240146e-06
3.565782153359948530e-06
3.557825930479447636e-06
3.549704812429810948e-06
3.540538358059951977e-06
3.531343279997438415e-06
3.524580350590120415e-06
3.518305135951555904e-06
3.516271997946739807e-06
3.512809181240284838e-06
3.508459824523833876e-06
3.505767894515456145e-06
3.493575355228075014e-06
3.485048476628859885e-06
3.475725614763674298e-06
3.468988974429341281e-06
3.464171857825031362e-06
3.458745196876386942e-06
3.455622705239173823e-06
3.451317686052631121e-06
3.445153350881812581e-06
3.441127315699382880e-06
3.435707405479174223e-06
3.429876895254403081e-06
3.427519385655035693e-06
3.421802376416025888e-06
3.416970189065411936e-06
3.406214411002821856e-06
3.399585726576216315e-06
3.391505383236909815e-06
3.385274265781247860e-06
3.378299049868983125e-06
3.371515596345750024e-06
3.369133342539418209e-06
3.363212531659985283e-06
3.358911158759978889e-06
3.354544174862834526e-06
3.350699697021736155e-06
3.340418482734763120e-06
3.332544808394220760e-06
3.329536780867764569e-06
3.323971766686309007e-06
3.320930282319315105e-06
3.319105000572862829e-06
3.313498204317874062e-06
3.308392556652026959e-06
3.306079916381601877e-06
3.301632080615013450e-06
3.298452571270399447e-06
3.294250221899065025e-06
3.289763830926709222e-06
3.287290104000058396e-06
3.284815523839607394e-06
3.282086142018309263e-06
3.279720019441352028e-06
3.277496240804760371e-06
3.274567899518380433e-06
3.271702355970156089e-06
3.270322667290696213e-06
3.267310573042225188e-06
3.264553305935055729e-06
3.261615928337977162e-06
3.257930912915847681e-06
3.253995362735534617e-06
3.249505409269182843e-06
3.247283103431962694e-06
3.240761528625723726e-06
3.234664979503853569e-06
3.232110614678254968e-06
3.228829720147941218e-06
3.223498737344193642e-06
3.219379032919747551e-06
3.213008596009434080e-06
3.207693446275581698e-06
3.205584686080141169e-06
3.203832700038489352e-06
3.171111414625810089e-06
3.149005624268269218e-06
3.140539790838618908e-06
3.135330714910175548e-06
3.130945182122332899e-06
3.127335312784993592e-06
3.124758564258135583e-06
3.122257198023300719e-06
3.118314176957052822e-06
3.115222866029075662e-06
3.107339469663059730e-06
3.099346956176141129e-06
3.095516015265474966e-06
3.092055769419273652e-06
3.087347791877465890e-06
3.083206971963686704e-06
3.078950091037685751e-06
3.075093537037382696e-06
3.073736242969444740e-06
3.061251919149648268e-06
3.043974772128437259e-06
3.042021672200516947e-06
3.039871559904120175e-06
3.037984142387851979e-06
3.036261618373531734e-06
3.009816348917374350e-06
2.989597193855374122e-06
2.985598674734410078e-06
2.982442279853465499e-06
2.980410470080744212e-06
2.975822844693488553e-06
2.970979027468173595e-06
2.967465435723533049e-06
2.964574326999114959e-06
2.963471924391808527e-06
2.959556191943136472e-06
2.955605664641111113e-06
2.952408369892957451e-06
2.949072825636191472e-06
2.922637482340181133e-06
2.896745679195477354e-06
2.892777820614660972e-06
2.890728960634623909e-06
2.889162773869645516e-06
2.887670538994580120e-06
2.880750737212237165e-06
2.873943722448459179e-06
2.869412199497607610e-06
2.865842886004592274e-06
2.861650573583388668e-06
2.858284620159741863e-06
2.849540214485812749e-06
2.842093397658576952e-06
2.839840406373085125e-06
2.837889989118686226e-06
2.836603455898771429e-06
2.834405129597142763e-06
2.831607954829583617e-06
2.829825550939438451e-06
2.824355988271480014e-06
2.818230222899408504e-06
2.815936403355055065e-06
2.812503523883402782e-06
2.810082291412074143e-06
2.808012440779915188e-06
2.805817430826635344e-06
2.803799138552997950e-06
2.802156236596660276e-06
2.800123175462798883e-06
2.796905481488647948e-06
2.794391821180745990e-06
2.777263150386674372e-06
2.763705618164313965e-06
2.758105433141576074e-06
2.753219155606898562e-06
2.751115403065758008e-06
2.748969978390274670e-06
2.747065282986527818e-06
2.745663090553384805e-06
2.742720992351398325e-06
2.740524925001666911e-06
2.733774840486383029e-06
2.726221968729449006e-06
2.722241391097646242e-06
2.718337263301658554e-06
2.712977447213669714e-06
2.708967378134113541e-06
2.706006709755245170e-06
2.703793754514459283e-06
2.702092358892347041e-06
2.700795354177759524e-06
2.696881871304462979e-06
2.692810967088949415e-06
2.691583334689332025e-06
2.689689721379165127e-06
2.688285453992672867e-06
2.686094733137042999e-06
2.683937920976952723e-06
2.682344674128993149e-06
2.680762618131431507e-06
2.679080183610266600e-06
2.677525130507128457e-06
2.667266322273887554e-06
2.659394638668480237e-06
2.654338812652535457e-06
2.650196390124709807e-06
2.648703257490257168e-06
2.644117368945997018e-06
2.640083242316040614e-06
2.638886409962239577e-06
2.637818977469139031e-06
2.636618191949105827e-06
2.635288853822901511e-06
2.634217062807972416e-06
2.632798642795091154e-06
2.631003511163292724e-06
2.629628217258603354e-06
2.628656736192894072e-06
