5.926280077138629254e-01
3.531445467487818735e-01
2.737326832093796569e-01
2.264381795462324098e-01
2.025511014341260241e-01
2.060229259857175588e-01
1.790309290442447521e-01
1.608798576474078645e-01
1.476073963304026515e-01
1.360237026327820176e-01
1.300346243489176601e-01
1.205261992854226305e-01
1.134674349067427146e-01
1.082000424137505717e-01
1.035090616447857659e-01
1.022716629026880486e-01
9.809898481355300293e-02
9.497974324026810244e-02
9.223820061423068650e-02
8.969328733981669910e-02
8.964701180530076918e-02
8.699146699564880292e-02
8.491493924415255412e-02
8.307187145415464991e-02
8.128887520532671052e-02
8.113792112923927380e-02
7.890743662033969374e-02
7.749629403195225363e-02
7.612342343008306200e-02
7.469461705482366431e-02
7.516225663824845082e-02
7.356455812373914604e-02
7.252396596007144869e-02
7.153388252243945977e-02
7.049845721758185579e-02
7.171188756365320938e-02
7.023662227085623877e-02
6.934538673807467968e-02
6.863312617415906480e-02
6.783820817871989706e-02
6.806512356038389722e-02
6.667056301142389174e-02
6.580846026286610306e-02
6.499305307239018614e-02
6.414697159833199214e-02
6.545460355865885538e-02
6.380450078904012501e-02
6.292931250708758140e-02
6.234549023565015557e-02
6.184166867671702511e-02
6.132572496479053725e-02
6.071738425145074836e-02
6.004290832468481970e-02
5.939431294712285009e-02
5.883182884448565075e-02
5.831282038602198653e-02
5.783315395985474255e-02
5.738171420516370580e-02
5.692931759998736546e-02
5.646382813027485403e-02
5.591441042013958057e-02
5.543903064237607620e-02
5.495891583733545499e-02
5.454846824051939186e-02
5.414060828580690571e-02
5.373172255755824522e-02
5.336392234525071110e-02
5.299887665240209794e-02
5.264463815204690339e-02
5.230738205653079342e-02
5.193598751040046091e-02
5.157364533546834190e-02
5.125046158811060598e-02
5.093803079912632981e-02
5.060266390655238783e-02
5.027413888055182883e-02
4.993598222101226780e-02
4.964645564810295231e-02
4.936267925464102313e-02
4.909015349539985751e-02
4.881704631037742798e-02
4.853598798159935307e-02
4.827300523368106833e-02
4.802542953445449597e-02
4.772600215802996065e-02
4.746105471330976100e-02
4.718975655349050280e-02
4.693919446933791234e-02
4.665859854201121620e-02
4.641014069362080913e-02
4.616474725636514342e-02
4.592686596211583566e-02
4.571237344981565059e-02
4.548810896697504103e-02
4.528114385538164338e-02
4.506904844847915703e-02
4.485199791641008432e-02
4.464547226529076013e-02
4.444669074945008236e-02
4.427425024607667403e-02
3.783900720022952829e-02
3.344618969761711802e-02
2.998463360648779760e-02
2.758364678184001620e-02
2.545387040427651154e-02
2.374532009300718560e-02
2.236552971750707317e-02
2.110665007754907591e-02
1.988326242268753999e-02
1.888119574883267635e-02
1.801736102427846375e-02
1.719976307988439063e-02
1.636560069776050660e-02
1.560263143405671467e-02
1.494608857317274511e-02
1.439858071251124035e-02
1.385268379444347560e-02
1.328233135045684375e-02
1.274435215774066821e-02
1.226303146747173556e-02
1.192234980383662622e-02
1.143249377927008439e-02
1.096465824725881277e-02
1.048458106619078699e-02
1.005034032213261361e-02
9.786796060899020586e-03
9.410716391595238400e-03
9.066086915302197860e-03
8.739396446426487761e-03
8.431972651251671766e-03
8.304067799751683326e-03
8.031233838045563969e-03
7.793409190684205679e-03
7.557143453674066737e-03
7.324343941061778503e-03
7.193868333767285475e-03
6.981976719801157028e-03
6.778949261763067211e-03
6.569462392832007246e-03
6.380941629003935092e-03
6.334789327520099975e-03
6.181474671885749464e-03
6.070737738335018653e-03
5.938940424006815960e-03
5.815664789200985715e-03
5.759363709178760837e-03
5.602368893025263911e-03
5.446548883831939768e-03
5.307171200168030872e-03
5.164453196653562631e-03
5.027380483659540066e-03
4.896654086191871633e-03
4.759640140038914370e-03
4.635385262315914329e-03
4.543933169696453070e-03
4.434235936144071029e-03
4.332997768789422638e-03
4.239278142063953453e-03
4.140126258330932216e-03
4.031584300313787242e-03
3.937250860723591137e-03
3.848068161279205764e-03
3.760252007318442245e-03
3.665786462399415937e-03
3.576729442093062959e-03
3.495350023622768171e-03
3.413206434466608749e-03
3.337502303949340093e-03
3.246822848534713316e-03
3.168328682057342232e-03
3.103881435366302646e-03
3.032004545985500770e-03
2.969628844903248258e-03
2.904363750643527888e-03
2.848932481491400770e-03
2.783670760251200343e-03
2.726314242982494883e-03
2.672734416626737844e-03
2.623025816438296492e-03
2.558575546595037893e-03
2.502166646885662336e-03
2.446908261512104315e-03
2.403080988320625139e-03
2.349586264757713011e-03
2.301902004657747480e-03
2.250828379445721662e-03
2.207372322081802181e-03
2.158192420939784514e-03
2.115914432124789933e-03
2.072588986281239613e-03
2.031140861413586584e-03
1.989355077321726221e-03
1.947142617891272449e-03
1.904336175033790376e-03
1.865969584950097999e-03
1.830078740826456343e-03
1.796987616445053313e-03
1.767119740330912615e-03
1.734132021807407217e-03
1.700377272017384190e-03
4.868417516028435144e-03
3.432680829760059293e-03
2.719498970815009426e-03
2.255971893762488342e-03
1.951678048776402498e-03
1.727739001991052559e-03
1.552233953602996782e-03
1.409106077468011637e-03
1.288513386141524166e-03
1.183447324434940299e-03
1.095462108431293630e-03
1.013694577674901717e-03
9.347343932579810829e-04
8.628069284130821231e-04
8.003973383151833775e-04
7.438048561694153484e-04
6.835269817580879670e-04
6.303234648531511053e-04
5.843760571945385510e-04
5.375502137236917678e-04
4.990957766478324896e-04
4.622296464105874738e-04
4.285511964709203133e-04
3.987912254251493697e-04
3.748093028548346714e-04
3.607438270313020694e-04
3.412554476998257234e-04
3.244767996379417738e-04
3.099296950790420327e-04
2.959790401021681477e-04
2.859947223787275548e-04
2.756603477453261329e-04
2.658638312535237225e-04
2.574983701420891185e-04
2.482656053848007836e-04
2.413309195361388237e-04
2.334602089392502102e-04
2.258002090001912175e-04
2.183127524364493488e-04
2.116296044095503928e-04
2.060962009487418993e-04
1.996719630242110551e-04
1.941227717360821258e-04
1.883164527410677845e-04
1.820030712789290470e-04
1.766663245797809320e-04
1.710556950221286704e-04
1.655459409279888322e-04
1.602114021593879052e-04
1.527568511912149099e-04
1.461689765738754913e-04
1.398373377865465869e-04
1.333671610784992927e-04
1.268961619637791526e-04
1.209955437392860346e-04
1.154391638700544385e-04
1.098664716194303661e-04
1.044693249347615304e-04
9.903117501263758221e-05
9.373826192588117416e-05
8.828266017294915044e-05
8.432628037293020027e-05
7.985598702630048167e-05
7.626984983068379532e-05
7.300462232469522928e-05
6.969753643305492507e-05
6.658509152664781976e-05
6.347886827103738918e-05
6.043745385043323911e-05
5.748251713441559450e-05
5.494597892303774750e-05
5.259088803280208822e-05
5.046765124063349911e-05
4.789851491842197557e-05
4.560236485597882525e-05
4.360917602326612160e-05
4.154163369912113930e-05
3.924177889803249006e-05
3.727170345787691314e-05
3.535046434712069640e-05
3.390560419684488723e-05
3.238036919769662360e-05
3.086280045934000285e-05
2.937554511303248781e-05
2.795211443666431340e-05
2.674350191776088791e-05
2.538684019445747877e-05
2.422725585752261802e-05
2.301269971209224499e-05
2.194047392833092954e-05
2.092698760537705879e-05
1.996360515478904721e-05
1.905852502374378934e-05
1.820260927838901851e-05
1.747519135683699347e-05
1.672181085477723777e-05
1.604577848110930107e-05
1.536376512058406550e-05
1.471925275347698444e-05
1.408184621503414564e-05
2.743423796605432268e-03
1.583489398183709953e-03
1.042366377236685548e-03
7.508935248903331108e-04
5.546145484599785368e-04
4.298857515837489264e-04
3.314586319838830016e-04
2.615685960359710131e-04
1.998471179882561682e-04
1.590264179140861141e-04
1.285912816727622927e-04
1.024021221152503116e-04
8.530513070289950982e-05
7.165123341117283151e-05
6.184968104623401249e-05
5.437095160534014356e-05
4.888450316505727600e-05
4.371162535818611509e-05
3.975896784020241229e-05
3.668100119427345683e-05
3.448166136390362179e-05
3.215493299526897845e-05
2.996076545924058329e-05
2.781181791187168300e-05
2.565571682885462015e-05
2.442795357256343899e-05
2.318257177175679510e-05
2.200911444175450654e-05
2.062287047753818514e-05
1.923580830373307384e-05
1.809611691386904913e-05
1.681673967364655771e-05
1.550949628231260193e-05
1.423358394344998484e-05
1.298900192485700449e-05
1.182335771736978069e-05
1.072007500305083058e-05
9.655540081830233900e-06
8.786708069315310159e-06
7.858469405174787892e-06
7.089811516804228272e-06
6.453001717138179100e-06
5.855543242616593442e-06
5.362452999006823040e-06
4.941344477405328879e-06
4.623010973404758431e-06
4.270232033044685910e-06
3.940980997901410384e-06
3.636620230588460843e-06
3.391968159318409105e-06
3.157260659105393714e-06
2.914302577124083254e-06
2.650814884746374820e-06
2.383326699599727792e-06
2.170020789713280835e-06
1.961047989753760073e-06
1.776054286627638293e-06
1.615211533170897180e-06
1.454659696933683292e-06
1.296354093538434289e-06
1.152406124700855339e-06
1.046574624973896803e-06
9.394888961045297115e-07
8.579376725406412686e-07
7.783492521846604531e-07
7.097202131294749253e-07
6.521819597350250887e-07
5.995148165469626314e-07
5.537895611165674369e-07
5.098333436775118067e-07
4.671811488404701497e-07
4.338278108622169237e-07
4.038598825688300712e-07
3.764101002819230174e-07
3.507528410672673563e-07
3.225031989145392923e-07
2.887674256096058409e-07
2.611249993266756471e-07
2.354088576253394090e-07
2.142159087791578160e-07
1.945596825340004083e-07
1.768391348542741749e-07
1.595415266318856403e-07
1.430559351115194940e-07
1.284206389467387235e-07
1.140877807746645747e-07
1.001409853793127309e-07
8.904477616017153052e-08
7.823529440351973951e-08
7.090913308497281921e-08
7.090913308497281921e-08
7.090913308497281921e-08
7.090913308497281921e-08
7.090913308497281921e-08
7.090913308497281921e-08
7.090913308497281921e-08
7.090913308497281921e-08
7.090913308497281921e-08
7.090913308497281921e-08
7.090913308497281921e-08
4.099413913012797846e-03
1.931751031084769305e-03
1.077206718288630221e-03
6.783603583570642142e-04
4.528867591837552496e-04
3.536583758634667283e-04
2.482995287030788779e-04
1.886130561245654628e-04
1.338572473366368243e-04
9.593582029039722145e-05
7.011353023932163171e-05
5.172608252747667963e-05
3.996059714777601413e-05
3.211746792306656342e-05
2.665578253098049630e-05
2.301056520808482142e-05
1.997698543657098027e-05
1.749391050931884038e-05
1.527256526760506147e-05
1.313757643243284767e-05
1.129581033585161987e-05
9.710147269923710445e-06
8.426381984617975111e-06
7.328044081440146377e-06
6.479813645126975784e-06
5.797004966963120669e-06
5.277172487468050813e-06
4.727845819040484947e-06
4.217968094009821967e-06
3.763533965079880198e-06
3.356736056240071915e-06
3.062676890220578967e-06
2.769655721585442626e-06
2.526583999706578113e-06
2.275115076484236545e-06
2.049066380029636427e-06
1.812014217559814857e-06
1.553390627776837223e-06
1.323692651704826331e-06
1.120867876490580177e-06
9.886439150707623016e-07
8.504356921614753174e-07
7.385526942442867746e-07
6.449260076848915311e-07
5.690861293929801510e-07
5.058995171694213516e-07
4.424393290820039971e-07
3.848904730269158708e-07
3.361677451491384652e-07
2.898579368339647708e-07
2.511645978275280880e-07
2.204428818745140602e-07
1.903095972955329274e-07
1.623110057801993693e-07
1.377048030169841236e-07
1.148110491019754088e-07
9.595156569532740897e-08
7.872801189367796853e-08
7.074632447112427911e-08
7.074632447112427911e-08
7.074632447112426588e-08
7.074632447112427911e-08
7.074632447112427911e-08
7.074632447112427911e-08
7.074632447112427911e-08
7.074632447112427911e-08
7.074632447112427911e-08
7.074632447112427911e-08
7.074632447112426588e-08
7.074632447112427911e-08
7.074632447112427911e-08
7.074632447112427911e-08
7.074632447112427911e-08
7.074632447112427911e-08
7.074632447112427911e-08
7.074632447112427911e-08
7.074632447112427911e-08
7.074632447112427911e-08
7.074632447112426588e-08
7.074632447112427911e-08
7.074632447112427911e-08
7.074632447112427911e-08
7.074632447112426588e-08
7.074632447112427911e-08
7.074632447112427911e-08
7.074632447112427911e-08
7.074632447112427911e-08
7.074632447112427911e-08
7.074632447112427911e-08
7.074632447112427911e-08
7.074632447112427911e-08
7.074632447112427911e-08
7.074632447112426588e-08
7.074632447112427911e-08
7.074632447112426588e-08
7.074632447112427911e-08
7.074632447112426588e-08
7.074632447112426588e-08
7.074632447112426588e-08
7.074632447112426588e-08
