8.628463840689895026e-01
8.144269141446023319e-01
7.976088239674140601e-01
7.880503214819087887e-01
7.824763909533515305e-01
7.889684918177172213e-01
7.797842158161333304e-01
7.721484441227788320e-01
7.649757312233583795e-01
7.602677402378870131e-01
7.628052275571475249e-01
7.588590516045311540e-01
7.565139820481813215e-01
7.539688985921297881e-01
7.509355429410924376e-01
7.516830385543239457e-01
7.493555810720121668e-01
7.482164964364563797e-01
7.467204762032870757e-01
7.455040601087674634e-01
7.512539863394849249e-01
7.481454355822063640e-01
7.467224828963604510e-01
7.459931971703174236e-01
7.447886074207784590e-01
7.464266946994287943e-01
7.444811996127735920e-01
7.432107614406717744e-01
7.420534417534233596e-01
7.410405642523341108e-01
7.434891607325914142e-01
7.410939913411518365e-01
7.397348751028181013e-01
7.387016185504671206e-01
7.378080030080895746e-01
7.400988605311382695e-01
7.380196839005985776e-01
7.370811876455990452e-01
7.365848198577753525e-01
7.361396628345110438e-01
7.384865992275738700e-01
7.366725796467165077e-01
7.361687850362848007e-01
7.357770030819219542e-01
7.354594003846661732e-01
7.389308163148746722e-01
7.370808900543568409e-01
7.362769088827723074e-01
7.359516062011564053e-01
7.356451709816437257e-01
7.354647033284341662e-01
7.353039244949173270e-01
7.351260623408264472e-01
7.349074327812347152e-01
7.346261706452384965e-01
7.343224456939639877e-01
7.340442033268906874e-01
7.338383650260980051e-01
7.336894821595888461e-01
7.335157517723642773e-01
7.333259699864246306e-01
7.331467170487188101e-01
7.329817894279387902e-01
7.326916461414059167e-01
7.324460489588363599e-01
7.322809961493054187e-01
7.320977444235489129e-01
7.319312169451382966e-01
7.318038384679311781e-01
7.316684991956770023e-01
7.314137985341456760e-01
7.312300494368229042e-01
7.309900414802060764e-01
7.307981685278778228e-01
7.306435880349213541e-01
7.304882446509806115e-01
7.303674748732711386e-01
7.302933949356656962e-01
7.302266103632504279e-01
7.301477084488320335e-01
7.300457742408772432e-01
7.299661182644071600e-01
7.298781259618406514e-01
7.297804853672426040e-01
7.297099581618761155e-01
7.296169818713900135e-01
7.295193563544206672e-01
7.294504711612570524e-01
7.293928781553480345e-01
7.293339000974181641e-01
7.292986074309742994e-01
7.292661214447508922e-01
7.292315083608000847e-01
7.292049739187118629e-01
7.291769095292286451e-01
7.291493081488472638e-01
7.291290966110121063e-01
7.291019555838224031e-01
7.290845961258249908e-01
7.290714867075506200e-01
7.111332768681110084e-01
7.057984209026431088e-01
7.017431732007901601e-01
6.987470036252918515e-01
6.957014943365322779e-01
6.945462016589054599e-01
6.910248505299485533e-01
6.881991864254797253e-01
6.858669677557691635e-01
6.836991924735257298e-01
6.835490811033515524e-01
6.820937975881853355e-01
6.804541337143705793e-01
6.778039597654321735e-01
6.767309916729329355e-01
6.780787249228646951e-01
6.764770864293329078e-01
6.751006700525087334e-01
6.741762730112854651e-01
6.734065319714526154e-01
6.734060430722146329e-01
6.722362865258508791e-01
6.716656283280360018e-01
6.710903459519274028e-01
6.704016274264136266e-01
6.709368928621082251e-01
6.700616449198870672e-01
6.694367657777183789e-01
6.688570113852108090e-01
6.684423760776787571e-01
6.692830563516577458e-01
6.679829083482066165e-01
6.670728811783951384e-01
6.666094510267992490e-01
6.663696094282798299e-01
6.672538521552215940e-01
6.665391580881135924e-01
6.660713383934323550e-01
6.656753604861836981e-01
6.652945467463521334e-01
6.655591676670737922e-01
6.644770155841329684e-01
6.640711325498482864e-01
6.635543516000781405e-01
6.629702003441680924e-01
6.637644038860323059e-01
6.630901530130732802e-01
6.625888717330329358e-01
6.621298571900465779e-01
6.614650657746562468e-01
6.610600995382807099e-01
6.606989473785436218e-01
6.602692347435178410e-01
6.598914675339284663e-01
6.595391844492539679e-01
6.591932455075374397e-01
6.587967566257962870e-01
6.584373368033351603e-01
6.580943030563357610e-01
6.576831240248290911e-01
6.573538886598748743e-01
6.570280493549248702e-01
6.567843494795235770e-01
6.565337404399693710e-01
6.562954868884482984e-01
6.560173669770998917e-01
6.557849456379253317e-01
6.555006821540299011e-01
6.552379127395105973e-01
6.549529482992768603e-01
6.546300443461622320e-01
6.542026393503145298e-01
6.537625923840183484e-01
6.533765158024030795e-01
6.530096999314232153e-01
6.526584895912392881e-01
6.522254390983425187e-01
6.516419007251966766e-01
6.511450407336352164e-01
6.506447118654133943e-01
6.502599399070815300e-01
6.499979645142648366e-01
6.496886433125957927e-01
6.493568702678491622e-01
6.490384346329237664e-01
6.487785786099093954e-01
6.485916750063940306e-01
6.482952756903753722e-01
6.480504666530338964e-01
6.478270233443859105e-01
6.476141743890136970e-01
6.474573468613961102e-01
6.473000345765798080e-01
6.471456234626322690e-01
6.469998963752916499e-01
6.468767561116286480e-01
6.467670890626032731e-01
6.466402509492259476e-01
6.465547614969805457e-01
6.464666910608367623e-01
6.374875218340100291e-01
6.306906192386687593e-01
6.261116321094581938e-01
6.231790634188543176e-01
6.209697149899452429e-01
6.179479483368872650e-01
6.148310818635313035e-01
6.116548023914202270e-01
6.096116862791565172e-01
6.082834868133822903e-01
6.089588119207455241e-01
6.072622348218025268e-01
6.056023534763291805e-01
6.042299632518263186e-01
6.029355417980342136e-01
6.033575509656767810e-01
6.019554216803891800e-01
6.009052546533522055e-01
5.997604492576341650e-01
5.984955550089752219e-01
5.986612310158371253e-01
5.964672920460619698e-01
5.946653314209131569e-01
5.933135175726605981e-01
5.919367226408293048e-01
5.926258008034165359e-01
5.914231269525477286e-01
5.901871327622905117e-01
5.891849092595130566e-01
5.886794137353601464e-01
5.894184396124153569e-01
5.883886449561502863e-01
5.876734763609070544e-01
5.870226711600092795e-01
5.865280622903010777e-01
5.875070000803467307e-01
5.860454571475793850e-01
5.851686030013848461e-01
5.845686717832451196e-01
5.840532261129339764e-01
5.855662877339906647e-01
5.845288951101279551e-01
5.839755715654851853e-01
5.835987533704544150e-01
5.833524555832240166e-01
5.845810471457080215e-01
5.837759068315082622e-01
5.833903998992825413e-01
5.830735175119015068e-01
5.827812672635903635e-01
5.823574520637178065e-01
5.818534755415598614e-01
5.812711596329309671e-01
5.806142636683983005e-01
5.799489764361787092e-01
5.793424212784696881e-01
5.787617792636933212e-01
5.783376878427447521e-01
5.778903135372536193e-01
5.773892652032679429e-01
5.768851134101820044e-01
5.764109789032625386e-01
5.760101207446028937e-01
5.756399246606315190e-01
5.753044984134206841e-01
5.749709381032933608e-01
5.745480531455339213e-01
5.741618088349078608e-01
5.738202517694943605e-01
5.734269806984952922e-01
5.729652753001238663e-01
5.724982272748629919e-01
5.720791095012180971e-01
5.717126423402673074e-01
5.713428936202872288e-01
5.708859828796241098e-01
5.705614924472006688e-01
5.702132422304849735e-01
5.698562307393451043e-01
5.694444016800412900e-01
5.691547509572152386e-01
5.684901990503440361e-01
5.681677314246711408e-01
5.678737610849967643e-01
5.676107931749101443e-01
5.673558990817969550e-01
5.671176424563229013e-01
5.668452389896435628e-01
5.666326320102254011e-01
5.664158366933436106e-01
5.662149921201735658e-01
5.660288831132657128e-01
5.658617991604327768e-01
5.656214126832407318e-01
5.652269539359534578e-01
5.648892254658081091e-01
5.646503771170355845e-01
5.644714319737880182e-01
5.642820602764837545e-01
5.640991574265864505e-01
5.653932061106037299e-01
5.593936317665763047e-01
5.558981580036700398e-01
5.537348877350903864e-01
5.523658494332023272e-01
5.504072501352872404e-01
5.487381238369836156e-01
5.472295535473077344e-01
5.459789350626430560e-01
5.446243240173395117e-01
5.440962612268296361e-01
5.432542265383365487e-01
5.423544944502225462e-01
5.413635454296715777e-01
5.400862124735005265e-01
5.398408351949253170e-01
5.391627530358719111e-01
5.383674144945923556e-01
5.374844515361435482e-01
5.366375257581575964e-01
5.362393462804702082e-01
5.350818500166972802e-01
5.339771793607644979e-01
5.332101546272656201e-01
5.324413154015352756e-01
5.327047348099244184e-01
5.318620018067465871e-01
5.310957193487948480e-01
5.303344514592561731e-01
5.295938345046885543e-01
5.300166692327058504e-01
5.291018762578582058e-01
5.282916583208010497e-01
5.277326264372089737e-01
5.271903077189977749e-01
5.276701017782463587e-01
5.271964298996546505e-01
5.268371166221298418e-01
5.264510655705153530e-01
5.259819487736374644e-01
5.259187344210285442e-01
5.253488536528079234e-01
5.248424594962726175e-01
5.244317048358074773e-01
5.238910761234292224e-01
5.242429858846306967e-01
5.238411286762163499e-01
5.235230585145130844e-01
5.232350511920653702e-01
5.229389041098922997e-01
5.225474310755471308e-01
5.221200803123017264e-01
5.217610910728870399e-01
5.213324445921504458e-01
5.209075920646919489e-01
5.203557445215922783e-01
5.198536335216673576e-01
5.193295290455083313e-01
5.188376954803268770e-01
5.183488106008405927e-01
5.175794774588708957e-01
5.170463190435601319e-01
5.164996973399638147e-01
5.160007800164946312e-01
5.155631657994097505e-01
5.151457646767828580e-01
5.148317234662853625e-01
5.145577966301788653e-01
5.142785808007668269e-01
5.138054778116974974e-01
5.135081395387609549e-01
5.132632173370133000e-01
5.130529717881943119e-01
5.128546053550582240e-01
5.126242234664906139e-01
5.124015041236014145e-01
5.121895324747181011e-01
5.119688316744331891e-01
5.117503175275202043e-01
5.115883018895029943e-01
5.114376562966329587e-01
5.112764815053252310e-01
5.111001988390908579e-01
5.109185730660048552e-01
5.105895901533415993e-01
5.104337916054874080e-01
5.103090633584299596e-01
5.101757836945615132e-01
5.100272463318765714e-01
5.098574317081310259e-01
5.096053652360168496e-01
5.094345954155011791e-01
5.092281069829279749e-01
5.090391961349450822e-01
5.088641689698663040e-01
5.087157885539104196e-01
5.085709271953282595e-01
5.084038841670787123e-01
5.082369533681927454e-01
5.080676565122527188e-01
5.212485823947035080e-01
5.125104970287633899e-01
5.084030816321214452e-01
5.056374457018852908e-01
5.035547877176564935e-01
5.022469342801196834e-01
5.005579961753383600e-01
4.992541513589587865e-01
4.979625044700042857e-01
4.968444749984249342e-01
4.964081214053674973e-01
4.950371940400454251e-01
4.939131081700698922e-01
4.927749532919003528e-01
4.919210547534754729e-01
4.918835730338043111e-01
4.909012322972454156e-01
4.899995937924399025e-01
4.890644397045015301e-01
4.882946924813194034e-01
4.888730765284927116e-01
4.875855341903473361e-01
4.864848308571080859e-01
4.856434394347529104e-01
4.849618179711220334e-01
4.855983308527252462e-01
4.840021632504180604e-01
4.828251310783849282e-01
4.819908566312769982e-01
4.812858842185613328e-01
4.830180057755359968e-01
4.814614403928529907e-01
4.805805438951359920e-01
4.797481593009128020e-01
4.792552198005223252e-01
4.811719237815491601e-01
4.796018096024321498e-01
4.787212280506173978e-01
4.781352442745219200e-01
4.776137496964500406e-01
4.793403134773516761e-01
4.778755335802441495e-01
4.771117775209660627e-01
4.765945075229219841e-01
4.762217158942294026e-01
4.781601775821688327e-01
4.767580484089543047e-01
4.759373778437903657e-01
4.754797662612407216e-01
4.751294258811241122e-01
4.748088718881715020e-01
4.744100126956922736e-01
4.739082963555053540e-01
4.733485779898982670e-01
4.729213686875916034e-01
4.725400252231831133e-01
4.721715816629635243e-01
4.717627690636889137e-01
4.713650146597308521e-01
4.709563017864121237e-01
4.705340679157549721e-01
4.700696027252471154e-01
4.695968368772997503e-01
4.691316052685754467e-01
4.687309497997365071e-01
4.683135944024914288e-01
4.678495265711933859e-01
4.674771319440336748e-01
4.670722464042815214e-01
4.665852092528219308e-01
4.661709904117362635e-01
4.657499468682221866e-01
4.653447918990947785e-01
4.649920062513255292e-01
4.646250747999364772e-01
4.642610164053654898e-01
4.638378308671065597e-01
4.634795401938707760e-01
4.631274040729614905e-01
4.627752484571416303e-01
4.624986748190001995e-01
4.621622195257153454e-01
4.617844912223297293e-01
4.614227027008944715e-01
4.610692160651903571e-01
4.607069696842089335e-01
4.602683852131592146e-01
4.598686589196435692e-01
4.594483588681940178e-01
4.589813290934505186e-01
4.585846200787713767e-01
4.582582871164722071e-01
4.579512305018246798e-01
4.576672196623167155e-01
4.574038842977942165e-01
4.571575652393465306e-01
4.568964169593541236e-01
4.565757636648472562e-01
4.562898945767921433e-01
4.560379696006737205e-01
