9.555452029998728891e-01
9.164217009920083701e-01
8.947949917518950302e-01
8.785066500696651071e-01
8.685445922930454810e-01
8.931203566934351468e-01
8.799124047425895823e-01
8.725745107786975208e-01
8.660852142532736719e-01
8.608909520221798006e-01
8.715319212531186244e-01
8.634157542088845005e-01
8.571653180406857420e-01
8.534589982817841758e-01
8.507634511519757137e-01
8.584659710544130240e-01
8.553607649160589466e-01
8.538804861934307100e-01
8.519191050011258870e-01
8.495893210123850459e-01
8.531872622825880104e-01
8.512591870777830305e-01
8.492992326388268953e-01
8.467639231741217465e-01
8.449894306745640016e-01
8.575208464025193544e-01
8.514183049241043078e-01
8.484031301411277814e-01
8.463262887768843168e-01
8.445620622577424408e-01
9.082305939502253178e-01
8.948271271043576336e-01
8.895728412455008449e-01
8.871451276917299289e-01
8.847587701892019041e-01
9.235783150475449510e-01
9.171052394157958032e-01
9.157617099906166791e-01
9.127009160538512855e-01
9.123818884348040559e-01
9.281648377161003660e-01
9.179540164795763069e-01
9.112285867476622725e-01
9.084902820405648116e-01
9.053912915026927077e-01
9.132622964733974058e-01
9.122684607364762721e-01
9.121111371481526175e-01
9.121050943303650183e-01
9.120829771312023437e-01
9.118488077033696237e-01
9.117013301320652241e-01
9.116998392528007367e-01
9.116812477572592277e-01
9.111169653088107001e-01
9.109663901369446926e-01
9.108074173174566246e-01
9.108019338391681874e-01
9.107861003258694854e-01
9.107841789579544933e-01
9.104793890743957396e-01
9.102852483966753505e-01
9.102185432387768227e-01
9.101875602169892110e-01
9.101648112163847060e-01
9.101641273483208616e-01
9.101328366794618763e-01
9.097984544008468344e-01
9.097718440061890455e-01
9.097080583510473994e-01
9.095227761166874147e-01
9.092728804425257438e-01
9.091205427698679786e-01
9.090256431978471774e-01
9.090253855319740950e-01
9.086311137888577472e-01
9.084972648517483096e-01
9.084944214262543616e-01
9.083652620288129587e-01
9.074807584996857912e-01
9.065719787346057101e-01
9.061905497730555759e-01
9.061187766593775672e-01
9.061174319485499895e-01
9.061155927318317316e-01
9.061155412788136632e-01
9.061150817009736569e-01
9.061139025798835567e-01
9.060989308004855358e-01
9.060927875003320642e-01
9.060895483215505308e-01
9.060824638227681360e-01
9.060734871555302661e-01
9.060589578626748741e-01
9.060568357696130448e-01
9.059185039866427536e-01
9.059135308366763617e-01
9.059113160482471505e-01
9.059070323426461346e-01
9.058993667480095269e-01
9.428998429558809180e-01
9.300385273538570585e-01
9.030150680792282669e-01
8.647109550136770073e-01
8.403208976414784370e-01
8.430934102813389952e-01
8.405968624119347643e-01
8.366749390546266429e-01
8.303551014652378326e-01
8.273349811851015145e-01
8.281641530819993102e-01
8.258351267681989238e-01
8.239710758588780770e-01
8.228053374199763015e-01
8.206401106458112160e-01
8.230043127013549897e-01
8.223501621504687442e-01
8.218521182292610749e-01
8.213780537417174621e-01
8.208975212552658274e-01
8.205692021776568312e-01
8.195879110575879922e-01
8.185365164699843765e-01
8.183151826904283554e-01
8.176772179672173735e-01
8.173835034104282027e-01
8.160937432536831126e-01
8.156690824091956671e-01
8.153133235058028783e-01
8.145887410247011351e-01
8.154196353346394588e-01
8.145265695490859770e-01
8.141763655490050766e-01
8.131714004710066668e-01
8.123498299034143111e-01
8.129645207526025041e-01
8.125663685101384148e-01
8.121862005553923680e-01
8.115825655576526243e-01
8.114475736474480172e-01
8.149489983947074689e-01
8.140219677648435903e-01
8.131339674458182287e-01
8.124284217009868359e-01
8.115882578933916180e-01
8.106621234524628017e-01
8.100730256858656997e-01
8.095437717707711922e-01
8.088006258021402939e-01
8.076680486774071577e-01
8.068908801625300775e-01
8.060092066114796783e-01
8.052315322038597900e-01
8.047102547298710107e-01
8.040539685301112405e-01
8.035577212866079622e-01
8.031051841961598381e-01
8.022361303115048692e-01
8.015035527258742576e-01
8.005395872430985937e-01
7.999693987625472458e-01
7.994752495197114950e-01
7.987461680949612397e-01
7.981852580543875586e-01
7.976995378787697932e-01
7.972891496484721952e-01
7.966501705323973948e-01
7.957016661026522497e-01
7.951717027004856497e-01
7.948478650672577972e-01
7.944647817633373466e-01
7.942439020532052751e-01
7.936372494721889437e-01
7.931789784983195313e-01
7.927822052812024678e-01
7.919766876940702582e-01
7.916024536030565883e-01
7.912330085475115515e-01
7.906860779688548169e-01
7.901515548809869838e-01
7.896257467441436528e-01
7.892324934913097501e-01
7.888478928675017876e-01
7.881696470232575358e-01
7.879212566556825781e-01
7.875326188808722261e-01
7.872006580064813130e-01
7.867934567270340462e-01
7.862882132920058220e-01
7.860050473668723781e-01
7.856827660416040304e-01
7.851731837197244435e-01
7.847908960031781955e-01
7.845754022497152258e-01
7.843864848130259748e-01
7.838514214225517085e-01
7.833798847675724764e-01
7.831158580162782545e-01
7.828792792204369855e-01
7.825911160529096522e-01
7.739276206374986478e-01
7.589450852958369298e-01
7.500527946257462553e-01
7.385162215615339587e-01
7.255604121156834507e-01
7.236210791978116008e-01
7.174772647132514614e-01
7.115203590152772151e-01
7.058038861254494201e-01
6.991677877613443615e-01
6.978567966024257219e-01
6.933388066584142972e-01
6.895300491251440400e-01
6.857221896465209854e-01
6.813768819107779429e-01
6.818128105839811326e-01
6.777827208174017626e-01
6.741730459819871291e-01
6.714406805120409771e-01
6.685540600507082765e-01
6.698134137273806799e-01
6.659193086014992824e-01
6.624844341003505166e-01
6.592265584957126556e-01
6.563840485295295846e-01
6.584624815377325691e-01
6.557747015339742136e-01
6.530772226018639603e-01
6.507173091630791273e-01
6.478734978741550465e-01
6.453788458204839928e-01
6.420053387640852760e-01
6.394099832708585174e-01
6.365127921404557521e-01
6.340962341793173751e-01
6.384188776794875730e-01
6.359564456801467536e-01
6.338992361561386346e-01
6.320208736468213573e-01
6.305306470521621076e-01
6.313090398430371009e-01
6.302933501096521507e-01
6.294142551930601570e-01
6.285021084102934141e-01
6.278397252890995928e-01
6.280544092817904600e-01
6.270122557103353644e-01
6.258919715159433350e-01
6.247420557548737374e-01
6.235608652367621296e-01
6.220172145602574920e-01
6.206744103235736221e-01
6.192681186187235509e-01
6.178032860667093118e-01
6.165815099011366929e-01
6.155772028014961927e-01
6.142375544629873341e-01
6.128636063996464323e-01
6.117171146258230108e-01
6.107397827641082300e-01
6.097877036612772139e-01
6.087243581617344246e-01
6.078702924956863596e-01
6.070432608480834658e-01
6.062142058588403382e-01
6.053629766603754181e-01
6.045505667038041375e-01
6.038190534998597592e-01
6.029545344014899388e-01
6.022931567487932458e-01
6.014860577130703989e-01
6.007960744936826636e-01
6.000420492192566346e-01
5.994343870259036811e-01
5.989358446641763756e-01
5.985086475538156092e-01
5.979822378452839260e-01
5.974726524533460204e-01
5.970431886088218842e-01
5.966770696525214301e-01
5.962853353204211615e-01
5.958496252329028575e-01
5.953429458509343908e-01
5.948412307976743696e-01
5.943382517876436566e-01
5.938983729724216509e-01
5.935858192878776807e-01
5.932256619204253623e-01
5.929146629762240828e-01
5.926466070071397807e-01
5.924211704024631153e-01
5.921344045519630894e-01
5.918627361456556546e-01
5.916035476742820265e-01
5.913613393128027695e-01
5.911009231888992854e-01
5.908646967355825064e-01
5.906620264880405591e-01
5.904645755919386563e-01
5.902944110916059639e-01
7.627091468650339934e-01
7.532625151178172773e-01
7.367782363267285639e-01
7.261342236084661339e-01
7.150408132089365321e-01
7.325972250837767819e-01
7.285578563225978410e-01
7.265125118604131016e-01
7.197456282534299143e-01
7.165518278570325306e-01
7.279835769339676466e-01
7.157251109935311995e-01
7.095623288255256123e-01
7.062088770857236630e-01
7.022593206581775327e-01
7.093376485717207691e-01
7.040209127620402629e-01
7.008311592863631923e-01
6.962757065067998186e-01
6.914889457986694854e-01
6.988006267787552073e-01
6.957863066961798015e-01
6.924652125138297531e-01
6.898615165338474187e-01
6.877121981334848311e-01
6.920186998251525168e-01
6.878240081598433475e-01
6.849157959463201273e-01
6.825288389245145471e-01
6.774013779029927074e-01
6.804889399291060847e-01
6.729733805657280854e-01
6.674707955750082133e-01
6.647890726661481731e-01
6.595804802841380710e-01
6.609739118156172655e-01
6.579194731410794583e-01
6.548296745721903234e-01
6.530770245464492252e-01
6.512107015405670385e-01
6.502548667509041591e-01
6.480281298798443723e-01
6.460099209719518676e-01
6.446134958930714864e-01
6.433108337194280990e-01
6.424601799859623874e-01
6.408761155380776620e-01
6.386712930222602225e-01
6.373129306267548699e-01
6.360073701324600037e-01
6.347211218183980153e-01
6.335968635196495002e-01
6.326131805242718453e-01
6.314219424891426291e-01
6.300167417256906655e-01
6.288894340838616648e-01
6.272490417556074727e-01
6.261708265641124926e-01
6.251512648631271096e-01
6.242997646910375398e-01
6.233539514779928847e-01
6.223326859445224013e-01
6.215539255652067219e-01
6.208010159464211197e-01
6.198853690800160132e-01
6.189764988507012733e-01
6.185106767874477551e-01
6.179248962503262055e-01
6.171709964811624705e-01
6.165114698885958422e-01
6.156918841506977547e-01
6.148338187717828918e-01
6.140786764378807217e-01
6.134137305473036372e-01
6.125771177597095773e-01
6.119563152703422215e-01
6.112341276916134492e-01
6.107574326133015097e-01
6.102715773656335330e-01
6.098087954325176474e-01
6.092990176773678268e-01
6.088357911104788078e-01
6.083671089005009414e-01
6.079274347824772384e-01
6.075165929635794049e-01
6.070426071880797858e-01
6.067043260531587157e-01
6.062029006986170421e-01
6.056819282280495598e-01
6.052428905643758572e-01
6.046130505750605399e-01
6.039671015694787481e-01
6.032371512054741647e-01
6.026550816427117541e-01
6.020474605598253870e-01
6.012806890211460642e-01
6.006810028516608169e-01
6.000705499945584442e-01
5.994691862715288977e-01
5.989273974086322117e-01
6.171976528414632179e-01
6.099996828850758890e-01
6.049621586424990261e-01
5.994919768603368393e-01
5.954813393247901931e-01
5.939042870519988249e-01
5.915638522444742753e-01
5.896575406343996795e-01
5.868811737646846272e-01
5.844251975917943431e-01
5.835608292211571513e-01
5.822856574049085632e-01
5.812943778138913720e-01
5.802466056414958828e-01
5.793536303603807891e-01
5.773159637088219887e-01
5.747233003404255136e-01
5.720748048115158468e-01
5.691173717034889723e-01
5.657524412866856700e-01
5.637657300310319197e-01
5.610402151366492562e-01
5.586492525571024048e-01
5.559846374795424095e-01
5.536274555103396500e-01
5.544582591324705989e-01
5.542040114957633712e-01
5.539035306557151817e-01
5.537785894510141027e-01
5.536142540959061442e-01
5.535538702622925245e-01
5.529969435436304925e-01
5.524351912386142871e-01
5.520819448480761560e-01
5.517227555893458035e-01
5.519677665909680231e-01
5.515211932880373924e-01
5.512608402753037540e-01
5.508551910136059160e-01
5.505090881053302798e-01
5.504643850929999971e-01
5.499025079689975337e-01
5.492027794189436873e-01
5.485096408835110626e-01
5.477665290567436118e-01
5.471627122923018449e-01
5.455336283373254380e-01
5.441825402461502037e-01
5.423969733277258509e-01
5.404247345061802266e-01
5.386249697317684326e-01
5.368405488195050479e-01
5.350097062462755293e-01
5.330103665315646388e-01
5.308211588836715400e-01
5.290069043994229947e-01
5.267960233345642118e-01
5.249534416355976507e-01
5.231711345153713388e-01
5.218004870068856382e-01
5.206683164059513480e-01
5.195971268651111696e-01
5.184270903675303188e-01
5.172589161089296006e-01
5.158877104893425658e-01
5.143549851146954621e-01
5.127654666862360155e-01
5.113027265435587942e-01
5.099534745533471636e-01
5.086881184469917994e-01
5.074983354109470213e-01
5.064475522636305849e-01
5.051013615665412848e-01
5.038956875107838407e-01
5.029860264837335837e-01
5.016442221113351918e-01
5.006231612933214059e-01
4.996987209769377936e-01
4.988506740772467030e-01
4.979183429344270495e-01
4.969534053796257345e-01
4.958800487680329327e-01
4.949735424374748227e-01
4.939992561469594423e-01
4.931812811476041225e-01
4.923721746246040309e-01
4.917887783596280316e-01
4.909213403321739388e-01
4.903154532188709336e-01
4.896917704493020107e-01
4.890891935159942805e-01
4.884909152776847341e-01
4.879118995143174597e-01
4.874330638910591706e-01
4.869721043635399926e-01
4.865602082140314533e-01
4.859748192650553689e-01
4.855134317386585185e-01
4.850610907502947988e-01
4.846120844463037147e-01
