8.107245545894471439e-01
7.022521571527871043e-01
6.339725904998166905e-01
5.906931634800092201e-01
5.691873320795486357e-01
5.630441215717759684e-01
5.449953311032118553e-01
5.314521522435879941e-01
5.180603360318672967e-01
4.980068106188889621e-01
4.908769896733408689e-01
4.786899339337321035e-01
4.692454363642769022e-01
4.591610614876671104e-01
4.539916028527775649e-01
4.557455004998364756e-01
4.525192445576880496e-01
4.497312504722460469e-01
4.463621590716687626e-01
4.439918672682606204e-01
4.483358694802324074e-01
4.432585563943333695e-01
4.408685317381254576e-01
4.388513391579106360e-01
4.367921437654708194e-01
4.378831269819568606e-01
4.345930748249532960e-01
4.317619829784978269e-01
4.291815787312679986e-01
4.266230936534983198e-01
4.284514636162913281e-01
4.261604350209898251e-01
4.242927724707103443e-01
4.214243996021161398e-01
4.180924898369611786e-01
4.198494153876914381e-01
4.141715392335078016e-01
4.113775252066175780e-01
4.096358419030682874e-01
4.075190860784692060e-01
4.096798030056379436e-01
4.063703568543980960e-01
4.043955261802609780e-01
4.033829704304873753e-01
4.024317081821831565e-01
4.072600362872005331e-01
4.054572463812575744e-01
4.032236272978524938e-01
4.015169650355730480e-01
4.000330211009293091e-01
3.983588596867693732e-01
3.972679981794227655e-01
3.966804867791222100e-01
3.960023921976714711e-01
3.955728825034915408e-01
3.951379915309827795e-01
3.947099768195794778e-01
3.941609832430790217e-01
3.932092709499493410e-01
3.925252281534440391e-01
3.919749349796895488e-01
3.914389350046953986e-01
3.909240862396880511e-01
3.905804339784185730e-01
3.901762208311366220e-01
3.896136488767374395e-01
3.890864135988517658e-01
3.886979146003376462e-01
3.882736778399152877e-01
3.878075382533006654e-01
3.873993696350716553e-01
3.871362300416963387e-01
3.869096265114338462e-01
3.867069674936103318e-01
3.864637872307739030e-01
3.862579178016442571e-01
3.860512803093882894e-01
3.858545734349858591e-01
3.856451373437296271e-01
3.854692195931873067e-01
3.853421312852529645e-01
3.852296977263335864e-01
3.851082360797976056e-01
3.849805445686945160e-01
3.848519393714964765e-01
3.847060786639754926e-01
3.845739930316897648e-01
3.844375804245817596e-01
3.842826438348646012e-01
3.841468314457510691e-01
3.839811348529216239e-01
3.838587750922567432e-01
3.837270855075118337e-01
3.835820291783300640e-01
3.834527656850883481e-01
3.833307790504330015e-01
3.831926598268113882e-01
3.830538033701993972e-01
3.828756468182789030e-01
3.826960628333087033e-01
3.608991319507465212e-01
3.555244725314448129e-01
3.521685349222687944e-01
3.492339546841680686e-01
3.468176342153356240e-01
3.461098472662272885e-01
3.445391705730140863e-01
3.432189309610852446e-01
3.416981928599141516e-01
3.405073142537337061e-01
3.421102195555552616e-01
3.407839749690139142e-01
3.401384825065809081e-01
3.395564701369894745e-01
3.387291079459679999e-01
3.391092910393393445e-01
3.380501816050714980e-01
3.371815173381877417e-01
3.361006465269341104e-01
3.353569306328199606e-01
3.356044067544093901e-01
3.346495491909814990e-01
3.342734186696061371e-01
3.338806924823219946e-01
3.333462903417117040e-01
3.337953763782565142e-01
3.329400870362378417e-01
3.324930824931470186e-01
3.319338530044868008e-01
3.311772693825957847e-01
3.314789035996369981e-01
3.307730285842439000e-01
3.306131585709107812e-01
3.305073125918275845e-01
3.303616441980289364e-01
3.306431578219721223e-01
3.301436483108624032e-01
3.300177198867388917e-01
3.299085886764676068e-01
3.298023601125902871e-01
3.300843675877320194e-01
3.297012574290585918e-01
3.295821727022955061e-01
3.294794493148811565e-01
3.293311768788073635e-01
3.296030156024944979e-01
3.292172602370667112e-01
3.290286851348617758e-01
3.288508046626125170e-01
3.287269844840393640e-01
3.285320880901377860e-01
3.281740449087739986e-01
3.277230168203965621e-01
3.274077346319599902e-01
3.271060968367197619e-01
3.267220993612963142e-01
3.263923921897356473e-01
3.261353839763255769e-01
3.259118884336813515e-01
3.257197915841129610e-01
3.255621756585151960e-01
3.253988807173058273e-01
3.251637868294199873e-01
3.249341101322284486e-01
3.247667837372927302e-01
3.245978272292571187e-01
3.243934880732348702e-01
3.241846835114789438e-01
3.239841653648500852e-01
3.237950568314310051e-01
3.236101474388390353e-01
3.234282778117686941e-01
3.232687786197991908e-01
3.231312008459616414e-01
3.229745683147974278e-01
3.228184284721087316e-01
3.226869227898740977e-01
3.225854361329171249e-01
3.225085499409210410e-01
3.223568319147944727e-01
3.222097533950852299e-01
3.220843556317055656e-01
3.218708260898271445e-01
3.217342797883959160e-01
3.215935931128053316e-01
3.214972630073780202e-01
3.213919316987437491e-01
3.212943765473108004e-01
3.212023000389755967e-01
3.211084736243299265e-01
3.210426115370095812e-01
3.209730991635086905e-01
3.208780205563805388e-01
3.208107824753072546e-01
3.207536778291712465e-01
3.206859491024641740e-01
3.206268819825179861e-01
3.205771438117476779e-01
3.205340982745584766e-01
3.204735055841662628e-01
3.155954597757677504e-01
3.122537309347298007e-01
3.103176670925253400e-01
3.084951197637302300e-01
3.073898528459993451e-01
3.073120617824653400e-01
3.064292482994469546e-01
3.056572640254002771e-01
3.049652651866456288e-01
3.042413486337575690e-01
3.040580999983001909e-01
3.030355636792627649e-01
3.023891319015092338e-01
3.018920080941142059e-01
3.015264215276595716e-01
3.016915025132185235e-01
3.011836162448014442e-01
3.007559904335208034e-01
3.003628242207663224e-01
2.998744911769030130e-01
3.002346176573544856e-01
2.997802111138765380e-01
2.994580057314240040e-01
2.992766131434703158e-01
2.990763430461650940e-01
2.993096648972825014e-01
2.988263506435914763e-01
2.985654475630119542e-01
2.983558255730012765e-01
2.981616281942524593e-01
2.985853586004754701e-01
2.981278926513914462e-01
2.977489884590147629e-01
2.974576978962830132e-01
2.972230714100070337e-01
2.977472739068572904e-01
2.969977069153600380e-01
2.965977554750838241e-01
2.964451955523876303e-01
2.963279313353046063e-01
2.968352886220536058e-01
2.962708558542574977e-01
2.960472718715490004e-01
2.959462945239236809e-01
2.958510034997572924e-01
2.964070884352308366e-01
2.957820694680408091e-01
2.955793881937285872e-01
2.955068757993792317e-01
2.954359978498125594e-01
2.953226922911326158e-01
2.951977930725889765e-01
2.949854903786745530e-01
2.946844125173427309e-01
2.943519998455388920e-01
2.940653045119762110e-01
2.937733648267025766e-01
2.935328893369016368e-01
2.933100444500928439e-01
2.930709813858768942e-01
2.928746560985182601e-01
2.926428780292049669e-01
2.924431518768145222e-01
2.923095560272183091e-01
2.921822305811515585e-01
2.920806713205937877e-01
2.919833908558292501e-01
2.919151526320459822e-01
2.918383962277667498e-01
2.917684371182165393e-01
2.916868918965943580e-01
2.916193254822512237e-01
2.915336545359202280e-01
2.914319984092080262e-01
2.913357863749002075e-01
2.912131755504194230e-01
2.911216331960722603e-01
2.910463671039846822e-01
2.909794217712010633e-01
2.909150269962992863e-01
2.908416691800039255e-01
2.907586461573274383e-01
2.906849741383500385e-01
2.906201771937625966e-01
2.905447045045438381e-01
2.904796212979066650e-01
2.904059997479870314e-01
2.903203058138738024e-01
2.902457754964202219e-01
2.901757398107653874e-01
2.901030711449043009e-01
2.900379700355102397e-01
2.899677229871822082e-01
2.898888520484380060e-01
2.898128422445908070e-01
2.897554540675800205e-01
2.897083206282740631e-01
2.896604577030807426e-01
2.896185869998219031e-01
2.895761144843125301e-01
2.888164669563483278e-01
2.846730302648169397e-01
2.826464836718421969e-01
2.812997671854796655e-01
2.801224850393249088e-01
2.794260519600583748e-01
2.780612832362869269e-01
2.773057334087354331e-01
2.768648316530935016e-01
2.764055958428083271e-01
2.774258479213047579e-01
2.765867455156970633e-01
2.761658012230577830e-01
2.757700400638903315e-01
2.753718906835199154e-01
2.766744363877086110e-01
2.758899047565328000e-01
2.754009988000866160e-01
2.750057465932739253e-01
2.746595502621711482e-01
2.751450500949026434e-01
2.743429854917007193e-01
2.738754521746685766e-01
2.734921371574309812e-01
2.731629998612681853e-01
2.739380061222448925e-01
2.732821192958021506e-01
2.729790555146245357e-01
2.727821040464895597e-01
2.726032974363544192e-01
2.729057677820063144e-01
2.725138361546507459e-01
2.723170915839351336e-01
2.720822281825340250e-01
2.718515505534355725e-01
2.726114008759804030e-01
2.720304375617854098e-01
2.717446834220052510e-01
2.715436551823190436e-01
2.714362369480996517e-01
2.718588963303736894e-01
2.715893274528619616e-01
2.714455424188276789e-01
2.713306024659824511e-01
2.712357823702433168e-01
2.716979493859110750e-01
2.712833947824893066e-01
2.711122669451530576e-01
2.710335241548081364e-01
2.709264165989999085e-01
2.707631184220279374e-01
2.705170007990678194e-01
2.702545866373609607e-01
2.699548689090935927e-01
2.696926243964390402e-01
2.694717365820245569e-01
2.692611142789790302e-01
2.690128192739141832e-01
2.687843264067227844e-01
2.684791235414641375e-01
2.682066439838646787e-01
2.678301406523000971e-01
2.675403082494913765e-01
2.673075355675162967e-01
2.671339451664586639e-01
2.669877912362467742e-01
2.668624248215655803e-01
2.667385255503146313e-01
2.665193670821717764e-01
2.663183544620274512e-01
2.661636007247188962e-01
2.659920049237279871e-01
2.658046622740994902e-01
2.656480963058129863e-01
2.654295000963902140e-01
2.652162512739834055e-01
2.649957436502278219e-01
2.647491491348319959e-01
2.646272516111138340e-01
2.645361399921428158e-01
2.644671267461655151e-01
2.643997574596521072e-01
2.643332270497726899e-01
2.642182216434592612e-01
2.640705942028871434e-01
2.639308061989381615e-01
2.638122192949259870e-01
2.636912203008041078e-01
2.634817163035105825e-01
2.633001421688194177e-01
2.631182456207470932e-01
2.629903963056056670e-01
2.628834879885427744e-01
2.628077154308412489e-01
2.627388319365400737e-01
2.626512046248613008e-01
2.625528087364227825e-01
2.624615617980544657e-01
2.623780127231817305e-01
2.622967111016963893e-01
2.666458110895719713e-01
2.624659938151695515e-01
2.603206332568095971e-01
2.590839135054404108e-01
2.580865504330939197e-01
2.577685110808781710e-01
2.571007888601247737e-01
2.565068098364748916e-01
2.560711679507234328e-01
2.557013038331613641e-01
2.557291213013201947e-01
2.553771338681539160e-01
2.550488664558704377e-01
2.547386034738434168e-01
2.544195451950088116e-01
2.545162420154854499e-01
2.539900842895236321e-01
2.536087192805391299e-01
2.532631140882364296e-01
2.528897628621688543e-01
2.531246649978705632e-01
2.524119775059367465e-01
2.519988988293399013e-01
2.516848540807004597e-01
2.514225539201619397e-01
2.519211732568840123e-01
2.514708033291930267e-01
2.511822627228191274e-01
2.509667868789441370e-01
2.507513324815479616e-01
2.510504983372263133e-01
2.507060070246207584e-01
2.504944638464606244e-01
2.502778722691383906e-01
2.501416380325607869e-01
2.504198569624820347e-01
2.500487475648566216e-01
2.499039843026881202e-01
2.497735577966593012e-01
2.496296624731807190e-01
2.496306138811417996e-01
2.493010231539977417e-01
2.491216364250530557e-01
2.489704101040356998e-01
2.488048215708057453e-01
2.493771343260330620e-01
2.487832991006792283e-01
2.484210249191173281e-01
2.482379122035177355e-01
2.481106739887686263e-01
2.480099157032611690e-01
2.479061493626987522e-01
2.477537496889961055e-01
2.476129116738384761e-01
2.474509890941287704e-01
2.472732986591101301e-01
2.470723261520869629e-01
2.468437334597655686e-01
2.464948089484832461e-01
2.461185401480998070e-01
2.457770144958534575e-01
2.454314439874871190e-01
2.449983260330775847e-01
2.444672633196195710e-01
2.438653987846358950e-01
2.434350759751303106e-01
2.430791941553586966e-01
2.427972450413657668e-01
2.424997933460431299e-01
2.422509934291905143e-01
2.420401956316689529e-01
2.418659538653876451e-01
2.416895813692871708e-01
2.415307940470826087e-01
2.413892553059732160e-01
2.412831335123852006e-01
2.411914416785002069e-01
2.411008896959921932e-01
2.410024401846288800e-01
2.408964982345328520e-01
2.407889020645985201e-01
2.406694710233444334e-01
2.405332213584238654e-01
2.403916619064775939e-01
2.402195795576029802e-01
2.400603526185624836e-01
2.399201926239619420e-01
2.397536193802983218e-01
2.395770289375887541e-01
2.394048993657588720e-01
2.392561688449079405e-01
2.391103443000685280e-01
2.389703995532779235e-01
2.387889095162105402e-01
2.386082817173024173e-01
2.384593186403895781e-01
2.383056167705296380e-01
2.381481005534902551e-01
2.379163929897404328e-01
2.377716094076299524e-01
