6.926599168108219517e-01
6.013133568395996331e-01
5.764807872901859254e-01
5.480819205125830873e-01
5.343776314117055781e-01
5.241409953434140734e-01
5.170707551608610952e-01
5.113902878681559905e-01
5.022930580290979607e-01
4.954974609323377077e-01
4.912825885798286496e-01
4.835485478834776751e-01
4.779334967424015979e-01
4.723183159754828497e-01
4.650659882451650406e-01
4.582413829010223982e-01
4.537638383741655623e-01
4.500917026183800518e-01
4.442951039451660811e-01
4.402299137767718418e-01
4.368118803525288252e-01
4.329900841364266451e-01
4.288956475785130618e-01
4.264079710348071539e-01
4.251007641408547366e-01
4.240160250022961819e-01
4.228432090298934742e-01
4.218319890447208009e-01
4.203919338164655017e-01
4.187641771024380177e-01
4.179382700657653382e-01
4.159110586758837935e-01
4.140369712709778827e-01
4.127255857600052313e-01
4.118034266863453974e-01
4.134633044302442606e-01
4.125262957079762205e-01
4.118042944825671126e-01
4.105494214487893090e-01
4.091801378237553410e-01
4.096982112577358670e-01
4.087402299542737816e-01
4.076266701353943867e-01
4.068337477661957413e-01
4.060958211450360622e-01
4.060697475060053296e-01
4.048625877333019152e-01
4.030068364258220792e-01
4.011560533053342148e-01
3.994351526672776376e-01
3.980042482145726424e-01
3.966884331281225196e-01
3.956295693643007150e-01
3.944273130830952545e-01
3.932835009514022429e-01
3.923602398720238416e-01
3.912874412387183365e-01
3.905462646602889110e-01
3.897217187330844768e-01
3.886334639973593186e-01
3.877457815542649233e-01
3.871027702441030005e-01
3.861642202669522961e-01
3.853696657406350812e-01
3.845953997014658343e-01
3.838001253136823498e-01
3.831033086636629892e-01
3.822479637042396905e-01
3.813516492311063155e-01
3.805364812221318505e-01
3.792973930288973672e-01
3.780363497590450983e-01
3.772822967811797490e-01
3.762568499514171161e-01
3.751728131094828056e-01
3.737443535376160364e-01
3.722872681681008711e-01
3.709322955713716397e-01
3.692980584314545789e-01
3.677027258475346061e-01
3.663767374092010698e-01
3.652568939872803955e-01
3.644402827823724489e-01
3.636649476317896368e-01
3.628931824144674967e-01
3.616595753709885286e-01
3.605498784992380856e-01
3.594473181423838981e-01
3.576629945450695014e-01
3.558335034805652497e-01
3.537452959285918297e-01
3.512149923324002776e-01
3.496526184868470333e-01
3.476566129648920866e-01
3.460776858703784598e-01
3.445480561546235276e-01
3.436466277771568212e-01
3.427858864077200640e-01
3.421178918650487066e-01
3.413893697129281035e-01
3.306159921791624323e-01
3.254603009928014878e-01
3.223300451989014603e-01
3.200480201108585332e-01
3.172755352808264151e-01
3.154992388824578442e-01
3.143886797988317827e-01
3.130516391270887211e-01
3.119685897576014999e-01
3.107837939009601702e-01
3.097455533325474963e-01
3.088215062639463326e-01
3.079994461723224997e-01
3.068007457660698600e-01
3.058289787803471493e-01
3.045381622135786559e-01
3.037579615323091620e-01
3.030385989780388645e-01
3.023041142935398162e-01
3.017636899668480477e-01
3.012056068860808344e-01
3.006923072761779614e-01
3.002555702693968653e-01
2.997679232745918965e-01
2.992041760576011344e-01
2.984879729301680995e-01
2.979713921783417319e-01
2.974615749948821830e-01
2.969566117012669149e-01
2.963672319469768390e-01
2.960990377141086149e-01
2.957222873514518957e-01
2.954401337085199586e-01
2.951533436030540636e-01
2.948455998734690331e-01
2.946247018009423568e-01
2.941986498648707649e-01
2.937990282864059166e-01
2.933290602704398675e-01
2.929406956917276483e-01
2.928089061541562232e-01
2.925932645043439750e-01
2.922887241334858333e-01
2.919935313213345984e-01
2.916982510083144242e-01
2.915949619265183479e-01
2.912979523442187912e-01
2.909841567574598664e-01
2.906817226387052866e-01
2.904415555618006795e-01
2.901659064210270755e-01
2.898886061730430730e-01
2.895628671102288276e-01
2.892690762679205885e-01
2.889214334092538028e-01
2.886375200640931005e-01
2.884033249086997985e-01
2.880544394910856121e-01
2.877635343745765240e-01
2.875033105794541632e-01
2.872023869136594021e-01
2.869796930457194084e-01
2.868203605957035940e-01
2.866352487414769445e-01
2.865013154834826770e-01
2.863787936191215522e-01
2.862504001056254688e-01
2.861118236783495861e-01
2.860280539201044969e-01
2.859339362728041123e-01
2.858324220974419183e-01
2.857735672081534450e-01
2.857087374115382938e-01
2.856383392679316957e-01
2.855667614634174178e-01
2.854991075390322375e-01
2.854098360128058398e-01
2.853354981257551493e-01
2.852560382345729617e-01
2.851857476876644149e-01
2.850799190715950782e-01
2.850127305993248594e-01
2.849239575275637759e-01
2.848563932832675061e-01
2.848138944905377334e-01
2.847799761912777616e-01
2.847467883832601743e-01
2.847092580466111245e-01
2.846828826274043767e-01
2.846498903017500859e-01
2.846194981068458363e-01
2.845835682601524641e-01
2.845504902555460736e-01
2.845208146620357148e-01
2.844930742796257239e-01
2.844708401030691669e-01
2.844469592837575722e-01
2.844213020546051407e-01
2.843954632521988324e-01
2.843701465137562501e-01
2.823390935300572058e-01
2.805961035378081170e-01
2.797215515556362164e-01
2.791211339912431644e-01
2.786118693958326009e-01
2.781854345198758183e-01
2.778270915733197510e-01
2.775376746312925857e-01
2.772385270245480426e-01
2.769386334210559020e-01
2.766992574904469926e-01
2.764814801206781913e-01
2.762685186899545009e-01
2.759743437900188945e-01
2.756311856970685148e-01
2.752715020300070536e-01
2.748077150926299117e-01
2.744969246460399193e-01
2.741578475637310164e-01
2.738312524969460648e-01
2.735141323190600215e-01
2.732575911228359855e-01
2.730162383237185741e-01
2.728469997169009065e-01
2.726871163882195748e-01
2.725755470496594723e-01
2.724205718925074571e-01
2.723078430899176228e-01
2.721533982059478052e-01
2.719252739218034898e-01
2.716943835541509866e-01
2.714770395550668014e-01
2.711570864649655577e-01
2.709226516471713309e-01
2.706549567597698047e-01
2.704256320223283883e-01
2.701194807592480762e-01
2.698573612401642396e-01
2.695312865435666727e-01
2.692890522253413299e-01
2.690331762826547179e-01
2.688474451882777450e-01
2.686361492290990083e-01
2.684399455302312609e-01
2.682757291591830184e-01
2.681410455008156890e-01
2.679451974999066954e-01
2.676952683969591185e-01
2.675516555924400408e-01
2.672757870901748545e-01
2.670268758477097326e-01
2.667630078671316962e-01
2.665344758285096982e-01
2.663437977049822325e-01
2.661641273786952144e-01
2.659824044737968962e-01
2.657980933485932784e-01
2.656678197932570984e-01
2.654814587356598699e-01
2.653124142446506850e-01
2.651814370181978520e-01
2.650217825322367382e-01
2.648714593894453406e-01
2.647522525452868924e-01
2.646064221374423431e-01
2.644886542584668487e-01
2.643768633031096105e-01
2.642607562729082926e-01
2.641136357067012663e-01
2.639801611548667770e-01
2.637969754144264267e-01
2.636118969372622245e-01
2.635008290777371420e-01
2.633649823601786344e-01
2.632843721176975071e-01
2.631703224326960022e-01
2.630499916243954628e-01
2.629619652479887049e-01
2.628850851419278767e-01
2.628119857325493247e-01
2.627373802838029460e-01
2.626604480124865582e-01
2.625684867119821297e-01
2.624881725589806591e-01
2.624192538491728621e-01
2.623457531811209664e-01
2.622713364588585283e-01
2.621916495252617496e-01
2.621172159229804843e-01
2.620347390579468860e-01
2.619670738644183094e-01
2.618808911690820862e-01
2.617868239386172968e-01
2.617174611590079580e-01
2.616505326177736568e-01
2.615859892724814451e-01
2.615375026637282718e-01
2.614847700171121780e-01
2.614372329735538125e-01
2.613985674447326657e-01
2.603212702654493227e-01
2.589981517363629249e-01
2.582217744700170958e-01
2.576259160142385651e-01
2.572222288110469490e-01
2.569594887442746556e-01
2.566753260785064605e-01
2.564384721501490882e-01
2.562139919498017115e-01
2.559469212784918346e-01
2.557291364422495938e-01
2.555344889853645163e-01
2.553601142408942204e-01
2.551876692451677808e-01
2.548336647724381288e-01
2.544946259030257951e-01
2.541029992835837081e-01
2.537155212893665857e-01
2.533786932722823515e-01
2.531753490311757782e-01
2.529946933111907326e-01
2.528127746648745067e-01
2.526217030120525564e-01
2.524047895208230141e-01
2.521759742880686495e-01
2.519902846788332207e-01
2.517270547617236343e-01
2.515385042978126595e-01
2.513644480906698786e-01
2.512149501630397408e-01
2.510637720551304741e-01
2.508782095730195394e-01
2.507276355060802375e-01
2.506080677580163063e-01
2.505024079248686641e-01
2.503880637100557305e-01
2.502874677984952556e-01
2.501214482456421417e-01
2.499633163929555202e-01
2.497942505650853073e-01
2.496617664378538992e-01
2.494645911541286121e-01
2.492298523594577708e-01
2.490238170401940787e-01
2.488311213840652958e-01
2.486657532319353492e-01
2.484916958160845180e-01
2.483157787441809539e-01
2.481841192940169027e-01
2.480449655808705245e-01
2.479008094502566650e-01
2.477538775636504431e-01
2.476098133075581853e-01
2.475123524250481544e-01
2.473609299465489297e-01
2.472488965346891221e-01
2.471146449572215464e-01
2.469848957623375918e-01
2.468902608351104533e-01
2.468041269962612527e-01
2.467323079703307998e-01
2.466681469262906601e-01
2.465704518552623570e-01
2.464453839679597025e-01
2.463222003003027183e-01
2.462208006065889632e-01
2.461276011923445861e-01
2.460192637194985876e-01
2.457049060009575681e-01
2.455030969012518272e-01
2.453502711303354178e-01
2.452106571506143806e-01
2.451235218751946499e-01
2.450573555977973439e-01
2.449755451369682036e-01
2.449104699174786126e-01
2.448452208948977415e-01
2.447866585065226197e-01
2.447245933301836207e-01
2.446549825252986865e-01
2.446076012378629594e-01
2.445602518165252703e-01
2.445186746723419513e-01
2.444480812487263011e-01
2.443660094974882957e-01
2.442194123167603648e-01
2.441287436277469192e-01
2.440609354689266541e-01
2.439790879385113354e-01
2.439072697433021242e-01
2.438334057273017497e-01
2.437772806589702801e-01
2.437306336172507804e-01
2.436974120986759029e-01
2.436572492808629642e-01
2.436284058203335434e-01
2.435962351399248715e-01
2.435621162912720572e-01
2.435230053050891352e-01
2.434897430248481320e-01
2.431633678837457624e-01
2.422181064399104578e-01
2.416542810808779140e-01
2.411404037902661890e-01
2.406168246442560721e-01
2.402331028088942055e-01
2.398659293034083873e-01
2.395819501745830304e-01
2.393644338759495782e-01
2.391403616035989166e-01
2.389349464006795820e-01
2.387353257281130126e-01
2.385201420399127303e-01
2.382467919927989675e-01
2.380597484668872665e-01
2.379772108843330458e-01
2.378046614046989971e-01
2.376122034638355196e-01
2.374638940563648382e-01
2.373351957740157392e-01
2.371759538788392463e-01
2.370610756127203844e-01
2.369526661203680828e-01
2.368231067533885514e-01
2.366797161420202689e-01
2.365944388591001146e-01
2.364123113217037331e-01
2.362327909835281181e-01
2.359732164794892117e-01
2.356903578796215870e-01
2.355022033612002852e-01
2.352104016188793223e-01
2.350274723097726670e-01
2.348042746585889406e-01
2.346051502260488864e-01
2.345467761535894313e-01
2.343948519742418135e-01
2.342334923928486301e-01
2.341007231491342988e-01
2.339496452562850881e-01
2.338580300078881846e-01
2.336587633187436619e-01
2.335048770109522387e-01
2.333647514885846541e-01
2.332303039511277043e-01
2.331143671836583553e-01
2.329486590733046980e-01
2.328015873094012034e-01
2.326377221218776936e-01
2.324804605624587184e-01
2.323411528764763034e-01
2.321682459707085089e-01
2.319810663462483491e-01
2.318422036540781495e-01
2.316803085063341705e-01
2.314970093284952624e-01
2.313755670453149782e-01
2.312154344709567988e-01
2.311020906177164158e-01
2.309598236846053532e-01
2.308081244214344740e-01
2.306285109331975003e-01
2.305128563514976248e-01
2.303611424155082854e-01
2.302547301313989103e-01
2.301513718272730213e-01
2.300289664698672298e-01
2.298784274210212974e-01
2.297789208643827297e-01
2.296211445661340278e-01
2.295048730190407116e-01
2.294138261201193463e-01
2.292903161810270207e-01
2.292092058568059310e-01
2.291293346265055042e-01
2.290262309175001287e-01
2.289481297725486086e-01
2.288621745989311840e-01
2.287816440772391935e-01
2.287093395560941544e-01
2.286183256426239929e-01
2.285332962560329140e-01
2.284475225325611203e-01
2.283698326216599128e-01
2.282997749852619940e-01
2.282163884652758934e-01
2.281365029874532491e-01
2.280651623515000670e-01
2.279897915317934953e-01
2.279336404135705318e-01
2.278715396516282354e-01
2.278135444428889822e-01
2.277488058456120512e-01
2.276934677981262145e-01
2.276408160503267386e-01
2.275839183635721685e-01
2.275237371204545389e-01
2.274686542562212310e-01
2.274045382222606715e-01
2.273614756119785030e-01
