3.083119389150608125e-01
1.644806316962350579e-01
1.194031925645021308e-01
9.420932393781503156e-02
7.927338681874100679e-02
7.388019382961408255e-02
6.252635599816318279e-02
5.523273541948930249e-02
4.929766595722639283e-02
4.476932535879715735e-02
4.433991022562362716e-02
4.058131230649209692e-02
3.804269396902636158e-02
3.572215121893536349e-02
3.406062048547849053e-02
3.320084849819476824e-02
3.158072014378086878e-02
3.021691963072781553e-02
2.883847669859669269e-02
2.768914822848555710e-02
2.705589037992578438e-02
2.608923124535589624e-02
2.539736532116195974e-02
2.457655549280612223e-02
2.376591792698597161e-02
2.333511516971004812e-02
2.255561180750956587e-02
2.196891920882112353e-02
2.141760927448635790e-02
2.089983173606474107e-02
2.080200466158003275e-02
2.026242155526433719e-02
1.989109581939451157e-02
1.956111703899740539e-02
1.926345529951076219e-02
1.916872572546857514e-02
1.877807721684035883e-02
1.844961394285440925e-02
1.816128709064401825e-02
1.785175840049283563e-02
1.789352422111483917e-02
1.757778288440169784e-02
1.735410943447770332e-02
1.712392118730137608e-02
1.692193110874404965e-02
1.698991801978233865e-02
1.673033065761264648e-02
1.656160085572325538e-02
1.638274698395665238e-02
1.617907688173501890e-02
1.598437086022674869e-02
1.576109994197472108e-02
1.549938481256895803e-02
1.528571442140924663e-02
1.507388379249371448e-02
1.487200008437660273e-02
1.467965845206177684e-02
1.447971080299893104e-02
1.427690385668893905e-02
1.408091691707945639e-02
1.388832312196781014e-02
1.369984109528369146e-02
1.352392544312381803e-02
1.334928159162339367e-02
1.317105858146454603e-02
1.299949904108430032e-02
1.283878957731315190e-02
1.266372874420989940e-02
1.251498875536211607e-02
1.236486170776971566e-02
1.220564255136318867e-02
1.205211404218611317e-02
1.190138303794644782e-02
1.175894588522424442e-02
1.160592749302852798e-02
1.146835527893301510e-02
1.134459500211458007e-02
1.123319721247874325e-02
1.111505549869776233e-02
1.101240604832304758e-02
1.091530790261305110e-02
1.080971099042020087e-02
1.072325695994819257e-02
1.063370721455672747e-02
1.053816417350549733e-02
1.043889762510123026e-02
1.035874599735361890e-02
1.027730270928328866e-02
1.020871710617177186e-02
1.013742629786947881e-02
1.006047849350885995e-02
9.990963501626580825e-03
9.906717838949669064e-03
9.838496955517301093e-03
9.763443263012615281e-03
9.700031478492599293e-03
9.630786970610318368e-03
9.567129076452046688e-03
9.496495867566170576e-03
9.419243888994840302e-03
8.268534284194131029e-03
7.234944975911131518e-03
6.653452023644846301e-03
6.217588635706081980e-03
5.887085914576686320e-03
5.629033636038305657e-03
5.440037000163013697e-03
5.240510304336523303e-03
5.067786060742930990e-03
4.928144224919506385e-03
4.796075748083478314e-03
4.677752370945579240e-03
4.564517947152202729e-03
4.458806111080670757e-03
4.363897458026880574e-03
4.283302887623656983e-03
4.196507545032857750e-03
4.115934657975729369e-03
4.039525661321903029e-03
3.966137913407221174e-03
3.919794520225873546e-03
3.863808135878778541e-03
3.812728806992052646e-03
3.758223602913754284e-03
3.702285760589650761e-03
3.659673819587266983e-03
3.611281880064662678e-03
3.561206109602912170e-03
3.513005699435705568e-03
3.472244216667476693e-03
3.439463435627038157e-03
3.402385295689563504e-03
3.366014359442685323e-03
3.332766341445233659e-03
3.297641780350783151e-03
3.264722427482812019e-03
3.227442157935622551e-03
3.194509419790254965e-03
3.163795662893464141e-03
3.133601652709925786e-03
3.112801173326288761e-03
3.084557599423334677e-03
3.054830394221659789e-03
3.027127941672284536e-03
3.001859536957517897e-03
2.985680100617666213e-03
2.963418458785128592e-03
2.939791102759099599e-03
2.914164298150581384e-03
2.892173165195199586e-03
2.869269594710227057e-03
2.848137935746747600e-03
2.829011152691221411e-03
2.811689802827239178e-03
2.793226574470115357e-03
2.773078076513571955e-03
2.754618588391882870e-03
2.733908321334008618e-03
2.716064494113343795e-03
2.696864813777334786e-03
2.679256937070146390e-03
2.660887447568817746e-03
2.645840344161953708e-03
2.631434521568253200e-03
2.618607677495318319e-03
2.604992866025509970e-03
2.590037235744256476e-03
2.574171992745866513e-03
2.559284094184825081e-03
2.543443217431758628e-03
2.529531486946324202e-03
2.514289136116328125e-03
2.500946875550033501e-03
2.485579028591024427e-03
2.471058705538968329e-03
2.456285865468382183e-03
2.441679216100022844e-03
2.426454724937566771e-03
2.411532622315978348e-03
2.398469183633209195e-03
2.383727524513994719e-03
2.371830691976865250e-03
2.359596336004745991e-03
2.345561642862979343e-03
2.334026325971617650e-03
2.320755224627207760e-03
2.307467429919464290e-03
2.296915849362368266e-03
2.286483533173907547e-03
2.275257030635347705e-03
2.264338806438578097e-03
2.255112576607378252e-03
2.246094466594890458e-03
2.236598258883914971e-03
2.227505043134290260e-03
2.219102570455913550e-03
2.210645408615679285e-03
2.202335692006649609e-03
2.192769081311261772e-03
2.183135473926909546e-03
3.138161850457942340e-03
2.488355576115356630e-03
2.194605109338801114e-03
2.015593355183710553e-03
1.903746542388369892e-03
1.821775088146436851e-03
1.737937444852261743e-03
1.668156390082062637e-03
1.607954101006280360e-03
1.555261185446628596e-03
1.513006763727781437e-03
1.470788265545223831e-03
1.438268136117202721e-03
1.404995466954408979e-03
1.373810479668060745e-03
1.354159587035976648e-03
1.329847790407155629e-03
1.307468498097865035e-03
1.285989161019774740e-03
1.264907685393417162e-03
1.248921413262858672e-03
1.229979186068661098e-03
1.212939070525061386e-03
1.196758655284299935e-03
1.182404612883196631e-03
1.171666230371864624e-03
1.158426916000762598e-03
1.146687335457865012e-03
1.135130086950311354e-03
1.123423035337672371e-03
1.114334592816799583e-03
1.102440270301830935e-03
1.092059615993686656e-03
1.081979064283113395e-03
1.071180183370766190e-03
1.062613850413526070e-03
1.051004047905551618e-03
1.040798607454688227e-03
1.032541672663793040e-03
1.024976095727024323e-03
1.020104637167030702e-03
1.012531957610666436e-03
1.005007390661721975e-03
9.976647025276680868e-04
9.899143142555787492e-04
9.839989373918594812e-04
9.767377070410733497e-04
9.706056606410932985e-04
9.643369896441651105e-04
9.587468388975218820e-04
9.526978378333667745e-04
9.461971508332207717e-04
9.400623231428993469e-04
9.337520034930114768e-04
9.277439383210996093e-04
9.208055364111241954e-04
9.138409374216352899e-04
9.075314670516059900e-04
9.016920245421796484e-04
8.949283909364068573e-04
8.885479060430943399e-04
8.821917582076948140e-04
8.765714813556284594e-04
8.716581904620012951e-04
8.661131119063216182e-04
8.613713984055788083e-04
8.570402759479374541e-04
8.528886054168935893e-04
8.484557007874803667e-04
8.442018689760564121e-04
8.399989314312731508e-04
8.357076691638356571e-04
8.316336539495146818e-04
8.276368460181477652e-04
8.234125649760132759e-04
8.198436630548626468e-04
8.157618628008702711e-04
8.115930030144526131e-04
8.070814647205377338e-04
8.026466888286720117e-04
7.982101693093916371e-04
7.941579826907723761e-04
7.900443916138927356e-04
7.861402529751605186e-04
7.817538472058030647e-04
7.775782688469468898e-04
7.738643532170852218e-04
7.697166518353656733e-04
7.654611851548433297e-04
7.614757294289038443e-04
7.576367083350115305e-04
7.542283072851835345e-04
7.503714002585570950e-04
7.465679116233929404e-04
7.428723011205251060e-04
7.392823840075324381e-04
7.358370921110759643e-04
7.322942498768174584e-04
7.290189744860963144e-04
7.258324995896804285e-04
9.435192763384551984e-03
4.722214874833535227e-03
3.149856749555498756e-03
2.429165396983790515e-03
2.007013735971089393e-03
1.956034219718705194e-03
1.668937910463772628e-03
1.477246893588454735e-03
1.329248991126461173e-03
1.197133156823049736e-03
1.105394932457439599e-03
1.026511784326863790e-03
9.582120243265495165e-04
8.968576074608860995e-04
8.400222029748913993e-04
7.955606506473134314e-04
7.525155721493625429e-04
7.142396932859065243e-04
6.801669690704152281e-04
6.485915927497713698e-04
6.209806694995727858e-04
5.949736232583424482e-04
5.711072580603520103e-04
5.445265500194619796e-04
5.223729222524105134e-04
5.030819696618093464e-04
4.834750229359226128e-04
4.640815130305982867e-04
4.478965423978531761e-04
4.330640771836550152e-04
4.196124229375903657e-04
4.043497274976577921e-04
3.920344728623378623e-04
3.801655553766885567e-04
3.689444634426676615e-04
3.580558959033907805e-04
3.461829539608116580e-04
3.361979997812445482e-04
3.258629321076513224e-04
3.159753926438130483e-04
3.076134654605113179e-04
2.969774675512879686e-04
2.872855539543262286e-04
2.795667913633582253e-04
2.707701931971573123e-04
2.644599859511249256e-04
2.558229811975384254e-04
2.479471764813729077e-04
2.404645339463528915e-04
2.336065770677278575e-04
2.279235373233216529e-04
2.213047503021161667e-04
2.159560856926194268e-04
2.111966922565705639e-04
2.069887346612975536e-04
2.027622409496177014e-04
1.982569732973159325e-04
1.943248810941391688e-04
1.900410974983218673e-04
1.859363136711039189e-04
1.819267256922233334e-04
1.781930724223964419e-04
1.742760760355812700e-04
1.708856732971646727e-04
1.671338175545401263e-04
1.632748902822908502e-04
1.596583431579659323e-04
1.559088256843005121e-04
1.526373281855436916e-04
1.496844118335693887e-04
1.462173019924458881e-04
1.430311187246945787e-04
1.395689896036395017e-04
1.364579712484122469e-04
1.329564719715810046e-04
1.298785046594719999e-04
1.271306070101035424e-04
1.246920480993828529e-04
1.220868685562509113e-04
1.195384019786871460e-04
1.172016950627421218e-04
1.145862068874785609e-04
1.123031681937427048e-04
1.099284455130043314e-04
1.077364773167596441e-04
1.055019836394476359e-04
1.033696267866541330e-04
1.013738743441320960e-04
9.925307300401447499e-05
9.728082183417379738e-05
9.531821077378087282e-05
9.334611078116520342e-05
9.134824112313534063e-05
8.940610470518037549e-05
8.742637424290078808e-05
8.556393403134943695e-05
8.368550705415352966e-05
8.200187257911786441e-05
8.033951120661798916e-05
7.873271622228549059e-05
5.863771169931104171e-03
3.169697512060358491e-03
2.080744562876840446e-03
1.558227960960307775e-03
1.241559800644847882e-03
1.149675371140699513e-03
9.642635760626099744e-04
8.390938041900684440e-04
7.119432938051713103e-04
6.036657016123647516e-04
5.179268269555564828e-04
4.498864504591502142e-04
3.944858572278971479e-04
3.494308240134421360e-04
3.105197602948053435e-04
2.807432588769899050e-04
2.506026262564692601e-04
2.241101106147960168e-04
1.996457773961036303e-04
1.803039914509297487e-04
1.647802854364423903e-04
1.488770681233479503e-04
1.349169916370463829e-04
1.205984151168846462e-04
1.095924733619170640e-04
1.006130851829569953e-04
9.102620664095000306e-05
8.042129195541476748e-05
7.275578367519730354e-05
6.630643343872327940e-05
6.038322518818383593e-05
5.471427689017986364e-05
4.960950973884810817e-05
4.451354000036004596e-05
4.049882035396960085e-05
3.743070381539056324e-05
3.408543176893989978e-05
3.102335830779835290e-05
2.854445221882746155e-05
2.637653695746809573e-05
2.462803060757416562e-05
2.278262575317357476e-05
2.143390498366912200e-05
2.015608703878310040e-05
1.890888970583373173e-05
1.766664672695324734e-05
1.661323855933000344e-05
1.562677177971137326e-05
1.473054827744888970e-05
1.390802154035306649e-05
1.319851058751567737e-05
1.256315540909013762e-05
1.198057375504515521e-05
1.152686189681079473e-05
1.110001373676502352e-05
1.070765132224367128e-05
1.037704094443230211e-05
1.010584882250211790e-05
9.806489538601832154e-06
9.491270633328125066e-06
9.164792847994770637e-06
8.902983143174347840e-06
8.697351403251179941e-06
8.459902472112677151e-06
8.266728220673670149e-06
8.098120685358851424e-06
7.927166474797604583e-06
7.771733585248825058e-06
7.627806435429248128e-06
7.484999919178085011e-06
7.330758404066287594e-06
7.181277068064582449e-06
7.044403711064339210e-06
6.904976377156813037e-06
6.737210103473929722e-06
6.592844096737588332e-06
6.462765374120351684e-06
6.325921013480039576e-06
6.190608148775827952e-06
6.064378904682622621e-06
5.953194170893420546e-06
5.869561344150681288e-06
5.782867102790887821e-06
5.698227623573859599e-06
5.600989925279893582e-06
5.507616256907252012e-06
5.416548565337863260e-06
5.328824123213677681e-06
5.231776579247549923e-06
5.141590943080763643e-06
5.070932818492785403e-06
4.991810637798967795e-06
4.890259151552159762e-06
4.803692118346249126e-06
4.709406753674186136e-06
4.618704329953194405e-06
4.534725324683642761e-06
4.447891451873948924e-06
4.338867690832568568e-06
4.217388857123838100e-06
