8.756717664515634159e-01
8.502319629270224111e-01
8.429269779813668428e-01
8.384333619032402485e-01
8.351389259577807200e-01
8.328321869669952360e-01
8.303371984856586785e-01
8.283837351791377701e-01
8.270335857367981935e-01
8.256031096107532274e-01
8.264105787645036338e-01
8.252356759460784952e-01
8.237563329131029066e-01
8.224970910555327031e-01
8.212273336121244105e-01
8.248259195062096483e-01
8.239866523144678823e-01
8.227128297101654608e-01
8.222068848258897722e-01
8.219542323052730914e-01
8.220159538462176174e-01
8.217148323253632425e-01
8.214532648086099176e-01
8.212045095140569906e-01
8.210258601647981713e-01
8.211058035733526106e-01
8.209023304769957896e-01
8.207013111637008196e-01
8.205300058634698024e-01
8.203121694497500505e-01
8.204930667613307138e-01
8.203332124908132572e-01
8.201288030037153787e-01
8.199488521150640752e-01
8.198645554126483548e-01
8.198846537916498756e-01
8.197817919590483227e-01
8.196717545007180528e-01
8.195353954693888054e-01
8.194749591325904969e-01
8.196653186748079634e-01
8.195243787303158056e-01
8.194137582813837417e-01
8.193344176157473235e-01
8.192611716409107236e-01
8.194601497865761086e-01
8.193775027149386991e-01
8.192549100517981797e-01
8.191797125372922705e-01
8.191455482467197013e-01
8.191213373607276749e-01
8.190962215806413260e-01
8.190719915157849140e-01
8.190465745870707526e-01
8.190222332128196392e-01
8.189696533114391164e-01
8.189283437031361634e-01
8.188581651559552199e-01
8.186788322723237421e-01
8.183583619934831077e-01
8.176364022802367071e-01
8.166856754773381688e-01
8.158376605006704141e-01
8.152424778502203040e-01
8.148694367812800987e-01
8.144622066431863594e-01
8.140336698405555849e-01
8.136912451253278666e-01
8.134685068300437916e-01
8.132261254564869812e-01
8.129656732459047408e-01
8.128202518488472084e-01
8.127060131945323951e-01
8.126223491174708879e-01
8.125367930885476486e-01
8.124859526223315864e-01
8.124365706696669021e-01
8.123867761621264005e-01
8.123498640694487571e-01
8.123221189123022157e-01
8.122995196478982605e-01
8.122850205703731064e-01
8.122662307239396640e-01
8.122507905733699074e-01
8.122335483721263572e-01
8.122119134704743892e-01
8.121928416014261298e-01
8.121726820852913642e-01
8.121603833596539035e-01
8.121487836142333716e-01
8.121334735504048830e-01
8.121221616390784659e-01
8.121060923329229686e-01
8.120909759508995185e-01
8.120749477013726736e-01
8.120617586109303288e-01
8.120433999506967426e-01
8.120174845412064801e-01
8.119841847601493301e-01
8.119543717240149672e-01
8.003369916885245683e-01
7.968196609203066494e-01
7.946521606122145531e-01
7.925188660835885690e-01
7.899033811275665284e-01
7.878021939794379591e-01
7.861585360225927799e-01
7.846981199716988042e-01
7.836259098061282291e-01
7.826141825588164291e-01
7.824761867344628419e-01
7.817450498464538766e-01
7.812383549311566755e-01
7.807405131019176103e-01
7.799987234765571875e-01
7.795455242533603224e-01
7.791568943572004802e-01
7.787932166824971247e-01
7.782594619616225451e-01
7.778505561952715475e-01
7.776509175307795285e-01
7.772754623236095561e-01
7.768631835387425077e-01
7.762725049577499092e-01
7.759140299374875926e-01
7.759400804427791787e-01
7.755274755609223858e-01
7.751185274627253596e-01
7.748395177554046054e-01
7.746167926594274000e-01
7.747223709165141914e-01
7.744209143814029250e-01
7.740828572114482053e-01
7.737475348745262993e-01
7.734071269916911184e-01
7.735425802109153759e-01
7.729514619860903268e-01
7.724625275987877515e-01
7.720866966378299168e-01
7.717782081912342163e-01
7.722318382888928578e-01
7.717185333137084324e-01
7.710884276509534230e-01
7.705761072012417001e-01
7.699908429641195706e-01
7.705979187882514569e-01
7.698275255049291665e-01
7.692899938334804011e-01
7.688458644622219174e-01
7.685642339732154937e-01
7.683183155452414370e-01
7.681339019805702995e-01
7.679561934352118202e-01
7.677537549413033791e-01
7.675801203389005511e-01
7.674521763805294272e-01
7.673360676494160870e-01
7.671852482419798669e-01
7.671027785438105928e-01
7.670076323101301385e-01
7.669253119355071702e-01
7.668508593969167730e-01
7.667851404679163485e-01
7.667084143324226497e-01
7.666461863361522244e-01
7.666064233940249606e-01
7.665670824359803737e-01
7.665257848812891961e-01
7.664808051171602132e-01
7.664301191994083995e-01
7.663833805124777854e-01
7.663340371448561505e-01
7.662745274909920079e-01
7.661676683137164101e-01
7.660347647343416222e-01
7.658962810557746748e-01
7.655729854892183717e-01
7.653675711895733258e-01
7.652404699157016044e-01
7.651770128833029760e-01
7.651157032486104459e-01
7.650425184095780429e-01
7.649393251512467407e-01
7.648208744972853079e-01
7.647413517723504750e-01
7.646883217982225478e-01
7.646311614807130841e-01
7.645723996342455031e-01
7.645049428282555404e-01
7.644323151876252220e-01
7.643774923459831783e-01
7.643200098339598680e-01
7.642787568249809205e-01
7.642457318309132663e-01
7.642188686179185453e-01
7.641961022535025405e-01
7.641693144464571930e-01
7.641471968908606360e-01
7.641119358392876038e-01
7.640752765237869282e-01
7.569437959780282998e-01
7.533367440014728800e-01
7.513398943879584513e-01
7.500082781947440269e-01
7.489767437773582337e-01
7.479277333928197047e-01
7.460736158916864147e-01
7.442617735890388886e-01
7.432418649659352505e-01
7.424238270468421774e-01
7.416514000611513779e-01
7.408353310476216702e-01
7.399528809209274804e-01
7.390285539026647532e-01
7.382776839854632289e-01
7.376524941116121559e-01
7.369084583493362706e-01
7.361146762236696617e-01
7.354257146773951481e-01
7.348842345668830101e-01
7.346419966523463074e-01
7.342649959861426989e-01
7.339953808996438900e-01
7.336783783936500214e-01
7.333044446618608436e-01
7.329300197965533670e-01
7.325587389459223830e-01
7.319676601641631475e-01
7.314295927940157593e-01
7.308655662643909201e-01
7.305367443941308547e-01
7.299556731874885518e-01
7.292070340997468536e-01
7.286200506126307985e-01
7.280474196814115118e-01
7.283437403431870516e-01
7.278321847724769089e-01
7.273096768326134942e-01
7.269643123535646234e-01
7.265304114575200645e-01
7.268705998946225488e-01
7.264160580172840387e-01
7.259060581641387788e-01
7.255215162186322564e-01
7.251778816783530646e-01
7.255704430561527030e-01
7.252657945729853450e-01
7.249016818807068052e-01
7.246364479662190661e-01
7.244720999955337470e-01
7.243405177695844133e-01
7.241603028279011145e-01
7.239382402266841821e-01
7.236616025836073440e-01
7.233755097822079927e-01
7.232093789158964281e-01
7.230355798375102117e-01
7.228163629154399361e-01
7.226115158920297654e-01
7.224538853872606303e-01
7.223238186283477136e-01
7.221422434159703307e-01
7.219240846435859282e-01
7.217684707198669392e-01
7.216171115401619485e-01
7.214933055917366334e-01
7.213379466482713331e-01
7.212477539538864058e-01
7.211517412243456659e-01
7.210370767090096278e-01
7.208948382741624528e-01
7.207359974002809366e-01
7.205565638862940769e-01
7.204220420899442034e-01
7.202298643496267694e-01
7.200426405392531537e-01
7.198801503415747094e-01
7.197578308647890610e-01
7.196442568602333667e-01
7.195162864984907536e-01
7.193962730395855321e-01
7.192953732666623745e-01
7.191743033855623191e-01
7.190034744326955218e-01
7.188025366355548229e-01
7.186298425618907748e-01
7.184694394670851914e-01
7.183541292451537386e-01
7.182626414833532813e-01
7.181636968395525011e-01
7.180640982289310248e-01
7.179580888496691626e-01
7.178365309250384074e-01
7.177195676399976687e-01
7.176014708128682917e-01
7.174963102415954364e-01
7.173969603706982223e-01
7.173133221828861261e-01
7.172340664905583196e-01
7.171844362904857828e-01
7.169898436459488655e-01
7.125554771282686106e-01
7.105573184453921609e-01
7.096176317333040551e-01
7.090143050651399603e-01
7.083845312787654391e-01
7.076765144221591752e-01
7.067665864922099139e-01
7.060606068578711980e-01
7.052279546487447703e-01
7.047520189570734006e-01
7.040656353250078769e-01
7.035715996820581797e-01
7.030594400885211703e-01
7.025481246185117934e-01
7.019453636656655116e-01
7.012272592432933216e-01
7.003837389563877247e-01
6.995782714560986326e-01
6.989257677712752415e-01
6.983967994614729280e-01
6.978202782967835027e-01
6.973840109826962008e-01
6.970289770429056730e-01
6.967209113709341706e-01
6.966701974755198368e-01
6.962864921533202800e-01
6.958332169714150917e-01
6.952408895474923023e-01
6.947189269841143044e-01
6.944292132527654093e-01
6.940598851489562238e-01
6.937403516297100392e-01
6.934460810278885168e-01
6.931673417748791532e-01
6.932427644009760970e-01
6.929463688069709137e-01
6.926148128374686186e-01
6.922780624182173215e-01
6.919030292314130026e-01
6.916107958390410593e-01
6.912941674647197221e-01
6.910076463179317674e-01
6.906815766964150560e-01
6.901783082476871112e-01
6.898885119315600889e-01
6.894404903477389102e-01
6.891061235337778701e-01
6.888862544098678375e-01
6.886764365005907385e-01
6.884791002076616762e-01
6.882878214884863288e-01
6.880131052785947166e-01
6.876082205732182429e-01
6.871423754827955532e-01
6.867764475085053055e-01
6.864651066389917400e-01
6.861988990644098951e-01
6.859628678339110275e-01
6.858039255220920172e-01
6.856678289703441731e-01
6.855516206301158766e-01
6.854236731920717585e-01
6.852788103893272531e-01
6.850707913275411176e-01
6.848077229731797111e-01
6.845214182777251688e-01
6.842051390471330929e-01
6.839100809105372880e-01
6.837245038114063700e-01
6.835585527162473252e-01
6.833551662351291522e-01
6.831394666856280828e-01
6.829401294566053160e-01
6.827444304706211664e-01
6.825175806859303806e-01
6.823092007784621327e-01
6.820878270404578947e-01
6.818936609939272309e-01
6.817194873557990142e-01
6.815442219139753455e-01
6.813727862112788358e-01
6.811767829751543823e-01
6.809336406299466571e-01
6.807055946289988224e-01
6.804990764851178708e-01
6.803436750523641496e-01
6.801581511699388294e-01
6.799941161844131887e-01
6.798493553192389571e-01
6.797019793516344555e-01
6.794920603862184549e-01
6.793315964989063982e-01
6.791663708141554290e-01
6.790312122952918417e-01
6.789139851692683747e-01
6.787898283039709435e-01
6.786464692896159168e-01
6.784756232217207250e-01
6.783297583919792872e-01
6.811596250655049811e-01
6.778576048307243251e-01
6.756832930887066713e-01
6.744562046035688097e-01
6.735793168809203202e-01
6.731532717400977583e-01
6.724055038474036072e-01
6.717909857405349738e-01
6.711007354374741718e-01
6.706598181685982096e-01
6.703263669087685672e-01
6.698865655868152524e-01
6.694340498814106422e-01
6.689023160693842174e-01
6.684514510509107499e-01
6.680263903880556686e-01
6.676912397358252260e-01
6.673885949856720456e-01
6.670280221140192367e-01
6.666703792952631824e-01
6.662965120242666517e-01
6.656978172567628027e-01
6.651151227547746903e-01
6.645643660017612753e-01
6.639431590885197521e-01
6.634223652176011177e-01
6.628412115331302479e-01
6.622672556745539119e-01
6.616939957855755283e-01
6.612456523602100456e-01
6.608406970414039128e-01
6.605200617890575332e-01
6.602050317355259157e-01
6.598658966917305690e-01
6.594557904518746350e-01
6.589212206113962411e-01
6.584308545407417945e-01
6.578401382848246826e-01
6.573982871399915995e-01
6.570235178243424290e-01
6.567301878078326549e-01
6.563856240224469341e-01
6.560783546916284514e-01
6.557390153426195800e-01
6.554030066673254273e-01
6.551539799916064055e-01
6.548493339069508812e-01
6.545846475615269000e-01
6.544134907126161194e-01
6.542479767344726582e-01
6.540910146068176223e-01
6.539376539300876257e-01
6.537593310541901515e-01
6.535673054994474152e-01
6.533387591522844540e-01
6.531120357572907098e-01
6.529096458350175380e-01
6.527143349198584188e-01
6.525345350659406130e-01
6.523945260076936536e-01
6.522384165190927563e-01
6.521251398449274816e-01
6.520091213451474355e-01
6.518830567335945902e-01
6.517353747488696669e-01
6.515703257656988434e-01
6.514259703919098587e-01
6.512827111043589801e-01
6.511647537369523731e-01
6.510034605154376708e-01
6.508582497926892474e-01
6.506984158204895952e-01
6.505270876163812277e-01
6.503732233577427246e-01
6.502411482961034661e-01
6.501198552140019515e-01
6.499989832694157421e-01
6.498666052973889329e-01
6.497387082582782858e-01
6.495879960283545973e-01
6.494424002913438132e-01
6.493015251006218902e-01
6.491723903084565261e-01
6.490694144379391961e-01
6.489602120664701435e-01
6.488668853112730117e-01
6.487790644118369698e-01
6.486691282693557437e-01
6.485582301302234010e-01
6.484604575475902966e-01
6.483881209833312065e-01
6.483154830471689056e-01
6.482421257687722704e-01
6.481535963550715262e-01
6.480517296497907420e-01
6.479565896895634891e-01
6.478431910830514395e-01
6.477152943682188413e-01
6.475900936190388535e-01
6.474920987793421068e-01
