2.567956546319263844e-01
1.343531908696334320e-01
9.029936083776318734e-02
7.053433921604189416e-02
5.754736286239906656e-02
5.203910701317664839e-02
3.902395304780192226e-02
3.327922196256238169e-02
2.956502097560512535e-02
2.672242250671833311e-02
2.601588454133178449e-02
2.305187611638456757e-02
2.106926419297760686e-02
1.943508911715250212e-02
1.800066729586874414e-02
1.820394156455445653e-02
1.690070299635662229e-02
1.597134507321329097e-02
1.514328613945509563e-02
1.419698702880444439e-02
1.390370211740867175e-02
1.296401149268069063e-02
1.222992054393649483e-02
1.160609097347351480e-02
1.094078873999795344e-02
1.103717142380609625e-02
1.043100316090977628e-02
1.005381612818992236e-02
9.721797699359432249e-03
9.389671789405707944e-03
9.436201891474092426e-03
9.045465080748760905e-03
8.659319845458810991e-03
8.351764218174873369e-03
8.056304740503620471e-03
8.062141874651273382e-03
7.788826193795533002e-03
7.661441463601230059e-03
7.526524454694600262e-03
7.391565022379279100e-03
7.438389736806808386e-03
7.234813291463039996e-03
7.146279781378612160e-03
7.044047117226707837e-03
6.868367455395741304e-03
6.886292017107324692e-03
6.628727895323061406e-03
6.420494196127350152e-03
6.226377332523838279e-03
6.085963215644725824e-03
5.920038979323035723e-03
5.762858730370557479e-03
5.578801184298712995e-03
5.421238185118158748e-03
5.267811374828712187e-03
5.096390578797043401e-03
4.941188622376330164e-03
4.802061340189065115e-03
4.665741987358337610e-03
4.549496891782003373e-03
4.450823702624541467e-03
4.352694557736654438e-03
4.255959709376392827e-03
4.173638535364881247e-03
4.076388901923650582e-03
3.984746138406677560e-03
3.910948578768475882e-03
3.838343668121277624e-03
3.758411334942088084e-03
3.674447290731920265e-03
3.613089758424588641e-03
3.549069850376723213e-03
3.487209656660735999e-03
3.438197198294397870e-03
3.380681721032721340e-03
3.330970912587415296e-03
3.279772133109833294e-03
3.231566998582168729e-03
3.181915829845723825e-03
3.138546870919175624e-03
3.091382921340780736e-03
3.051861269219261364e-03
3.012375976502752652e-03
2.972029214499425764e-03
2.937303676609809462e-03
2.904354101604225517e-03
2.873497754882360644e-03
2.844346045561988411e-03
2.814025071368165230e-03
2.782018731466751136e-03
2.749756647527652493e-03
2.719028104039033968e-03
2.677282502057693175e-03
2.639215489093100098e-03
2.597747231929407614e-03
2.562880780969575920e-03
2.529952319947933407e-03
2.498619144436194442e-03
2.472819602298806548e-03
2.443294511470946694e-03
2.409820319327400911e-03
2.224737818673993249e-03
2.083091549061961284e-03
1.949451581226531362e-03
1.842598659347611210e-03
1.765206792799952490e-03
1.680226443683195160e-03
1.612587080736925136e-03
1.556421610758220797e-03
1.500563573939173861e-03
1.453114975381188719e-03
1.407479366902244589e-03
1.364275102182148673e-03
1.321282584031559237e-03
1.285691409252651997e-03
1.259012327992539704e-03
1.217037594772052596e-03
1.180583096409161276e-03
1.146676425942759481e-03
1.112722095564106124e-03
1.090404157224181270e-03
1.063960825458024496e-03
1.029700076959871348e-03
1.002019792552129003e-03
9.761600009618751159e-04
9.663769559015129114e-04
9.434762177362940056e-04
9.239369820430580775e-04
9.036339245515039725e-04
8.835086364754623665e-04
8.693788718506356011e-04
8.495434382356449512e-04
8.327568072856437499e-04
8.167796288264109802e-04
8.035405208946099376e-04
7.959358333783873515e-04
7.801430664103433310e-04
7.647282887398872521e-04
7.506665462433119614e-04
7.406457960012316792e-04
7.385357151516259771e-04
7.299808088978096019e-04
7.194012520307598068e-04
7.102751783450152005e-04
7.004532330109750678e-04
6.965208205154130522e-04
6.861562003143673559e-04
6.756994164913133170e-04
6.676734637377579676e-04
6.588389098835141511e-04
6.508025964210096062e-04
6.421727921795714967e-04
6.335151253955171799e-04
6.247400504645760251e-04
6.174344222480847343e-04
6.099924580971011158e-04
6.006835938486426458e-04
5.927603216036623308e-04
5.851139322829767902e-04
5.787969829392809870e-04
5.714407222597653324e-04
5.659592508364675841e-04
5.598062613788022147e-04
5.525432073928207566e-04
5.462971299413602478e-04
5.394217870821037004e-04
5.334644223998135726e-04
5.290642858907602724e-04
5.248590872684421715e-04
5.188383173686825309e-04
5.143791922219273158e-04
5.100180755098168185e-04
5.051584567218804934e-04
5.007564436066183318e-04
4.963906030901303352e-04
4.921917226000233330e-04
4.873013237524691037e-04
4.828676087397516911e-04
4.792310303117392769e-04
4.758019738287354045e-04
4.725857947168248213e-04
4.696112857924033472e-04
4.666136304857413600e-04
4.634512590496586552e-04
4.598542064001781365e-04
4.570087034777245991e-04
4.536739337128184663e-04
4.502621614873546230e-04
4.477174511485315471e-04
4.454330358130889470e-04
4.431616015137612935e-04
4.405024587046823159e-04
4.383663833735200878e-04
4.359396250162014884e-04
4.330947284364196066e-04
4.303361289712092220e-04
4.273723404176126917e-04
4.244715296707741959e-04
4.214995680873821868e-04
4.184341462804713773e-04
5.824615017088938772e-04
5.070219380418284271e-04
4.673137615994387502e-04
4.398043252313579236e-04
4.197588909482102837e-04
4.037716871135266466e-04
3.890024985366351512e-04
3.769329513502054979e-04
3.660119182606804550e-04
3.573187339491781496e-04
3.489635605627033920e-04
3.412512412547652322e-04
3.345991226225606373e-04
3.269709120398613263e-04
3.203684242408325880e-04
3.147248516523794282e-04
3.088065656775274004e-04
3.033382330563741684e-04
2.981730686376650430e-04
2.928667223520902774e-04
2.891343846438468573e-04
2.842790571423958702e-04
2.798197234739966386e-04
2.762766801898899221e-04
2.723275003702884940e-04
2.681062657942859381e-04
2.645340716115792139e-04
2.615092905432076496e-04
2.584183005361545614e-04
2.551860029644502110e-04
2.525250851162293034e-04
2.494706291363722392e-04
2.464981100566809424e-04
2.431597183165779929e-04
2.400852234421102624e-04
2.382540436903211629e-04
2.361630437913468054e-04
2.337053441683721187e-04
2.317028331728402887e-04
2.296405336818737621e-04
2.280256654937288629e-04
2.257490329915590524e-04
2.236112614555791083e-04
2.213118986734952619e-04
2.189767574798802646e-04
2.168803625104078110e-04
2.142969968312878387e-04
2.119212349199998003e-04
2.099838777084685258e-04
2.076011163919714393e-04
2.057923888924992014e-04
2.041329438305636073e-04
2.021153611256664784e-04
2.002241832748275104e-04
1.984327852481833853e-04
1.969656294806456233e-04
1.956078357859550245e-04
1.942480084182196813e-04
1.928350435928097338e-04
1.914598512966192412e-04
1.899368123283310718e-04
1.885357044894945286e-04
1.871326758321122346e-04
1.858209493146300315e-04
1.843705072483793931e-04
1.831256996886307842e-04
1.819050100538357215e-04
1.806863911032967460e-04
1.795609221304816960e-04
1.785448065984727366e-04
1.775514888602807285e-04
1.764012001361250871e-04
1.753938351347339702e-04
1.743291208306265957e-04
1.733528463718031173e-04
1.722205035822885818e-04
1.711696977052089969e-04
1.701631010417327644e-04
1.695222609413396021e-04
1.689524630373388228e-04
1.684748898227117703e-04
1.679181932176713012e-04
1.673468341376635026e-04
1.666726514070217811e-04
1.661707130518014317e-04
1.656989315859735761e-04
1.650887293700193802e-04
1.645380486038123971e-04
1.639814687312816813e-04
1.633112209454503532e-04
1.625703361783641825e-04
1.618887272846489332e-04
1.612532665925260590e-04
1.605479902215244125e-04
1.597094733036969198e-04
1.588433443408263980e-04
1.580225949185545635e-04
1.572271686716918929e-04
1.563830740722289381e-04
1.554460044784817694e-04
2.316322499776369865e-04
1.993353557363752816e-04
1.810142056524795414e-04
1.697202109927999677e-04
1.624833346826495915e-04
1.561507764778796617e-04
1.514228237123147077e-04
1.463072775380141436e-04
1.419094667524134522e-04
1.377310015347534304e-04
1.347552742268135048e-04
1.319178573530225651e-04
1.294404637606376472e-04
1.269008369836400780e-04
1.246160579412262535e-04
1.227335194830365083e-04
1.208895203433669601e-04
1.191735498512900882e-04
1.173797406851777173e-04
1.158388549249555067e-04
1.143767550743752213e-04
1.129095056463502429e-04
1.115388409275442619e-04
1.100233143545159965e-04
1.087416977242643454e-04
1.073915905456871556e-04
1.063833936809253439e-04
1.055336072338267328e-04
1.045554094769674067e-04
1.034136195806723653e-04
1.024014406992179743e-04
1.015051820885661335e-04
1.005199276097289965e-04
9.968355113996949228e-05
9.883540170580709834e-05
9.802560825615785466e-05
9.706962164416348831e-05
9.604633134416627846e-05
9.509021958297232842e-05
9.427990555375983617e-05
9.356189057134212941e-05
9.268882204950032032e-05
9.199396778097781828e-05
9.118426692071911557e-05
9.044720032231270295e-05
8.977575390373758826e-05
8.898184430372171124e-05
8.806060975879982883e-05
8.730798026896734035e-05
8.660218511038038835e-05
8.566448929624875287e-05
8.502968725332800621e-05
8.440270942122178220e-05
8.392205356027559993e-05
8.350922127643504425e-05
8.297504455846008218e-05
8.239522959723355900e-05
8.182090115268127065e-05
8.118207907843119099e-05
8.055626113008018446e-05
7.990455276395343773e-05
7.928115802276185654e-05
7.864284650041981916e-05
7.808934937373770795e-05
7.758433430790036744e-05
7.706513857429793249e-05
7.658238084638174065e-05
7.611914102474229304e-05
7.570854727506885100e-05
7.527390270610501144e-05
7.485856312469773134e-05
7.443743969186746164e-05
7.401229230007880364e-05
7.358752467537024700e-05
7.318130037977360191e-05
7.285019531285464353e-05
7.242722647003919023e-05
7.202772802523339422e-05
7.162072167447517941e-05
7.136174362396158503e-05
7.109220601571334872e-05
7.079815529578650671e-05
7.049638846863187972e-05
7.021662795337429671e-05
6.990031364060841706e-05
6.957654682422993893e-05
6.924515176176442911e-05
6.887263379133000624e-05
6.853150969000242803e-05
6.825862707489584365e-05
6.797492393139408970e-05
6.765329290332195561e-05
6.721258159401057432e-05
6.691931343210045157e-05
6.668494636470178715e-05
6.647956173171127453e-05
6.632350294217775433e-05
6.619382352803539194e-05
6.605341082463362940e-05
6.590242699454275811e-05
1.153339716035126940e-04
1.003681026799466835e-04
9.149656625344388023e-05
8.580125033512299296e-05
8.081659894671490419e-05
7.754611486177333756e-05
7.447904385757805402e-05
7.194988915841718090e-05
6.988550247890815842e-05
6.756879696315513852e-05
6.593918843322150709e-05
6.431101790999213497e-05
6.296853844352605074e-05
6.183052163959626012e-05
6.090086011112730969e-05
5.989040838556003985e-05
5.885221257867408331e-05
5.771512157443848314e-05
5.685902245264113139e-05
5.603472546598220862e-05
5.517271962461246278e-05
5.440455643123340166e-05
5.367798911979202077e-05
5.291074122202971098e-05
5.221438836584389747e-05
5.162334659502139074e-05
5.094658779409350546e-05
5.037534471442978249e-05
4.972417160867215137e-05
4.915085299938781412e-05
4.847665145613672431e-05
4.797793598974124381e-05
4.745414875129065315e-05
4.697046458611350958e-05
4.656800099675688170e-05
4.620233845139399528e-05
4.578512554886295517e-05
4.530443520885774040e-05
4.490299131855316953e-05
4.439924293335263320e-05
4.403249611534912095e-05
4.362511062849379578e-05
4.319225854399564983e-05
4.279202040855295997e-05
4.236499499237754857e-05
4.203900996661936247e-05
4.164472429425822628e-05
4.130634875853285702e-05
4.097833531813771730e-05
4.063954872593348103e-05
4.034506838728702471e-05
3.996093170633592664e-05
3.963423489533232489e-05
3.931701131797589048e-05
3.899639788333182254e-05
3.870680263698757939e-05
3.842379242936024990e-05
3.813736421652654440e-05
3.781663530875074174e-05
3.753974126217537381e-05
3.724629181705833999e-05
3.687817462628231486e-05
3.653851306534888137e-05
3.620707709274216399e-05
3.599003907498899845e-05
3.571339507171447371e-05
3.546010462632014288e-05
3.523534874183654678e-05
3.506214839679790580e-05
3.485736067781582207e-05
3.466046762605425638e-05
3.449908802519274217e-05
3.433750466315790893e-05
3.420531603819597469e-05
3.403372186246923829e-05
3.387696737964906161e-05
3.372296861257245340e-05
3.355898082437230227e-05
3.341702728594781564e-05
3.323755289729565576e-05
3.308574202261965123e-05
3.296749851510166057e-05
3.286486322266004195e-05
3.275261232657446925e-05
3.264900579962436985e-05
3.251353926187809754e-05
3.239177038328293215e-05
3.225332973697553492e-05
3.212057512370081734e-05
3.198102535168895991e-05
3.183087581445095629e-05
3.167475042616224568e-05
3.152310596139073346e-05
3.135838281364643069e-05
3.118028494082798177e-05
3.100235669434916612e-05
3.084864593189142297e-05
3.069655005701099252e-05
3.056420726334201511e-05
3.043199025001399740e-05
