2.160152666899319007e-01
1.283698390681458634e-01
9.496032983037826225e-02
7.715242230492813658e-02
6.564495901757086416e-02
5.758198034286091116e-02
5.320014485492405992e-02
4.946526970816902263e-02
4.650872351133771010e-02
4.451162568537877368e-02
4.320196320186896893e-02
4.203714959481891222e-02
4.098062187937546313e-02
3.976593086074761002e-02
3.834621124298340233e-02
3.738919051674983313e-02
3.614053902767490334e-02
3.512472199310621990e-02
3.421144430960511296e-02
3.325823212886518804e-02
3.246095237775925568e-02
3.150690624480308177e-02
3.059512847126766646e-02
2.972069989281276789e-02
2.890213634515209976e-02
2.830581385829957983e-02
2.756128593070368560e-02
2.702277714934148492e-02
2.652150753269552630e-02
2.612626991372933583e-02
2.577711795350162705e-02
2.547288064001813207e-02
2.517204486142408590e-02
2.492313019910437355e-02
2.469936637559402848e-02
2.449194071810571749e-02
2.427685112440989765e-02
2.411086955538752422e-02
2.395129463511630127e-02
2.378797573294184203e-02
2.363552220970993947e-02
2.347742877537146999e-02
2.332471086307493641e-02
2.315293353045999244e-02
2.300366571403611102e-02
2.286589396901945320e-02
2.269985017189960277e-02
2.256272329687179432e-02
2.242033840812734241e-02
2.227902178780817588e-02
2.213473121124344759e-02
2.197910003930382550e-02
2.185531803947819707e-02
2.173005469169051601e-02
2.160122798278888909e-02
2.148643289044923493e-02
2.135106858160429680e-02
2.123263681842408462e-02
2.112557719080983276e-02
2.101916254448974938e-02
2.092324430198851115e-02
2.081964524219498749e-02
2.071484151309316291e-02
2.062950880723511335e-02
2.054592205445718300e-02
2.045974042939715729e-02
2.035439133205787371e-02
2.028438575052379442e-02
2.021293816189546552e-02
2.014415518902315169e-02
2.006938037367645214e-02
1.999715469884973465e-02
1.993394616070716385e-02
1.987883738086732369e-02
1.982212457742040662e-02
1.976548993100350413e-02
1.970489465172371030e-02
1.964801957371755184e-02
1.959773184894535517e-02
1.955022474486957373e-02
1.949225063603017560e-02
1.943151863245947894e-02
1.937392596002711007e-02
1.931894766923118040e-02
1.927023072444444471e-02
1.921875110882700910e-02
1.917099059487792703e-02
1.912260300934636587e-02
1.907094689777372176e-02
1.901887309995536554e-02
1.896397217810231323e-02
1.891184017755909511e-02
1.886073180402514371e-02
1.881226847609321351e-02
1.876641128923562177e-02
1.872655925371683600e-02
1.868076355771522076e-02
1.863955008001419097e-02
1.860746606862323169e-02
1.858355765500718099e-02
1.905530205619878834e-02
1.826786257651656642e-02
1.795380563721750075e-02
1.775493909496504708e-02
1.761477948705955643e-02
1.750391941558212053e-02
1.742166091053704360e-02
1.735124798210563313e-02
1.726823774496296857e-02
1.719933741890757387e-02
1.714056153690074816e-02
1.708581275317761286e-02
1.702855095635852009e-02
1.698179647928681202e-02
1.693361680464226457e-02
1.689254192946391259e-02
1.684694999583998681e-02
1.680041756663118099e-02
1.676412448054841534e-02
1.672393068263103300e-02
1.668930403189479786e-02
1.665719504009932281e-02
1.662516031390619264e-02
1.659068575697988587e-02
1.656161827839874173e-02
1.653657555250660771e-02
1.650868380925810466e-02
1.648387893156922149e-02
1.646203517285133380e-02
1.644192137219932862e-02
1.642069621659385248e-02
1.639697092966795750e-02
1.637590456799002323e-02
1.635372728462433645e-02
1.633259645967508056e-02
1.631330735021535236e-02
1.629312883743431334e-02
1.627479710130850382e-02
1.625900725450550935e-02
1.624073186238342639e-02
1.622086669663199560e-02
1.620486930943837792e-02
1.618850285526425570e-02
1.617234487617089100e-02
1.615670351876034513e-02
1.613745368779051156e-02
1.611779963842548125e-02
1.610081944996006806e-02
1.608232875607322476e-02
1.606578069079637322e-02
1.604781960234517857e-02
1.603022723156091039e-02
1.600839027503306658e-02
1.598548807694790200e-02
1.596698072588694298e-02
1.594151306919227781e-02
1.592035784456940009e-02
1.589962747673475188e-02
1.588217846130090052e-02
1.586206153393841453e-02
1.584799021831995516e-02
1.583794399207218151e-02
1.582624995663745732e-02
1.581413388493803709e-02
1.579936437342567904e-02
1.578812632960613707e-02
1.577705199018273469e-02
1.576831750276186384e-02
1.575715258142590738e-02
1.574385835594546701e-02
1.572540739931765560e-02
1.571017891816384529e-02
1.569634649201862367e-02
1.568191408152100341e-02
1.566793035781918059e-02
1.565330547165767056e-02
1.564084672569862264e-02
1.562907849593763582e-02
1.561674371302948505e-02
1.560449133086481109e-02
1.559146291827838947e-02
1.557895520638623472e-02
1.556199052664908322e-02
1.554870338563789367e-02
1.553663691842315647e-02
1.552477880355441694e-02
1.551315543398436823e-02
1.549967709988734656e-02
1.548668931545194721e-02
1.547510172730945203e-02
1.546189294325148351e-02
1.544929969151511741e-02
1.543587837116753257e-02
1.542421615600388964e-02
1.541217694582987761e-02
1.540185533163041139e-02
1.539212448547106968e-02
1.538191495059564734e-02
1.537123565388129852e-02
1.536179000686760908e-02
1.594858088565962242e-02
1.532783009849681723e-02
1.502872690806661936e-02
1.484536426974650443e-02
1.471909052943987800e-02
1.464320861911175449e-02
1.455986302556073336e-02
1.449306247003301178e-02
1.442879603295343233e-02
1.437644187662153079e-02
1.433807761764918295e-02
1.429048515504264746e-02
1.424538367416018809e-02
1.420163045607095512e-02
1.415638424465858608e-02
1.412748426256868993e-02
1.409196251695904283e-02
1.405393626965351431e-02
1.402060354243254633e-02
1.398484723363367307e-02
1.396719528756571078e-02
1.393888755812771468e-02
1.391040326749963009e-02
1.388049152347840126e-02
1.385591398812218919e-02
1.384351633229763921e-02
1.381866106989873555e-02
1.379443327660580948e-02
1.377024418051756016e-02
1.375303016105101743e-02
1.374544654798695240e-02
1.372409095172928868e-02
1.370344872168147501e-02
1.368383412111356771e-02
1.366399766261836707e-02
1.365351399905752328e-02
1.363507109805606188e-02
1.361779797584291435e-02
1.359926091751021728e-02
1.358086026891533633e-02
1.357795390917949409e-02
1.355987581241082686e-02
1.354309603912041624e-02
1.353044072617160670e-02
1.351738486382520962e-02
1.352609250830758524e-02
1.350953047634895557e-02
1.349061831451748086e-02
1.347590564992943822e-02
1.345802046520508041e-02
1.344543464725749156e-02
1.343289919549856687e-02
1.342241810797606578e-02
1.341436746302611220e-02
1.340423704656139824e-02
1.339498168759483722e-02
1.338460307160613434e-02
1.337399425403725320e-02
1.336540866807492747e-02
1.335524332815000298e-02
1.334295279197707761e-02
1.333112470554377767e-02
1.332075506440739618e-02
1.331118208105723684e-02
1.330196353929620490e-02
1.329271895746692717e-02
1.328438397968135370e-02
1.327660254083384839e-02
1.326876783661218827e-02
1.326159156168609313e-02
1.325507493113502015e-02
1.324845676803924725e-02
1.324168515465027132e-02
1.323573222453651790e-02
1.323073625004165740e-02
1.322431044056181053e-02
1.321867886024795900e-02
1.321256752919968032e-02
1.320589513547827144e-02
1.319933478757119756e-02
1.319330570701986866e-02
1.318788722224247499e-02
1.318224733582717446e-02
1.317760741502174877e-02
1.317238413094480934e-02
1.316725206541856895e-02
1.316164180725838684e-02
1.315547477108066493e-02
1.315043642450033218e-02
1.314476830596056876e-02
1.313908117527430412e-02
1.313373412302723184e-02
1.312923877437094551e-02
1.312469720597934410e-02
1.311974402138374636e-02
1.311489038940298092e-02
1.311084668826458487e-02
1.310587643055103300e-02
1.309968823558716432e-02
1.309406053752502040e-02
1.965133205744084080e-02
1.619387700996147150e-02
1.506143951905807368e-02
1.435184116895722381e-02
1.400353662108324085e-02
1.377654387879122255e-02
1.366658719017167095e-02
1.354218760103394030e-02
1.343808733455191182e-02
1.334399502870014381e-02
1.310963630537875617e-02
1.292925136615835809e-02
1.279142561883137540e-02
1.265424363461368357e-02
1.254805559871031984e-02
1.248912064373013456e-02
1.241374139064144178e-02
1.235089459100511579e-02
1.229104115806669076e-02
1.222407468063149358e-02
1.215714977561867076e-02
1.209377665220643869e-02
1.203353320233877151e-02
1.197601494842615022e-02
1.192575964084447750e-02
1.189624755751573539e-02
1.185821259881301472e-02
1.183170772349161418e-02
1.180372108776432498e-02
1.177742379101640730e-02
1.175874773057388606e-02
1.172831933764113647e-02
1.169681279912300476e-02
1.166188878669328563e-02
1.163026958982726032e-02
1.161729648410862216e-02
1.158505223809206362e-02
1.155721600742236517e-02
1.153312500976697540e-02
1.150983675256085290e-02
1.150958421920326297e-02
1.147951386893462065e-02
1.145190613128849698e-02
1.142612754495658800e-02
1.140608265553039354e-02
1.140795382024361801e-02
1.138119350622885523e-02
1.136239052915793621e-02
1.134332096248065296e-02
1.132428683843590515e-02
1.130680144463792544e-02
1.128881915307774174e-02
1.127239706064637852e-02
1.125793645975953564e-02
1.124375689258719571e-02
1.123067875128450598e-02
1.121755331132012236e-02
1.120494917612071054e-02
1.119419853960837256e-02
1.118135621946212722e-02
1.116874063382834216e-02
1.115747560242352776e-02
1.114560257205410819e-02
1.113100697151923717e-02
1.111912621829374420e-02
1.110746574275259246e-02
1.109665110483335111e-02
1.108611665017045396e-02
1.107552887708581658e-02
1.106426860595662552e-02
1.105345063079277504e-02
1.104356698852704266e-02
1.103386263400916653e-02
1.102465506728977050e-02
1.101490529431013374e-02
1.100463851253238173e-02
1.099506952916167943e-02
1.098661494260698597e-02
1.097717725827543171e-02
1.096887968384162824e-02
1.096022107021685059e-02
1.095094615572969610e-02
1.094242850718362553e-02
1.093375597383487545e-02
1.092613286415279605e-02
1.091844017236225962e-02
1.091151364605598591e-02
1.090512349381189162e-02
1.089883233223125185e-02
1.089243966514799253e-02
1.088558462696217338e-02
1.087845823620516537e-02
1.087210167866975614e-02
1.086650906462691135e-02
1.086112257770668367e-02
1.085617945011518697e-02
1.085124424032624449e-02
1.084647393386945803e-02
1.084057597130364328e-02
1.083375865930261660e-02
2.947591765002177677e-02
2.002967982363459618e-02
1.753291351565744102e-02
1.618780910070506326e-02
1.517347962581322082e-02
1.452819546216813085e-02
1.403983510984469114e-02
1.355306617606778091e-02
1.316945379597696079e-02
1.285905493489027281e-02
1.249889468949713124e-02
1.220923436563405018e-02
1.199399238389410594e-02
1.181588600105901513e-02
1.165623239564715988e-02
1.152017518092397948e-02
1.138282294919619290e-02
1.126201399250558247e-02
1.115883480351399261e-02
1.106527388854314925e-02
1.097057612766311717e-02
1.089347641746848082e-02
1.082664933492991262e-02
1.076068963476856967e-02
1.069573028770618751e-02
1.064747725753512238e-02
1.059881819183906837e-02
1.055459743841115350e-02
1.050961289375534728e-02
1.046631963828329424e-02
1.042996681646016222e-02
1.038672010764210216e-02
1.034568777072287712e-02
1.030902544372029779e-02
1.026907590732997408e-02
1.023357379784954439e-02
1.019758446191311625e-02
1.015885422018483059e-02
1.012444669667994339e-02
1.008904006838972495e-02
1.006083204286425080e-02
1.002590385677874611e-02
9.989086116476766919e-03
9.951228842126938826e-03
9.911780522731290788e-03
9.891477871879109790e-03
9.858666071955120985e-03
9.829159518939548090e-03
9.796456960113648568e-03
9.760221156581509391e-03
9.732989542853722961e-03
9.705262345169702806e-03
9.672067992719243085e-03
9.641982919757784154e-03
9.614735503441872513e-03
9.589759749197717537e-03
9.563827871016573542e-03
9.543622778755525213e-03
9.522019759798270797e-03
9.498915280088348484e-03
9.477975353485400267e-03
9.456001517982084645e-03
9.435942606606058033e-03
9.414197612645086588e-03
9.393729807314734129e-03
9.372560751061527473e-03
9.350549651713609828e-03
9.331319379273235459e-03
9.310356977467452999e-03
9.290468240726493937e-03
9.274683897106410571e-03
9.257614521940482968e-03
9.244494170418652082e-03
9.226277588502293514e-03
9.209098351327394891e-03
9.194902019061621662e-03
9.178512336539591115e-03
9.163448941824827582e-03
9.147340949896023282e-03
9.133883197244518221e-03
9.117945667633374496e-03
9.102691118918752877e-03
9.088411266836677119e-03
9.073465986373695571e-03
9.058745552143504520e-03
9.044385722480554821e-03
9.031752426958248800e-03
9.019880264064356404e-03
9.007216544540274164e-03
8.995710878344779365e-03
8.981596537024291033e-03
8.969675572284546011e-03
8.957874536485901928e-03
8.944296987259117357e-03
8.930960848840050273e-03
8.917912997993463972e-03
8.907415174468568189e-03
8.896295947396354320e-03
8.886044316708275118e-03
8.876715265640039779e-03
