1.296630633912333186e-01
4.719291807105980424e-02
2.217980148706866911e-02
1.656919559543041515e-02
1.410245871277231861e-02
1.182383629261737554e-02
1.055745599062899928e-02
9.468361677089658437e-03
8.676931966508216049e-03
7.482889735384647655e-03
7.026887339232647939e-03
6.680280200825250772e-03
6.364529679993216962e-03
6.009174575356852378e-03
5.667647897586137844e-03
5.403558494891580119e-03
5.114415876930613822e-03
4.842463604876098837e-03
4.532616755161582300e-03
4.276505591465674938e-03
3.925124018617410018e-03
3.607746974624426520e-03
3.379157366830476839e-03
3.149855286447888428e-03
2.527419713475118328e-03
2.260779250984698823e-03
2.116867790109776357e-03
2.012867793282060048e-03
1.931363850344835521e-03
1.854992539234972615e-03
1.793971152783019199e-03
1.720320162069298746e-03
1.658186482275927172e-03
1.583145422849185783e-03
1.501534315852344178e-03
1.438883029405901067e-03
1.383980572363157887e-03
1.337242519593425999e-03
1.311532141738157471e-03
1.284128309910502258e-03
1.265838704263374430e-03
1.209094466845653682e-03
1.166048203229963498e-03
1.122113809505830961e-03
1.088390053966550473e-03
1.067750727735304432e-03
1.047498727192217472e-03
1.029081219367090081e-03
1.010970135967007326e-03
9.887813985895539323e-04
9.630612455092724990e-04
9.494846663072278219e-04
9.347381638203300846e-04
9.156786580353736514e-04
9.043475945028272905e-04
8.934434886441176317e-04
8.838226889070080819e-04
8.721082928599636214e-04
8.623262449020123628e-04
8.507952066318495449e-04
8.392363611083985403e-04
8.313976406611533554e-04
8.234493983106378054e-04
8.156706189943103459e-04
7.963019146673866629e-04
7.625208265381744214e-04
7.509359541564835250e-04
7.395143499572173198e-04
7.326079059260311600e-04
7.255449491011484262e-04
7.162992208051014104e-04
7.075787915696203374e-04
6.956399099891314233e-04
6.833628666269663367e-04
6.585395637129434895e-04
6.381765207899049719e-04
6.283544330698183095e-04
6.194836957448519128e-04
6.096083737288155628e-04
6.007082053114386764e-04
5.881650639466823446e-04
5.786348494572412723e-04
5.734099465714292965e-04
5.677906786394282734e-04
5.653999892835741801e-04
5.627823906627925409e-04
5.542354890986828141e-04
5.412372533568806906e-04
5.365409964106659544e-04
5.339523883319423131e-04
5.314029312155821218e-04
5.286703130898022041e-04
5.258905060958324459e-04
5.235519263898636127e-04
5.213387453775381085e-04
5.191433786727631897e-04
5.171396049933745269e-04
5.150395831575466793e-04
5.120755803383243449e-04
5.091109555194408155e-04
5.066805039888951263e-04
5.046773285177591451e-04
5.000999857507709917e-04
4.953436753762334313e-04
4.931664396317218292e-04
4.908424819971697302e-04
4.876514340605438797e-04
4.847152076532359522e-04
4.777838280203056576e-04
4.708825686722848758e-04
4.674120483246777587e-04
4.641305306636090192e-04
4.610049572098778143e-04
4.580657255671457119e-04
4.552215130290424364e-04
4.525701481180892578e-04
4.505672309391457611e-04
4.483035551611313607e-04
4.465103744894747010e-04
4.448714400753592409e-04
4.434811437054407405e-04
4.357681634595821389e-04
4.279655071315920231e-04
4.261675325836845928e-04
4.243602606856800019e-04
4.208276158101249809e-04
4.171951424354073063e-04
4.154083072842870228e-04
4.136008954688716582e-04
4.113049435680181842e-04
4.092028136783259465e-04
4.052439322159225748e-04
4.019022096402320829e-04
4.006597763237083215e-04
3.994948062910540719e-04
3.983599420754011813e-04
3.972433729074863890e-04
3.921766500498212568e-04
3.879920435949192137e-04
3.847538517690077503e-04
3.833273268379548508e-04
3.819411242458935294e-04
3.806292861373348048e-04
3.789365234843738149e-04
3.763570928331515545e-04
3.743556526959389524e-04
3.733530858352503536e-04
3.710093833421874727e-04
3.678568688327041422e-04
3.662893887450256476e-04
3.644281472133434319e-04
3.617703768294155183e-04
3.592871721170631870e-04
3.571882087660172597e-04
3.548426849035878528e-04
3.530601969483485644e-04
3.512716815228406628e-04
3.454261305189116737e-04
3.391001901500210027e-04
3.341269379803031483e-04
3.292683049534471710e-04
3.247611980809565475e-04
3.218225039767557642e-04
3.196294737298328533e-04
3.184435807930253407e-04
3.156264359755269508e-04
3.125709702836131369e-04
3.030976956470580802e-04
2.949173718547028547e-04
2.934678588288830653e-04
2.923795890006248037e-04
2.916976366459805045e-04
2.908752209690184829e-04
2.888178410974889354e-04
2.877873374562164139e-04
2.851001888164974760e-04
2.824422024864017139e-04
2.808729422962989762e-04
2.793652036769931919e-04
2.762141631551996864e-04
2.711931787994383935e-04
2.679991786135209938e-04
2.652372672059853469e-04
2.598740126315504813e-04
2.558599151663397278e-04
2.547187126027150323e-04
2.538944597239870199e-04
2.531114448933945139e-04
2.524392549520710380e-04
2.515625285044025558e-04
2.507026385914283800e-04
2.501623649954608382e-04
2.494076665456178461e-04
2.488513869868496492e-04
2.481450053614351085e-04
2.475297790128457888e-04
2.464679091488155270e-04
2.454236390389322154e-04
2.446893393362778012e-04
2.440288173644767223e-04
2.432107796631065885e-04
2.424767815957825756e-04
2.416987253490790748e-04
2.409382467657456169e-04
2.403561472230123734e-04
2.394356888580528213e-04
2.383659117320176138e-04
2.375410551895782438e-04
2.370294768917521997e-04
2.365640116338246616e-04
2.358797958286545861e-04
2.351780676221739775e-04
2.345757721294478048e-04
2.339937891325258117e-04
2.330056628513224376e-04
2.320574877290590486e-04
2.300937124050150058e-04
2.284705560530140309e-04
2.280053105911045760e-04
2.272212176423423250e-04
2.265573975354252931e-04
2.251143068240284238e-04
2.237361680565916604e-04
2.229604482506363633e-04
2.217851195526797457e-04
2.200342409298316961e-04
2.183334385698945646e-04
2.162417850304544252e-04
2.143455175811852763e-04
2.125372760960243270e-04
2.110020562743724064e-04
2.101489063408711500e-04
2.092759658639951794e-04
2.083325842720961556e-04
2.075186476950141188e-04
2.068888924772476921e-04
2.063398530669344113e-04
2.052446501648057709e-04
2.042611840137411087e-04
2.039031761291426994e-04
2.030212876062434879e-04
2.023927875614673451e-04
2.010423353590245848e-04
1.999333194992761414e-04
1.994662812844170139e-04
1.989267286741815534e-04
1.985333114289735161e-04
1.980575618109477708e-04
1.974525630112251579e-04
1.971754833132178251e-04
1.967681267132304274e-04
1.960392605940400920e-04
1.955593599866317471e-04
1.939738906912526401e-04
1.923396884900181194e-04
1.899223156528931486e-04
1.862036082048546903e-04
1.857802760349010456e-04
1.852664489438142644e-04
1.849715311234873959e-04
1.847039039620906300e-04
1.844675436577108171e-04
1.842057689032538408e-04
1.839254259962568364e-04
1.835354500790586007e-04
1.831913193971134411e-04
1.828255626864460335e-04
1.824408043958533339e-04
1.820526648104216498e-04
1.815673564371627084e-04
1.811691370083918140e-04
1.807610161976099439e-04
1.803681052542824542e-04
1.799731127722960786e-04
1.796480085306509833e-04
1.792836737868850889e-04
1.786310505993684498e-04
1.779630804472496412e-04
1.775783931642823668e-04
1.744969777097679143e-04
1.720289901292030058e-04
1.716884897425082932e-04
1.713356640059522987e-04
1.705497713957910850e-04
1.696583679720361636e-04
1.691633338194410360e-04
1.687191463876424138e-04
1.683032978229759887e-04
1.678608135661429843e-04
1.674341446077117878e-04
1.668827626085466300e-04
1.665559955250004419e-04
1.663516184446684084e-04
1.652582497091426548e-04
1.642837644586968239e-04
1.632189339019678252e-04
1.621154168381062975e-04
1.614580579044554121e-04
1.608554580499844478e-04
1.604014325711082035e-04
1.599589122766876257e-04
1.596551279906262104e-04
1.593616575854497235e-04
1.590568801141016098e-04
1.586979349512847564e-04
1.584126015326683219e-04
1.581589533749704535e-04
1.578920477088184213e-04
1.575808978105403414e-04
1.573084242668499157e-04
1.569984554427276838e-04
1.566866663878220772e-04
1.564598488237569566e-04
1.557608793338808152e-04
1.548295295118791047e-04
1.539511039849561611e-04
1.530722586770484779e-04
1.523359297882994918e-04
1.516833121958603139e-04
1.513634655388562244e-04
1.510703732879320341e-04
1.506382395389362972e-04
1.502437818695132976e-04
1.499859394748520472e-04
1.497414043127237105e-04
1.495100370799023776e-04
1.490358909772100595e-04
1.486389780941064760e-04
1.484405281166026769e-04
1.473518138808558231e-04
1.463152027771136743e-04
1.457417956197615196e-04
1.450364931494760876e-04
1.447991184535742679e-04
1.444791468079553969e-04
1.441107384537641486e-04
1.439344618140191493e-04
1.437586609022948204e-04
1.435157801363113022e-04
1.433254679650653807e-04
1.430712971118603012e-04
1.428289615033853557e-04
1.425871182130396535e-04
1.423689407328373622e-04
1.422059815458901508e-04
1.419981672619058822e-04
1.418297472857330227e-04
1.416331814747586186e-04
1.414356658706588537e-04
1.412746130915104917e-04
1.409495804611926703e-04
1.405994755897025891e-04
1.404264548672542687e-04
1.400486943131938643e-04
1.391315520012246436e-04
1.383936575059543873e-04
1.382631851189639006e-04
1.379226677469061479e-04
1.376408900484296421e-04
1.372352282782855531e-04
1.368780387481631250e-04
1.365306952974117908e-04
1.361798586058948226e-04
1.360234906244222827e-04
1.354233424888360324e-04
1.348737479868514200e-04
1.347050532059531984e-04
1.345217638233860461e-04
1.343314293185328303e-04
1.341206591742822663e-04
1.339605163889974243e-04
1.338277053748182792e-04
1.336014501647764241e-04
1.333674828060414967e-04
1.297941029556999527e-04
1.253813415053860473e-04
1.251931752399856412e-04
1.250172886790236102e-04
1.248942331983260608e-04
1.247644558555002119e-04
1.246322265909700900e-04
1.244335573108646862e-04
1.241498010754318664e-04
1.239405323075147265e-04
1.238005441805436991e-04
1.236583903199817266e-04
1.235235255609475481e-04
1.233439775627445808e-04
1.231803305153109443e-04
1.230373757312486801e-04
1.228930438377117849e-04
1.226411209835835778e-04
1.224093940217169194e-04
1.222581540562672081e-04
1.220447474021397972e-04
1.218468861288951404e-04
1.217100801221912017e-04
1.215749141691910013e-04
1.213284277312673577e-04
1.210121326936280576e-04
1.207831815823557720e-04
1.205922889565834194e-04
1.204270968846513610e-04
1.202003497080736643e-04
1.200364657495851399e-04
1.199051282368858163e-04
1.197584459626559650e-04
1.196326736825156659e-04
1.194254049499602721e-04
1.192409937853889046e-04
1.191141968971082759e-04
1.189086433150330876e-04
1.187325982017759028e-04
1.186237906700018892e-04
1.184996995838000884e-04
1.183737146949844545e-04
1.182607913209070581e-04
1.178555568710680865e-04
1.174600274160688085e-04
1.172699628888371502e-04
1.168991662521829934e-04
1.167665874528145561e-04
1.166385216703399997e-04
1.164424700263991979e-04
1.161647939807542254e-04
1.160227558284722735e-04
1.158741924864762030e-04
1.157181243138416700e-04
1.155893439351167223e-04
1.154326308790883522e-04
1.152554266376433657e-04
1.151091705506917048e-04
1.149352921353444083e-04
1.147466791485405896e-04
1.146002152664498010e-04
1.144936983406130688e-04
1.143779664812920441e-04
1.142492453779488185e-04
1.141331811645994080e-04
1.140019878364483235e-04
1.138615946918474154e-04
1.136032203785627867e-04
1.134217969429579390e-04
1.131026651620166960e-04
1.127853723255306209e-04
1.126801088509418492e-04
1.125750399031012213e-04
1.124609510639767903e-04
1.123123359871000445e-04
1.121690909640102936e-04
1.120370671588707343e-04
1.118618307509103836e-04
1.117209127550458018e-04
1.116110267334396799e-04
1.114940978506252534e-04
1.113857066539923932e-04
1.112622716926435550e-04
1.110544563038296390e-04
1.108387120080591180e-04
1.107201695059478627e-04
1.104238814269559285e-04
1.101757647359912694e-04
1.099595754202901065e-04
1.097434370070141357e-04
1.095881539859291730e-04
1.094698462484818306e-04
1.092673183514935187e-04
1.090589572534098110e-04
1.089162534718726401e-04
1.085685465590848642e-04
1.083110801810480400e-04
1.081313600713612079e-04
1.078581091143738504e-04
1.076490038296233712e-04
1.074519463982860450e-04
1.071694074279318904e-04
1.068658647781615430e-04
1.065903781100165576e-04
1.063668784392949690e-04
1.061150997966955889e-04
1.059326753198835659e-04
1.057975780491768471e-04
1.055619812161370970e-04
1.051757467421905523e-04
1.049174238751627105e-04
1.045447260617966845e-04
1.040992144517019822e-04
1.039186576448970664e-04
1.037911291749953356e-04
1.036207269908585995e-04
1.034702772706341296e-04
1.033430176657918197e-04
1.031678694022767435e-04
1.030368841031054300e-04
1.029441168520534873e-04
1.027123419882360717e-04
1.024838836645335289e-04
1.020635497936016789e-04
1.016348466528951545e-04
1.010386730187450271e-04
