3.910931073524413770e-02
1.715591224664338166e-02
1.107680266317447731e-02
8.813374922207191375e-03
7.081309433899865731e-03
5.806743743744083308e-03
4.762717674463328582e-03
4.077331734370974632e-03
3.604700170228324670e-03
3.197906257101418639e-03
2.912669558814894206e-03
2.662133226362008685e-03
2.423213951586258158e-03
2.208344324559957141e-03
2.037803351015204240e-03
1.893231158609191530e-03
1.762976877219491357e-03
1.656588012846828056e-03
1.571652093140003077e-03
1.457633767466642600e-03
1.337567980540030690e-03
1.263066067040111498e-03
1.198818854185969502e-03
1.146112836502761285e-03
1.090467722409000804e-03
1.025756496464801191e-03
9.793960993044947480e-04
9.314882166538729661e-04
8.867398351273795718e-04
8.346068209858054868e-04
8.010506458809315113e-04
7.691745829996679291e-04
7.404645617380307965e-04
7.126075853862522515e-04
6.870293784817261282e-04
6.643748827054305785e-04
6.423390140838212579e-04
6.177489873884249236e-04
6.019936493327878368e-04
5.893726612510955540e-04
5.764985215206782547e-04
5.650109307272979794e-04
5.518919231238875438e-04
5.374806553401226738e-04
5.220587333753399974e-04
5.111635451337846010e-04
5.006481168660396538e-04
4.905907908716722462e-04
4.810010625589422910e-04
4.730551352969516511e-04
4.649998975901208933e-04
4.567806015133468365e-04
4.491369523922147250e-04
4.414002078443255675e-04
4.334595987637712830e-04
4.240247673008677590e-04
4.165941114575704438e-04
4.088990828990996429e-04
4.024241946375202070e-04
3.954380006356940976e-04
3.890602793213549372e-04
3.833043240946902683e-04
3.773752609405559987e-04
3.710713061811663025e-04
3.642319060775771333e-04
3.572264280816833128e-04
3.506233658990568153e-04
3.446359445237347067e-04
3.382692295939097307e-04
3.340063906709287941e-04
3.288593563276214111e-04
3.241780217826914804e-04
3.185968376472680464e-04
3.137351150359307499e-04
3.086283299842198808e-04
3.039586721999787910e-04
2.978426932549084884e-04
2.936341725742174771e-04
2.897144422078922095e-04
2.852131728956446683e-04
2.804055568468666955e-04
2.762310928507552337e-04
2.723925627719451918e-04
2.693401919731473596e-04
2.658873990366518360e-04
2.623824509906072413e-04
2.583428208411494469e-04
2.549165240937514127e-04
2.521388253887794635e-04
2.498220569144714753e-04
2.465230942370700900e-04
2.440814880266993438e-04
2.413789279970516178e-04
2.394725928317991000e-04
2.376353988547752548e-04
2.356727706532820235e-04
2.334629291472813128e-04
2.311168140848588110e-04
2.289737148849273695e-04
2.270264235753190706e-04
8.783963864798482709e-04
5.146723623430381504e-04
4.169443973532165038e-04
3.462416910710526584e-04
2.909871988131562432e-04
2.569589192035293753e-04
2.395056340154538442e-04
2.295309775337239767e-04
2.196124840436927390e-04
2.093620758600336874e-04
2.020253002887708639e-04
1.948373769433562534e-04
1.875470539482886111e-04
1.823572024852453566e-04
1.777567418024834499e-04
1.739167030971570265e-04
1.704074789703535016e-04
1.670096525690325292e-04
1.643469078863427665e-04
1.619116092623586786e-04
1.592418908472555984e-04
1.565313942263763794e-04
1.536899760391007095e-04
1.514012126116960806e-04
1.482738456828699048e-04
1.458530323568572797e-04
1.433084610961515533e-04
1.414822773245529822e-04
1.393713734119049713e-04
1.379148848248174409e-04
1.363619340161985219e-04
1.350380443097655501e-04
1.335461786340409480e-04
1.322475834835233209e-04
1.307166009530298114e-04
1.294733474340084957e-04
1.281406866780230669e-04
1.265143402170812209e-04
1.248363912254588711e-04
1.234729848905338062e-04
1.222202479730545848e-04
1.207657493592077423e-04
1.195829101520737921e-04
1.184028654860644716e-04
1.171168401910750468e-04
1.160677858691175958e-04
1.149734215362473535e-04
1.138761756674962748e-04
1.128297186333786483e-04
1.118152437780738578e-04
1.108020235520420583e-04
1.098933384138462213e-04
1.090598305339457626e-04
1.082614581189962692e-04
1.075718022660989082e-04
1.069371077775386260e-04
1.063189228263788786e-04
1.057215042139673445e-04
1.050829458221539493e-04
1.044093411213543177e-04
1.037239079421360623e-04
1.031033282637124147e-04
1.024426339667649822e-04
1.016316779172151785e-04
1.010154380808708763e-04
1.004722228772236717e-04
9.989928070474232810e-05
9.926337384181298999e-05
9.860761326394846648e-05
9.806882597904864997e-05
9.750913589269872314e-05
9.696833187633637332e-05
9.629958893882375548e-05
9.566885101102487997e-05
9.508335605920915955e-05
9.448725172141746490e-05
9.388949806242881922e-05
9.312742002990066304e-05
9.241271196281538561e-05
9.170619323910046759e-05
9.099090704889138106e-05
9.028255486996311445e-05
8.976750318525386326e-05
8.909008292362032477e-05
8.850380557310639346e-05
8.781149774763106564e-05
8.723966748048942821e-05
8.659655234487327168e-05
8.613109023790114171e-05
8.573374679728568712e-05
8.530370266530038176e-05
8.494052376391117204e-05
8.461391646361468490e-05
8.420824939386667343e-05
8.376461270673644119e-05
8.335424026090599377e-05
8.295730839411509397e-05
8.261337413984008423e-05
8.221087966221859653e-05
8.188803228729235942e-05
5.911658247653256383e-04
3.517365309236427859e-04
2.677206779479965066e-04
2.202247044734578784e-04
1.871820204455055159e-04
1.635983696433029606e-04
1.468368379643615162e-04
1.342593870711676694e-04
1.269499634610699653e-04
1.221002689969851276e-04
1.183264553166612105e-04
1.146266374785159212e-04
1.113140078738770452e-04
1.076123124270754206e-04
1.044008715864615900e-04
1.011011363803165111e-04
9.884291453322101664e-05
9.628338299712809812e-05
9.410593741335801857e-05
9.229162160048153777e-05
9.047785044904223814e-05
8.870383420792865418e-05
8.713344832651006558e-05
8.581852493515434251e-05
8.463793672601763131e-05
8.351064379887010902e-05
8.244974827325337327e-05
8.157818091335840153e-05
8.057117534601780087e-05
7.963158652489566521e-05
7.888295937770419995e-05
7.823430084765180042e-05
7.765232180785859432e-05
7.721715300637834920e-05
7.671874845112139850e-05
7.633203225492355879e-05
7.593514136356681852e-05
7.554710260970785363e-05
7.513557731264300821e-05
7.476130138038521850e-05
7.439425906156411786e-05
7.399246790851769654e-05
7.351700190839612417e-05
7.310412122729841933e-05
7.270813367892312419e-05
7.239770512924677205e-05
7.203774305274266885e-05
7.163176477340307249e-05
7.130843149989449291e-05
7.101366344836535698e-05
7.067755766297635861e-05
7.034649470384298810e-05
7.007002277535638753e-05
6.978865322045648887e-05
6.944767838467792828e-05
6.911119975885249473e-05
6.882356830312525017e-05
6.854944440831479198e-05
6.831971290193954258e-05
6.803754705116467512e-05
6.779816085572742338e-05
6.755931508992964706e-05
6.729814050478267269e-05
6.707145896769206713e-05
6.689236800275565151e-05
6.672153516559479601e-05
6.655215733484401495e-05
6.630316128420546526e-05
6.610901463049565407e-05
6.585944875846145598e-05
6.565844916524005007e-05
6.543777386166846192e-05
6.521643549698692254e-05
6.500959831251661039e-05
6.478040872704549482e-05
6.453909080955697682e-05
6.427063069762488324e-05
6.404878311910860338e-05
6.381340102020487050e-05
6.360200947666500926e-05
6.337955391522502558e-05
6.312792696772899644e-05
6.292531709316551158e-05
6.272683006657409196e-05
6.256482205975827057e-05
6.243888003981427014e-05
6.225447181995602021e-05
6.211754621678336680e-05
6.191254033381816122e-05
6.171172577427923669e-05
6.152699649754711053e-05
6.138415902873249131e-05
6.125113641150286192e-05
6.113354790783089390e-05
6.096876156641879713e-05
6.078420776160448969e-05
6.061852623566992292e-05
6.041950050535512982e-05
6.026506403297456733e-05
6.009105992550022198e-05
4.682680097718282947e-04
2.833347320338139861e-04
2.011638258550717457e-04
1.670511566110885015e-04
1.462256819551410833e-04
1.361253909627797984e-04
1.250095941499146336e-04
1.156862304257343235e-04
1.074541718191927760e-04
1.018991221541203773e-04
9.642992421256766364e-05
9.283814455224329791e-05
8.934424278933033789e-05
8.656356020792776713e-05
8.421664744199507124e-05
8.202957216802828544e-05
7.976949796760148144e-05
7.775672174127688362e-05
7.570137721158735000e-05
7.427329049762377091e-05
7.299865559057750668e-05
7.177621292736838970e-05
7.062674114765454423e-05
6.971042607954790020e-05
6.880100123770913436e-05
6.793783833080360409e-05
6.729721776933005105e-05
6.654906883707185537e-05
6.586385784912251020e-05
6.524941202679135929e-05
6.467444588546990151e-05
6.401864790421328110e-05
6.340328868215272951e-05
6.292803765841915300e-05
6.246209060063798028e-05
6.210309310834496608e-05
6.170920260924824159e-05
6.137257087137749456e-05
6.106496616480642733e-05
6.078282781300023820e-05
6.052704774670574384e-05
6.023863516781291928e-05
5.991213646490975100e-05
5.964682679798286578e-05
5.933232531015299530e-05
5.905262794609416694e-05
5.879702140875645402e-05
5.847634427734447381e-05
5.818277802402859795e-05
5.785557829425604272e-05
5.762448024793984775e-05
5.734911199336639270e-05
5.704763069228392533e-05
5.675195186910987920e-05
5.648478301819229429e-05
5.619463568020907109e-05
5.593507363290780085e-05
5.569299468265174379e-05
5.540849285608502025e-05
5.521304705780235162e-05
5.499725212579397918e-05
5.473859449603568893e-05
5.449651416858170884e-05
5.426677152232317955e-05
5.401762264481602447e-05
5.378641161244982947e-05
5.353652609994884686e-05
5.331166518448349548e-05
5.306225729815598118e-05
5.280032841627264097e-05
5.257462294300227138e-05
5.236728808315387128e-05
5.217502578668585734e-05
5.200424497995835582e-05
5.185463043269448075e-05
5.168157866247174217e-05
5.152478642237629284e-05
5.138934790786581810e-05
5.125165876469425108e-05
5.111633357016015115e-05
5.098901776376727315e-05
5.087939970582496218e-05
5.073926114819432017e-05
5.062251979639133140e-05
5.051316126742445888e-05
5.040427786004963285e-05
5.026782900789858162e-05
5.012975325334174774e-05
4.996076283697306950e-05
4.976778391913257632e-05
4.961094877364072818e-05
4.943483118232440556e-05
4.928844532382401308e-05
4.913034129685623367e-05
4.900655257950090586e-05
4.885754788840166330e-05
4.868197830687889051e-05
4.852379090717861263e-05
4.839349472483229033e-05
4.823782745901604598e-05
6.486056551679930064e-04
3.867256202423236281e-04
2.849893418356961206e-04
2.294034967762867319e-04
1.907227002568086965e-04
1.673335461496727196e-04
1.492349279327846625e-04
1.369555208589595251e-04
1.262498635555050076e-04
1.181637193242943026e-04
1.112657320858608992e-04
1.054558461719766975e-04
1.006035441706085295e-04
9.636961020682857323e-05
9.210758805487743442e-05
8.881151414182546873e-05
8.558282560284865442e-05
8.243458943968181457e-05
7.922275505008317443e-05
7.597793818275790263e-05
7.322493714691244242e-05
7.105853395193992359e-05
6.909275181995444526e-05
6.744753912159603254e-05
6.587992579931586891e-05
6.470428222641134498e-05
6.328973709006024896e-05
6.203743174900787220e-05
6.080284996443495352e-05
5.980837794629632355e-05
5.872062387392897867e-05
5.768720657970285266e-05
5.685681205258105454e-05
5.613136088181661939e-05
5.534264013112507474e-05
5.470156147557668204e-05
5.405632499174889064e-05
5.357419882102742369e-05
5.302796687360420970e-05
5.245777837366744382e-05
5.193512904866687041e-05
5.140393999113954105e-05
5.091719225956354894e-05
5.044373142147314318e-05
4.998303380890890498e-05
4.956143467953364818e-05
4.916604040181202614e-05
4.883001882589309295e-05
4.852364070368087457e-05
4.823109693515618371e-05
4.796791289755505217e-05
4.767654614712829732e-05
4.738444428505563004e-05
4.709282931334255612e-05
4.683279202408227295e-05
4.655975387882452552e-05
4.629366867667817498e-05
4.604327185570179494e-05
4.583110289692024812e-05
4.561800780758192199e-05
4.541605810767065970e-05
4.524277916681573500e-05
4.508881170360419874e-05
4.488366829246663722e-05
4.472517628135045460e-05
4.456378179581762508e-05
4.437239151762566701e-05
4.422054115852955481e-05
4.405338122370371421e-05
4.386165399936520779e-05
4.369916953699315757e-05
4.354150015131048586e-05
4.335308003110774100e-05
4.320256980703935886e-05
4.304311083366760282e-05
4.288791667640571241e-05
4.275012711402862201e-05
4.263456931343243488e-05
4.252294896681692163e-05
4.242100059986116339e-05
4.230934859619685516e-05
4.221015919028037373e-05
4.209606434778816371e-05
4.199218646956696743e-05
4.188811726561357025e-05
4.178388562466822876e-05
4.168297917159533928e-05
4.159128266441566618e-05
4.146599709808103244e-05
4.135550618704727415e-05
4.126315084436790189e-05
4.114035596116921413e-05
4.102168760280263012e-05
4.088016966190379041e-05
4.075209702832482663e-05
4.062698412365869780e-05
4.051429447097857869e-05
4.040758890559203103e-05
4.029266226781462386e-05
4.019652904096642979e-05
