9.961634789566331527e-01
9.887650462387266304e-01
9.204981893270940407e-01
7.544072976304202482e-01
6.405151954249511670e-01
6.047578129935486935e-01
5.763392815637405908e-01
5.477493570180751448e-01
5.243907907043621197e-01
4.993772709758210748e-01
4.795859050922343103e-01
4.685436613275696938e-01
4.543684438144785509e-01
4.442574827356238765e-01
4.382362605131973066e-01
4.330545286545721684e-01
4.294192385237028398e-01
4.241050694472729976e-01
4.193004152307700516e-01
4.166151556199657047e-01
4.137569626673046619e-01
4.105109609731657505e-01
4.076284204209729700e-01
4.055557130201692950e-01
4.031195842707331889e-01
3.988319938168722323e-01
3.966544993735517943e-01
3.954917066600052711e-01
3.881997692413202139e-01
3.823049544356014739e-01
3.805948952308764732e-01
3.790157846303925937e-01
3.785503712514863284e-01
3.780878312761619120e-01
3.761932017148707508e-01
3.744415140877619952e-01
3.678008165837027832e-01
3.588848031986724418e-01
3.583224695674801508e-01
3.575214944971433217e-01
3.570072957423130466e-01
3.558321721358120304e-01
3.547514190567265802e-01
3.538580138365839955e-01
3.531808984646620519e-01
3.527526863641237131e-01
3.521249601792739159e-01
3.517483360198022657e-01
3.515569476287575545e-01
3.513454855404823940e-01
3.511407392197003485e-01
3.507772012833582642e-01
3.502843102028770361e-01
3.497501309662846558e-01
3.491521096256779422e-01
3.488950246284029388e-01
3.486141079294309830e-01
3.481762870652151398e-01
3.478088152332547422e-01
3.457488217401077368e-01
3.438528657233200780e-01
3.407887657727001196e-01
3.381770857975439082e-01
3.380460229226043278e-01
3.378473415824577719e-01
3.376607291528141985e-01
3.374170067142487350e-01
3.371563496273574101e-01
3.368507490369345714e-01
3.365374182036962036e-01
3.362503207961675677e-01
3.359801896423332268e-01
3.347118998067007967e-01
3.338303176575941889e-01
3.330808906073978726e-01
3.322702297801499727e-01
3.321143329409212419e-01
3.319066634655955528e-01
3.317570051283679766e-01
3.315860611718932649e-01
3.313632683673923829e-01
3.312133864268970718e-01
3.310458141316997560e-01
3.309096119205068853e-01
3.232510419291864112e-01
3.169266231886062046e-01
3.163629977091058088e-01
3.160028626018044906e-01
3.158793123982454043e-01
3.157455622620663482e-01
3.153778721069926960e-01
3.151102758247621427e-01
3.149208566865181469e-01
3.147784179516211478e-01
3.146837048287655647e-01
3.144853836542813030e-01
3.143290054032544245e-01
3.141625261605703323e-01
3.140312035373926114e-01
3.134833299218181546e-01
3.130476847122543038e-01
3.106217555665516938e-01
3.085805356354191509e-01
3.082561060033763289e-01
3.079349733097302422e-01
3.078213224692288308e-01
3.077355911209569417e-01
3.076376061867820977e-01
3.075157805366192099e-01
3.074572357958877400e-01
3.073549900381757349e-01
3.072583824735847235e-01
3.068355861744785362e-01
3.064339440879086385e-01
3.063495904392811164e-01
3.062892198053721593e-01
3.062069520021577507e-01
3.061265219833619877e-01
2.966367082705122504e-01
2.942270072228962974e-01
2.940068275398876052e-01
2.938941149684138887e-01
2.938357879818200291e-01
2.937771622466459620e-01
2.937264375506319358e-01
2.936240149491057827e-01
2.935269633510824705e-01
2.933322656345823676e-01
2.931487630833587987e-01
2.930257783581414754e-01
2.929030582327772358e-01
2.928038431545930687e-01
2.927193932460882553e-01
2.926387834068309157e-01
2.925488854476084866e-01
2.924136188583578155e-01
2.923485568605259100e-01
2.922904990371242295e-01
2.921993403431236702e-01
2.903966176315168624e-01
2.888939098437997011e-01
2.885735896857690164e-01
2.883278495464774993e-01
2.882612929207631902e-01
2.881993649966319015e-01
2.881235387579157425e-01
2.880441714296905764e-01
2.858658515783752407e-01
2.839543228358739624e-01
2.838342666979079554e-01
2.837758766658878828e-01
2.833390240937465610e-01
2.829856048720073569e-01
2.829381970912319688e-01
2.828909640946042359e-01
2.827775259956130660e-01
2.826610640563327337e-01
2.825626688091149030e-01
2.824506971701329361e-01
2.823965081946450684e-01
2.823289901241435862e-01
2.822563948013587232e-01
2.821935682823382141e-01
2.821288008880850073e-01
2.820582112693891808e-01
2.820007040603149662e-01
2.817864274767481469e-01
2.815922179005173054e-01
2.815366581471214213e-01
2.814877426133473026e-01
2.814301842478591498e-01
2.813100547941266849e-01
2.812408011408467634e-01
2.811464804196964207e-01
2.810446887685202899e-01
2.808809408543334052e-01
2.807681329154508854e-01
2.804512947507532550e-01
2.801538596698434636e-01
2.800128985731405451e-01
2.798594223834816042e-01
2.797920262094892863e-01
2.796825202436492575e-01
2.795560968466246909e-01
2.794420765159332243e-01
2.793936522350283780e-01
2.793481593341570757e-01
2.792736875572773281e-01
2.792024033034795072e-01
2.791539393803341707e-01
2.791089485585680485e-01
2.790342372111583868e-01
2.789446534306059267e-01
2.788913047302722936e-01
2.788096401884322395e-01
2.787647493406389398e-01
2.786903458781532228e-01
2.786178622759399870e-01
2.785637971847642058e-01
2.784658874035836895e-01
2.783414441049124610e-01
2.782244948434215437e-01
2.726562082679143684e-01
2.705108289627662366e-01
2.704151614809739423e-01
2.703212280048941096e-01
2.702432089377072022e-01
2.701816301666271625e-01
2.701161559675676060e-01
2.700710005852087203e-01
2.700145433830240527e-01
2.699549114077961498e-01
2.626794909542846113e-01
2.612789235169078461e-01
2.601830793099095263e-01
2.595887414129288140e-01
2.590427307723695005e-01
2.588464576289598584e-01
2.587379628474456572e-01
2.584507707595755099e-01
2.582462588589121699e-01
2.581540622316412237e-01
2.580764852336343562e-01
2.580302075810012030e-01
2.576325635226948130e-01
2.573761555598986228e-01
2.571267224061556389e-01
2.569141747553984612e-01
2.568836224057811646e-01
2.567998798403062222e-01
2.567025046589551662e-01
2.566506636305071476e-01
2.565554208180200191e-01
2.565046245470458675e-01
2.564495138821297204e-01
2.563521267908564494e-01
2.563039346306623112e-01
2.562216103419167612e-01
2.561543174775821052e-01
2.561065190585714579e-01
2.560641797754447668e-01
2.555304259334040262e-01
2.551468022924150425e-01
2.548833207333868756e-01
2.546575664950737616e-01
2.545883408000770287e-01
2.545219999143422673e-01
2.544955369466933570e-01
2.544622239345800674e-01
2.544291088425152947e-01
2.539444227366830509e-01
2.535619769429339754e-01
2.535333558321946623e-01
2.534903582146214585e-01
2.534527871860858816e-01
2.534232603183652066e-01
2.533391997551104335e-01
2.532662541312868942e-01
2.532312860818636824e-01
2.531663701428022439e-01
2.531158385536755873e-01
2.530832715300285196e-01
2.530537662709472224e-01
2.529915911531820938e-01
2.529327300502229869e-01
2.528248001633009445e-01
2.526338283286600483e-01
2.525015475568668233e-01
2.524654333631016767e-01
2.524171418140780943e-01
2.522973823410530891e-01
2.522604786535287413e-01
2.522221899235698173e-01
2.521485201246386199e-01
2.520717900142399048e-01
2.519981889289705790e-01
2.519321878404655601e-01
2.519046849127086762e-01
2.518769915445089880e-01
2.518523846958516388e-01
2.518276052784488295e-01
2.513758444244079127e-01
2.509450186923628534e-01
2.508950392048853728e-01
2.508574442741033916e-01
2.503423177712407743e-01
2.498884891885470583e-01
2.498313288757469386e-01
2.497930005002414466e-01
2.491390486119325620e-01
2.483805332376113340e-01
2.483244335258392166e-01
2.482975469824828807e-01
2.482731217997930229e-01
2.482435883041555769e-01
2.480743423935755643e-01
2.479076922508197112e-01
2.478730924834218752e-01
2.475648585643908384e-01
2.473351071475113905e-01
2.472931469266470561e-01
2.472562319508655182e-01
2.468759556216421069e-01
2.465501432579613461e-01
2.461926516656662567e-01
2.459291277298281397e-01
2.458275237669178270e-01
2.457877459172891632e-01
2.456823601383492373e-01
2.456040651440032363e-01
2.455634679898024419e-01
2.454681919743988139e-01
2.453960855896972215e-01
2.453316614327487322e-01
2.452822739208269653e-01
2.452566589044759271e-01
2.452241390683759792e-01
2.451989662856366992e-01
2.450717865257947548e-01
2.449428018077701441e-01
2.448054085947603820e-01
2.444861031586696432e-01
2.442942096943132579e-01
2.442373054914874775e-01
2.441835069290346771e-01
2.441380563575599738e-01
2.441012991711256352e-01
2.432530598552948287e-01
2.424570157103843604e-01
2.423918579391743655e-01
2.423210111981019266e-01
2.422381294968442844e-01
2.421551094392135339e-01
2.421224517986575175e-01
2.420957102607381728e-01
2.420425519247923485e-01
2.419991665305024908e-01
2.419712755420985462e-01
2.419365811608265304e-01
2.418884945885869109e-01
2.416696174308525513e-01
2.415075072542246792e-01
2.414806411125879626e-01
2.414559234246936026e-01
2.413965251068599105e-01
2.413589032403947454e-01
2.413275431101169211e-01
2.413021939287171846e-01
2.411290335164234799e-01
2.409964338446453358e-01
2.402328983128381723e-01
2.394551515950515963e-01
2.394167274179691829e-01
2.393663521971146069e-01
2.393000004724286645e-01
2.392268544087164106e-01
2.391893455658342660e-01
2.391465793632746306e-01
2.390931911611399452e-01
2.390624605322068941e-01
2.386561171909723778e-01
2.383410992187990629e-01
2.383131917271473776e-01
2.382735763034338483e-01
2.375877598603416962e-01
2.369106650120063884e-01
2.368570511008781243e-01
2.368134189705622117e-01
2.363820227315174272e-01
2.359853096272403472e-01
2.358886684489577834e-01
2.357863388668483273e-01
2.357667685051532680e-01
2.355883417422424686e-01
2.354216742570625354e-01
2.353903992955031776e-01
2.353688083308298207e-01
2.353356250854284348e-01
2.353020493605819941e-01
2.352408184636453348e-01
2.351877028358852761e-01
2.350462673369377309e-01
2.349249719255444291e-01
2.348653486594347861e-01
2.348224246563389017e-01
2.346880388516162097e-01
2.345897156190961674e-01
2.345686422584287167e-01
2.345483055465862055e-01
2.324515509364530608e-01
2.299975837918653288e-01
2.299544347031968472e-01
2.299241827931554072e-01
2.298937510704623377e-01
2.298432126714165524e-01
2.298003967657258340e-01
2.290634774165219156e-01
2.281519425031835469e-01
2.280981576892383011e-01
2.280680605224950641e-01
2.279755939620984884e-01
2.278977113388019060e-01
2.278463734175899258e-01
2.277071644144826046e-01
2.276112590523803880e-01
2.275579635374694321e-01
2.275198169544631610e-01
2.274887670934132300e-01
2.274537673883205158e-01
2.274244875047883307e-01
2.273948150873555674e-01
2.273251211782197079e-01
2.272636759356299330e-01
2.272365095300438453e-01
2.271931423594823474e-01
2.270512423131777480e-01
2.269639922104112473e-01
2.264950544944052402e-01
2.261946878906138658e-01
2.242835888018644974e-01
2.224274899315038245e-01
2.223712321920128798e-01
2.223449623327862779e-01
2.223020823550713454e-01
2.222548758691816340e-01
2.222253943348389271e-01
2.221907293663976379e-01
2.221604120637093172e-01
2.221270118197590515e-01
2.220977357866084356e-01
2.220563473501924456e-01
2.220021803173243269e-01
2.219744765069773529e-01
2.219553381585504803e-01
2.218700722539508619e-01
2.218035813911709841e-01
2.214777327396511841e-01
2.212093784600694946e-01
2.186166866033512624e-01
2.162420743556968949e-01
2.160284105030403912e-01
2.158678199694022692e-01
2.158242465319287207e-01
2.157998994098741796e-01
2.157728826657556442e-01
2.157488499645126012e-01
2.155971770041553992e-01
2.154225708457871979e-01
2.153505534977227520e-01
2.152727177626257704e-01
2.151940566434530078e-01
2.151409826143252657e-01
2.149243835514327017e-01
2.147417662896047852e-01
2.146825794648501429e-01
2.140112189160954526e-01
2.134002201504410223e-01
2.132973938246734980e-01
2.131878695858858974e-01
2.131428744000416209e-01
2.131176899193011065e-01
2.130819415796352811e-01
2.129547303211548337e-01
2.128536143711357298e-01
2.128290225420281789e-01
2.128010486048875494e-01
2.127376758384958988e-01
2.126528361523715438e-01
2.125698075307472235e-01
2.124924705072453734e-01
2.121578863115141378e-01
2.118625520220064617e-01
2.117875503903466350e-01
2.117385620607536989e-01
2.117141410570985149e-01
2.116872285226219508e-01
2.116655881014400664e-01
2.115064561864662962e-01
2.112046102515384993e-01
2.111455093006789907e-01
2.111002225190669046e-01
2.101352436162181869e-01
2.091988372571986221e-01
2.091738095099886507e-01
2.091565786283184347e-01
2.091104402263224415e-01
2.090729140996314961e-01
2.089616722498499335e-01
2.088642627632562310e-01
2.088320330784268208e-01
2.087987407095686643e-01
2.086454325465281756e-01
2.085049348929059743e-01
2.083075821980114595e-01
2.081182821836724817e-01
2.080611658126289565e-01
2.079692575705469615e-01
2.079021996219031498e-01
2.078469221786963805e-01
2.077997483565576509e-01
