7.965311557771155293e-01
6.562974019294866013e-01
6.040517645891009257e-01
5.861693171168107508e-01
5.745941853034721714e-01
5.688945762708296217e-01
5.572690590798905497e-01
5.510667972360537847e-01
5.458931809213168895e-01
5.385310243393840457e-01
5.376132456522265679e-01
5.333308727623323753e-01
5.307459326177557113e-01
5.286832998087459545e-01
5.265147816830021421e-01
5.262686963788469896e-01
5.237877196709201932e-01
5.218209884214953798e-01
5.202586316622470619e-01
5.184186573222104855e-01
5.192950595710166262e-01
5.173258217048326557e-01
5.158920471707157951e-01
5.144023534137567299e-01
5.125846640616704697e-01
5.134850232439485129e-01
5.115667509517572986e-01
5.104070232241614269e-01
5.094612572873935541e-01
5.079190626297084288e-01
5.084914223275833756e-01
5.071618206252327399e-01
5.057470464450486425e-01
5.047181206063214853e-01
5.038487858846790735e-01
5.054636837512588299e-01
5.037631744462450767e-01
5.027085399834104740e-01
5.018385506755359549e-01
5.008876141321805253e-01
5.025639378454539452e-01
5.004853609916095625e-01
4.997203152033480311e-01
4.990584721544952806e-01
4.978152940755274924e-01
4.982482289371445439e-01
4.960795200683632000e-01
4.953309282775441025e-01
4.946894338155744530e-01
4.939561359662246742e-01
4.931711373044437852e-01
4.910480539738537598e-01
4.892770832070214015e-01
4.876902198053935655e-01
4.863817702459415915e-01
4.857879976792248145e-01
4.852278064654726997e-01
4.844816428786529183e-01
4.840296657057746033e-01
4.836798865720443596e-01
4.834020100957013844e-01
4.830351702326837193e-01
4.827585616995587747e-01
4.824769576101337054e-01
4.822935268028648026e-01
4.820642403252896058e-01
4.817791722406595256e-01
4.815238157873070746e-01
4.812406692282781284e-01
4.810742725182139412e-01
4.808706266363034776e-01
4.805836500399578992e-01
4.802471611194041312e-01
4.800269415108548432e-01
4.797370431276416491e-01
4.794039609349901032e-01
4.792107112681487924e-01
4.790542633154371011e-01
4.789076524697989945e-01
4.787948640067011263e-01
4.786998211436145900e-01
4.785631625501254871e-01
4.784143271215516857e-01
4.782834006895169132e-01
4.781525349806261538e-01
4.780426974144224017e-01
4.779340260753751624e-01
4.778442271504835248e-01
4.777766458504097979e-01
4.777267866705280364e-01
4.776672627967501472e-01
4.776210188415083158e-01
4.775546241034984152e-01
4.775159474530596415e-01
4.774769485004167757e-01
4.774210216791904271e-01
4.773751060314512240e-01
4.773413621832771625e-01
4.773062785397387264e-01
4.772662611276415334e-01
4.555541946350573079e-01
4.450193068653487405e-01
4.395659650171514499e-01
4.364498135109490251e-01
4.335132154634259716e-01
4.314033395249392555e-01
4.284910000897128035e-01
4.260143658288082502e-01
4.238843827093103922e-01
4.222353634677281087e-01
4.216101189733872934e-01
4.207143729069871552e-01
4.196542479985942986e-01
4.184463071953231639e-01
4.176486389458284321e-01
4.173048926412653570e-01
4.161256361387756231e-01
4.151660231266887657e-01
4.140530867269665016e-01
4.128452732811456749e-01
4.130899172030677025e-01
4.117753370853374228e-01
4.108689095100694910e-01
4.101553162464136593e-01
4.095738380910664000e-01
4.111534833718571980e-01
4.094880833524913166e-01
4.085497128177001391e-01
4.080618988217753484e-01
4.076038253612397355e-01
4.101253352728050361e-01
4.084105174565353935e-01
4.074400123015728958e-01
4.070092096243039248e-01
4.066438513075484873e-01
4.092999351605406955e-01
4.076045814845605242e-01
4.067893371080252285e-01
4.064016793460522026e-01
4.060470912443899794e-01
4.077561084198722541e-01
4.061103848296906960e-01
4.055649839056862382e-01
4.051571063220004154e-01
4.046556731264771556e-01
4.083265136388335992e-01
4.057616459203585713e-01
4.044734424563012909e-01
4.039963459921530609e-01
4.036857245457705079e-01
4.034361689875509138e-01
4.030791622333426139e-01
4.026768720783144850e-01
4.023279617502732441e-01
4.019557802771993593e-01
4.016574930587759606e-01
4.012552486010619313e-01
4.009055934798825827e-01
4.005336137453136547e-01
4.002077833312941979e-01
3.998884407598461976e-01
3.995898256066967580e-01
3.993153051211006943e-01
3.990085988213800672e-01
3.987355851573666232e-01
3.985572537737390175e-01
3.983426019123645911e-01
3.981676589362606600e-01
3.979941659130707965e-01
3.978488146674432624e-01
3.977577279547080957e-01
3.976239271410909604e-01
3.973953377853668423e-01
3.972326676769729059e-01
3.970820273822630031e-01
3.969072441909768933e-01
3.967509725263981823e-01
3.965602189662081334e-01
3.963463578158246681e-01
3.961939269241185890e-01
3.960131493936265290e-01
3.958587099606377668e-01
3.956996516964816912e-01
3.955930262850008705e-01
3.954515934959660362e-01
3.953158562697248191e-01
3.951916816841169466e-01
3.950583129300897500e-01
3.949520291856855603e-01
3.948642986977036751e-01
3.947855617374750326e-01
3.946961516638864409e-01
3.945929172960069287e-01
3.944893692910043659e-01
3.943960103829085573e-01
3.942952823709877097e-01
3.941894160500712396e-01
3.940819264326175797e-01
3.939426416894885596e-01
3.938052078392382249e-01
3.866001257386625922e-01
3.824398807429036928e-01
3.791800740537656922e-01
3.775658144007201789e-01
3.762605623079479655e-01
3.759979378679333961e-01
3.746678331790243566e-01
3.737458084098454481e-01
3.730208991643039207e-01
3.722980323268996750e-01
3.731548713655547522e-01
3.718967918320842947e-01
3.707902369514307073e-01
3.697111965658478328e-01
3.683306675845897660e-01
3.696909958636989679e-01
3.679518332511797496e-01
3.667611260686746699e-01
3.659284769852998997e-01
3.653202167810516432e-01
3.671519836564511308e-01
3.656905723357787297e-01
3.649157797091463484e-01
3.644086625472141572e-01
3.639696021614742261e-01
3.667300499174953043e-01
3.651029326695104937e-01
3.640420814622984391e-01
3.633724212594465763e-01
3.629329518617353534e-01
3.648005296562937816e-01
3.627589317375549127e-01
3.619885262413351512e-01
3.616804934271292682e-01
3.614523907726731045e-01
3.646357687267774983e-01
3.634261615022678082e-01
3.624073664654723359e-01
3.615178280525544463e-01
3.609597110754231841e-01
3.634911890791918676e-01
3.622053829375563305e-01
3.615584717459005559e-01
3.610461434222881905e-01
3.607094213812719885e-01
3.634748334643527756e-01
3.618503578064005688e-01
3.606901399716337941e-01
3.602779347559372236e-01
3.600730607381519288e-01
3.598717718084961659e-01
3.596635057145302627e-01
3.593706743082207278e-01
3.590014719293224132e-01
3.586070072211980375e-01
3.582000712805439857e-01
3.577748721486090355e-01
3.573827123666442618e-01
3.570396446934380741e-01
3.567869567294669753e-01
3.565785307976555574e-01
3.563901747481028615e-01
3.561805445869438147e-01
3.559186667403297366e-01
3.555865603746118930e-01
3.552288198488159909e-01
3.548610380693905664e-01
3.545732466321461773e-01
3.542670361441616622e-01
3.539755732029822299e-01
3.536620709186673039e-01
3.533442835645687619e-01
3.530102224463383398e-01
3.525924249047767689e-01
3.523325518347195096e-01
3.521078004973639541e-01
3.519432342381284551e-01
3.517055347357631589e-01
3.515176333216287197e-01
3.513449668727222641e-01
3.511563424103913977e-01
3.509560038905681911e-01
3.507041103147556793e-01
3.504899648180003768e-01
3.503198566733065622e-01
3.501413836331089269e-01
3.500176336295611201e-01
3.498793674326440839e-01
3.497682393346106533e-01
3.496500015599878219e-01
3.494966439759194521e-01
3.493518576417333210e-01
3.492334922678504427e-01
3.490729155779963566e-01
3.489176236831679212e-01
3.487875224243157657e-01
3.486468133868375063e-01
3.485034954033339738e-01
3.483892282244523408e-01
3.482807180987444462e-01
3.456901781576975363e-01
3.416152454992688048e-01
3.396765183576045399e-01
3.383429698500280414e-01
3.369652955096407720e-01
3.369756431094515503e-01
3.360735079182087248e-01
3.352548537698226694e-01
3.345004218031271126e-01
3.338755735117098222e-01
3.342866571824085198e-01
3.331951431816050913e-01
3.322119094823721697e-01
3.315807770962991841e-01
3.309735398175800980e-01
3.315046940159017685e-01
3.307257419455461589e-01
3.301505864960597170e-01
3.297655433647604384e-01
3.293504057526620565e-01
3.295277075587496052e-01
3.287222656280375244e-01
3.282019630377369657e-01
3.277555160732459338e-01
3.273572973682453147e-01
3.282237269915815880e-01
3.275862604907204267e-01
3.271187297836889440e-01
3.266514683898454896e-01
3.262149631518986292e-01
3.268330193099642789e-01
3.258685515203620930e-01
3.254148859441227115e-01
3.251796697454513718e-01
3.249455511042772526e-01
3.259395789210783323e-01
3.249485976490343875e-01
3.244338032776380998e-01
3.241710457971884174e-01
3.240112661392406390e-01
3.254995915622176383e-01
3.247810938983237694e-01
3.243720636754815478e-01
3.241159202614879442e-01
3.238837988377939459e-01
3.242825066324430128e-01
3.234980094630927616e-01
3.231144348252165677e-01
3.229418966585214101e-01
3.228133985104756909e-01
3.226839803061080647e-01
3.224845055150302731e-01
3.222622895542516241e-01
3.220409185655485618e-01
3.218011898229102274e-01
3.215550539391564544e-01
3.212658956285708300e-01
3.209502249328545775e-01
3.205970936490721290e-01
3.202267328321103945e-01
3.197307218981222943e-01
3.190698420595025619e-01
3.187602671410267874e-01
3.185175677920007442e-01
3.182835655953630827e-01
3.180389745932326595e-01
3.177972296976537270e-01
3.174900234809576727e-01
3.171960053104655453e-01
3.169249934407573632e-01
3.166674978377274630e-01
3.163981032668300997e-01
3.161228908763520917e-01
3.158370133168433846e-01
3.155665176521925130e-01
3.153208888425791390e-01
3.150762787077324156e-01
3.147555264871356173e-01
3.143717714009329200e-01
3.140307840450483057e-01
3.136169443118082545e-01
3.131651369723326694e-01
3.126834305799098823e-01
3.122852312289061127e-01
3.119934413107161575e-01
3.117037436727236321e-01
3.114775474048142034e-01
3.112874840121283015e-01
3.111246010342565982e-01
3.109712471453505156e-01
3.108150587186988556e-01
3.106601665916061128e-01
3.105205578873318495e-01
3.103998053181153960e-01
3.102607357676932520e-01
3.100842292956496604e-01
3.098917729244969332e-01
3.096596444643172075e-01
3.094368943276760153e-01
3.092003017450924429e-01
3.120030707406697412e-01
3.073407772229762025e-01
3.047372539301173577e-01
3.030932616519768086e-01
3.018416780151857437e-01
3.015157057112486383e-01
3.008801840681291639e-01
3.002972659687798695e-01
2.997555082077989486e-01
2.993433093382703025e-01
2.996673952414710129e-01
2.992262805524438796e-01
2.988290164699471396e-01
2.983799095648710931e-01
2.980848884321000147e-01
2.983625071533928530e-01
2.978569619913218891e-01
2.974966385750782982e-01
2.971785978918105586e-01
2.968900489412591437e-01
2.972794801114906349e-01
2.967460311575294551e-01
2.963787901470963382e-01
2.961001206586494905e-01
2.958179342176637805e-01
2.965493241102648003e-01
2.958757228757776803e-01
2.953279639324618566e-01
2.949954925037768239e-01
2.947289742915941702e-01
2.958427089980540936e-01
2.952473869030031728e-01
2.948945792965829704e-01
2.946506973109607741e-01
2.944499706525408045e-01
2.953733454062831276e-01
2.948521567902381291e-01
2.943564399683272215e-01
2.941381246133560334e-01
2.939433174289067252e-01
2.945447521858334250e-01
2.937393106361328443e-01
2.934588437702043140e-01
2.933080174485701574e-01
2.930092027618934059e-01
2.941620368912095107e-01
2.932616775958719613e-01
2.927482916727665030e-01
2.924029345637423893e-01
2.919213912024419821e-01
2.914663399054484016e-01
2.911942837634898251e-01
2.908524879843386035e-01
2.906687912269545482e-01
2.904843564316594295e-01
2.903109415929137072e-01
2.900914497083679766e-01
2.898929618133642139e-01
2.896509201219749086e-01
2.894019406458644417e-01
2.891714458117624065e-01
2.888599329972498242e-01
2.884661426469124490e-01
2.881865480768230348e-01
2.877904890384639924e-01
2.873384590480461687e-01
2.869473399263908764e-01
2.864839207703719359e-01
2.859399094435501332e-01
2.854987742252039773e-01
2.850985836128177020e-01
2.847505335096531254e-01
2.844713672430631002e-01
2.841713787592962115e-01
2.838522752348803246e-01
2.835481854184806472e-01
2.832905287465122268e-01
2.829642084964805737e-01
2.826646564323940236e-01
2.823106333803268031e-01
2.820159284128812560e-01
2.817383977902188086e-01
2.815741913459069434e-01
2.814388887584167165e-01
2.812741859104231912e-01
2.811192701428517626e-01
2.809297384848484791e-01
2.807144143152411897e-01
2.805747677352114500e-01
2.804033565353601376e-01
2.802395399523460173e-01
2.801001610995320634e-01
2.799658938053798396e-01
2.798548817788264476e-01
2.797523927659292253e-01
2.796339594780988258e-01
2.795341372430876770e-01
2.794202889060770634e-01
2.792909770845936057e-01
2.791189490671582840e-01
