1.604250247795054318e-01
8.015021512376716006e-02
5.641521188104464679e-02
4.368523543553155114e-02
3.606325083170167090e-02
4.010167175940840267e-02
3.217340971566497870e-02
2.756611881926017069e-02
2.358005720821366655e-02
2.065490345022635496e-02
1.950851958978025782e-02
1.752381425700758055e-02
1.591552904921646541e-02
1.441590400400566060e-02
1.335518728494676510e-02
1.296250432085645048e-02
1.195894979249139366e-02
1.124133320970792035e-02
1.064097103765114342e-02
1.007853108629142881e-02
9.810023175428417633e-03
9.301536221926511028e-03
8.856056048781348056e-03
8.411040394199235590e-03
8.082666001547420681e-03
8.095403283484566698e-03
7.785820802168025301e-03
7.628240801257243388e-03
7.455093925415916950e-03
7.241035202980828159e-03
7.116111019889358007e-03
6.802030795097023519e-03
6.567309943056875120e-03
6.300588447357188815e-03
6.084804016020993640e-03
6.002502810557624330e-03
5.830619525541907294e-03
5.618444223440362782e-03
5.425817118178737943e-03
5.245288511204123164e-03
5.211967633496981077e-03
5.043599530419539193e-03
4.883668450446162004e-03
4.746069054467375384e-03
4.620453918129705136e-03
4.631496305257774490e-03
4.476135874386132085e-03
4.351420418021992829e-03
4.220397881035860450e-03
4.116570532074738387e-03
4.015298129572343784e-03
3.903509094366514921e-03
3.810868694865795787e-03
3.718005908180531567e-03
3.631170011649264423e-03
3.537678997570024245e-03
3.453479060107093098e-03
3.373814556770628453e-03
3.304534845654419784e-03
3.228236470346945632e-03
3.162974375083997102e-03
3.097639297294554547e-03
3.031242004521151646e-03
2.969305954605948750e-03
2.908087823691024414e-03
2.841510872527031745e-03
2.783813918317770784e-03
2.730472304991599097e-03
2.677152777172005487e-03
2.627794821786909926e-03
2.584974809532049767e-03
2.543759055556806155e-03
2.496745466649289823e-03
2.451034693517539342e-03
2.404922293188338066e-03
2.356455035249139466e-03
2.313577537032406213e-03
2.258385900100554761e-03
2.214631285812339832e-03
2.170149858012716121e-03
2.119893218764922708e-03
2.079219841533756080e-03
2.048179318348189188e-03
2.001579980294337750e-03
1.966597910944699063e-03
1.933963482897078576e-03
1.899970662592377841e-03
1.867376681793673403e-03
1.837660533370042652e-03
1.802888111384416334e-03
1.773322093713162366e-03
1.751119785714651961e-03
1.727714289516148888e-03
1.701259909866957272e-03
1.672188198621088126e-03
1.646441501490002526e-03
1.617778590973020358e-03
1.592242356498058727e-03
1.571818986825206186e-03
1.551058757504662202e-03
1.464403434009695559e-03
1.372299285903344620e-03
1.307529782860877236e-03
1.247659796988218614e-03
1.195996012613123171e-03
1.160155281505448896e-03
1.131969931801668191e-03
1.101679229175617659e-03
1.072794301306057105e-03
1.033851554837354357e-03
9.937307559140036613e-04
9.535036711011670102e-04
9.245092844022281212e-04
9.017175751234760917e-04
8.858255682256903742e-04
8.685989013139846495e-04
8.499170270875195657e-04
8.318614460516892198e-04
8.142843270773224458e-04
7.934305219292538559e-04
7.756753611194250287e-04
7.599019510185991587e-04
7.468907752734803415e-04
7.325444132450426894e-04
7.187833474414793066e-04
7.060601606861328016e-04
6.918743803633255630e-04
6.787653641621031525e-04
6.664861638239901690e-04
6.562064941103442186e-04
6.472603159436451405e-04
6.367991066191695066e-04
6.262522743285877259e-04
6.154278364652757214e-04
6.060316924414529570e-04
5.949813864101375716e-04
5.857201683291068071e-04
5.782311991614606664e-04
5.710017426286220256e-04
5.646641524348895670e-04
5.582202591896516259e-04
5.514057812459691047e-04
5.453125629497887266e-04
5.371547853431935535e-04
5.306131326951902139e-04
5.245289781412686278e-04
5.168820863897061278e-04
5.107664973230600751e-04
5.036677269295467907e-04
4.981554379697869734e-04
4.931985124179453454e-04
4.867152862224785842e-04
4.801068288168172074e-04
4.732642974047328267e-04
4.673878190194082722e-04
4.620163349724402914e-04
4.569473911795247272e-04
4.522357296804504437e-04
4.477337768656702811e-04
4.424674306717961219e-04
4.374442116811822889e-04
4.331214836700598568e-04
4.293056619264275123e-04
4.251124306408170651e-04
4.215053610053812660e-04
4.175411359540989503e-04
4.136475423898561786e-04
4.098072981550703910e-04
4.060583489348230327e-04
4.016418935458351412e-04
3.972141514147730355e-04
3.935851431811833337e-04
3.895162809544527524e-04
3.855724171499927584e-04
3.817084914219095386e-04
3.778232810261451758e-04
3.733215727237483897e-04
3.689477851936165636e-04
3.645850090591030296e-04
3.606453453816501871e-04
3.563893608012486656e-04
3.525118823347204913e-04
3.484015875658076134e-04
3.440158456197963863e-04
3.401627464815407792e-04
3.365254269930119738e-04
3.333011287599000803e-04
3.293325139526689406e-04
3.263675422166083511e-04
3.231289878000383805e-04
3.200842838108511703e-04
3.175516664182217769e-04
3.146361975213150873e-04
3.119720624714348591e-04
3.086565329544451505e-04
3.058004126791488350e-04
3.035890628535961307e-04
3.012783357862515443e-04
2.990724447080052284e-04
2.969412908476333599e-04
4.807044201575554326e-04
3.848607930869281054e-04
3.478531789815800636e-04
3.233109629022230640e-04
3.045953168983423181e-04
2.925253192042191232e-04
2.820134456581975860e-04
2.728095644754193112e-04
2.646345715447417923e-04
2.571140404553173375e-04
2.506709517743531618e-04
2.452487076881948230e-04
2.394180911174294691e-04
2.342599597955493881e-04
2.295105770330269817e-04
2.245789620809986523e-04
2.203088249362654080e-04
2.161674059155317565e-04
2.113662961557982581e-04
2.068577741143967316e-04
2.033423930980303830e-04
1.994313643784999159e-04
1.961508945340380131e-04
1.923934890186220772e-04
1.890988028456313500e-04
1.857277809346059416e-04
1.824898169401973822e-04
1.788495871796746419e-04
1.754419977889418863e-04
1.724874180914202936e-04
1.695579761307889136e-04
1.665198723045916329e-04
1.634689657189434533e-04
1.607343306982307043e-04
1.580177858436452990e-04
1.556977692200449436e-04
1.530296809775626707e-04
1.510071221816234200e-04
1.485619912435281933e-04
1.462838716319286164e-04
1.444295386706934549e-04
1.418993150150612279e-04
1.395395745030617344e-04
1.379096724505832509e-04
1.359078638751152666e-04
1.341196266422904474e-04
1.323150428287779145e-04
1.302127720106401141e-04
1.282567123813853674e-04
1.267276158061751582e-04
1.249730923995233465e-04
1.231881944272541498e-04
1.215846844338323163e-04
1.199506386301602852e-04
1.184583829657170776e-04
1.167515012982400140e-04
1.152193181399959512e-04
1.139153423862060665e-04
1.123911959485778949e-04
1.109177465531273506e-04
1.095175333860590368e-04
1.080661223562502860e-04
1.067383690975957694e-04
1.053089037735733022e-04
1.042161319447807506e-04
1.030996446038868119e-04
1.018963194219488536e-04
1.007984270065482907e-04
9.977471750923895078e-05
9.874006864219917693e-05
9.748739614510106726e-05
9.641757311280788458e-05
9.526838916134989740e-05
9.410986671568326214e-05
9.299676508991584875e-05
9.176614730570189940e-05
9.075585278988176907e-05
8.986113507207349309e-05
8.883501497985143763e-05
8.789508223594390962e-05
8.687074880266772593e-05
8.584580430829973335e-05
8.490303719902711271e-05
8.408098701313385700e-05
8.330377900502392464e-05
8.244630711392129257e-05
8.152782225612871178e-05
8.073996961082014216e-05
8.000631141778120350e-05
7.923332655016243121e-05
7.829785986495443894e-05
7.734919694783525890e-05
7.652689238368439578e-05
7.580452069964142554e-05
7.505342607423919185e-05
7.407833788593412095e-05
7.337309839413176746e-05
7.256451398404955427e-05
7.185697589342566506e-05
7.109986252292865416e-05
5.451506729361025629e-04
3.532249010435163476e-04
2.665513863722947436e-04
2.113229066103485421e-04
1.759210418021454295e-04
1.511044781852579331e-04
1.330040999476784320e-04
1.187934631022199961e-04
1.083189707115151317e-04
1.007524255123814339e-04
9.329757832878680837e-05
8.746242452387900570e-05
8.323409292201109212e-05
7.890254850996219322e-05
7.521617656332847148e-05
7.200700720974669217e-05
6.908773788698266036e-05
6.615255427507826780e-05
6.392184530142388241e-05
6.191953175206207547e-05
6.040057639155605032e-05
5.874589676423631538e-05
5.700283313786394925e-05
5.559820461879353299e-05
5.437291106286339641e-05
5.319346893754504891e-05
5.190680723835971474e-05
5.056163409691209580e-05
4.933617983803070101e-05
4.807865278630583456e-05
4.695481493584952010e-05
4.586795381491095072e-05
4.470289348934549181e-05
4.364649838543164715e-05
4.260235217215439069e-05
4.153606196371643536e-05
4.043783779076758658e-05
3.964342686166493157e-05
3.851884579506479017e-05
3.754767573059121749e-05
3.646573873995374187e-05
3.560501208581925888e-05
3.471697919008100592e-05
3.385974063809602793e-05
3.313697703198713042e-05
3.238827787923390084e-05
3.155892258088982896e-05
3.077755555151806495e-05
3.010261468426446392e-05
2.950466381473736420e-05
2.890251278886997913e-05
2.820177106328202013e-05
2.754759603658697088e-05
2.696380209773734934e-05
2.631079932133749278e-05
2.578528443122450546e-05
2.523001046532953140e-05
2.469023270780873065e-05
2.423580513432379899e-05
2.377082592781130260e-05
2.333356431044168280e-05
2.290490870820687986e-05
2.241871636658651827e-05
2.196188827000084001e-05
2.152396315446373026e-05
2.110783796285648246e-05
2.070703871185339463e-05
2.032271226809621815e-05
2.000731586612762290e-05
1.968992582658911017e-05
1.939511890715235677e-05
1.909451056351263131e-05
1.883973733216213028e-05
1.852920963728505168e-05
1.819366717914371569e-05
1.791837935310247595e-05
1.761160459350486309e-05
1.731165780201102648e-05
1.700321793650861867e-05
1.677244260016758385e-05
1.653495665183330303e-05
1.621677936598846871e-05
1.588498926928890546e-05
1.559960550622033611e-05
1.533760354991762676e-05
1.509367832716376943e-05
1.488608594463040461e-05
1.460138789626456545e-05
1.431630333923806283e-05
1.404566225276567619e-05
1.375728676499324887e-05
1.348760796957819808e-05
1.326157346633864748e-05
1.302887640283466250e-05
1.282299673898412662e-05
1.258814967450773972e-05
1.238727430052302709e-05
1.221338340925667818e-05
1.201584715418600331e-05
1.181992954388439665e-05
9.618371127306940289e-04
5.421093196189991645e-04
3.780779318294319132e-04
2.786341520620410077e-04
2.159570224070534188e-04
1.895017257282345202e-04
1.556353378260834830e-04
1.329501656021242506e-04
1.142268764826159241e-04
1.005885950528738845e-04
8.774571955211538175e-05
7.643316710641161248e-05
6.718214585869370238e-05
6.037519708513911285e-05
5.475172773081996605e-05
5.002510015905298370e-05
4.601367439470112271e-05
4.209256559328030945e-05
3.861387912137281700e-05
3.554356991459318098e-05
3.305393785070364244e-05
3.080851840973117923e-05
2.894016633498170142e-05
2.742956636916093563e-05
2.590378270946649738e-05
2.459299873352803972e-05
2.334046893795386398e-05
2.206966445713467732e-05
2.075428731258095809e-05
1.943461665650737918e-05
1.834767092557660327e-05
1.737581036767834184e-05
1.646467569295181305e-05
1.560743413171968334e-05
1.477836619980477673e-05
1.408786431534936433e-05
1.352222935566524673e-05
1.303879247723520085e-05
1.252031840525196516e-05
1.201641451466640802e-05
1.161436645914727755e-05
1.120677715470560717e-05
1.079194801607162222e-05
1.044526275368944465e-05
1.010335824391636677e-05
9.790920491628271060e-06
9.496374470053690211e-06
9.218514636049279597e-06
8.913816686795658563e-06
8.610224191703752598e-06
8.253235294297348739e-06
7.981733775207626807e-06
7.689230342568956434e-06
7.448431888379792811e-06
7.216351790969834815e-06
6.974518859623879368e-06
6.782791777610388688e-06
6.604396143440457890e-06
6.388723757086545610e-06
6.208894254660981822e-06
6.048686219854757342e-06
5.807763688473987883e-06
5.670618335696537731e-06
5.532118663514345917e-06
5.399504142850864633e-06
5.255479600900534538e-06
5.095373032204765092e-06
4.969408656828047838e-06
4.832837675964931569e-06
4.706828093946858036e-06
4.570396882978229690e-06
4.420783398130638959e-06
4.233874399694414779e-06
4.103448073573781566e-06
3.998147999611512093e-06
3.901692945327871613e-06
3.816244165203040573e-06
3.740157177532715304e-06
3.660139777445948542e-06
3.606050585844708561e-06
3.550014109364722367e-06
3.479856994150901442e-06
3.425928735686178681e-06
3.368544441748847194e-06
3.305996240862460491e-06
3.245724566094230373e-06
3.184218158559325451e-06
3.103990812538657445e-06
3.032818955119835088e-06
2.967799960775375707e-06
2.912218844625239067e-06
2.847559555630614749e-06
2.787183182980511737e-06
2.732733019104672658e-06
2.687620503441932081e-06
2.632292886796570968e-06
2.571842519046944536e-06
2.515427532093726750e-06
2.461788472633756390e-06
2.419598443151818431e-06
