7.010095744520624672e-01
5.534721589323386981e-01
4.780087005184127102e-01
4.311403944125241083e-01
4.003715645393288169e-01
4.327075368276708245e-01
3.873642124814278276e-01
3.583966111670635057e-01
3.352654704438862154e-01
3.162250601389214877e-01
3.134121532255831899e-01
2.976177532784185509e-01
2.862689233002863043e-01
2.776878460476451260e-01
2.697106945359805663e-01
2.702272817905358449e-01
2.615521502336077275e-01
2.544178310152008238e-01
2.479621140653928690e-01
2.424161595889054999e-01
2.459431369336214368e-01
2.398116737983762847e-01
2.360266102790243292e-01
2.319090576522980784e-01
2.276024597734382371e-01
2.334206680168601777e-01
2.262315876152287963e-01
2.228551552274320446e-01
2.200628823560858705e-01
2.168738192119111785e-01
2.199433608774583326e-01
2.149228240691060388e-01
2.121809151970079355e-01
2.093182875703268886e-01
2.064173499433795689e-01
2.105819889853309534e-01
2.056017949682688029e-01
2.028722688368908011e-01
2.009051849423632297e-01
1.983116711140457955e-01
2.015577118193786488e-01
1.977415721052834807e-01
1.957188352894054795e-01
1.940733858919074517e-01
1.919316131360345457e-01
1.959579842959391083e-01
1.919652540253166118e-01
1.898047048888129862e-01
1.883399690315442909e-01
1.865051393720165429e-01
1.844772193648905323e-01
1.823099879678203861e-01
1.805177745860522265e-01
1.787506726357276088e-01
1.767905193074958969e-01
1.749823619535460506e-01
1.731986217415824869e-01
1.714548896472843920e-01
1.695916379909957472e-01
1.678179718625498196e-01
1.661911504940950801e-01
1.647595069756963015e-01
1.632689824037927284e-01
1.618234860068933079e-01
1.603881241318388662e-01
1.589473897172726524e-01
1.574881834708471706e-01
1.560511779352539985e-01
1.547946903096316107e-01
1.535967462791477112e-01
1.525065966771179671e-01
1.515028015646232573e-01
1.504301403292782058e-01
1.493310048724270922e-01
1.483015653297427849e-01
1.471855983825034742e-01
1.462095546034293259e-01
1.452286658201802361e-01
1.443534132802186676e-01
1.433152576817776913e-01
1.423567413447860974e-01
1.414290114944401489e-01
1.405296373876106231e-01
1.396058273683237483e-01
1.388370006591853056e-01
1.379831872493068601e-01
1.372391000852718757e-01
1.364951985598745754e-01
1.357898452356075258e-01
1.350778906780814026e-01
1.343435556440012446e-01
1.336932577494235053e-01
1.330344695427950474e-01
1.323053594116916920e-01
1.316434517967520756e-01
1.310060577396804649e-01
1.303526007262815478e-01
1.297233371870851193e-01
1.290305061861494740e-01
1.282834067791128463e-01
1.489705397854797220e-01
1.205395688902452245e-01
1.034943310416588103e-01
9.198560572433957250e-02
8.283225210400561866e-02
7.620152577127826954e-02
6.898280901554897093e-02
6.272021064496000053e-02
5.729715111491002349e-02
5.268484807785798335e-02
4.892766332226128334e-02
4.503088924071165650e-02
4.141041940804430360e-02
3.829388291208058598e-02
3.565231628839959921e-02
3.396514942178224805e-02
3.184076100924366354e-02
3.005072200401582086e-02
2.804428290758584005e-02
2.608455739779330651e-02
2.496188984318560566e-02
2.338609275018468242e-02
2.200321267267595429e-02
2.057171818366758387e-02
1.925449885955275026e-02
1.870056723488412731e-02
1.768075635672797588e-02
1.683307663019239370e-02
1.597152668538326034e-02
1.510698964866869984e-02
1.474441566526155274e-02
1.395272472655492528e-02
1.337205772262423618e-02
1.271429619563513996e-02
1.211806713454604938e-02
1.197936523020482966e-02
1.158199105793198715e-02
1.137935080894272692e-02
1.109889211333810535e-02
1.077210669605140406e-02
1.056425999435694173e-02
1.008399143571958763e-02
9.590653018412657882e-03
9.088603053817182267e-03
8.674155415338289168e-03
8.807425622010906993e-03
8.322773848346485398e-03
8.145198686469295665e-03
7.998351820933951792e-03
7.871517201359170407e-03
7.743297648626768295e-03
7.553911812648158794e-03
7.335893461767039984e-03
7.151685249470814305e-03
6.976329007549924958e-03
6.766046844208882874e-03
6.495543709676434262e-03
6.167368021316283269e-03
5.848056365701322437e-03
5.545112090274930371e-03
5.297033263460426689e-03
5.093324445025043494e-03
4.899252613257915577e-03
4.735071697626612279e-03
4.597011948554562827e-03
4.469877266296847125e-03
4.352206793305813358e-03
4.241803315012080376e-03
4.128524887876908883e-03
4.032048270736645658e-03
3.939253844739660365e-03
3.847139344824168639e-03
3.752896142874741908e-03
3.667752778007573981e-03
3.574779846117374666e-03
3.483797202011442579e-03
3.397528279073769655e-03
3.324340968772930647e-03
3.243049072295482553e-03
3.167827214524442710e-03
3.088244239126287320e-03
3.009699570274184440e-03
2.937343294354533181e-03
2.866001939953788380e-03
2.798505758141938728e-03
2.733292664403101559e-03
2.673701788928072726e-03
2.610846548546045826e-03
2.553479470687729670e-03
2.499789184086697799e-03
2.443667633410937044e-03
2.390580736888808008e-03
2.334742479619859347e-03
2.281575662837941314e-03
2.227059815221428540e-03
2.176372004875428388e-03
2.129459176473759863e-03
2.082063293763281378e-03
2.034427480796985235e-03
1.983210161206995677e-03
1.767643797232178876e-02
1.067030551433076520e-02
7.350630914933808761e-03
5.405622662691515062e-03
4.114984450290959384e-03
3.431612105922608909e-03
2.833160334135993112e-03
2.451769391487884121e-03
2.198595442585021820e-03
2.050314361034174908e-03
1.963413388325111440e-03
1.898031359511846402e-03
1.851782113280992393e-03
1.815483956964226075e-03
1.785230141891095074e-03
1.760594143246245902e-03
1.731806224406228639e-03
1.705716598458663618e-03
1.679948140095732876e-03
1.653660850314562841e-03
1.635229493220807274e-03
1.607073288279798132e-03
1.578854239260538443e-03
1.553138527227703467e-03
1.523903903241964359e-03
1.499263618058910719e-03
1.464559651305513905e-03
1.428879549236413598e-03
1.396132471860610496e-03
1.359781056773439693e-03
1.326191612095094013e-03
1.285066132660369308e-03
1.249116604508637143e-03
1.201914953709195275e-03
1.157137177251230109e-03
1.136870316348858895e-03
1.108255823623941448e-03
1.088463014974151710e-03
1.073683258364782882e-03
1.057379765660897315e-03
1.042057609364826056e-03
1.026888200703389778e-03
1.011715827436176270e-03
9.936419635961923902e-04
9.743590882716437378e-04
9.565790295266493994e-04
9.335369499972948071e-04
9.085262614720384603e-04
8.765516798147233307e-04
8.450399904823724558e-04
8.087466824664474481e-04
7.688677681042442808e-04
7.251374757716991032e-04
6.856497196179905029e-04
6.501784187827612440e-04
6.098579458327272424e-04
5.708135669421106470e-04
5.317091887265211741e-04
4.939485567878915302e-04
4.591555177385019094e-04
4.267691176153641367e-04
3.938268968719569165e-04
3.624626780852197288e-04
3.323982488241846974e-04
3.083887395518988220e-04
2.851233273313418014e-04
2.642637010949953056e-04
2.471466046442175697e-04
2.316366028389691084e-04
2.155307517123607522e-04
1.995622452273094311e-04
1.851341362775484295e-04
1.725402662985390720e-04
1.602682192599302576e-04
1.478282866308916238e-04
1.368210707151624550e-04
1.278594751310054185e-04
1.206433332502543810e-04
1.153361385390319665e-04
1.113797932343359420e-04
1.082617640669419987e-04
1.057603245245733421e-04
1.035924727194944829e-04
1.017785914599561668e-04
1.002590824650669916e-04
9.878670104573404988e-05
9.732036426672994902e-05
9.582823200648595420e-05
9.402849558819782782e-05
9.193032617676400657e-05
8.914927306755645090e-05
8.572560308463343095e-05
8.123290706205622759e-05
7.668489005144956143e-05
7.174386344407709536e-05
6.695456747529900685e-05
6.216825085882823573e-05
5.787803958233958003e-05
5.387692386925774539e-05
5.011484677622006029e-05
1.111971779305561715e-02
5.350931104217649878e-03
2.959794753488174598e-03
1.801377417723812194e-03
1.172559187427004790e-03
8.991568004780598356e-04
6.448818635712166326e-04
4.607297274381202110e-04
3.238584499199154533e-04
2.315027244170081715e-04
1.784460537174868309e-04
1.358221401803000002e-04
1.063107901292608239e-04
8.699061023273500868e-05
7.564591325432409115e-05
6.831810610084178173e-05
6.197986374058020941e-05
5.758536428727347459e-05
5.480485766403846881e-05
5.241750950026504016e-05
5.040267144791522218e-05
4.837347125875985206e-05
4.611503537434334860e-05
4.398625374008256333e-05
4.194217788315215679e-05
4.015291264821321923e-05
3.843409468911970257e-05
3.698334620834452593e-05
3.589118609766970343e-05
3.500316307478689977e-05
3.440699912114663148e-05
3.355994076747482178e-05
3.256629707071875910e-05
3.117061790833611234e-05
2.939446019528384760e-05
2.796480204653048013e-05
2.570664045590334917e-05
2.317953477901225128e-05
2.084573399845512608e-05
1.910938880814525218e-05
1.817877822676259469e-05
1.721912434713829119e-05
1.666842653072949848e-05
1.625908184441191180e-05
1.589745747041987670e-05
1.559872314732954626e-05
1.531165290402186247e-05
1.498946049484576522e-05
1.463377063872197359e-05
1.427595338520247135e-05
1.385414268624669336e-05
1.327317795018473713e-05
1.258308038582548121e-05
1.172680659205417568e-05
1.062214809266919487e-05
9.524654941048088148e-06
8.614345224111942591e-06
7.816939805003155135e-06
7.128985990404099996e-06
6.533604785988991752e-06
5.995998981504399087e-06
5.600088650441186515e-06
5.260077559631159250e-06
4.987111320986805723e-06
4.762848243004707109e-06
4.555913209488526918e-06
4.365716442738822487e-06
4.191867397370681783e-06
4.017509190811550479e-06
3.880387147935969085e-06
3.750971826230903971e-06
3.647808680445760169e-06
3.558901640309648933e-06
3.474647318002805016e-06
3.384689375269592447e-06
3.291277070313448123e-06
3.177319604563959213e-06
3.056586292608810355e-06
2.909640612409507392e-06
2.756265483073528412e-06
2.573031634916968173e-06
2.337386016996034032e-06
2.100923530217315715e-06
1.828790649923913500e-06
1.612857741242966070e-06
1.383392599500700134e-06
1.187982640674851711e-06
1.028247757530900639e-06
9.160581717464178155e-07
8.375806127274997733e-07
7.885304248670358257e-07
7.547614083001249910e-07
7.309344259711741015e-07
7.147659000324174239e-07
7.023833707311405916e-07
6.913223863730923363e-07
6.807020395558363463e-07
6.701666767466477747e-07
6.580722613762929693e-07
6.391675600429605731e-07
3.477805847991954219e-02
1.917466625810115149e-02
1.336101023250806791e-02
1.018242247404273215e-02
7.882177818954021545e-03
6.407290966018679493e-03
5.245439069247552315e-03
4.000199556872445147e-03
2.748616139502421934e-03
1.713834793430689006e-03
1.055825694134332081e-03
6.631329742012611987e-04
4.152985341296883213e-04
2.833533912559815749e-04
2.020552114105600948e-04
1.581229958355708941e-04
1.249890771550269612e-04
1.029291684820769803e-04
8.856240521578832945e-05
7.903202379509573412e-05
7.424466498335381215e-05
6.864964796228945499e-05
6.196519681747803985e-05
5.415999240019392418e-05
4.544526309756212446e-05
3.787364103230272109e-05
2.899540491232491788e-05
2.155728910226654762e-05
1.629973301448347676e-05
1.272359039243414283e-05
1.094542504074613231e-05
9.474991907120055372e-06
8.381971440003767724e-06
7.434089183681172825e-06
6.670404462351842240e-06
5.993147456772813847e-06
5.418825283158385870e-06
4.834661453123484161e-06
4.198792905696204678e-06
3.482925965346107610e-06
2.922734689323475883e-06
2.357483167294814381e-06
1.935618032832812454e-06
1.644159071658584149e-06
1.457397592508132061e-06
1.345683951708461959e-06
1.247034923195529332e-06
1.140358046117225106e-06
1.038591049751690632e-06
9.332455697063866627e-07
8.063107175597512730e-07
6.684490812680776510e-07
5.448276243633776630e-07
4.331645997637534115e-07
3.409537083202118025e-07
2.580895749896310962e-07
1.938864794100587980e-07
1.542401280540523466e-07
1.302490069559879723e-07
1.302490069559879723e-07
1.302490069559879723e-07
1.302490069559879723e-07
1.302490069559879723e-07
1.302490069559879723e-07
1.302490069559879988e-07
1.302490069559879988e-07
1.302490069559879723e-07
1.302490069559879988e-07
1.302490069559879988e-07
1.302490069559879988e-07
1.302490069559879723e-07
1.302490069559879723e-07
1.302490069559879988e-07
1.302490069559879723e-07
1.302490069559879723e-07
1.302490069559879723e-07
1.302490069559879723e-07
1.302490069559879988e-07
1.302490069559879723e-07
1.302490069559879988e-07
1.302490069559879988e-07
1.302490069559879988e-07
1.302490069559879723e-07
1.302490069559879988e-07
1.302490069559879988e-07
1.302490069559879988e-07
1.302490069559879988e-07
1.302490069559879723e-07
1.302490069559879988e-07
1.302490069559879723e-07
1.302490069559879988e-07
1.302490069559879988e-07
1.302490069559879723e-07
1.302490069559879723e-07
1.302490069559879988e-07
1.302490069559879988e-07
1.302490069559879723e-07
1.302490069559879988e-07
1.302490069559879988e-07
1.302490069559879988e-07
