8.814631781233677188e-01
8.422689028735177441e-01
8.145173029649130925e-01
7.635687227229087659e-01
6.997008463352786256e-01
6.561877896644151553e-01
6.051758961579305485e-01
5.473878212022944556e-01
5.062311463829053393e-01
4.635351898557809602e-01
4.251255142244704799e-01
3.669752672013174566e-01
3.440564523956357035e-01
3.249996137244003380e-01
3.130928832312901977e-01
3.001294567296786120e-01
2.894134198872169716e-01
2.830505539258716952e-01
2.756651725898671135e-01
2.696955258312490611e-01
2.647612675860069875e-01
2.569493944717852196e-01
2.508986801812684297e-01
2.421360406834034418e-01
2.355560806073538627e-01
2.294623468232661057e-01
2.237313123713825513e-01
2.193390374271145249e-01
2.144814700010566899e-01
2.103334863292877499e-01
2.051054038817010094e-01
2.010394710228668724e-01
1.964873866669357150e-01
1.923032765569305524e-01
1.895314285059608306e-01
1.867238038522614496e-01
1.840354090758371808e-01
1.805502469297902424e-01
1.779034592738739096e-01
1.740277472153174965e-01
1.703437101071574311e-01
1.671368284036463536e-01
1.649771479798891050e-01
1.604185682715572880e-01
1.562469725775413321e-01
1.546471862880795523e-01
1.531293413633178779e-01
1.506964859207789165e-01
1.485692629941003928e-01
1.468809306802459913e-01
1.454340380713859404e-01
1.407772228201286391e-01
1.377094530410216400e-01
1.362537546484262341e-01
1.344419994902626703e-01
1.326284032565401005e-01
1.310710956182470077e-01
1.300255424725789699e-01
1.288655819767787480e-01
1.280066797307226334e-01
1.268763974411732387e-01
1.260115925990185903e-01
1.252378830851609282e-01
1.243938865505504893e-01
1.237345631942854129e-01
1.228847020511517479e-01
1.219006829889861532e-01
1.206628201074066986e-01
1.194714447673842633e-01
1.186474275386527749e-01
1.176667384042573150e-01
1.168398036821405306e-01
1.161157948731101758e-01
1.149994714487460740e-01
1.138553656280883036e-01
1.131514021750553295e-01
1.124306162582814628e-01
1.114944759338513808e-01
1.105223078478829307e-01
1.091502612039425418e-01
1.083629465367917377e-01
1.076379194630315284e-01
1.068988398508561866e-01
1.042807686534193423e-01
1.016126870349549904e-01
1.000886988811232059e-01
9.873791406771406653e-02
9.506628937776846755e-02
9.263835576055767795e-02
9.200708899191019363e-02
9.124845664030202530e-02
9.066532165857889292e-02
9.011401840492108684e-02
8.971617122327403548e-02
8.907571486986073928e-02
8.807217579894680015e-02
8.725894574206170817e-02
8.668995629272766013e-02
8.621704136921916339e-02
8.583748441105186477e-02
8.527625412136870253e-02
8.464017614755708907e-02
8.387526835681621828e-02
8.328838900385722444e-02
8.269527987637509403e-02
8.213982222895918617e-02
8.139336519608701692e-02
8.076252584668724976e-02
8.033490918315659701e-02
7.989318444361244442e-02
7.953501302689357233e-02
7.896731429489092791e-02
7.844394277804790649e-02
7.816295787329588518e-02
7.779713296520422705e-02
7.727666135473333642e-02
7.681260341842610639e-02
7.642108876211542445e-02
7.602090563925639755e-02
7.573158417928857467e-02
7.490457227292518505e-02
7.402663074416600264e-02
7.302345084424842481e-02
7.205626001432267891e-02
7.084813686246956010e-02
6.986332607153321328e-02
6.947938193311863075e-02
6.905350426568600264e-02
6.876195954560197776e-02
6.838110745590844641e-02
6.806090232664431527e-02
6.746640557334135369e-02
6.687302943676146083e-02
6.647251749938504206e-02
6.609212717341751697e-02
6.576209901316674988e-02
6.540718723068945917e-02
6.523024450960966669e-02
6.473521524183102616e-02
6.440728280991254995e-02
6.119478984181030146e-02
5.880889296588889120e-02
5.849621591506559692e-02
5.813499489159026229e-02
5.798317405538659652e-02
5.781763346390330488e-02
5.767502862111847928e-02
5.753253180301751840e-02
5.742538796930159867e-02
5.728796060875667590e-02
5.717872660994080536e-02
5.701787082291338155e-02
5.685109693283508375e-02
5.672313513574692850e-02
5.646354859271349169e-02
5.622454347433326199e-02
5.603513374311174661e-02
5.588862844493221183e-02
5.563774080714217751e-02
5.541906976012159897e-02
5.531842395053018779e-02
5.518285280020084060e-02
5.507694200844844012e-02
5.492406852480293672e-02
5.477018518700812327e-02
5.465187920550143574e-02
5.455064727827815818e-02
5.430531508538981311e-02
5.412701086066896289e-02
5.394363774072168799e-02
5.376550787627508432e-02
5.352891261587102573e-02
5.332709948514791770e-02
5.306839698875340933e-02
5.280799020309529662e-02
5.243918572602387224e-02
5.208957779241796260e-02
5.156407475380144628e-02
5.107928342289257823e-02
5.080923723429623534e-02
5.052894272362148942e-02
5.039350541393868010e-02
5.028355335125998804e-02
5.017125424019674984e-02
5.002417409610151328e-02
4.988868031921572105e-02
4.977409088827226824e-02
4.960993380259944713e-02
4.946693943823609468e-02
4.933906989219617040e-02
4.922658123557405868e-02
4.897036753839781320e-02
4.869137089477109520e-02
4.857037927317912895e-02
4.845575803293664802e-02
4.818364665710753170e-02
4.787926676728140873e-02
4.779824663101784471e-02
4.766933771670948256e-02
4.745365276223298401e-02
4.726574437023849801e-02
4.651705654205006563e-02
4.578034234316814138e-02
4.544592723151529012e-02
4.500699056547774468e-02
4.489854668435819263e-02
4.477168766165873226e-02
4.466706117815737870e-02
4.458140510221864777e-02
4.448909403866593837e-02
4.439535374012771457e-02
4.430475893376147750e-02
4.421344679619378798e-02
4.414542686636110935e-02
4.403366086804770541e-02
4.394038728542123962e-02
4.358438859466348680e-02
4.323504298638234516e-02
4.303324524419529368e-02
4.282379958992229424e-02
4.270997274268821531e-02
4.259517965014322782e-02
4.249897569575745992e-02
4.235896667956486061e-02
4.224387785072136053e-02
4.203161855607941838e-02
4.185352918080295637e-02
4.157396199767259687e-02
4.132014901611033575e-02
4.120408765293408215e-02
4.107158351705595539e-02
4.099032835334202179e-02
4.091252605197724657e-02
4.079027998668296323e-02
4.066529947769630116e-02
4.058469508230458378e-02
4.051216975885841426e-02
4.043829257904833774e-02
4.038142487411607029e-02
4.023501584111464219e-02
4.012661851042203381e-02
4.003648400509835642e-02
3.996555572306707826e-02
3.987312418237334843e-02
3.978959372646490023e-02
3.970085166585905767e-02
3.961133191722830682e-02
3.952924466500320339e-02
3.943612941058236704e-02
3.933831387567222893e-02
3.925087603990148194e-02
3.915575478576335811e-02
3.908107726454399661e-02
3.901926361195449944e-02
3.891768627495715421e-02
3.881123866494482627e-02
3.874996348549383796e-02
3.867923923053878665e-02
3.860819724460099606e-02
3.852371520834420998e-02
3.844620429100940179e-02
3.837256320553095179e-02
3.831426243164379880e-02
3.824872085340830924e-02
3.818266026215953041e-02
3.808000147472211105e-02
3.797938457981658161e-02
3.786613500844194374e-02
3.775553491930599970e-02
3.754420613283646069e-02
3.732641618217048818e-02
3.714544566541413961e-02
3.699156348671438915e-02
3.668403759380017837e-02
3.637100345535378143e-02
3.610375042199494289e-02
3.585983265928343461e-02
3.561803274186418899e-02
3.538390577993944658e-02
3.527658483259005218e-02
3.518980126875035502e-02
3.512921401334089672e-02
3.506081153022878871e-02
3.500440080504117757e-02
3.494723193961912083e-02
3.488088364958764204e-02
3.482580492105409598e-02
3.473660211089680400e-02
3.461924817861713327e-02
3.452754028156222732e-02
3.443582111394166007e-02
3.437326772831666988e-02
3.431737627611475272e-02
3.423741358931033790e-02
3.417022340795975582e-02
3.409724263243298081e-02
3.403219023008810518e-02
3.397349450218360711e-02
3.387701724530518821e-02
3.378233781740892783e-02
3.371144169987224520e-02
3.349337106224377358e-02
3.312772633914472242e-02
3.299754227182363081e-02
3.287268719262809169e-02
3.277664124489897135e-02
3.267668600402858642e-02
3.257215588656948990e-02
3.243319845432684340e-02
3.236222872728765354e-02
3.228611090844650533e-02
3.222255612012756704e-02
3.215799241138693476e-02
3.209444324360506695e-02
3.203126994578113507e-02
3.195860457068901844e-02
3.180958610039269496e-02
3.169490931868081812e-02
3.161326104909908258e-02
3.154688989776300440e-02
3.149618023946074846e-02
3.144959388423443358e-02
3.138119548398199399e-02
3.129083786007269552e-02
3.122552374618862286e-02
3.113315939221454956e-02
3.102423813823187299e-02
3.092884096886244771e-02
3.084431006216968238e-02
3.058125050627410677e-02
3.031362954213717709e-02
3.025814003702289104e-02
3.018496428986661845e-02
3.011534113627424916e-02
3.004775308681523552e-02
2.996151770366411657e-02
2.987223551528086704e-02
2.978941540853275241e-02
2.970493330933413403e-02
2.962523188231952834e-02
2.954759624695400821e-02
2.948190577071591392e-02
2.940761633044634490e-02
2.932883187430457977e-02
2.925746742376937951e-02
2.921702864224690055e-02
2.916384636311837586e-02
2.911318939625920366e-02
2.904035482845748056e-02
2.897739904829927521e-02
2.891490330380246804e-02
2.883896707532906598e-02
2.878645699220739110e-02
2.873660150225764917e-02
2.867613761692448457e-02
2.861592059609011432e-02
2.855620802493146274e-02
2.846101297964458501e-02
2.836448717445534326e-02
2.826632919765182175e-02
2.816104806857927523e-02
2.805424541734258606e-02
2.794233591247075738e-02
2.788088494152817301e-02
2.782928887838720389e-02
2.778539201206989967e-02
2.772261170889300796e-02
2.766215773871147365e-02
2.762207145013935092e-02
2.757598020650931653e-02
2.753020098490523496e-02
2.744027830136680501e-02
2.736416033569709708e-02
2.729599062466350062e-02
2.723835187038762748e-02
2.719141405343017751e-02
2.714685497081742796e-02
2.710628196022780989e-02
2.698067479584707190e-02
2.687243733031060774e-02
2.680217855551830439e-02
2.671932081851127044e-02
2.645415636659082664e-02
2.618701865154369340e-02
2.610067351708469582e-02
2.601523969523341848e-02
2.593153688127081483e-02
2.586170773110597551e-02
2.581753672133597910e-02
2.576607207473229078e-02
2.570959347163701350e-02
2.566338431567424111e-02
2.562633835895561721e-02
2.558563728099688683e-02
2.553692366874184966e-02
2.547816376274293637e-02
2.541707763446829707e-02
2.537338151789847104e-02
2.533319973104658854e-02
2.527780810333416645e-02
2.522448348137221880e-02
2.518293074724806471e-02
2.514899143395118650e-02
2.509954036725538934e-02
2.504378753166155991e-02
2.500919085624517604e-02
2.496670912007437418e-02
2.490292457600969470e-02
2.484421711039741174e-02
2.480997191543789573e-02
2.477523066887723710e-02
2.473853739477687580e-02
2.468932850537342363e-02
2.464413136954798911e-02
2.461056358461370316e-02
2.455791952706904910e-02
2.451277673164684381e-02
2.446256620605999355e-02
2.439594484932332275e-02
2.434636985291321193e-02
2.430970701492911334e-02
2.428184508949597642e-02
2.424661864459951369e-02
2.420358044466686467e-02
2.416119278186199676e-02
2.412098387717176440e-02
2.408555200174763294e-02
2.404272449138831341e-02
2.397830720700335275e-02
2.392088660913925177e-02
2.370359389975696188e-02
2.347920992682684185e-02
2.343129839599625633e-02
2.338753019261424412e-02
2.334038207077653374e-02
2.329498223219017214e-02
2.325219752562995151e-02
2.317371600434684278e-02
2.305739077510505011e-02
2.296789068259983205e-02
2.290248858784441066e-02
2.284492621401170223e-02
2.281801382122190802e-02
2.278442091005609960e-02
2.276008616572201826e-02
2.266362483727555124e-02
2.257495086543086921e-02
2.247673170194157063e-02
2.233021633253734137e-02
2.227076972486926806e-02
2.221479679006176794e-02
2.218157324081391005e-02
2.214199582533461080e-02
2.211028170411423119e-02
2.206491758311397017e-02
2.202648334738083538e-02
2.198611988516336810e-02
2.195383895343991365e-02
2.191842426591674581e-02
2.186242702335119276e-02
2.182417740214181306e-02
2.180011833222229856e-02
2.177806681848079226e-02
2.174666696569997268e-02
2.171708801656041868e-02
2.168020963792397643e-02
2.164286613355395628e-02
2.145876668818606781e-02
2.129253450397315325e-02
2.101598213175920327e-02
2.081214967880712710e-02
2.063250098033674734e-02
2.049408593050304137e-02
2.045649827617060379e-02
2.042303707191238729e-02
2.039866598555000257e-02
2.036876452823431147e-02
2.032980133303698839e-02
2.028633092060302609e-02
2.025275435929579926e-02
2.021693532634367269e-02
2.018462794281970091e-02
2.015527431409841128e-02
2.012532002160596911e-02
2.010343988329891043e-02
2.007848710419128657e-02
2.006086650622967288e-02
2.001218517621165122e-02
1.997025837638069859e-02
1.992893107134089195e-02
1.988819304134220936e-02
1.985103909941607694e-02
1.979151945296939163e-02
1.976123516360575247e-02
1.973591087100925318e-02
1.971536615241176529e-02
1.968874925968737769e-02
1.965650728526642174e-02
1.962815745559238351e-02
1.960126516442069200e-02
