8.799643317141654375e-01
8.259743207540335419e-01
8.061223967631239162e-01
7.931149270744628499e-01
7.834589416648910509e-01
7.974294984750025517e-01
7.847391560793769427e-01
7.761697120432156094e-01
7.710318346678253221e-01
7.669000310898395067e-01
7.814793881535103681e-01
7.728476142295952478e-01
7.689698543636793726e-01
7.651181067519060575e-01
7.618972363890529342e-01
7.780507907933222889e-01
7.734448388102467264e-01
7.706395982747866746e-01
7.676251405976844966e-01
7.656602720283378627e-01
7.784561622206989107e-01
7.730686141766218711e-01
7.695728584122540905e-01
7.674285640912991147e-01
7.655994918124355841e-01
7.752727899414197932e-01
7.718057080405729131e-01
7.695007232784718543e-01
7.679778278247721968e-01
7.665856410733543624e-01
7.756647185065758121e-01
7.712917598763927574e-01
7.689765336660924211e-01
7.676352902826029112e-01
7.663224131116177507e-01
7.739042971997012188e-01
7.710565686557703247e-01
7.685312651011382279e-01
7.670937369387554883e-01
7.660180769663154088e-01
7.721964309172705265e-01
7.701966961308663873e-01
7.679332278234560771e-01
7.666992078464839322e-01
7.657778208867338510e-01
7.717469965543904964e-01
7.702379944402016898e-01
7.691276433179028427e-01
7.684238034867564293e-01
7.677800316632376054e-01
7.672464960400827705e-01
7.667927937900688162e-01
7.664240309087533287e-01
7.659769726059025841e-01
7.655527876137777632e-01
7.650255313004474811e-01
7.644851738789280038e-01
7.638055017540296143e-01
7.630755613090309808e-01
7.623460391570748840e-01
7.617589738750301098e-01
7.613037122109777011e-01
7.608659165488406151e-01
7.604242231691700216e-01
7.599259579333353942e-01
7.595397536508401437e-01
7.592209709182046184e-01
7.588586529914016499e-01
7.584902721838145956e-01
7.582198632708927466e-01
7.579808833071736140e-01
7.577396813390731012e-01
7.574632480950956870e-01
7.570565812362954894e-01
7.565246301024746156e-01
7.560424284273693507e-01
7.556598344795103506e-01
7.552983741505184812e-01
7.548965588277146699e-01
7.544039837917525526e-01
7.539420803651386560e-01
7.534582016492791245e-01
7.529621502683849776e-01
7.524386842541852527e-01
7.519715198386859312e-01
7.516044544382775028e-01
7.511857862314714751e-01
7.508398441398516088e-01
7.504991918288976827e-01
7.502523044756129744e-01
7.500022348057012733e-01
7.497634866080065130e-01
7.495108553287666009e-01
7.492294078412257141e-01
7.489819599812719275e-01
7.487493056804314095e-01
7.485213031392927707e-01
7.483340340439621485e-01
7.481687512303867305e-01
7.479911720415282073e-01
7.251567695017187010e-01
7.131200052565010994e-01
7.058150166219028243e-01
6.993581682700507063e-01
6.932950374376765090e-01
6.891981700459478555e-01
6.857854856193079662e-01
6.824367483154114566e-01
6.790184537547074850e-01
6.758102806632796389e-01
6.727580057454923823e-01
6.697172690766096670e-01
6.669653726934666738e-01
6.642377363743821039e-01
6.614771319399515015e-01
6.589553425601766268e-01
6.565524182533782893e-01
6.540417443624851890e-01
6.518678820124809148e-01
6.501349607164059741e-01
6.487951039854330526e-01
6.472611310713164423e-01
6.453821502085684836e-01
6.436735213696154201e-01
6.419841986261727307e-01
6.402103923232318472e-01
6.384266571484187303e-01
6.366779364074740544e-01
6.349431017926154830e-01
6.333474539478001208e-01
6.318032501110412147e-01
6.303036404220774269e-01
6.288835957770736451e-01
6.276717920519526706e-01
6.264505672150605387e-01
6.253749411705301631e-01
6.241755194921760896e-01
6.230621079740589208e-01
6.219236151770666243e-01
6.207799516843200971e-01
6.196585003072185849e-01
6.186363785877090349e-01
6.176312524598207565e-01
6.164563709476877928e-01
6.153153844046894694e-01
6.147296668727390001e-01
6.136080278882968253e-01
6.125757091341439420e-01
6.115712236303054716e-01
6.106952737394757413e-01
6.098343458003078199e-01
6.089480324872809103e-01
6.081348195230620313e-01
6.072131634029377389e-01
6.062432870985348110e-01
6.051669595513472499e-01
6.043955102788203249e-01
6.035658706209635627e-01
6.026307074923715756e-01
6.017273131086298132e-01
6.008614823953277728e-01
6.001265012350264216e-01
5.994412308241668930e-01
5.987920545143958773e-01
5.982058789948672128e-01
5.976728902232580909e-01
5.970769828243397415e-01
5.965640848576925226e-01
5.960747141585380771e-01
5.955442570449515083e-01
5.950027226053891116e-01
5.945372812626323888e-01
5.940922273123986352e-01
5.937096988722092572e-01
5.933241389964353241e-01
5.928575473861475986e-01
5.924742584543479795e-01
5.920281791185615372e-01
5.916608766502329253e-01
5.912560139177869267e-01
5.908352795665299251e-01
5.904950707142408994e-01
5.901483793384251220e-01
5.897842176298532246e-01
5.893584415272959953e-01
5.890131883195304230e-01
5.886859234575733124e-01
5.883534435381481131e-01
5.880571349995205033e-01
5.877530274803058896e-01
5.874595699962334994e-01
5.871457985330149620e-01
5.869066206847616263e-01
5.866563993411506583e-01
5.864175787530179207e-01
5.861946605526678900e-01
5.859349068475037114e-01
5.856282807800300416e-01
5.853352294937238520e-01
5.850575425405802887e-01
5.817542072496200145e-01
5.738013850236359792e-01
5.680515825304904842e-01
5.633796250312064213e-01
5.592616310717870576e-01
5.562192669715884108e-01
5.536937391236439465e-01
5.514286657561782157e-01
5.490671677117683336e-01
5.468666970248520220e-01
5.449811194521619884e-01
5.426872768075776676e-01
5.404944014415709042e-01
5.383167287374047705e-01
5.363948751131087933e-01
5.343270237273524126e-01
5.324723757174962824e-01
5.306599014753258237e-01
5.289968273131020471e-01
5.275790628425738316e-01
5.260456384222962356e-01
5.246253298108037866e-01
5.232544212775352976e-01
5.218818857390574717e-01
5.202682572892217694e-01
5.187783764256851393e-01
5.171949475649256778e-01
5.156738808161411836e-01
5.141041177400883511e-01
5.126353571908621731e-01
5.113105045047368069e-01
5.097732573946931467e-01
5.083153844437954261e-01
5.068457790930557261e-01
5.053369051021656677e-01
5.036922152126219743e-01
5.021158067521888091e-01
5.007308222891480032e-01
4.993004838189062378e-01
4.982169414085352854e-01
4.972054632544983255e-01
4.961387225211322805e-01
4.950841052440813628e-01
4.939857454225607958e-01
4.929436791464661405e-01
4.920482018792457501e-01
4.909720163436112617e-01
4.900123781313521776e-01
4.891125396102066203e-01
4.883315815162459494e-01
4.876073868224696795e-01
4.868843634303728352e-01
4.861746484715132599e-01
4.854252674647215882e-01
4.847225048530298119e-01
4.841322626809752561e-01
4.834689041430120238e-01
4.828663249637556443e-01
4.822122595149980206e-01
4.816400032784448060e-01
4.810233256180740935e-01
4.804108303265662849e-01
4.797698859570981300e-01
4.790382171389263033e-01
4.783923672106129010e-01
4.777560535608452730e-01
4.771032695856938233e-01
4.764141788396148436e-01
4.757288779110743215e-01
4.750572407249398221e-01
4.744453626858436968e-01
4.738495973300217989e-01
4.733069325671176997e-01
4.727145229714346253e-01
4.722271223331159229e-01
4.716649645590256235e-01
4.711835521312421893e-01
4.706584435082906137e-01
4.701620225759458593e-01
4.696169613584820768e-01
4.690339354781051795e-01
4.683908743293356824e-01
4.679125769948825342e-01
4.674041475153368763e-01
4.668852085622733350e-01
4.663743967822120418e-01
4.658259222184513160e-01
4.652690182962393450e-01
4.647904175938655236e-01
4.642645696117482235e-01
4.637940576102602686e-01
4.633768489964579240e-01
4.629091602118222681e-01
4.624835651029137740e-01
4.620244962754797013e-01
4.615700388793650966e-01
4.611317550593410641e-01
4.607038855676053868e-01
4.602830085304023822e-01
4.598924636919244358e-01
4.624702711034580083e-01
4.576380902983195886e-01
4.533402859246379868e-01
4.495044456062682325e-01
4.459661694265550369e-01
4.432946390069011922e-01
4.404450179360734907e-01
4.380381592553697079e-01
4.358983706275176839e-01
4.339552066396035190e-01
4.321356241511990492e-01
4.302241694182902254e-01
4.286198556562705320e-01
4.270168956446926956e-01
4.256203441428510481e-01
4.241507839747808428e-01
4.227100825060225997e-01
4.214439826985127424e-01
4.198175268916933822e-01
4.185229603439585833e-01
4.173244003789793877e-01
4.161053118766683268e-01
4.149090245354126738e-01
4.136027914444717068e-01
4.125298251273181727e-01
4.113974440105212516e-01
4.104559791111007661e-01
4.093507689228986779e-01
4.083300891271725019e-01
4.072329404807593090e-01
4.063882488426820427e-01
4.054675856565400638e-01
4.045854414292749945e-01
4.036050726482953710e-01
4.025770699061393398e-01
4.017045654742241734e-01
4.008604796017207761e-01
3.997593167434275729e-01
3.988593015813995390e-01
3.978734520859568691e-01
3.969543384128896291e-01
3.961036858602650645e-01
3.950599326522047927e-01
3.941531241079877512e-01
3.933058071788276266e-01
3.925642790317440123e-01
3.916224184479379922e-01
3.907347941816137205e-01
3.897482024147693180e-01
3.888175879524601863e-01
3.881693134914809828e-01
3.874378944071923403e-01
3.867627502138279993e-01
3.861450013449792551e-01
3.853163609263851597e-01
3.846764844726778265e-01
3.840415653689808750e-01
3.832466796180498680e-01
3.825569430890354838e-01
3.818692002822749454e-01
3.811711908283212380e-01
3.803975522233155049e-01
3.796073703303474711e-01
3.789057741433019544e-01
3.781952900620727531e-01
3.774186238574890884e-01
3.766937320372307219e-01
3.760000152556230435e-01
3.752757948487667194e-01
3.746324639629987074e-01
3.739512243779423706e-01
3.733549419670988412e-01
3.726997356555964980e-01
3.720981162202297576e-01
3.714235672806602828e-01
3.707123971720148736e-01
3.700894320554892203e-01
3.694599170410099442e-01
3.689619494477998085e-01
3.683556785841328729e-01
3.677529925902985886e-01
3.672652712373620232e-01
3.666997332039604318e-01
3.661683388045235410e-01
3.656597383362623632e-01
3.651325796230149856e-01
3.646423871225477620e-01
3.641463098217939676e-01
3.635397261159550308e-01
3.630981203122171652e-01
3.626491586369355313e-01
3.622259427369797224e-01
3.618201598178837908e-01
3.612921222480580674e-01
3.607752814001026764e-01
3.603006661328734261e-01
3.597655381482477432e-01
3.592929637167443513e-01
3.587807503269287435e-01
3.583296671230507546e-01
3.665787808424623706e-01
3.620808701510898620e-01
3.587195066525679654e-01
3.553328418449828163e-01
3.524282600997529213e-01
3.500217812413253249e-01
3.479388246157640863e-01
3.458639064072032698e-01
3.439473570166476923e-01
3.420840302771377961e-01
3.402221539191405131e-01
3.386568239443685235e-01
3.369743727704747616e-01
3.352706958111059121e-01
3.337824339357453041e-01
3.325222439337592317e-01
3.312703457582760747e-01
3.299989641949243047e-01
3.288560449932725338e-01
3.277127907496388270e-01
3.266529087379307361e-01
3.256191414034361742e-01
3.246283676305010690e-01
3.236839645168553270e-01
3.227411802239651406e-01
3.219108323592409504e-01
3.210455274620999111e-01
3.201040893183402236e-01
3.191508886952569846e-01
3.183099289721746938e-01
3.174568720481515394e-01
3.166294850177762688e-01
3.157904637505888346e-01
3.149716633597167692e-01
3.141587343744050020e-01
3.134522474895018451e-01
3.126510540515439196e-01
3.117687785881927964e-01
3.109404039381744034e-01
3.100935850484298206e-01
3.093903746062408033e-01
3.086979579646632055e-01
3.080657826955322531e-01
3.074057146616547276e-01
3.067874612026580960e-01
3.062493327156554646e-01
3.056716570130259547e-01
3.050898463992102183e-01
3.045186243337067444e-01
3.038735439549681283e-01
3.031936690621473418e-01
3.025731428634696463e-01
3.018659427519803651e-01
3.012534798820432069e-01
3.006429163612182043e-01
3.001286607068943124e-01
2.996933979775207035e-01
2.991411779252878822e-01
2.985985788112501260e-01
2.980289371981783564e-01
2.973243507985831591e-01
2.966556189094327611e-01
2.959390629074280521e-01
2.953225176593071155e-01
2.946263126891301432e-01
2.940581609746448777e-01
2.934291311252661405e-01
2.927628228737051419e-01
2.921334313812861683e-01
2.914139763785924542e-01
2.907488746200124208e-01
2.901353049550715602e-01
2.894926193386315183e-01
2.890016913886928607e-01
2.884273710646859668e-01
2.879153932736163157e-01
2.874229193026640594e-01
2.869389561783587950e-01
2.863908395833067999e-01
2.858795552173499233e-01
2.853624331641332890e-01
2.848576482068925775e-01
2.843627022160122308e-01
2.838152986977288128e-01
2.832975465407246984e-01
2.828273706680799471e-01
2.822739135077117489e-01
2.817091030815709329e-01
2.811571726103073154e-01
2.805933260718925237e-01
2.799201149113024201e-01
2.792898478044138488e-01
2.786923220251510958e-01
2.780629969385587930e-01
2.775460175562695087e-01
2.768801522254035752e-01
2.762469696710276867e-01
2.755509556063792109e-01
2.748442234944375451e-01
2.742426689492245551e-01
