9.058602210820080325e-01
8.094188411175472497e-01
7.378573399469483540e-01
6.877620895006505419e-01
6.420759115988963206e-01
6.071727386658494208e-01
5.766807986784343587e-01
5.524147609389572500e-01
5.188357353648139769e-01
4.908175778605915474e-01
4.589621437525016057e-01
4.311481183229805003e-01
4.167616796864282436e-01
4.065381524918134648e-01
3.981835493546401761e-01
3.902829387574399678e-01
3.825003023494619736e-01
3.763911893376271633e-01
3.680804087936569435e-01
3.581377811127423594e-01
3.481544300533535585e-01
3.419945095648951883e-01
3.354160238458787635e-01
3.298847888929412053e-01
3.239265945575373618e-01
3.172378168201749338e-01
3.105267664229161562e-01
3.059943544497510937e-01
3.012265382625015087e-01
2.975722807364472589e-01
2.922535238597396279e-01
2.853078002652144618e-01
2.793678569724195593e-01
2.752035625284485754e-01
2.718877201421716072e-01
2.680429922394811926e-01
2.645203326403594013e-01
2.611977752858853918e-01
2.576023883512191803e-01
2.545808479061846263e-01
2.507405062514136973e-01
2.476373623342680852e-01
2.441209616496411994e-01
2.408173283177451329e-01
2.383838982141052165e-01
2.358801140682580122e-01
2.329714576423855821e-01
2.299191944734117199e-01
2.272084287121518831e-01
2.242979983103368380e-01
2.220254859873886377e-01
2.190479845251002700e-01
2.150804628505749438e-01
2.113916509051577131e-01
2.064712724137292843e-01
2.021315151618311157e-01
1.960260305670334657e-01
1.910146364498570837e-01
1.890245614532307106e-01
1.871699755294941592e-01
1.856842505017038958e-01
1.839364580336429744e-01
1.824526313530519250e-01
1.812394861773103383e-01
1.799909505603944915e-01
1.787486044219348258e-01
1.774902174859326054e-01
1.762956840043771456e-01
1.747354291111197500e-01
1.732696617201505973e-01
1.719281614117228185e-01
1.706879820583197815e-01
1.691665547765511257e-01
1.675671907186387921e-01
1.652643625970028063e-01
1.629859953761927660e-01
1.612340697258881350e-01
1.595478170352924163e-01
1.584447540193342496e-01
1.573086937413018804e-01
1.538098052631393653e-01
1.508862280981294324e-01
1.496316568114552381e-01
1.482575584256138057e-01
1.472201170462134057e-01
1.462819243130066560e-01
1.455904460639957931e-01
1.445104647010190257e-01
1.412183626427881977e-01
1.387180916525613539e-01
1.371992144385724421e-01
1.358940963907533384e-01
1.351470379653412768e-01
1.343463775794264126e-01
1.336786596931502924e-01
1.330360120029038806e-01
1.319417933268969556e-01
1.309389436448918642e-01
1.301467834658278089e-01
1.293009393882802172e-01
1.288633259751328086e-01
1.283300126771901584e-01
1.278414430482606445e-01
1.271397589702460973e-01
1.265065480425100475e-01
1.259645082186988396e-01
1.254742319785378812e-01
1.249527549499606371e-01
1.244868214610859031e-01
1.240781699568125757e-01
1.236249716851000463e-01
1.231703494347183153e-01
1.225284565847656743e-01
1.219244075624274365e-01
1.213499424867738319e-01
1.207355080509995154e-01
1.199015765497919161e-01
1.191450427446561905e-01
1.184402611051635218e-01
1.176773426138358336e-01
1.170867399135233078e-01
1.165318472206842287e-01
1.160581854464276252e-01
1.154067685993571124e-01
1.149000382899202366e-01
1.145369938626040335e-01
1.141402638023010230e-01
1.137722641401674173e-01
1.132839437892506629e-01
1.124521578373172126e-01
1.119377593600893867e-01
1.115308530884196042e-01
1.111576088019558123e-01
1.106382526071756078e-01
1.101520967367281417e-01
1.097823673884643081e-01
1.094055317932438182e-01
1.088929948598514330e-01
1.083114852401140804e-01
1.078014745019865439e-01
1.072680339866586841e-01
1.067123886168313274e-01
1.061455735402632022e-01
1.053966095057001923e-01
1.046078656512745564e-01
1.043514180534357433e-01
1.040790577351280027e-01
1.037596769755351755e-01
1.034180889599699005e-01
1.030839372489035233e-01
1.027863714608378831e-01
1.025264477602104290e-01
1.022571260367309137e-01
1.018632157321027742e-01
1.012192145881910393e-01
1.004112103791204441e-01
9.974609585979105075e-02
9.900674678691949449e-02
9.817929529723944115e-02
9.766536399309953820e-02
9.716776580169264599e-02
9.679458450606616415e-02
9.625025743529434796e-02
9.589056040198024045e-02
9.563533556008251002e-02
9.541752034822172102e-02
9.515953901338024268e-02
9.484789242502371376e-02
9.457956536805954550e-02
9.435963222509712034e-02
9.410423772728024328e-02
9.384916956061063742e-02
9.356729268505907526e-02
9.325291907658464496e-02
9.297409053914708343e-02
9.273754215870724793e-02
9.250307091228010536e-02
9.218547988227811241e-02
9.177471077542743993e-02
9.146731879959939249e-02
9.122451658677642461e-02
9.100217841843395716e-02
9.074721538039677571e-02
9.048680771233270914e-02
9.023198703670171072e-02
8.992430055575435788e-02
8.949985124980416873e-02
8.906859438274083995e-02
8.849467188754774061e-02
8.792752408672971365e-02
8.769145499474703676e-02
8.732544273537284907e-02
8.697507907292081897e-02
8.679232881993632909e-02
8.665073463170343271e-02
8.647908344309906958e-02
8.629973347276657936e-02
8.612040261045536549e-02
8.595869403685706123e-02
8.553777913545179690e-02
8.509076980436738880e-02
8.488525620702767893e-02
8.472503084595228717e-02
8.457907895185609592e-02
8.442435753134293341e-02
8.423962538033172298e-02
8.408733794506474679e-02
8.358264040200501233e-02
8.312455324279970081e-02
8.288334613647671545e-02
8.260079276931804604e-02
8.230001695127660277e-02
8.208894312830880557e-02
8.190165784642867985e-02
8.164120850648737271e-02
8.148457470709247197e-02
8.122975783066661848e-02
8.098714617619956480e-02
8.065209852319774053e-02
8.034137879648313441e-02
7.968165228357874941e-02
7.913116366933091450e-02
7.891134579451254683e-02
7.867340306990641685e-02
7.854605662843520963e-02
7.840411347897395522e-02
7.829179594764126837e-02
7.812851410578323941e-02
7.792286677627410785e-02
7.773528670205070989e-02
7.755049384647258459e-02
7.743420089552978391e-02
7.730163263577312371e-02
7.717080670026366107e-02
7.700195572501364327e-02
7.686400206711796468e-02
7.674608330802200340e-02
7.661298711027725306e-02
7.650275351079308117e-02
7.638343669952472881e-02
7.625355352882375037e-02
7.610788570478181636e-02
7.594985248327047744e-02
7.573321862067260157e-02
7.563014570234317946e-02
7.550329049479059806e-02
7.537324992153586478e-02
7.522700706503217261e-02
7.509321678541591716e-02
7.494820543659848344e-02
7.480860123770724512e-02
7.467565093981320956e-02
7.455827411088478129e-02
7.446553660938572128e-02
7.430581328094286453e-02
7.418181512809733646e-02
7.406085764410770544e-02
7.394659318381310853e-02
7.384454750557430114e-02
7.360923996593052299e-02
7.334628329730843999e-02
7.317156251825754354e-02
7.304626547584212870e-02
7.287829002696624703e-02
7.274409470550169399e-02
7.262464761117852496e-02
7.253205068820936519e-02
7.239741753205175545e-02
7.225929673725911551e-02
7.216586529369101166e-02
7.206511621017175351e-02
7.196430463873025596e-02
7.154633768785738368e-02
7.114642556453359967e-02
7.093434316174497545e-02
7.074579136805067558e-02
6.959478302402608008e-02
6.857438343053058605e-02
6.830000542892182558e-02
6.811480380278710223e-02
6.799303245214420588e-02
6.788798433660933607e-02
6.778505997262500304e-02
6.768408626598824973e-02
6.752574168331199056e-02
6.736095848446101153e-02
6.723271386274275174e-02
6.711738960288271549e-02
6.701951368684611055e-02
6.688837709029633871e-02
6.591251907278700140e-02
6.438557318011081665e-02
6.428058549987213099e-02
6.416606284545453565e-02
6.408142074835461444e-02
6.400809625345926790e-02
6.389251888995761686e-02
6.378828977935249722e-02
6.367985605839994456e-02
6.356006752079160216e-02
6.347437273387518397e-02
6.336048495270595049e-02
6.321327128978680709e-02
6.308532968920718687e-02
6.263995214223645747e-02
6.214868308070566061e-02
6.200399848842742118e-02
6.188737121076375719e-02
6.179053033995780125e-02
6.170839590146545706e-02
6.164212159537989233e-02
6.157656720546909185e-02
6.150723839883016214e-02
6.143497811606122433e-02
6.125029126181780192e-02
6.108345387816450922e-02
6.086018487779315533e-02
6.065563176324950678e-02
6.052713725824060420e-02
6.036926407428894886e-02
6.030982846808786296e-02
6.018698394621162934e-02
6.008361604762016417e-02
5.998904237600655859e-02
5.989908706995494131e-02
5.983596233232970490e-02
5.974028860813862529e-02
5.962194574678528897e-02
5.948032256506967375e-02
5.935595943140720143e-02
5.919277803811287542e-02
5.903244153529917798e-02
5.886719670874852178e-02
5.864451385121909055e-02
5.838940915919121205e-02
5.815486557234173653e-02
5.805533261234503695e-02
5.797298653852924616e-02
5.791244143886367657e-02
5.783140185242768155e-02
5.777045521923604432e-02
5.771391022542621957e-02
5.763464598297246555e-02
5.756917119097218483e-02
5.751524889220781256e-02
5.745675176533841799e-02
5.736062669331444541e-02
5.727238637789505704e-02
5.719597022027039790e-02
5.710930756753794524e-02
5.703299148547693459e-02
5.695349406552534244e-02
5.689508549143906108e-02
5.683631291589640033e-02
5.677315284847964105e-02
5.671666511548475315e-02
5.665840857716108320e-02
5.660117572527512131e-02
5.655492223438476906e-02
5.648395249874486185e-02
5.639009609872384921e-02
5.632629639169108721e-02
5.622905345935688692e-02
5.612813851179754981e-02
5.606165224707953393e-02
5.598328455630161710e-02
5.586305246907571909e-02
5.568147646854423871e-02
5.556264765395953209e-02
5.543609682664391719e-02
5.537824137724017132e-02
5.531811105131335254e-02
5.521506186659446563e-02
5.509796167819334262e-02
5.504706074465464533e-02
5.474820343181063809e-02
5.427461802668000213e-02
5.422053430446027722e-02
5.415999054055589679e-02
5.407608128790059726e-02
5.399137015747414864e-02
5.392002848397528525e-02
5.384210980816153680e-02
5.379294071995675830e-02
5.372856208548085211e-02
5.367122852041977810e-02
5.362730448150845181e-02
5.358664544973461286e-02
5.353148367497432419e-02
5.347681248661206171e-02
5.338232467975010526e-02
5.330598728099308209e-02
5.323643055068314617e-02
5.317167568542809086e-02
5.311200088149585496e-02
5.303309005592291708e-02
5.296243003477652672e-02
5.288986387448196824e-02
5.279255817982539400e-02
5.268273071096944010e-02
5.262490685509403632e-02
5.257722368926033563e-02
5.252856476440367905e-02
5.232211670771560325e-02
5.200327387604269241e-02
5.194890638306606107e-02
5.190884716226083079e-02
5.185770105400404340e-02
5.181487131140959795e-02
5.167595370562141910e-02
5.159812713359163139e-02
5.141758419288457865e-02
5.123006750716798535e-02
5.113669791015267724e-02
5.104608352369710556e-02
5.095767597139691518e-02
5.086701268572896284e-02
5.082322434248993243e-02
5.078274985963880661e-02
5.072848663826640819e-02
5.067920337033378353e-02
5.063906945701540652e-02
5.059654115605681513e-02
5.053548235085394968e-02
5.047570338118238104e-02
5.041210231234445616e-02
5.032947105822854761e-02
5.027898835454476523e-02
5.023042102750556459e-02
5.018259055803193924e-02
5.012592524406878775e-02
5.008078227878749039e-02
5.002696344313552201e-02
4.998957264151081270e-02
4.995318087124177991e-02
4.990591182412977556e-02
4.986851977723207735e-02
4.983342461808842883e-02
4.978551848362395421e-02
4.973799561367386879e-02
4.970860477494708912e-02
4.962419166393444714e-02
4.953466334931718590e-02
4.949665896334437543e-02
4.945253315079379403e-02
4.941566998669857241e-02
4.937900244602944078e-02
4.933247589418880003e-02
4.928790603401201481e-02
4.923956379885092299e-02
4.917999633692240330e-02
4.913317945584495805e-02
4.908254241152678471e-02
4.904985040400011015e-02
4.901539634237612325e-02
4.898297867416829404e-02
4.892873923485164395e-02
4.887244603394732406e-02
4.882102287646221395e-02
4.878147403854121711e-02
4.872639311380624894e-02
4.866588536382476099e-02
4.850050472691989911e-02
4.836015121848553228e-02
4.828116255475816548e-02
4.821007335512957070e-02
4.814970324845197630e-02
4.810124331377559764e-02
4.804420560207165597e-02
4.796967204623616560e-02
4.793408211688750253e-02
4.790713482821840757e-02
4.785074726223408070e-02
4.780707532944409449e-02
4.777702024130391772e-02
4.774030199923967599e-02
4.769809630603961265e-02
4.766965427801753141e-02
4.763251071954321264e-02
4.759380195812219078e-02
4.756671287006800780e-02
4.751484879312489751e-02
4.746187913219719612e-02
4.741947197208985776e-02
4.737670562220942794e-02
4.732788751313276449e-02
4.727336951949522720e-02
4.723383456919698353e-02
4.718686970954877324e-02
4.715088972942949042e-02
4.712081517568486588e-02
4.708820537322202376e-02
4.705301194284670224e-02
4.700591934468235228e-02
4.696643876472477580e-02
4.693042489260335765e-02
4.689016762436480634e-02
4.673355786646883614e-02
4.659011929467749002e-02
4.653767583423942811e-02
