7.287305033731905635e-02
3.265805066488121355e-02
2.083341180144027485e-02
1.558982170900015223e-02
1.228031938108617958e-02
8.925906120806830629e-03
7.320491208767943188e-03
6.261465909711703449e-03
5.407998977730207359e-03
4.871163892965903880e-03
4.624649644043143243e-03
4.148785789133795088e-03
3.790645241959007122e-03
3.473543478155096190e-03
3.214814041069110218e-03
3.078805701059187262e-03
2.820630328991764572e-03
2.629231511266966366e-03
2.389750025312875007e-03
2.222416019252071787e-03
2.166411204535279370e-03
2.055544839160574223e-03
1.924970132193101974e-03
1.841290119721358896e-03
1.755146542098421020e-03
1.677352875445492801e-03
1.586054438922740754e-03
1.494845630821047379e-03
1.418928524169460730e-03
1.360114022219694558e-03
1.329235937122748550e-03
1.277889778191404480e-03
1.223691341961424296e-03
1.175911637319662509e-03
1.130084231824675508e-03
1.101971479635920808e-03
1.059565410156312285e-03
1.021868401488779284e-03
9.826925543146320264e-04
9.535038238509733035e-04
9.392166584854160297e-04
9.129219150779361918e-04
8.825484370717896028e-04
8.572667012206956327e-04
8.292063327349335480e-04
8.179049335981534779e-04
7.896132454364210686e-04
7.647253712987187209e-04
7.396600996052677757e-04
7.208216982802204999e-04
7.030771718643252658e-04
6.854722699287396376e-04
6.682425387630450174e-04
6.528669144711085311e-04
6.348186594119380232e-04
6.230515545893279203e-04
6.115722303941928785e-04
6.001370509435509631e-04
5.897764519385179397e-04
5.791765828702387679e-04
5.691641737773007505e-04
5.612236471515494882e-04
5.521088610876882883e-04
5.428881393334251656e-04
5.333205084293254385e-04
5.265396306816152441e-04
5.177338778691756120e-04
5.094864131923629953e-04
5.021326572670911995e-04
4.958805652563705486e-04
4.884866282530381330e-04
4.808790007991575895e-04
4.750062367884638217e-04
4.694983924380129094e-04
4.649661392991072222e-04
4.583582467478876572e-04
4.521925966065502649e-04
4.473043877516970552e-04
4.428905202806715014e-04
4.382792871782961405e-04
4.333683724624483639e-04
4.287387375028951938e-04
4.249667445142606636e-04
4.207650946060834118e-04
4.168418043308593922e-04
4.124861133067970445e-04
4.084981584364543090e-04
4.042194979387472419e-04
3.994129165914228011e-04
3.956527810117578428e-04
3.921319000075437961e-04
3.881429012804964271e-04
3.851509265097520680e-04
3.820310569821126745e-04
3.793305885152117038e-04
3.757809139955281715e-04
3.715443148614672674e-04
3.673322297579827123e-04
3.636482747372627778e-04
3.592171839041998112e-04
3.259789746588409283e-04
3.097722999556822964e-04
2.961658966062252264e-04
2.861692978791236745e-04
2.767149849873574725e-04
2.693365035250064776e-04
2.604801990621035518e-04
2.534512248404282003e-04
2.475669877037433458e-04
2.415033602390015334e-04
2.363496690609193616e-04
2.306760166357941133e-04
2.259206522041259165e-04
2.218737047206833200e-04
2.174293300341418017e-04
2.138074910971634181e-04
2.097934196301844167e-04
2.056874876763235295e-04
2.021562403411221876e-04
1.982381487574080793e-04
1.948217176831180638e-04
1.916004577958366347e-04
1.882152783375783134e-04
1.846048678119628574e-04
1.815924643150798796e-04
1.787425814708548276e-04
1.754890605306542192e-04
1.727344953026483591e-04
1.703500026875943898e-04
1.680172580437279742e-04
1.663094087390960731e-04
1.646910164136425119e-04
1.631488801944422655e-04
1.613855020226721588e-04
1.597282188266615024e-04
1.584439829100807472e-04
1.569995354803603083e-04
1.556504003298999424e-04
1.541491801713421917e-04
1.525693167052135908e-04
1.515139678488573304e-04
1.505254595575779319e-04
1.493171723243436988e-04
1.479015763142946054e-04
1.465819501451485248e-04
1.453222186221639941e-04
1.442851893200389397e-04
1.427668728707697041e-04
1.414875571959399502e-04
1.402416647528079629e-04
1.391706024510910595e-04
1.381496296185162403e-04
1.367790100978896598e-04
1.354380437347033994e-04
1.340012515020811985e-04
1.327587797712995513e-04
1.313859715674797919e-04
1.299803506084744624e-04
1.285381178246013481e-04
1.273799008087106931e-04
1.265470665311406700e-04
1.258970660127644052e-04
1.251712793287900903e-04
1.244795723052464728e-04
1.238474653870620125e-04
1.231819469335432814e-04
1.225635643615759034e-04
1.219535589274820182e-04
1.212196219125325191e-04
1.204241135572640671e-04
1.197409469252871939e-04
1.192128777182671769e-04
1.186149643787152985e-04
1.179001431419207538e-04
1.172811575021971746e-04
1.165973028488125377e-04
1.159729668241232093e-04
1.152835556613171844e-04
1.144298433077592072e-04
1.136223233268497272e-04
1.127502459777291144e-04
1.119690974826276268e-04
1.111523346429461076e-04
1.102227528056830687e-04
1.092174593325978446e-04
1.084845719437162783e-04
1.075179241990228610e-04
1.064714838115968687e-04
1.053665901824408081e-04
1.042930991393350326e-04
1.033178462626081263e-04
1.025180810096033732e-04
1.018204354020138248e-04
1.012122801862406021e-04
1.005971239015899556e-04
1.000988116782799297e-04
9.959979579696951997e-05
9.916454124762830115e-05
9.873965256252276732e-05
9.822826076473595790e-05
9.702877898497673666e-05
9.470543755871350044e-05
9.316826122460673766e-05
9.152115161394872456e-05
9.009402000512900445e-05
8.889152317366126696e-05
8.783537408289770327e-05
8.690033006029315450e-05
8.607446891834709369e-05
8.530993129068838469e-05
8.467908160579509932e-05
8.402427423079537351e-05
8.342166520222331447e-05
8.289199318828914195e-05
8.230858181154653041e-05
8.180104240889891421e-05
8.133257289492671553e-05
8.086967514679413102e-05
8.040655839799177478e-05
7.998429491202174951e-05
7.950378509529610748e-05
7.904963463801909299e-05
7.864076055004869971e-05
7.825941102231741568e-05
7.792816461563414269e-05
7.758482247543132941e-05
7.723670338172020902e-05
7.686133175422243621e-05
7.649595649739953274e-05
7.609290566474358794e-05
7.559405676839232283e-05
7.522179178531044317e-05
7.482743635443329282e-05
7.453171262067738792e-05
7.418683328682033440e-05
7.379836469567546057e-05
7.343463222621331903e-05
7.313404848279816094e-05
7.280618195413289322e-05
7.245620203635175867e-05
7.217035283940097517e-05
7.185289745652257906e-05
7.157260664198653467e-05
7.128345875267391187e-05
7.097510764211942443e-05
7.068231526789848303e-05
7.037954297820983715e-05
7.007662475233029801e-05
6.978558024665546238e-05
6.948616128362505103e-05
6.918626197038587960e-05
6.887847445424259056e-05
6.854898265077332754e-05
6.825083766203215096e-05
6.792232582445303457e-05
6.762865499403430839e-05
6.732471003998344154e-05
6.711219713979162344e-05
6.687347145396017607e-05
6.656632607835909698e-05
6.625887345769647190e-05
6.595310656053728711e-05
6.565042519137129814e-05
6.531548988911402341e-05
6.504633433033232652e-05
6.478044504586497445e-05
6.454592212957114660e-05
6.431509439777121262e-05
6.410193093025665740e-05
6.384430232177561268e-05
6.362471823559288009e-05
6.336702995012491826e-05
6.317729948272344609e-05
6.290692260764533519e-05
6.264519668572247175e-05
6.241318863493087728e-05
6.216296505628690996e-05
6.188693703118221679e-05
6.164522064230508252e-05
6.138715132640514232e-05
6.108495660985490110e-05
6.086566865481999721e-05
6.061253192039940489e-05
6.038122491872766870e-05
6.012894915462129082e-05
5.986934775822222861e-05
5.960601242039302713e-05
5.940213829706852446e-05
5.918228842443981207e-05
5.893837970042191236e-05
5.870694992405771823e-05
5.847642480710570507e-05
5.825636957898799753e-05
5.803412563550020649e-05
5.781186897039828195e-05
5.761048575585933629e-05
5.737212136695585865e-05
5.714496059719129578e-05
5.694095103110946874e-05
5.670075567440179947e-05
5.845146424921196277e-05
5.712989621634207999e-05
5.637409566845100472e-05
5.581348793835995962e-05
5.535409159170843937e-05
5.491799220365615303e-05
5.451083151374007662e-05
5.417214291499465356e-05
5.385834063045255365e-05
5.360122918713990559e-05
5.331081007476870135e-05
5.309098425398663747e-05
5.284039626244656424e-05
5.260131319349088327e-05
5.233503242642778048e-05
5.210749360189460188e-05
5.191163400311178813e-05
5.170659366489904887e-05
5.153665017757992948e-05
5.138402425960680305e-05
5.124002391252367830e-05
5.108146980833843303e-05
5.093371143928040052e-05
5.075218436787427075e-05
5.059938241110092168e-05
5.044604868306391203e-05
5.030787754475150349e-05
5.017859144093665116e-05
5.003167470071893534e-05
4.989633317929175084e-05
4.975884551379025525e-05
4.963333353819358255e-05
4.947277445668339776e-05
4.934929046727663983e-05
4.922151718802991944e-05
4.910113666829366241e-05
4.896768396457550836e-05
4.885063931432483586e-05
4.872382471623974546e-05
4.860942506003588354e-05
4.851789893763757436e-05
4.841601341847265078e-05
4.829421092458906933e-05
4.818827912404508501e-05
4.808575443142243567e-05
4.798602347994317319e-05
4.789946800091544291e-05
4.779461471391230370e-05
4.769513011304942054e-05
4.758430972040641652e-05
4.750207496617445623e-05
4.740101037747728835e-05
4.732222117527509439e-05
4.723596780869208505e-05
4.715600985912927410e-05
4.707414339775085768e-05
4.696745085584988640e-05
4.686711135030250389e-05
4.674950782897054161e-05
4.663999560991039049e-05
4.654163872015072435e-05
4.640769638094446414e-05
4.629611989026141341e-05
4.617438370721635242e-05
4.608342423706458509e-05
4.598163455345830730e-05
4.588148098045285712e-05
4.577521409404310696e-05
4.564661485949636889e-05
4.552999832957772863e-05
4.542193236696029428e-05
4.531945932564856560e-05
4.522081078503161931e-05
4.514254768528625167e-05
4.505709116525159606e-05
4.496910108840860193e-05
4.486400146349973434e-05
4.475162577672628052e-05
4.463079554215996451e-05
4.451569133878049706e-05
4.437514316534762012e-05
4.424224210733839651e-05
4.413975784359717443e-05
4.404289884274729185e-05
4.395463531022888320e-05
4.385679172819558543e-05
4.375298945293922958e-05
4.360535457396558663e-05
4.349243918794189011e-05
4.337976711214426605e-05
4.326016646996407749e-05
4.313216301034565934e-05
4.300098887368097406e-05
4.289718248603858157e-05
4.281576811929045878e-05
4.275297198064486909e-05
4.267229001875412329e-05
4.258926263203057259e-05
4.249959797366435993e-05
4.243143586754372548e-05
4.557392280626431741e-05
4.437713996394832802e-05
4.374745422828627044e-05
4.334276552295108625e-05
4.304110408901615058e-05
4.282546036668600668e-05
4.259277540688351953e-05
4.240077540025293120e-05
4.222828107867556931e-05
4.206208892289934936e-05
4.190729111915958514e-05
4.176910253948568405e-05
4.165092725126589836e-05
4.153841322303329311e-05
4.142326486202956579e-05
4.131853999908570956e-05
4.123078847783131503e-05
4.114883653007086697e-05
4.104762992959461995e-05
4.095063026128343598e-05
4.085915915150542689e-05
4.077656032928668315e-05
4.068778488977701130e-05
4.060721082200281242e-05
4.053819565486345585e-05
4.047031113133777228e-05
4.039226333269107713e-05
4.031490129955884501e-05
4.025109003698782567e-05
4.017833280858451112e-05
4.010576025396426434e-05
4.004754830099484882e-05
3.998843838750398236e-05
3.993532960048501711e-05
3.987768483569092092e-05
3.981798916148721816e-05
3.975076655373214893e-05
3.967658653778235046e-05
3.961351106231275756e-05
3.955098071919134185e-05
3.948651171099088961e-05
3.942982995602918670e-05
3.936808838424235503e-05
3.930650758572821579e-05
3.925229896428207837e-05
3.918135865037274991e-05
3.911514529063770979e-05
3.905721456275828283e-05
3.898983695653054546e-05
3.893319494309229628e-05
3.886187009050396540e-05
3.880643620877791426e-05
3.874486065067886474e-05
3.867821824365412405e-05
3.860792719461424995e-05
3.854128824480766361e-05
3.848007834402179887e-05
3.841505875908486173e-05
3.835110249512820155e-05
3.829482212166393469e-05
3.823042160879421404e-05
3.815228101865196904e-05
3.806431851905646055e-05
3.798938151502292070e-05
3.791033271446282737e-05
3.782913156503610742e-05
3.775240458770322478e-05
3.768381530032927470e-05
3.761905353440338478e-05
3.755154304134385992e-05
3.745839756643861167e-05
3.737213332977185211e-05
3.728703495388903036e-05
3.719763294514617482e-05
3.711925402713708876e-05
3.704302847162100021e-05
3.696234971887983460e-05
3.687324841043957503e-05
3.677830174484890093e-05
3.667495089753800529e-05
3.657948522688603179e-05
3.650009312275761251e-05
3.643232669408064155e-05
3.635551607652922848e-05
3.628678423622442689e-05
3.620490624364744095e-05
3.613724988171421415e-05
3.605181632965939184e-05
3.594682333665032674e-05
3.587573423690900901e-05
3.579009581633640658e-05
3.570766894309148042e-05
3.562599750095103902e-05
3.555623499794648644e-05
3.547945423073661873e-05
3.538845514180336997e-05
3.528689194798025151e-05
3.519082720235187066e-05
3.509744022080479587e-05
3.499163350249781936e-05
