5.294179196151963529e-01
3.129224818254319751e-01
2.297022226411457035e-01
1.878938331171617349e-01
1.586232623550314080e-01
1.442137690856858390e-01
1.261355792807236087e-01
1.106320507917147589e-01
9.882832295375874876e-02
8.996485837486761783e-02
8.500237449823511149e-02
7.821772293490064643e-02
7.332454853693994024e-02
6.882406970550673797e-02
6.511664226664455601e-02
6.274530989667825853e-02
5.932716647230868584e-02
5.639180997653218258e-02
5.386945513745496072e-02
5.184720341125267917e-02
5.100917979306876515e-02
4.909833828552211815e-02
4.746963531196054381e-02
4.586493801293788780e-02
4.442445768576955972e-02
4.389335707286717153e-02
4.255604827950371094e-02
4.146999746148623961e-02
4.031436334950821987e-02
3.931460671152040703e-02
3.946664215452473645e-02
3.831770742801172969e-02
3.729650861621654906e-02
3.640096714691748447e-02
3.550845359346387758e-02
3.541869650628864247e-02
3.427814486003544214e-02
3.355792267574679577e-02
3.277156627484403839e-02
3.205320899878319474e-02
3.198815262889134758e-02
3.109632848720350271e-02
3.041185018313472335e-02
2.975154784826480533e-02
2.898356967383694527e-02
2.912694122440135161e-02
2.835327459397991856e-02
2.777553082552809346e-02
2.719435838780370415e-02
2.656301155570510789e-02
2.600526140164795622e-02
2.549410639824357602e-02
2.506817378816287786e-02
2.457762084205965258e-02
2.412614972476636796e-02
2.374581295333977674e-02
2.339285328874401645e-02
2.297939322875157397e-02
2.256542083947565142e-02
2.220834524516775849e-02
2.191225979039311891e-02
2.162840991822994122e-02
2.135088980541067008e-02
2.110051608784137625e-02
2.084091132956490677e-02
2.055815971899925890e-02
2.030756422661469246e-02
2.007982562080023320e-02
1.981429947913088477e-02
1.958750074332300806e-02
1.937701624438384687e-02
1.917458245869416850e-02
1.898248935434433682e-02
1.874740642133856938e-02
1.851331329482110849e-02
1.828973611434996441e-02
1.802933049344045829e-02
1.779536503601614542e-02
1.757286732800064991e-02
1.734326247009352132e-02
1.715154287239817679e-02
1.697781127912960028e-02
1.677953047349154195e-02
1.662434349036605655e-02
1.644601512161109752e-02
1.629233466368565711e-02
1.614043970023395363e-02
1.600350465461851043e-02
1.585565893389330114e-02
1.570798794316647165e-02
1.557814448510433901e-02
1.544522694489695175e-02
1.534638187512244942e-02
1.522406384877545045e-02
1.512039090963610347e-02
1.499066476891516148e-02
1.487804859642494551e-02
1.475404449896919323e-02
1.464113471693623270e-02
1.453396143586146647e-02
1.326114648722100976e-02
1.263758936905630924e-02
1.216599760699315844e-02
1.181175676959674535e-02
1.152246619127382521e-02
1.123945099136303832e-02
1.099786024851800818e-02
1.078783657225187813e-02
1.058967673592303010e-02
1.041667967744422385e-02
1.026017946899347895e-02
1.009378817508965222e-02
9.964469544376623744e-03
9.838208677195496923e-03
9.726352316009483079e-03
9.628100707414767936e-03
9.521043507132816511e-03
9.415306378154721101e-03
9.321260087436710265e-03
9.212887474422209316e-03
9.128477450137712987e-03
9.022156636287213816e-03
8.940022331688311091e-03
8.858221110658256320e-03
8.778797319885069464e-03
8.715941362553287358e-03
8.637926132205842392e-03
8.559043135012349077e-03
8.470292763057451352e-03
8.404727012251990079e-03
8.357790650851444278e-03
8.294158261891644915e-03
8.231217074039280657e-03
8.162922874799218714e-03
8.102527683437197453e-03
8.067644889991799559e-03
8.016976818355362952e-03
7.968235120880946473e-03
7.917649741935766858e-03
7.861899124175926803e-03
7.819025229177675382e-03
7.759736381514295567e-03
7.702827006321914978e-03
7.647622993434232200e-03
7.594634862293662969e-03
7.581421834612358905e-03
7.530446326757046435e-03
7.479221251696038450e-03
7.423183183397396093e-03
7.374494019562131963e-03
7.321344900913938532e-03
7.276803176215098160e-03
7.231116680243863080e-03
7.187438904646785420e-03
7.141609749688767814e-03
7.099842325264313185e-03
7.054164319023098657e-03
7.011717239108867898e-03
6.966078625641620656e-03
6.914800101738107982e-03
6.868737403032447453e-03
6.822503106014319446e-03
6.781091333606320895e-03
6.739221665812691539e-03
6.698901102348404218e-03
6.657134155679025542e-03
6.615625996809290470e-03
6.574711742801294875e-03
6.534461789269645389e-03
6.499220264792003425e-03
6.462103995787021708e-03
6.429667877303851115e-03
6.396267722081315499e-03
6.365353602277096061e-03
6.327901701942618105e-03
6.292564313607891882e-03
6.255503672559680622e-03
6.224784156851833304e-03
6.193057866696733554e-03
6.164330710546606779e-03
6.137864648455160048e-03
6.115595731115821242e-03
6.090501839940882373e-03
6.066077175307159862e-03
6.042265226786481744e-03
6.018421112731876278e-03
5.997578546632967127e-03
5.974734685497389529e-03
5.950790414891968944e-03
5.929392625013930711e-03
5.907164894175417208e-03
5.884533813776834064e-03
5.863212099852265803e-03
5.842604063824116505e-03
5.818876018081835244e-03
5.795540619097389740e-03
5.770733237199765150e-03
5.747274084809073091e-03
5.727973042246015632e-03
5.711773685454297339e-03
5.728120540544022476e-03
5.609887711869007351e-03
5.536129077195708036e-03
5.475010576996880603e-03
5.426240914757839498e-03
5.382253813637507232e-03
5.350384575518925614e-03
5.318319592723032285e-03
5.289108346643529683e-03
5.260942196823629666e-03
5.231540531320110973e-03
5.204060643954835572e-03
5.178801697192247748e-03
5.156924035106199428e-03
5.134681751500524451e-03
5.113986404697225437e-03
5.096203630173577921e-03
5.077118374584195515e-03
5.055897573957824145e-03
5.036098569143623860e-03
5.018253387411677688e-03
5.002447133274975401e-03
4.985455461581745663e-03
4.969967567552279093e-03
4.955349913421670284e-03
4.940988603377325858e-03
4.924923097373129846e-03
4.906544106237338901e-03
4.889881353309194836e-03
4.875992460023653718e-03
4.863900295980165718e-03
4.850601447521385792e-03
4.837531813329813170e-03
4.823277795805854321e-03
4.806532075151426393e-03
4.791285282344201132e-03
4.775283421656338276e-03
4.761632001592297492e-03
4.747651949562431591e-03
4.734270321788067171e-03
4.720065177439148295e-03
4.703608717165179420e-03
4.688107122017397439e-03
4.670569412592915845e-03
4.653366481806931951e-03
4.639050381191974284e-03
4.624131040318110904e-03
4.609142440884990942e-03
4.590598072408499757e-03
4.574196778232860958e-03
4.559470118160900698e-03
4.544199432788774938e-03
4.529422626974648376e-03
4.514209582022450130e-03
4.500426621007179787e-03
4.484453223035282307e-03
4.470293565278059787e-03
4.456401256582840503e-03
4.441289171294368621e-03
4.425682096825978885e-03
4.412148777045601759e-03
4.398012450197806740e-03
4.383162924932238781e-03
4.368872974561781308e-03
4.354711192493066450e-03
4.337814974467585349e-03
4.319249882662475927e-03
4.303873681553115754e-03
4.288754454277749623e-03
4.276171255396464879e-03
4.261959427630593322e-03
4.247941210406633826e-03
4.233115169044403443e-03
4.219972375065466318e-03
4.206431821286604755e-03
4.196242764377057510e-03
4.186064298255744512e-03
4.175672528650330173e-03
4.165222382531117568e-03
4.155552046672719366e-03
4.145568301403136473e-03
4.132697676259984923e-03
4.119303235126773460e-03
4.107627017869474977e-03
4.096063766134175679e-03
4.084466390933518334e-03
4.074425235682921538e-03
4.064927379989015377e-03
4.055059112584101511e-03
4.043472911383353546e-03
4.030916935094852951e-03
4.017896433858883683e-03
4.004625542533707568e-03
3.992764439716562849e-03
3.978382155957672917e-03
3.965526492918685503e-03
3.952315566010992931e-03
3.940077347927384982e-03
3.926205448648215253e-03
3.914272101400069655e-03
3.955001929531176512e-03
3.906340122613328678e-03
3.875296003518276678e-03
3.852402934700513166e-03
3.832184852298903960e-03
3.814934444461805328e-03
3.801171610562040053e-03
3.788166483483715232e-03
3.775322282028610761e-03
3.762820644162502906e-03
3.750906709998164459e-03
3.741708624308494498e-03
3.732776708124679269e-03
3.724575620291551131e-03
3.716827643801394812e-03
3.709677467269978119e-03
3.702058317745178951e-03
3.694181358415657770e-03
3.687491740671555111e-03
3.680952282923582487e-03
3.674208368568545897e-03
3.667399602610099413e-03
3.661394349609257449e-03
3.654132833013210100e-03
3.647105178285869453e-03
3.641124817341738918e-03
3.635201648026675520e-03
3.629717034123674992e-03
3.623882148602878845e-03
3.617554632472698602e-03
3.611638908184938625e-03
3.606028948793887912e-03
3.599664856472373307e-03
3.592793746217611082e-03
3.585548422380184248e-03
3.579028387089635242e-03
3.572982096575611378e-03
3.565872576619489448e-03
3.559608441904667069e-03
3.552863751275415864e-03
3.545773427512570377e-03
3.538573846927874772e-03
3.530753804562246443e-03
3.524124376820296761e-03
3.516820793581702017e-03
3.510566120071215244e-03
3.503409252798325539e-03
3.494847845242973847e-03
3.487399655142886957e-03
3.479429798674130766e-03
3.472497376131153737e-03
3.465103232851738518e-03
3.458302376779532825e-03
3.450873264723755204e-03
3.443222343601358860e-03
3.434965141417866026e-03
3.426846242061689155e-03
3.419684782776346438e-03
3.412472922218426352e-03
3.404389389890849927e-03
3.394847728457103982e-03
3.385324651551513582e-03
3.376797016559743552e-03
3.367592904871114217e-03
3.359853312934520195e-03
3.352556464810333911e-03
3.345936852515985632e-03
3.338742837115346671e-03
3.331023031907786973e-03
3.324261267560599774e-03
3.317009761353755318e-03
3.309239675141994672e-03
3.301605670949036338e-03
3.292791327478739646e-03
3.283901091578301460e-03
3.277400614431622526e-03
3.269654493555065183e-03
3.261442867114255646e-03
3.253507150241411426e-03
3.244704130699255402e-03
3.236832448078597480e-03
3.228823519475712903e-03
3.220304236702083069e-03
3.213992127317133116e-03
3.207509107007810913e-03
3.201342520373576511e-03
3.194310381565626435e-03
3.187307139130004727e-03
3.180186429511409722e-03
3.173475964642509355e-03
3.167320692534960746e-03
3.161465679006211955e-03
3.156072956691654500e-03
3.151021824189649198e-03
3.145701864699732269e-03
3.139324824100995972e-03
3.133374156393024367e-03
3.126364534062354202e-03
3.118364815558626480e-03
3.110902368216190636e-03
3.145088949932062141e-03
3.113434714015108316e-03
3.093070596761734060e-03
3.077862853065071059e-03
3.064293293396485544e-03
3.052702998294414601e-03
3.044207425196445056e-03
3.036958430358010705e-03
3.029794465023563210e-03
3.023622765585011734e-03
3.017748527681901431e-03
3.012505661078455389e-03
3.007914144641605971e-03
3.003141922741819989e-03
2.998971760249365646e-03
2.994698408959909405e-03
2.990536331903276366e-03
2.986777502482423213e-03
2.982746933199565027e-03
2.978641278187622865e-03
2.975181417494943917e-03
2.971202620590325267e-03
2.966993201162028675e-03
2.962264541978306895e-03
2.958028572160432013e-03
2.954330070147556837e-03
2.950943938914924684e-03
2.946445346210586902e-03
2.942892304268078518e-03
2.938918562228423972e-03
2.935390952548317094e-03
2.931356166765982513e-03
2.927397203266984393e-03
2.924120793526836792e-03
2.920205505193841124e-03
2.916322785638819463e-03
2.912581571789296490e-03
2.908760487322997745e-03
2.904954069622021212e-03
2.901500560387463429e-03
2.898177537136600434e-03
2.894893899970267092e-03
2.891140059079651704e-03
2.887834402134499892e-03
2.884055324393000261e-03
2.880357967107688693e-03
2.876715951912910216e-03
2.873148231458849330e-03
2.869659238891689515e-03
2.865381371201398790e-03
2.861375334968398274e-03
2.856989657693455135e-03
2.853041592341453835e-03
2.848420811110320781e-03
2.843928464810835128e-03
2.839635642720802437e-03
2.834881734092413192e-03
2.829981568759615002e-03
2.825474769134337077e-03
2.820876620646681990e-03
2.816139907611649954e-03
2.811852606412625945e-03
2.807565877893893145e-03
2.803329839432757049e-03
2.798469854858049409e-03
2.793544856568359446e-03
2.789018993086539531e-03
2.783961417681569614e-03
2.779318965617867156e-03
2.774676306304488943e-03
2.769794856694018578e-03
2.764681958504097009e-03
2.759655381949327815e-03
2.754791805259113220e-03
2.749965719113406024e-03
2.744498618611215801e-03
2.739314604558703518e-03
2.734594136476461990e-03
2.729304679161173152e-03
2.725183155782996691e-03
2.720442380947091579e-03
2.714798480187032102e-03
2.709299759815523082e-03
2.703891036822423950e-03
2.698733112887119825e-03
2.693683128073125991e-03
2.688692866101298224e-03
2.682702895140930913e-03
2.677206783390269872e-03
2.671999672765807462e-03
2.666598711926169984e-03
2.661608659286893511e-03
2.656349092669559649e-03
2.651868072781629615e-03
2.646433204832511314e-03
2.641045377511616870e-03
2.635675999572043710e-03
2.630691101631104679e-03
2.625626278969171810e-03
2.621100545820305092e-03
