6.265171737428534726e+00
5.117017869461458091e+00
4.992458438892953154e+00
4.964845784534018591e+00
4.954297701735537629e+00
4.946669954055738394e+00
4.944214739706497497e+00
4.940830722565069166e+00
4.934820871153247523e+00
4.912692586090102509e+00
4.894972080428083849e+00
4.864712325121457681e+00
4.799663132037162327e+00
4.706242372845013122e+00
4.611463303726810459e+00
4.461577806684558389e+00
4.233532455858541432e+00
3.975917638420360056e+00
3.679307697438564340e+00
3.267924372789278387e+00
2.952443278304055507e+00
2.626061632882979779e+00
2.344687875594101634e+00
2.061728092880557917e+00
1.806698485470344950e+00
1.617263055413329820e+00
1.460562170202413856e+00
1.319045118793481297e+00
1.192187037445463726e+00
1.094770445320071506e+00
1.000083492530994267e+00
9.222159510610749011e-01
8.612072525396209377e-01
8.038468303260898340e-01
7.629254647427325953e-01
7.206168088926284687e-01
6.889929577996796173e-01
6.552298860233407574e-01
6.335245935675316575e-01
6.038952447160754744e-01
5.759786236783730473e-01
5.571496044557167071e-01
5.354877084432055900e-01
5.155792249733450738e-01
5.001835314361581242e-01
4.884201944999736478e-01
4.795945307370436672e-01
4.685513244343427752e-01
4.602410343741097365e-01
4.519117305127237083e-01
4.447211577989677034e-01
4.369174838811881179e-01
4.266806670273691759e-01
4.213730858894569886e-01
4.128341479671165937e-01
4.065252042089232964e-01
3.997876887714023608e-01
3.911051194049324220e-01
3.861213689756589629e-01
3.795301779221719185e-01
3.740114539895783574e-01
3.683562295142572829e-01
3.616209200737765528e-01
3.579251002140333426e-01
3.549981582061526586e-01
3.493247436146822427e-01
3.463009728755013228e-01
3.413352156278645078e-01
3.377656496765431005e-01
3.335876601411366660e-01
3.298934343165105254e-01
3.268949230117266236e-01
3.246220317760524221e-01
3.233268098353678788e-01
3.203380762272123872e-01
3.179283562333726776e-01
3.148001762226871891e-01
3.133924155587300420e-01
3.128098407486095689e-01
3.116032335336909043e-01
3.083959794526650589e-01
3.058856418661118903e-01
3.030540800945398239e-01
3.000650668327679571e-01
2.972129819588256172e-01
2.952282211528170497e-01
2.923952418818867582e-01
2.902437484948530155e-01
2.881308666955177955e-01
2.857541183620684877e-01
2.837810866987869884e-01
2.831116746120974081e-01
2.811848169690969179e-01
2.797564771761363867e-01
2.793721105005726457e-01
2.782222400501244142e-01
2.762176087952279424e-01
2.744442231699573131e-01
2.739644470734186044e-01
2.719673368475479247e-01
2.701504344953618020e-01
2.686388911797222279e-01
2.670602911988628758e-01
2.659455493791432201e-01
2.650176819441609766e-01
2.643964988704375907e-01
2.631337195857772482e-01
2.616290395528939605e-01
2.602239206411408601e-01
2.593329498828310653e-01
2.595256451443636037e-01
2.580617131465188230e-01
2.586391217563946410e-01
2.575880106408863224e-01
2.576417902427848849e-01
2.569167711733572612e-01
2.567936837177345888e-01
2.560963830109409534e-01
2.557906243910034738e-01
2.567812082070167756e-01
2.566577407909363950e-01
2.569496979964106531e-01
2.554611366992342036e-01
2.547940345896783643e-01
2.535359189915882272e-01
2.520736577558336799e-01
2.523574844426129671e-01
2.525753742544500913e-01
2.523588964012168367e-01
2.509201447100152249e-01
2.507017508088604796e-01
2.494610124331106404e-01
2.486745434286991019e-01
2.486974330922328558e-01
2.491763485168471126e-01
2.491482835286500386e-01
2.489023761028731907e-01
2.477289675969129579e-01
2.478571688614431279e-01
2.477183246610795975e-01
2.479965370791126777e-01
2.474115766658629978e-01
2.470164636893532328e-01
2.473887426418600044e-01
2.464606683984551516e-01
2.456923099649776232e-01
2.453242536382922723e-01
2.443181104357453060e-01
2.447168483029379948e-01
2.434980104066352402e-01
2.434362269217464070e-01
2.430780879037743869e-01
2.427483708470048462e-01
2.416462437634815108e-01
2.413835197262791110e-01
2.417035314670176460e-01
2.419494183720690417e-01
2.416606516747488165e-01
2.410625627900930268e-01
2.414747180769127866e-01
2.411940376936015928e-01
2.415007889533258845e-01
2.413874582607287711e-01
2.417745912288255250e-01
2.413100123782328521e-01
2.412333655453446912e-01
2.411742583714302224e-01
2.407381805763332550e-01
2.397663241639770293e-01
2.392873789986653121e-01
2.388077396953234843e-01
2.395689451221537092e-01
2.398678898878390531e-01
2.396478625413945851e-01
2.396552748540523026e-01
2.398264901332141097e-01
2.396956432586524466e-01
2.390101697958815774e-01
2.392088698829989701e-01
2.397585288139678916e-01
2.400128353289067429e-01
2.394575924025681979e-01
2.392235363801306358e-01
2.390641874776494591e-01
2.394253403654837686e-01
2.392726723577524306e-01
2.385734181949427657e-01
2.379479591173377373e-01
2.379401537520590415e-01
2.387622292946689206e-01
2.390256040750826372e-01
2.388793126517663179e-01
2.386224846150205026e-01
2.379943264748657916e-01
2.389932274611684115e-01
2.391209598152683746e-01
2.393185318451597765e-01
2.392929397255688095e-01
2.395564247530969082e-01
2.395930578947965128e-01
