4.453907562086182992e+00
4.281572791305050529e+00
4.170278761178018101e+00
4.134742738471391732e+00
3.984141334390288947e+00
3.792307937639277426e+00
3.494490400672424890e+00
2.303708588933548018e+00
1.499121753759151243e+00
6.556771844139668293e-01
4.487176844572010603e-01
3.628637831249550416e-01
4.813739787325433950e-01
4.859945569932277998e-01
3.765693296006036306e-01
3.658397260306928134e-01
2.797320276840592479e-01
1.680718691030828882e-01
1.165825110075199844e-01
1.006582200789361975e-01
1.102532782853611337e-01
1.247453617656102964e-01
1.262329907275985263e-01
1.261020739540188174e-01
1.165813959090808982e-01
1.265536307085934342e-01
1.346359766953908188e-01
1.297720848787313752e-01
1.191694510589227513e-01
9.494058198346311261e-02
9.308085245597129409e-02
8.967218504804785884e-02
8.318847907160675792e-02
7.809682132734997728e-02
7.639229526332776132e-02
7.830994128975270197e-02
7.831483658741388021e-02
7.355704191595444086e-02
7.117210368984466795e-02
6.396798589794408518e-02
6.300461250623433374e-02
6.076936882679601082e-02
5.916563036028239103e-02
6.037990730138069473e-02
6.198807326936794232e-02
5.854890794155180600e-02
5.108728202881650249e-02
3.600091881409904493e-02
3.223965403438355110e-02
3.295069255889326171e-02
3.450376463541490746e-02
3.472659214594078086e-02
2.702916854914199501e-02
2.531007280952514427e-02
2.484647077530276194e-02
2.481551517829126696e-02
2.351826138287881757e-02
2.173536775959946515e-02
2.226036599367214180e-02
2.338254744248691175e-02
2.345146618653793508e-02
2.259107910776906453e-02
2.213590110247251608e-02
2.246811693730432075e-02
2.234741746653147454e-02
2.272272019022377604e-02
2.307493228046839095e-02
2.335531137702710758e-02
2.368665940276323129e-02
2.329016442700436451e-02
2.269337901874890484e-02
2.277047825982005461e-02
2.315021038851085983e-02
2.337954269608837760e-02
2.349877098314314544e-02
2.300649638946529810e-02
2.300908026227921344e-02
2.277277396183358463e-02
2.283353024603529402e-02
2.310902758357634423e-02
2.356923355806616466e-02
2.370036642511082550e-02
2.346782421960356274e-02
2.324260163208435870e-02
2.317099664851857838e-02
2.309328770887649623e-02
2.292323279101199374e-02
2.323580699804433242e-02
2.325483825644349828e-02
2.288885328756817134e-02
2.247519921184149005e-02
2.227788571963856823e-02
2.226360801034548559e-02
2.273001787135436880e-02
2.288653375311337085e-02
2.281887538151160244e-02
2.243206130060779874e-02
2.255930563582927983e-02
2.263821735719047379e-02
2.247190678750123072e-02
2.278696638214913750e-02
2.297568646731798503e-02
2.315867593796164248e-02
2.295869791957180078e-02
2.265477184565038368e-02
2.258409698917653030e-02
2.275343587865357939e-02
2.275087698105476841e-02
2.281527597319098905e-02
2.287401157626908418e-02
2.272890128725194719e-02
2.213455018110815908e-02
2.202665314892793269e-02
2.225725606493701020e-02
2.220570482479534286e-02
2.165417188305720358e-02
2.157448343783172767e-02
2.155751438035018869e-02
2.118581249339202000e-02
2.106189134200904534e-02
2.109864058353525668e-02
2.099280787725950337e-02
2.087343676309412130e-02
2.080458795661666027e-02
2.062407309382035744e-02
2.069636946567752697e-02
2.065124432983605346e-02
2.049971742204037550e-02
2.048076793770845644e-02
2.049375334596805626e-02
2.063371676136489113e-02
2.064757977148214477e-02
2.047900207777070963e-02
2.047300163008905494e-02
2.050093418931051709e-02
2.042840908020933030e-02
2.035860056752654759e-02
2.040387231676418778e-02
2.045686251758251778e-02
2.046013227887592129e-02
2.036728153765358929e-02
2.034599585398464555e-02
2.042027415881020672e-02
2.044068267042499498e-02
2.037981387035907657e-02
2.015746810885180387e-02
2.018905047425192251e-02
2.026139784300218585e-02
2.033486886890722642e-02
2.028538447769161548e-02
2.024966524942509866e-02
2.004974285817111290e-02
2.010307564418822857e-02
2.023555353455865069e-02
2.029451276589323144e-02
2.026127726993148456e-02
2.012006885110071558e-02
2.010899732313436647e-02
2.022725783848443315e-02
2.023730772710675280e-02
2.023443772426007647e-02
2.023164078975924624e-02
2.028351459169086893e-02
2.031553023268960548e-02
2.022676286449305583e-02
2.016281002641310410e-02
2.001671968616487024e-02
1.999571048990580330e-02
2.002045704847530902e-02
2.013909617540957098e-02
2.007475051340246522e-02
2.013063594409437301e-02
2.014488374179555091e-02
2.004312243380042269e-02
1.992694250183149607e-02
1.984681476693075930e-02
1.984722565698038982e-02
1.988250655426066632e-02
1.995071163252642304e-02
2.002528767940210674e-02
2.002760552324061791e-02
2.000084845456726046e-02
1.994344820321099221e-02
1.990181861977022987e-02
2.005637651467127858e-02
2.013216374087367991e-02
2.015524951316773061e-02
2.003832412107275224e-02
2.004534490299052230e-02
1.999404620828272236e-02
1.985047513548929971e-02
1.949380422650729902e-02
1.973077941640517113e-02
1.973849271634124311e-02
1.977132772659453974e-02
1.976347196757605174e-02
1.973840738468084915e-02
1.975692040659608045e-02
1.993808895958002619e-02
1.982137377801947153e-02
1.949566930752141825e-02
1.949833894870559026e-02
1.954597162069356825e-02
1.948178462672148226e-02
1.945193053103934366e-02
1.949336530996776534e-02
1.942076696858702212e-02
1.935104763523377500e-02
1.934806733995302064e-02
1.929253730227577235e-02
1.932032037851262596e-02
1.946309673541577259e-02
1.947454138360518033e-02
1.953144545998591192e-02
1.953717320068783236e-02
1.956282483580972995e-02
1.959393661440459594e-02
1.959613538876268241e-02
1.948917454001529437e-02
1.942085918684602341e-02
1.942498617395486959e-02
1.950385039661218026e-02
1.951450722391330841e-02
1.940643071983619294e-02
1.949173625156691916e-02
1.955676340223363660e-02
1.949990963534239258e-02
1.959223882521510252e-02
1.943134435526665954e-02
1.948449785283782459e-02
1.958291268578019745e-02
1.953449357384219945e-02
1.944187563240438316e-02
1.950809616519357664e-02
1.933815989066939994e-02
1.934747325096800377e-02
1.931856048820640437e-02
1.940484884419547279e-02
1.943145248507911760e-02
1.954926725454458197e-02
1.952285678674253039e-02
1.945178782462516839e-02
1.930714043043021272e-02
1.925667258232961754e-02
1.937965456201404951e-02
1.945801933054643051e-02
1.934563739106462399e-02
1.934769206096571131e-02
1.947543105801308183e-02
1.958862733223611791e-02
