8.746740757714299264e+00
4.582330752364425663e+00
1.496436412028765872e+00
8.203024910090047639e-01
4.873634040752762853e-01
2.966617946320334598e-01
2.343608436248936500e-01
1.812577817023684479e-01
1.599753917472251374e-01
1.312730718343105007e-01
9.727184873142444288e-02
7.551719008574318825e-02
5.647673248441201221e-02
4.327099014656053677e-02
3.848026186484610617e-02
3.361105169116609948e-02
3.459063238640010252e-02
3.476350800333960489e-02
3.737942937876313765e-02
3.698978430669450090e-02
3.499398206366425429e-02
3.435142672807821318e-02
3.478498799421915477e-02
3.266501699426553607e-02
3.145105783639374347e-02
3.375304632420725315e-02
3.596674800690662782e-02
3.562012071742912817e-02
3.482861034735951211e-02
3.312251277098630931e-02
3.324880464540619363e-02
3.317339694489736951e-02
3.398665018811975608e-02
3.394072342841659984e-02
3.410579237653885154e-02
3.269527515395950767e-02
3.165242347216559726e-02
3.040343656138164152e-02
3.066820158488718986e-02
3.109985284718307791e-02
3.201927224055535481e-02
3.227681430749632790e-02
3.181108413661332124e-02
3.144380062217563832e-02
3.150987172530878011e-02
3.134714553263717729e-02
3.197293136778468770e-02
3.231845046876998667e-02
3.296052875337395632e-02
3.301297145375246822e-02
3.336699926542008310e-02
3.382240336938127645e-02
3.410527935749419620e-02
3.364122306579697685e-02
3.472400951279888681e-02
3.654149048243453268e-02
3.859420061255174061e-02
3.839022207895233241e-02
3.827829577466882599e-02
3.858318561183596979e-02
3.862879011328494705e-02
3.944905131680233323e-02
4.002891198138019274e-02
4.071972270554084783e-02
3.992680706524186218e-02
3.645627375858158381e-02
3.727083800689920401e-02
3.831406016507724055e-02
3.950427067534210274e-02
4.135402867886094763e-02
4.089041057147253799e-02
4.353351657556929488e-02
4.823759754661274823e-02
5.024926050750518070e-02
5.031068151184683174e-02
4.777654144647249662e-02
4.680916426827375076e-02
5.014339880412046341e-02
4.932203393490171284e-02
4.889511976243809954e-02
5.031346032614396335e-02
5.278090442355007350e-02
5.631809215970487448e-02
5.602550417912714742e-02
5.832098728603516552e-02
5.605778454396844607e-02
5.547648861554037997e-02
5.736219856572132014e-02
6.020348387585999772e-02
6.061963505238553152e-02
6.267678805241408413e-02
6.330935585654795528e-02
5.984948330980429526e-02
6.137703551697511195e-02
6.466383151321627998e-02
6.517532515173879437e-02
6.528037785133056214e-02
6.380963738787395756e-02
6.346599321831214446e-02
6.551225529623877497e-02
6.854719901232121659e-02
6.552052100626395981e-02
6.937314324499914420e-02
7.170609056689822292e-02
7.000869709961700382e-02
7.056003896429682842e-02
7.388668092610478633e-02
7.689414297735888693e-02
7.887494627856014850e-02
8.203074928136089294e-02
8.231702987842999530e-02
8.279500624142438481e-02
8.990097845589928305e-02
8.739564467713534235e-02
8.942708575537500204e-02
9.228996943622787275e-02
9.066293694650309765e-02
9.473820949190552010e-02
9.776512249636068463e-02
1.027209715630743592e-01
1.008464757471323747e-01
1.033897648399824398e-01
1.031083705472728429e-01
1.059842847245844322e-01
1.070109062560293534e-01
1.105761707399112170e-01
1.122212517096794343e-01
1.091755804941544339e-01
1.089508634737372250e-01
1.111407158239539616e-01
1.115389761551662251e-01
1.108255647570175056e-01
1.138436621638206497e-01
1.124070723218979911e-01
1.159790397445818189e-01
1.106740195955605854e-01
1.140650242535926756e-01
1.092516583892621795e-01
1.116397199033654364e-01
1.103120104090384579e-01
1.078400132779236548e-01
1.086990809144013359e-01
1.100328904582295458e-01
1.126538875498924036e-01
1.141494387072966576e-01
1.230290424457259335e-01
1.224977662649303772e-01
1.237366390205546229e-01
1.246670949283712332e-01
1.260713173293080691e-01
1.368717990798533624e-01
1.390795666063226188e-01
1.458290958056725484e-01
1.531805318849520092e-01
1.563773322069218208e-01
1.622682397276260513e-01
1.641294153118486587e-01
1.719179994209496243e-01
1.753006699542296321e-01
1.849634477856546555e-01
1.857115435362702571e-01
2.015910583859747418e-01
1.981408953348101076e-01
2.068357396168176432e-01
2.437763688872355561e-01
2.687682669162689830e-01
3.076939879594851046e-01
3.600690719613546809e-01
4.086494163061553109e-01
4.715346702424633163e-01
5.717321464775365625e-01
6.625603952267380414e-01
8.132171184242837914e-01
9.262738340366911682e-01
9.151029932566738800e-01
9.323182519566675097e-01
1.040748328146701596e+00
1.190224338344226140e+00
1.254547223222736152e+00
1.379320205995723470e+00
1.446839918849751383e+00
1.494252646390511252e+00
1.634078532487563740e+00
1.679216919606375757e+00
1.808179054651873230e+00
1.978972059451349352e+00
2.028009414866212445e+00
2.045281488519368196e+00
2.140333454111381428e+00
2.171622418814585842e+00
2.114532711884715255e+00
2.225048221722994768e+00
2.343680742721454102e+00
2.368296036744564681e+00
2.461480469104146529e+00
2.447286618383471168e+00
2.388779922237582287e+00
2.424353603210258612e+00
2.520187322271782548e+00
2.605748704884706779e+00
2.627906154527318794e+00
2.726718941697888532e+00
2.838143008132850476e+00
3.112387800581416286e+00
3.039143875826774810e+00
3.410991123378384948e+00
3.660098816141733824e+00
4.067761912133788016e+00
4.193928693661383988e+00
4.429162393552005916e+00
4.445493739176136216e+00
4.498512026492005766e+00
4.433318648429927400e+00
4.571530473809197304e+00
4.733442026276724945e+00
4.855942236794277278e+00
5.067776237299161934e+00
5.285698275095642273e+00
5.529432301046789178e+00
5.605324679552916578e+00
5.683413440136778405e+00
5.583463987296056530e+00
5.592449736236946300e+00
5.635625824279726359e+00
5.707529295496189370e+00
5.747671440373254725e+00
5.794393719672540577e+00
5.833334415734524825e+00
5.833482807463390429e+00
5.864835695422945250e+00
5.900004882880681478e+00
5.908201205065357620e+00
5.943861086785355852e+00
6.009172573000881812e+00
6.015664096466119659e+00
6.175597468584109961e+00
6.197417322210008628e+00
6.238834596052855730e+00
6.276461269155408473e+00
6.325575916850988634e+00
6.372293849706279545e+00
6.433178213627490649e+00
6.527894638520701065e+00
6.612544140382883739e+00
6.630668921931114568e+00
6.702907793794564029e+00
6.760360418377665326e+00
6.786003466136715900e+00
6.815146341310276412e+00
6.818180489062694249e+00
