4.518613256357521202e+00
4.297157387690154096e+00
4.237940766124422609e+00
4.182689228781246271e+00
4.142537471686666528e+00
3.895033080558722993e+00
3.755529649294144789e+00
3.928068855997150166e+00
2.234398887117251764e+00
9.659524672560457770e-01
8.023647385961709677e-01
5.080847842895175326e-01
4.151808807588158179e-01
4.114625052918760018e-01
4.134685629653604977e-01
4.116228842007592093e-01
3.739351037592891780e-01
3.323968634197892458e-01
3.325917020770989829e-01
3.125653004531467882e-01
2.876676437465557901e-01
2.444597946873816319e-01
1.633797985457310642e-01
1.475435552484825608e-01
1.419164014671457641e-01
1.361735923019093131e-01
1.237916306740936556e-01
1.140591566720512429e-01
9.835430652609830626e-02
9.505353276965473885e-02
9.043139746211570351e-02
9.356927891947142140e-02
9.517998952046324845e-02
9.817365348675338721e-02
9.343249658529814705e-02
9.266521216807979688e-02
9.168790475638678716e-02
9.309765498410763063e-02
9.628015819733479197e-02
1.031164531749584057e-01
1.034228214535668350e-01
1.037313161290974867e-01
1.025149048856978662e-01
1.018683810289683633e-01
1.031821970195859473e-01
1.027691832681993933e-01
1.021752868268625269e-01
1.014590517894496113e-01
9.673203313026834671e-02
9.446955074539259423e-02
7.935268336582948501e-02
5.324736727294515637e-02
5.504258491482323656e-02
4.699650602843565006e-02
4.948493989011697181e-02
5.019067227042965651e-02
5.004727228573442599e-02
4.610548308213088115e-02
4.229820827722020199e-02
4.229284271644306176e-02
4.060305562212722374e-02
3.985849104186014319e-02
3.979408680539218979e-02
3.975767095486638231e-02
3.934275739348647161e-02
3.825602307352273662e-02
3.699970948536512177e-02
3.747780994645961983e-02
3.755595730909685320e-02
3.908608396590881884e-02
3.882695102350226801e-02
3.654951982548916567e-02
3.469925296806960352e-02
3.445086795650985356e-02
3.342265960584262646e-02
3.358710671123552038e-02
3.420738684197906221e-02
3.468374376996335301e-02
3.379982875555860578e-02
3.141122589374963775e-02
3.034245866966310198e-02
2.996045838825549951e-02
3.062853177453292441e-02
3.082969221932979273e-02
3.020395229259421194e-02
2.901151963495469249e-02
2.925950887062417002e-02
3.126436801805546062e-02
3.110591858677047225e-02
3.019528109844736574e-02
3.116474111389546178e-02
3.139286358277797173e-02
3.094434935035483836e-02
2.984018615677954539e-02
2.943525060140411709e-02
3.007443591386655540e-02
2.991751970140567318e-02
3.036454905115733988e-02
3.043612236805996046e-02
3.038205448616130427e-02
3.052732651121540380e-02
3.101969894971175895e-02
3.109028785347650939e-02
3.075443518520018515e-02
3.043109818692481955e-02
3.050742530492860788e-02
3.054282949636332595e-02
3.056990379354422235e-02
3.042166617135978399e-02
3.044133235882548125e-02
3.039351467388570066e-02
3.023669601186603634e-02
3.025876589014081866e-02
3.013416902628061889e-02
3.019919661380787365e-02
3.025420768168208749e-02
3.045818922605002949e-02
3.056783269889206539e-02
3.059869794955838440e-02
3.096572393518222041e-02
3.093141473573938691e-02
3.078869395076615917e-02
3.079417657510006429e-02
3.072379214577261944e-02
3.088080761457162246e-02
3.073710256596917309e-02
3.054890022704560837e-02
3.029620527346087860e-02
3.018809580238452153e-02
3.016085051533486799e-02
3.007414882656260502e-02
3.004911206873509683e-02
3.041262867741697032e-02
3.052475203907635548e-02
3.065789056377204655e-02
2.999953528278312409e-02
2.965397244765103496e-02
2.961254173014760127e-02
2.941142961672741502e-02
2.938864827709688349e-02
2.954008178714658678e-02
2.941650425867417193e-02
2.912535909814962382e-02
2.898152517199163031e-02
2.899120220697919484e-02
2.934088429979569632e-02
2.945503263770438834e-02
2.936663468631596496e-02
2.905529207493644239e-02
2.882647316285780539e-02
2.879056083307261760e-02
2.863737865402695565e-02
2.851937483412874536e-02
2.824057908981589260e-02
2.771660808714350444e-02
2.740920371408779588e-02
2.750990488006831158e-02
2.751516896228067832e-02
2.720386241915616343e-02
2.699189052488409554e-02
2.681140131395850362e-02
2.667411801791820525e-02
2.662607245712118181e-02
2.664576191043316333e-02
2.672412325027249264e-02
2.675870890601479007e-02
2.672780140226144185e-02
2.672574580301361608e-02
2.685943824124354881e-02
2.685854767871576065e-02
2.679771618464161370e-02
2.679269413380804682e-02
2.694720073922799580e-02
2.695974377955122694e-02
2.698337849790102133e-02
2.700284896460238698e-02
2.690504186123223590e-02
2.667754594495086451e-02
2.656376664860867626e-02
2.658537506836840258e-02
2.656028450973395294e-02
2.659025712817583709e-02
2.684986701945622778e-02
2.699042037000522198e-02
2.699846610279400469e-02
2.672467258974925777e-02
2.686847684978353398e-02
2.676814901310700656e-02
2.670634561336662077e-02
2.691232611677675177e-02
2.711452736262279922e-02
2.714471140617587264e-02
2.716483291604263051e-02
2.714280588751419310e-02
2.724311400843298925e-02
2.716086063453709148e-02
2.702592127250447868e-02
2.699859305789465563e-02
2.700015613731005654e-02
2.708437303005033561e-02
2.714011440333334579e-02
2.721235811739494345e-02
2.727131165946432637e-02
2.738227483368728746e-02
2.727998970229722486e-02
2.724634498941012895e-02
2.724981226334673157e-02
2.722264382773487146e-02
2.729045505029148097e-02
2.733211444346454744e-02
2.737820625299985239e-02
2.744171603000787607e-02
2.738452473215077093e-02
2.735556826503725975e-02
2.731937173020110646e-02
2.730273001934098095e-02
2.730775136291052965e-02
2.741490048223199638e-02
2.739972636019023106e-02
2.732782900170160206e-02
2.712843313106095416e-02
2.696822008021981451e-02
2.699705910440091533e-02
2.703254487096366440e-02
2.689653556463376255e-02
2.688317686674519119e-02
2.683576893888152057e-02
2.690004680942946480e-02
2.687009684531614651e-02
2.679164282874021974e-02
2.673767098205958453e-02
2.669613324852069397e-02
2.673355208868538960e-02
2.668850018306175714e-02
2.669177452300755538e-02
2.658327909970623765e-02
2.642191621047007555e-02
2.637424207872714199e-02
2.625500812949545931e-02
2.621984109725034040e-02
2.624174191164090064e-02
2.628477259850015707e-02
2.633616708823540570e-02
2.620434184998316623e-02
2.614995664108533263e-02
2.620211234541547363e-02
2.627778780016294669e-02
2.628811380883344651e-02
2.633451649929553079e-02
2.629596221220283775e-02
