5.784678349454164703e+00
5.445788945344979481e+00
5.471406709695511239e+00
5.358296141300638027e+00
5.227141795899403753e+00
4.989737772218664880e+00
5.085335928244884229e+00
4.025382085105418284e+00
2.106169596326062265e+00
1.851762537346390847e+00
8.141075538575793802e-01
7.180620036725922084e-01
5.368564836149465336e-01
4.699448258568452719e-01
4.430964664406257247e-01
4.490739099699820325e-01
4.457005809153843368e-01
4.135256950565898149e-01
4.280141655620015584e-01
4.676518483901865308e-01
4.535095370709939511e-01
4.345619894886362244e-01
3.789081153182972672e-01
3.715555448235833835e-01
3.953063936714407145e-01
4.012815396867595030e-01
3.780300603027725304e-01
3.607397951009554404e-01
3.833239661994329861e-01
3.791062488315285472e-01
3.887767665004809303e-01
3.946337053476488554e-01
3.853074384009439468e-01
3.792846275706202586e-01
3.769417502751782889e-01
3.743873365849147983e-01
3.753736771750271206e-01
3.874242835875915114e-01
3.878694089411586221e-01
3.940783523249000719e-01
3.829940208246558342e-01
3.792972413822298661e-01
3.773333941656713542e-01
3.792058912838411899e-01
3.796209242832306874e-01
3.730739445348295602e-01
3.682703696788988679e-01
3.564435248756542274e-01
3.607277159064138927e-01
3.558137101592355744e-01
3.596637123290444826e-01
3.614706017733230192e-01
3.618844393451491337e-01
3.543477699828223026e-01
3.358211554678216526e-01
3.276671183063862847e-01
3.265600130735606399e-01
3.267807100682574850e-01
3.264801766261986038e-01
3.252038711298424478e-01
3.206299760525952447e-01
3.090190590586654462e-01
3.064732361438625707e-01
3.121140320045316940e-01
3.157106243105413101e-01
3.121533075225373377e-01
3.197853831630339538e-01
3.193383154446906569e-01
3.147704151620407398e-01
3.144635352272618922e-01
3.148913787563469846e-01
3.178843591676209224e-01
3.134693949063742657e-01
3.111106283664643035e-01
3.062446735065856851e-01
2.987107640583731016e-01
2.980862921090123852e-01
2.948773652993142980e-01
2.907246371645735294e-01
2.911942209059296682e-01
2.908554568710366994e-01
2.892269337073837265e-01
2.874357553780224617e-01
2.836132982032643080e-01
2.792143641580588920e-01
2.781275707182321311e-01
2.752031215973330669e-01
2.676903237258447810e-01
2.582304265059658377e-01
2.567135879062513726e-01
2.448056789138883804e-01
2.382074274926629376e-01
2.392533478276154535e-01
2.373465670485208068e-01
2.285445347849244802e-01
2.241940254562065915e-01
2.202109101740068464e-01
2.171355940295916220e-01
2.028189906579538626e-01
2.027565492817891557e-01
2.048492572704014858e-01
2.067809495962333599e-01
2.073287507401770924e-01
2.047015036043396408e-01
2.061056287339533832e-01
2.033132394373666219e-01
2.033404551447208219e-01
2.044669554786733845e-01
2.055810469872479396e-01
2.056141624779828925e-01
2.043716699009721638e-01
2.050110550885901051e-01
2.016730537851521010e-01
2.007774058593892463e-01
1.985323639788172390e-01
1.955788805769660965e-01
1.949935306944500235e-01
1.935003075185779964e-01
1.935673816470044051e-01
1.925597474117901609e-01
1.925756946332630171e-01
1.925349338050687531e-01
1.926673757638067697e-01
1.915462476115460944e-01
1.920842202363747253e-01
1.919424903212722522e-01
1.943286713707450819e-01
1.942326963405235085e-01
1.948301781194036186e-01
1.941057149136287963e-01
1.934711275846995870e-01
1.935764660630633349e-01
1.936382112684419399e-01
1.931960278766928218e-01
1.932396801269923026e-01
1.939076076347061306e-01
1.924602717661141604e-01
1.914995741368279714e-01
1.910283415444560262e-01
1.909836220803355356e-01
1.908697981132919108e-01
1.903047086799783960e-01
1.895915369297682673e-01
1.900678679752791644e-01
1.901810853621383468e-01
1.889268428178875192e-01
1.886888638475515134e-01
1.887526358928291459e-01
1.895713971751716298e-01
1.901694373861863852e-01
1.914684698863005630e-01
1.899810235819944237e-01
1.874557139150558327e-01
1.874792360477863795e-01
1.871428312370491676e-01
1.877505259226381618e-01
1.870637255649787167e-01
1.851294299156905354e-01
1.845586208499831460e-01
1.844980245025796828e-01
1.852576967559377841e-01
1.856545798097897215e-01
1.845195101870508170e-01
1.840120621568498427e-01
1.822595551182549789e-01
1.813569041842337248e-01
1.809888226902751918e-01
1.804289191155521999e-01
1.802500051575530726e-01
1.800766977111702416e-01
1.760461359525474223e-01
1.739862014497833842e-01
1.708320205034465356e-01
1.690557481066504164e-01
1.683917074873109709e-01
1.659066067946623202e-01
1.660434488901084971e-01
1.652950732719042359e-01
1.625277681258731066e-01
1.606969194804434842e-01
1.601970019752846919e-01
1.506508486275564829e-01
1.484283716145601284e-01
1.463032433248969977e-01
1.427628065214799347e-01
1.362658212050584794e-01
1.337271236330989099e-01
1.339937015657322594e-01
1.327270004011960047e-01
1.316458598177499550e-01
1.271465466893375307e-01
1.275246291388249520e-01
1.272747736073009672e-01
1.289621140096758045e-01
1.296292907138364980e-01
1.328002691382899059e-01
1.324205976129227691e-01
1.316556504690388762e-01
1.297480732504542877e-01
1.304957304969629195e-01
1.308332254594111732e-01
1.294041229622179268e-01
1.272520955080412297e-01
1.249069086508100557e-01
1.217062665027807133e-01
1.163828377161086336e-01
1.108700390825914511e-01
1.073906641324884614e-01
9.967242713971569135e-02
9.404150446046083411e-02
8.900817841516867057e-02
8.796764064088016810e-02
7.424354309263864193e-02
7.093923387757943011e-02
7.048879857934421678e-02
6.839186682018694174e-02
6.649203429395934839e-02
6.436006466933649750e-02
6.129249680557649627e-02
6.075765923332211715e-02
6.158712356419485806e-02
6.143550744215290488e-02
6.199284426509721335e-02
6.021296175961116104e-02
5.937470187500279439e-02
5.856419112838956442e-02
5.807748243287167572e-02
5.895627510798787108e-02
5.865704188461869778e-02
5.703724409036919907e-02
5.520992009548322810e-02
5.089818413292984678e-02
5.009842476071080242e-02
4.854281180172104887e-02
4.951609957051282540e-02
4.899058776841445917e-02
4.703079889263358376e-02
4.372212390986610075e-02
4.395536789108527020e-02
4.273996055877261196e-02
4.264746551547733688e-02
4.275409122669907025e-02
4.260198039723310515e-02
4.257871289136642978e-02
4.156183143163177940e-02
3.931049823689165834e-02
3.794813051951027860e-02
3.674283154632158876e-02
3.381855428673954944e-02
3.304698753677400014e-02
