3.482543259111233191e-01
1.372830697590179672e-01
9.035987149583371569e-02
9.288545539311240939e-02
1.194719574284625052e-01
1.095530342664255974e-01
1.074995956450898460e-01
1.333410048104068657e-01
1.465904188763730298e-01
1.575652329616474279e-01
1.483884462880058208e-01
1.531643632284940271e-01
1.590541670469959312e-01
1.870165318273555866e-01
1.929149090257206156e-01
1.883619100204014518e-01
1.913166917391714295e-01
1.989723174179677812e-01
1.998351809365063181e-01
2.090631079355960154e-01
2.012229935240422707e-01
2.089769169914709179e-01
2.182525388387356047e-01
2.253578059240828324e-01
2.218581358887104227e-01
2.408610748048071737e-01
2.327782991971610871e-01
2.299606846950692507e-01
2.388318817158902596e-01
2.703763176773537058e-01
2.505864216880612227e-01
2.466288183483049401e-01
2.661249904530980093e-01
2.860323563469893138e-01
3.372106517639966161e-01
2.530315078508695859e-01
4.893061813052346221e-01
7.710502620653418848e-01
7.825437178059534427e-01
8.604338844952830190e-01
7.825714537853896147e-01
2.167942906636344813e-01
2.249372609409875934e-01
2.552478779057623104e-01
2.552675527281393908e-01
2.137204696731527798e-01
2.247904728432868759e-01
2.376661597529742820e-01
2.484619222081144441e-01
2.697262252003926886e-01
5.392018807814912273e-01
6.053147358512209752e-01
1.149669713152835504e+00
1.360516746492473450e+00
1.342870714604146976e+00
5.868316195692772075e-01
7.663817984996923460e-01
8.418047225199376538e-01
1.131669081785211750e+00
1.057323783763171265e+00
9.071149671574705309e-01
1.150282398115619609e+00
1.679270649569780671e+00
2.056175541340903745e+00
2.648106652368734437e+00
2.099899538682683087e+00
1.878219438054426815e+00
1.744238575808814806e+00
1.785883671676439244e+00
1.839899038105244466e+00
2.326445186910762519e+00
1.901564251140117623e+00
1.917156021437937063e+00
1.917881068498014319e+00
1.876756634203965657e+00
1.623363631699905607e+00
1.766870050543392523e+00
1.763683336355317932e+00
1.753658188588245626e+00
1.719241365931519994e+00
1.769268302085841960e+00
1.726713841889169210e+00
1.682776378787096849e+00
1.640449751790167721e+00
1.635054752826943680e+00
1.610257654081777234e+00
1.686936632779620915e+00
1.756245342575279311e+00
1.892368526026389386e+00
1.968090129925406329e+00
2.109400579126801567e+00
1.996367260039767721e+00
1.912817451855172379e+00
1.899126983807027491e+00
1.901372205448728980e+00
2.088669051312777469e+00
2.046800405488766295e+00
2.070216219588927320e+00
2.058223123181158520e+00
2.102534439455561621e+00
2.077207954059534067e+00
2.048463845883404133e+00
2.092329624182053482e+00
2.152238880293234846e+00
2.284730524645907757e+00
2.242428993702856310e+00
2.144656296074168189e+00
2.100077088386743895e+00
2.072780835859626247e+00
2.153380580569759228e+00
2.053375571421757861e+00
2.144972934994977987e+00
2.164491250295381697e+00
2.217411606101901356e+00
2.337675855114887291e+00
2.258223513624352030e+00
2.282658063378447899e+00
2.347839693663880123e+00
2.261578830638935944e+00
2.357215870584090656e+00
2.159100577233601381e+00
2.266380961096380098e+00
2.328821738425155274e+00
2.403682553033159586e+00
2.440850070318638210e+00
2.329579712663846891e+00
2.427881361465593635e+00
2.494949899036014163e+00
2.496029074061588027e+00
2.530873427644606988e+00
2.474694708612874106e+00
2.573795554886274317e+00
2.606654693325356487e+00
2.590718131576926986e+00
2.650400397882039183e+00
2.603129804698439909e+00
2.638958186363188574e+00
2.699546222327914080e+00
2.709171549456157901e+00
2.776222440378644851e+00
2.714417037737752114e+00
2.542593787982204478e+00
2.608870065602281407e+00
2.615236394598809078e+00
2.719065797767999282e+00
2.843983496714942660e+00
2.748698746380076940e+00
2.913795175467013721e+00
2.918761735848976357e+00
3.020958508084197192e+00
3.101391139161894017e+00
3.053250753079649993e+00
2.975454584175721173e+00
2.962030275800673351e+00
3.146574586459081946e+00
2.889206178229350996e+00
2.895724638188319044e+00
3.042176638234306729e+00
3.154723227671271779e+00
3.211596557806607688e+00
3.115777540703096093e+00
3.118741642367987676e+00
3.026014058405770868e+00
3.160897633811182494e+00
3.330069035837401437e+00
3.112037165755522139e+00
3.154014700459571330e+00
3.180298380928706869e+00
3.365056004751155072e+00
3.446928696833589711e+00
3.415939893526370952e+00
3.376591653401300075e+00
3.501938165346935694e+00
3.560089778337639288e+00
3.738474997608187689e+00
3.449595607841661860e+00
3.416022424413126757e+00
3.405178590673354933e+00
3.458510838330073778e+00
3.553741341437591128e+00
3.466310883436831691e+00
3.453930432226236746e+00
3.416277529906303734e+00
3.546984860109534399e+00
3.618915519068393927e+00
3.758388724132540659e+00
3.641486956257752539e+00
3.577265573160454792e+00
3.509849890767731573e+00
3.599000357597437194e+00
3.819535321996392341e+00
3.781568438991857128e+00
3.832460085012408868e+00
3.787125760896261184e+00
3.901019022852143525e+00
3.832997766336973200e+00
3.810002508455171188e+00
3.742830205029858970e+00
3.775078561925887310e+00
3.831200859749694043e+00
