1.880789167269012463e-01
5.394397422536323372e-02
3.947360790390826157e-02
3.502657058277044988e-02
3.351531886008786432e-02
3.826281396799341428e-02
3.711952764824402728e-02
3.610615803887084335e-02
3.608950665293960552e-02
3.683959042633962871e-02
3.727737604809065741e-02
3.664479188562601991e-02
3.560805762635248228e-02
3.642524746387251766e-02
3.884154324237339834e-02
3.857389304577652639e-02
3.784761395495482572e-02
3.987082797353402874e-02
3.998694130762808774e-02
4.277889687536834407e-02
4.310503722325362969e-02
4.322251365998364125e-02
4.395463726881872202e-02
4.490323674866881359e-02
4.708237786474801789e-02
4.531901521948090289e-02
4.600398223699533884e-02
4.692008340011559475e-02
4.800667403625517166e-02
4.948105477821087422e-02
4.898163546394078416e-02
4.926063698327398654e-02
4.911501832209942686e-02
5.148021499705297821e-02
5.274873775241509244e-02
5.078501953784067546e-02
5.165574769833152641e-02
5.159185860456144690e-02
5.323074132939015213e-02
5.514671572434933638e-02
5.514170878616310445e-02
5.432563665253461321e-02
5.474513687834437620e-02
5.542293835803996371e-02
5.758571340721709009e-02
5.544486119041194816e-02
5.476463273048404884e-02
5.600485501303577307e-02
5.666129989342755247e-02
5.737761076076743072e-02
5.294287630219332574e-02
6.629142948516238143e-02
7.134119805303407169e-02
7.535269917903807124e-02
7.421778736122866538e-02
6.775744273450248767e-02
7.001528633297615656e-02
7.439502310383187822e-02
8.190103884934935019e-02
1.014100090205338756e-01
1.230532321128152279e-01
1.809578721859720629e-01
2.398909548688723525e-01
3.169252541473086549e-01
3.843525058463124200e-01
1.392956093657290007e+00
9.933904903116339558e-01
2.986648185193735427e-01
1.492734222038215042e-01
1.022968438713245110e-01
7.726160164459883184e-02
7.350975508478962972e-02
7.214482319734148719e-02
7.245629077917553618e-02
7.478415876633057180e-02
7.728177408674787030e-02
7.517509055230987836e-02
7.342194267148494102e-02
9.852571173676828720e-02
1.522007419476266721e-01
1.127775568369925874e-01
1.681861605534877568e-01
1.642531197106376628e-01
1.722267813045355589e-01
1.824921936894669527e-01
1.035179078846059503e-01
1.079394475547140742e-01
1.255504609258061011e-01
1.288702708923402385e-01
1.360836296346824292e-01
1.262905787827435233e-01
1.433278862010073929e-01
1.620494548553494951e-01
1.577764696883258433e-01
1.534363827312661965e-01
1.523862200259129551e-01
1.636163272863432883e-01
1.649794357386810684e-01
1.748095101326569978e-01
1.679430433421066349e-01
1.952961176856272407e-01
2.447573888820699095e-01
2.832913271474056804e-01
2.988729175663962234e-01
3.260566442865495684e-01
3.126928548602837532e-01
3.275265062237934233e-01
3.517263086861854293e-01
3.560635802909252190e-01
3.679946963247167080e-01
3.558060639166893413e-01
3.456841385953536294e-01
3.507499208990201289e-01
3.685083389597031966e-01
3.997270607569097800e-01
3.992513995789997994e-01
3.719402966821374057e-01
3.729554124314078400e-01
3.833146909784835854e-01
4.038584869056274229e-01
3.818298297803062735e-01
3.765423575167078929e-01
3.550145757194193008e-01
3.543942429556916629e-01
3.718964290754228630e-01
3.616193543193646498e-01
3.668890141938890848e-01
3.304324899351520628e-01
3.508356639279581746e-01
3.646878179742823467e-01
3.544933198367690164e-01
3.283053693157956809e-01
3.328425416175324614e-01
3.448126929869906876e-01
3.600117076628656099e-01
3.901253914638521114e-01
3.509184657707190014e-01
3.460297620398792295e-01
3.439152282938876537e-01
3.408993579585769540e-01
3.483590285394982944e-01
3.428781304445407407e-01
3.432424032060786834e-01
3.474625077130084061e-01
3.959474049419341446e-01
3.389042645826187972e-01
3.547812465481301469e-01
3.614451948642437573e-01
3.775113753182535725e-01
3.892798825230116555e-01
4.145042588575081899e-01
4.379300633501772566e-01
4.484691029065757673e-01
5.056455477309063085e-01
5.405683835982866281e-01
5.051222821251938333e-01
5.160953809435077089e-01
5.195146267395939210e-01
5.266818346203128165e-01
5.558415912936834902e-01
5.557472358707566951e-01
5.590568734140923812e-01
5.514095302465902293e-01
5.860329881330492707e-01
6.355746325295492660e-01
6.712585177551289028e-01
6.375753555896932490e-01
6.398615661258109100e-01
6.373049978728724252e-01
6.661360278276511337e-01
7.000846173008030693e-01
6.752822411799175306e-01
6.746512304408097682e-01
6.870630902722485445e-01
7.436193012216889553e-01
7.698371101853334064e-01
7.205184545616353242e-01
7.026681002966720380e-01
7.127823156387792514e-01
7.286389312743392077e-01
7.044738164490658150e-01
7.208690177152545786e-01
7.154741875612817825e-01
7.193114529473992880e-01
7.389226439673732827e-01
7.592214159392640660e-01
7.515748378479847336e-01
7.392110625754235720e-01
7.486497793075455043e-01
7.620281911017755538e-01
7.992061486619450594e-01
7.829337558377020834e-01
7.843076387641496616e-01
7.765025869011770165e-01
7.719078519618278733e-01
8.257718765528370142e-01
8.642709403807231627e-01
9.409451631659151438e-01
9.845526990455260030e-01
9.828622703936202853e-01
1.072600522279666624e+00
1.014524053202664922e+00
1.017680282133929692e+00
1.088351593745256807e+00
1.144595255088121100e+00
1.079167537056918480e+00
1.107824240663739523e+00
1.132445920876568479e+00
1.202727533340989474e+00
1.267934407480743708e+00
1.140631255112589892e+00
1.206578860378621165e+00
1.282631402315441926e+00
1.247994533888650892e+00
1.252066488840173131e+00
1.172120203842297537e+00
1.278933814573425032e+00
1.273079139967174367e+00
1.277266330798106697e+00
1.301169331329281142e+00
1.250724982965078169e+00
1.337410584587551021e+00
1.330168311576104490e+00
1.385209209254077090e+00
1.477657871903483189e+00
1.455439907116197418e+00
1.415153527753096663e+00
1.435154603957416786e+00
1.481749015844215034e+00
1.493214449251829334e+00
1.461348077892989483e+00
1.524620960358850752e+00
1.506563049903356433e+00
1.527542094078359725e+00
1.598031209889134940e+00
1.540511576834957541e+00
1.572383461617030687e+00
1.597631819921363494e+00
1.597922479632329695e+00
1.614482378341888236e+00
1.601666646690656393e+00
1.629883634072687215e+00
1.648214159011787139e+00
1.687482962525507890e+00
1.704751023459789128e+00
1.689975277271246412e+00
1.680295514535495416e+00
1.711668024777955432e+00
1.734695186465297745e+00
1.772342760135652950e+00
