4.937366097246156826e+00
4.770006448963581391e+00
4.708373165482925948e+00
4.632049702441123351e+00
4.327176525037430110e+00
3.697755917289873295e+00
3.217777764605714630e+00
3.105190713612199893e+00
2.772323725769390013e+00
2.659328146781227531e+00
2.563228992381716864e+00
2.122090854786099712e+00
1.694108218812408140e+00
1.413961568222680931e+00
1.287405579761648600e+00
1.271463775518168138e+00
1.055397562841126735e+00
9.584529200548890238e-01
9.423224301916314216e-01
9.186243559782778512e-01
8.941226800875028413e-01
8.924887112234916042e-01
8.849598197147614531e-01
8.512815372386888235e-01
8.220036882275191248e-01
7.910243163918412312e-01
6.962388115341975325e-01
6.187976400195269733e-01
6.242450845785254554e-01
6.167435102621243725e-01
5.914349845524369265e-01
5.681670434973514761e-01
5.666654134783328800e-01
5.569521388612582724e-01
5.646782242963523935e-01
5.703173513332924216e-01
5.816595467263585562e-01
5.761303226782084064e-01
5.617784464168563696e-01
5.177836645155050599e-01
4.917265938537189740e-01
4.571815561594202437e-01
4.530214928000920738e-01
4.299850245881294830e-01
4.140469694230495268e-01
3.960663741370795687e-01
3.666498939159884562e-01
3.598767993087448325e-01
3.436441165529149355e-01
3.216173179131964766e-01
2.920658867806763537e-01
2.930538003118338120e-01
2.907013284208213033e-01
2.819245676792879740e-01
2.726181370618286914e-01
2.621095987065404920e-01
2.527918642890791823e-01
2.437000286026845264e-01
2.363243301152071207e-01
2.322255134941312860e-01
2.228476116023738185e-01
2.207735958479995209e-01
2.201991871043137150e-01
2.210151723124795242e-01
2.208718736317136777e-01
2.124532145208459233e-01
2.042542452203885972e-01
1.950918019296382921e-01
1.917424953085789530e-01
1.907740091161940765e-01
1.815052207419052266e-01
1.758296928105830825e-01
1.715084724889596179e-01
1.683026405659633906e-01
1.638461032201247169e-01
1.492472555767921372e-01
1.436481132509850323e-01
1.353508768121035599e-01
1.206373563476304256e-01
1.152323019341738169e-01
1.123830455977900822e-01
1.120931053334341676e-01
1.146645395631247233e-01
1.180293342965720027e-01
1.207880305077009553e-01
1.214851560853317386e-01
1.198088258281119894e-01
1.169067060547149817e-01
1.171898893082696097e-01
1.175539728495011149e-01
1.163562065970450976e-01
1.152934327778547541e-01
1.146025715903075531e-01
1.134797950375002751e-01
1.127643337810698282e-01
1.117856348146816503e-01
1.086678179776643383e-01
1.082626155976117166e-01
1.071845022154961080e-01
1.064017585413107037e-01
1.028956076968871314e-01
1.000226958699713398e-01
9.770412960319507789e-02
9.659434403245678591e-02
9.586341779708867916e-02
9.531837278127955337e-02
9.528714458718409719e-02
9.462824011553760961e-02
9.448328019810400824e-02
9.409053412576287578e-02
9.430871159695544681e-02
9.418680447975213976e-02
9.348362806501503419e-02
9.276380065638306638e-02
9.202314387681197194e-02
9.110000618385628857e-02
8.976776637793806857e-02
8.923413451703648969e-02
8.916043059126066428e-02
8.767653621515988926e-02
8.603934916317586279e-02
8.382034487649975274e-02
8.222745613738979831e-02
8.008351220543614979e-02
7.738562575248070230e-02
7.371206949462860702e-02
7.333677645046556004e-02
7.275889071549709874e-02
7.252773789570657326e-02
7.219248609826879604e-02
7.206700733407898907e-02
7.193036519670961693e-02
7.180254033837898953e-02
7.134954075103280835e-02
7.114491581349075000e-02
7.104003763733712784e-02
7.083427987312793106e-02
7.067011830320410470e-02
6.838991501637026182e-02
6.742820722338652151e-02
6.649047125132342972e-02
6.337855414886765792e-02
6.177697280726108381e-02
6.080998864106811064e-02
6.072614931498076379e-02
6.105075485997901730e-02
6.090884349753997173e-02
6.011883820183167026e-02
5.998873004533125664e-02
6.005880056385039245e-02
6.010806244144012433e-02
5.998343381021563336e-02
5.967076058588108300e-02
5.839596366792484256e-02
5.755105679167377142e-02
5.732011091940657221e-02
5.754634583364726108e-02
5.744267507253480315e-02
5.712328013392911630e-02
5.685480250481263903e-02
5.649237843777459023e-02
5.564406468307504794e-02
5.386253493470523346e-02
5.258644190446894184e-02
5.222374224734753489e-02
5.187652653133516256e-02
5.200551842601265629e-02
5.176990218738336536e-02
5.163496817556278984e-02
5.141868073699541047e-02
5.085037851651379170e-02
5.076728751927079425e-02
5.102328591390674351e-02
5.096125476187463033e-02
5.064586678687964250e-02
5.017580170120804206e-02
4.936357192917585623e-02
4.920116855482287166e-02
4.921644373669527284e-02
4.901832741549482647e-02
4.863736002718597323e-02
4.822911608091456914e-02
4.801193028894734649e-02
4.771999229976954526e-02
4.773085397083386139e-02
4.774035799149843606e-02
4.771905637450554044e-02
4.775084875697145625e-02
4.767907668469153343e-02
4.768413301394190673e-02
4.786430610311973033e-02
4.786782186430840053e-02
4.743616061673863737e-02
4.720025545259812910e-02
4.720776339866471216e-02
4.667750037270643193e-02
4.594202313340121913e-02
4.531128447200835629e-02
4.504830968106364464e-02
4.456001073982168020e-02
4.427436246228535349e-02
4.475986543643740989e-02
4.520392934640465876e-02
4.505629609418412840e-02
4.499522214658638330e-02
4.465904034338921691e-02
4.434139652528037989e-02
4.404986519719923665e-02
4.396425590106649295e-02
4.382463677800132323e-02
4.366533399006730654e-02
4.353380085332655969e-02
4.348315315634911082e-02
4.349630178351857057e-02
4.372544637033890652e-02
4.347052647631789724e-02
4.357617536278424186e-02
4.342322775192970774e-02
4.325455963823926497e-02
4.298129561738083665e-02
4.281563523562431639e-02
4.276479148011438913e-02
4.286359458151620810e-02
4.280394570518661346e-02
4.255421725157901292e-02
4.231962115216079956e-02
4.226929381317853091e-02
4.220895201943140190e-02
4.206350078278629778e-02
4.200765274870649213e-02
4.187066046377527218e-02
4.172148044257759786e-02
4.130858950006389974e-02
4.111318986642855527e-02
4.083210398340281211e-02
4.095180900547575054e-02
4.106062075279248713e-02
4.107576457181633112e-02
4.101541376166079750e-02
4.100003629720137821e-02
4.113271237808750758e-02
4.131766032084417672e-02
4.137927147765804725e-02
4.163244450124514717e-02
4.136251545026234377e-02
4.142010043436115257e-02
4.125925985848230559e-02
4.115090682161882951e-02
4.091973545569896342e-02
4.088483894768926014e-02
4.078503705633304555e-02
4.052379167187006997e-02
4.044733244448638076e-02
4.043886333519641774e-02
4.033572265772124299e-02
3.996840540277365322e-02
3.978615223939949153e-02
3.982363945426550811e-02
3.987058587330259696e-02
3.999174973959261636e-02
4.008379154095479541e-02
4.016329463823085921e-02
4.006647192762963910e-02
4.003822337016173932e-02
4.008851319418355735e-02
4.013225202027009830e-02
4.011641899680372381e-02
4.009396669044046346e-02
4.002672205722793142e-02
3.990760840131417353e-02
3.973813799533117141e-02
3.965453806853282137e-02
3.966864359399227546e-02
3.969649969171137882e-02
3.974611633163312174e-02
3.975817198741547764e-02
3.973376005571864489e-02
3.973249472093119683e-02
3.962295318606151584e-02
3.946551848146533092e-02
3.933931815115700864e-02
3.939727644684694330e-02
3.935974775964976025e-02
3.915365535676222641e-02
3.904735951603327537e-02
3.898158731364591290e-02
3.860076523263129833e-02
3.812105454464444210e-02
3.820694972423890889e-02
3.834670660100091000e-02
3.839753112023465420e-02
3.845727975966423129e-02
3.825802493011989935e-02
3.811455823818961364e-02
3.793377091949017010e-02
3.805285290976111873e-02
3.788135452402624503e-02
3.779583879073730029e-02
3.778549043661084961e-02
3.806606523583463270e-02
3.823299002588051443e-02
3.798749476705071126e-02
3.752955498297036452e-02
3.738051912961498635e-02
3.702454361818083295e-02
3.692964377156712080e-02
3.686436338285015157e-02
3.675602234810125546e-02
3.654739550735089382e-02
3.654876787629544876e-02
3.670508458377953753e-02
3.694451469664915277e-02
3.701827107935919126e-02
3.719901469710950453e-02
3.723329997538200875e-02
3.696930509577172480e-02
3.657475427870700985e-02
3.626724608152554624e-02
3.614640511044574234e-02
3.601726829586826550e-02
3.586156322818009889e-02
3.545514471235629989e-02
3.515656939711027384e-02
3.433491797364190967e-02
3.401422270277527915e-02
3.396990107019801780e-02
3.392283523187274163e-02
3.386623368058686023e-02
3.379716694990157061e-02
3.369622738242730037e-02
3.373229843942613521e-02
3.373389611674634109e-02
3.380305116639473195e-02
3.368718388935551533e-02
3.358502603482511895e-02
3.338098726859675680e-02
3.311193990196876352e-02
3.305078927436401470e-02
3.302167709845654775e-02
3.295062175154248041e-02
3.288317707153745606e-02
3.279816436268415819e-02
3.265927289860542926e-02
3.253368785444582523e-02
3.234563344720840783e-02
3.215063424889547800e-02
3.203938074693590821e-02
3.209782541957610646e-02
3.217015564577090092e-02
3.205833741136746018e-02
3.192478114124586153e-02
3.193941337682423137e-02
3.190470781713776460e-02
3.185247983598563093e-02
3.179987925216339051e-02
3.172496094353172147e-02
3.165113036356098641e-02
3.155275727427560989e-02
3.140422496784484041e-02
3.137494682862994322e-02
3.135461999526616139e-02
3.146156620190999204e-02
3.146193911397458798e-02
3.144131083864541709e-02
3.147296304038853243e-02
3.158081240191715905e-02
3.161567352584081225e-02
3.139383161360044527e-02
3.122234487007866793e-02
3.095128316744156366e-02
3.088616210665098144e-02
3.080831625839542190e-02
3.076114646842046524e-02
3.088078013268603927e-02
3.091191190910254002e-02
3.089388284826587172e-02
3.094490408453145353e-02
3.106193417963632603e-02
3.116672836101790078e-02
3.118588087596491781e-02
3.115210101078236954e-02
3.107677931348636763e-02
3.103797989530999307e-02
3.097769907539982964e-02
3.090544025016621343e-02
3.094401327049767225e-02
3.105885562220348992e-02
3.116193595814274048e-02
3.126763860037509030e-02
3.129328614798093655e-02
3.140405241261214064e-02
3.143788574697625737e-02
3.156606329762733087e-02
3.149737104198992166e-02
3.141867737837468477e-02
3.128244254660703105e-02
3.123675911437621619e-02
3.129039274993087455e-02
3.136447916959557436e-02
3.149924278535504163e-02
