2.022573076341779519e+00
5.762761835202940830e-01
2.734439245056253243e-01
1.698481672502033246e-01
1.232157168524214419e-01
1.231830717519920015e-01
8.898492944335570365e-02
7.423604993555943388e-02
6.644293981152429862e-02
5.977706480676191203e-02
5.572019050552125957e-02
5.176533427639090634e-02
4.909795689793668150e-02
4.501893695471562151e-02
3.573737887314259315e-02
3.885043061825441124e-02
3.897039838777548171e-02
3.775301957952688359e-02
3.644413223489681442e-02
3.400368783864564370e-02
3.621311865467423396e-02
3.461079479640375572e-02
3.303145350489931908e-02
3.124234981261145988e-02
2.926807694619852976e-02
3.327122083839670341e-02
3.289946444574133599e-02
3.192128371578367013e-02
3.205671175930265016e-02
3.193417794627435857e-02
3.451458576603245315e-02
3.336726222819171028e-02
3.197291177230217329e-02
3.113780491616778556e-02
2.950254862396459871e-02
3.190438009738785774e-02
3.189543182130504667e-02
3.112853558046942137e-02
3.188142371046669143e-02
3.146483214130507688e-02
3.325478372479381828e-02
3.233554714734533653e-02
3.133202599848924907e-02
3.058469338004132787e-02
3.000241541008145593e-02
3.116256713612860704e-02
3.123486679183769266e-02
3.081914334729116481e-02
3.108347850400564744e-02
3.106688181082849221e-02
2.542500611174632746e-02
2.524054346857442996e-02
2.667991650620934324e-02
2.881029384633022189e-02
3.299051677488513273e-02
3.104781207993600328e-02
2.993664495474233564e-02
2.949318956334017611e-02
2.966986231041497321e-02
3.053494183323055347e-02
3.046281994231694878e-02
3.089760759924288849e-02
3.189057547940230691e-02
3.222855711081587526e-02
3.334894689766085274e-02
3.269292501458899436e-02
3.260783731488555576e-02
3.208786067161292083e-02
3.273910844393775055e-02
3.280552885517275252e-02
3.292344927292454454e-02
3.278071278593120558e-02
3.375835029385065855e-02
3.400737606520268241e-02
3.502413179376860641e-02
3.455455130901092381e-02
3.427053126462262234e-02
3.392711513363173836e-02
3.397497131728519776e-02
3.446348696791703275e-02
3.427728115931479025e-02
3.430438330250418222e-02
3.488018464676968106e-02
3.517555720959499033e-02
3.584801806082990594e-02
3.562895205434268159e-02
3.538356504058395857e-02
3.511382868127915780e-02
3.529486123528656483e-02
3.562131050187500314e-02
3.556900819895976451e-02
3.549830209222257227e-02
3.584615982762038439e-02
3.634094503069225379e-02
3.698856887042308722e-02
3.680260426771792687e-02
3.662111639047230249e-02
3.650459736178197911e-02
3.686918532193554643e-02
3.780601600646596450e-02
4.034898352043893299e-02
3.789993881171066503e-02
4.029136686777065601e-02
4.250836614736898389e-02
4.616953312893658234e-02
4.494751868043771886e-02
4.448702471289196769e-02
4.535228581435432615e-02
4.755209978466611032e-02
5.087669124094352374e-02
5.033185390286085137e-02
5.016361923111005428e-02
5.056111266531899268e-02
5.154590949835743952e-02
5.303554918688927616e-02
5.216552388418975450e-02
5.175465654214154998e-02
5.204247246185859932e-02
5.272719406964419125e-02
5.360049869691965729e-02
5.384565381596752992e-02
5.382635568021971323e-02
5.421526324847200651e-02
5.470056729251980554e-02
5.624925289372254000e-02
5.539379570696713329e-02
5.525984007646159851e-02
5.524092975133539085e-02
5.535296330669819964e-02
5.605130652805649649e-02
5.596096880380064392e-02
5.619781141083013409e-02
5.641854387394956705e-02
5.687628812972195247e-02
5.852973867853239476e-02
5.775530728501424016e-02
5.763868718478427217e-02
5.746242038807480856e-02
5.751188495099360254e-02
5.799624423228851022e-02
5.801175060910672421e-02
5.838067071508654116e-02
5.842760377903943175e-02
5.902994129193778194e-02
6.012041745437378404e-02
5.989616325025069743e-02
5.950126092323587690e-02
5.950087757146059475e-02
5.960084834046293356e-02
6.011339272424405522e-02
6.657339302740161724e-02
6.258413312660228434e-02
6.792112203881468802e-02
7.329459823656730988e-02
8.850020739048934659e-02
8.223991180106110521e-02
8.063819008708303371e-02
8.499372481483906394e-02
1.003154373205489280e-01
1.205960223153638988e-01
1.108785750850233287e-01
1.156078028501959232e-01
1.309692885050091904e-01
1.410791527757562780e-01
1.547508621182080435e-01
1.628713488668390719e-01
1.682833372881116785e-01
1.641044444330528318e-01
1.762897198459975057e-01
1.911271023475924202e-01
1.986319000253830847e-01
1.961182089880499357e-01
2.021516774354323309e-01
1.985942201260484929e-01
2.077043762116646819e-01
1.986267905349117791e-01
2.065914098998136716e-01
2.074639657106461810e-01
2.138862924516781450e-01
2.163800551418988416e-01
2.118448852618141365e-01
2.174065845660430596e-01
2.192253168644074934e-01
2.257343151368456646e-01
2.274895628226552002e-01
2.181724972455414135e-01
2.223284123426587655e-01
2.313128919506315939e-01
2.271473321462186279e-01
2.255682461431452457e-01
2.267119607710265661e-01
2.312218926955506015e-01
2.302220882639307575e-01
2.298002524222947374e-01
2.312194785123741214e-01
2.278752117011688672e-01
2.495652003568949728e-01
2.479187763222214236e-01
2.626077546925945083e-01
2.618185825239361386e-01
2.575488860622914822e-01
2.652162497499473970e-01
3.045792839998003321e-01
3.500343958615641515e-01
3.833447633708313429e-01
3.211510654325847591e-01
3.451810008284981746e-01
3.811927321939577729e-01
3.982970034884044108e-01
4.139729981918806034e-01
4.020158776137625622e-01
4.159891445369326979e-01
4.211881920637516874e-01
4.376813795880947211e-01
4.519974367696052431e-01
4.466787930248228289e-01
4.672449633625904708e-01
4.875252583771917392e-01
5.012937442193685644e-01
5.063951846502029452e-01
4.737033204896726746e-01
4.914962723552331325e-01
5.005792625217337921e-01
5.044536783358037901e-01
5.190849784346567297e-01
4.952141939767318313e-01
5.111853665711529882e-01
5.435218853227724578e-01
5.605839041345358487e-01
5.579705341963356879e-01
5.527249128465736572e-01
5.657816923949268162e-01
5.846526984838004148e-01
6.132621437729830483e-01
6.410547712423624311e-01
6.239473695426469568e-01
6.333897274437276792e-01
6.385311262869025617e-01
6.407886912152565007e-01
6.681108989048651914e-01
6.640175672594781364e-01
6.664961763695064212e-01
6.685210243969059718e-01
6.724139597861571449e-01
6.861814626342532808e-01
6.916862701897644738e-01
6.886556976377580241e-01
6.943221521875901914e-01
7.011456158147812978e-01
7.133738274988785655e-01
