9.317015942209986079e+00
7.123013279450541191e+00
5.095754749445745801e+00
4.818118812927639105e+00
4.667452373991264558e+00
4.640983601325935126e+00
4.563492795517221978e+00
4.455486565783051134e+00
4.194485683621664407e+00
4.104816995588521422e+00
3.906591011625253351e+00
3.177626469375007812e+00
2.373318706465892713e+00
1.914555691103888346e+00
1.489605707534379597e+00
1.015540656477796455e+00
7.709436496799131344e-01
6.473648469454986731e-01
5.640897295990412452e-01
4.921845237719951194e-01
4.454842561069592421e-01
3.689827656148353952e-01
3.332394216504099838e-01
3.118587658557784303e-01
2.928817260740087525e-01
2.653234360486414478e-01
2.217939814809914978e-01
2.110555613187902191e-01
1.956764684626914608e-01
1.653130843576446074e-01
1.440987031010194652e-01
1.158042955339235042e-01
8.849712255324958254e-02
7.955104022190706559e-02
7.548011805070883873e-02
7.076147678707836453e-02
6.388472269137157600e-02
5.373940657725183312e-02
5.294000287453012876e-02
5.226372691877360921e-02
5.212213153944873778e-02
5.342181301909414842e-02
5.401682728312329207e-02
5.129787988934857851e-02
4.943693547524414394e-02
4.850799648028621125e-02
4.698243935788105896e-02
4.679812417964353266e-02
4.623531598130440484e-02
4.434218991216566652e-02
4.378840077528708963e-02
4.317454024318961858e-02
4.290526640372230305e-02
4.262679450747221266e-02
4.240000422116007445e-02
4.275835860419871515e-02
4.336312032341845674e-02
4.437472674170494374e-02
4.478894525317986958e-02
4.481975511462357037e-02
4.504282186965974377e-02
4.530363901271532157e-02
4.533765854169701653e-02
4.590126927108993671e-02
4.551566224021727503e-02
4.537584395844714014e-02
4.542946520271171074e-02
4.433078427722668413e-02
4.372633533859775906e-02
4.359808294045839500e-02
4.429332771942794122e-02
4.426910318684515455e-02
4.405477583847041551e-02
4.459964948163917808e-02
4.642454374031543263e-02
4.724852585116225134e-02
4.719273822037800548e-02
4.793013739604713719e-02
4.804300726231375274e-02
4.786793873188134596e-02
4.777154840883736375e-02
4.836095880708536632e-02
4.894079637556013329e-02
4.880813027171216484e-02
4.826728270442381258e-02
4.866834556699656256e-02
4.940784092202138433e-02
4.985964607976317575e-02
4.903264654656815796e-02
4.863611188162068888e-02
4.827379266932831092e-02
4.838379215304074860e-02
4.787083658765510508e-02
4.826349953586524244e-02
4.862723043481285978e-02
4.838901254436753924e-02
4.787241921043586257e-02
4.840354749730535477e-02
4.956208271630854062e-02
4.971829091694829339e-02
4.916598664947406661e-02
4.989146592836810057e-02
4.953372734524039145e-02
4.902652580754489342e-02
4.939974666248003743e-02
4.950829500617576207e-02
4.980356772145237698e-02
5.017332566119141191e-02
5.159527713001170468e-02
5.297794508381138689e-02
5.240394989594947261e-02
5.217616768856017662e-02
5.238265859223582149e-02
5.180222247538318614e-02
5.282257095882283982e-02
5.386272362731656799e-02
5.427181478799464331e-02
5.443512953910477348e-02
5.524622110798604879e-02
5.493036059767235357e-02
5.448071640793054199e-02
5.453083209067715459e-02
5.489551375131079824e-02
5.463348880777979533e-02
5.509067265911828798e-02
5.623626616072339990e-02
5.574572763413521842e-02
5.548409413847838617e-02
5.542073308371288365e-02
5.508176360963058793e-02
5.456088917196444399e-02
5.533506803352573195e-02
5.574488437205880886e-02
5.557926200323784482e-02
5.582965420546077973e-02
5.588384884871568786e-02
5.613716658685038996e-02
5.634487719974615866e-02
5.555772353940985342e-02
5.506232067194835600e-02
5.577693137266369339e-02
5.504411352500586385e-02
5.539673905657262198e-02
5.697362763105399963e-02
5.651504989296408932e-02
5.704535413272568412e-02
5.687595303728616714e-02
5.728618111824346215e-02
5.776586249257937428e-02
5.775085344378086405e-02
5.729024337439313913e-02
5.687870108047034245e-02
5.676187863174107090e-02
5.613964228878946805e-02
5.610160502862361620e-02
5.531696806535223165e-02
5.480781648850480831e-02
5.445194023166696762e-02
5.443545817602317427e-02
5.485496175898931653e-02
5.543697579085508226e-02
5.556217152508893115e-02
5.598636446784790999e-02
5.570566045193444532e-02
5.588617410555070386e-02
5.580674351955785401e-02
5.536982538373521473e-02
5.585452101834131183e-02
5.632700272615363823e-02
5.707682461648225236e-02
5.769480326240275514e-02
5.795703946112935184e-02
5.862175232475327902e-02
5.929705657452671863e-02
5.945869643628377832e-02
5.952087840350143294e-02
5.990497593015937927e-02
6.079454047459063870e-02
6.040882646684896107e-02
5.973379818923375828e-02
6.037187301793054545e-02
6.002580051278937068e-02
5.961598272570264867e-02
5.934355481208865996e-02
5.902245710495208908e-02
5.894470407937141276e-02
5.937793508153332844e-02
6.008561674500451089e-02
5.957900537859850409e-02
5.936560176847581471e-02
5.910832241394890774e-02
5.865451567407484190e-02
5.892112423157933043e-02
5.842239708250765440e-02
5.866590641036696641e-02
5.915767245979988709e-02
5.937541684749862020e-02
5.989879985492085890e-02
6.031145196332944602e-02
6.185151275483692646e-02
6.259140742276264602e-02
6.392710828063077888e-02
6.468023360457475501e-02
6.525318001595928341e-02
6.547200230064789683e-02
6.564388734939448355e-02
6.526586865746822341e-02
6.580581859908327114e-02
6.572276756733944070e-02
6.662228804403752536e-02
6.744773176030072204e-02
6.741101612732096349e-02
6.802809657967848200e-02
6.805666695353637663e-02
6.942062639526441759e-02
7.051857723215340656e-02
7.039929246667636642e-02
7.104029847066692382e-02
7.078983816249335981e-02
7.054269696449672056e-02
6.995780052295871854e-02
7.032376289536346192e-02
7.057742490209378827e-02
7.055678663179434928e-02
7.107959260471705121e-02
7.119566594153009520e-02
7.238295066534346234e-02
7.372431644636581738e-02
7.521797947742718538e-02
7.508925442342352652e-02
7.543861883994597284e-02
7.521777610658056390e-02
7.591068501986153461e-02
7.604458015469270360e-02
7.562220574698515219e-02
7.536519464855065409e-02
7.564061164274371585e-02
7.659906400975113883e-02
7.651952402674602749e-02
7.625358459772743625e-02
7.597364205709525309e-02
7.529256866604101817e-02
7.473867185071320085e-02
7.441141589115016219e-02
7.408748141095850004e-02
7.392961844508330604e-02
7.246277615271679018e-02
7.192308659607174470e-02
7.210536878457399212e-02
7.299343850909048581e-02
