1.791661298097831789e+01
1.763966105965759468e+01
1.689620490455170199e+01
1.690962346722548659e+01
1.665146740901554523e+01
1.606166919676786975e+01
1.601597543308292870e+01
1.162767727557656983e+01
4.172295763313206507e+00
3.366674909595561260e+00
2.713602178627035233e+00
2.215551846587878071e+00
2.526985294049652886e+00
2.331103616039430726e+00
1.687545519392077642e+00
1.557194993559389395e+00
1.399823262866169760e+00
1.435133538819184595e+00
1.191309161445926357e+00
9.448532821557761308e-01
9.309911621730735387e-01
8.614026789110791338e-01
8.104182329938940388e-01
7.810176616211870204e-01
7.837910996513419715e-01
6.825946925511394703e-01
5.614513121071431634e-01
6.003479763702550542e-01
5.258832897492088376e-01
3.776707998822793066e-01
2.455864102419786366e-01
2.163260237512694140e-01
1.133661544549942612e-01
9.889106250291060385e-02
1.112058950293299819e-01
8.756073107020148627e-02
8.717489740024067513e-02
8.831350322305495104e-02
9.015496477538606501e-02
8.931488237653723017e-02
8.250700879532882337e-02
7.530995340946655681e-02
5.763401925907453427e-02
5.734923141295203419e-02
4.993842986086852176e-02
4.218038910781791995e-02
4.208500851264897896e-02
4.169790548985071593e-02
3.975571717388390325e-02
3.990563068584265793e-02
3.909349583787308235e-02
3.683480999602178896e-02
3.545566749222553438e-02
3.576742817398022301e-02
3.747559780356691378e-02
3.770194720098826030e-02
3.783374664818442423e-02
3.716917784740799563e-02
3.679718609781817279e-02
3.804485967589435469e-02
3.708995707982305767e-02
3.304011589617374817e-02
3.262649870339165425e-02
3.348516967271606554e-02
3.495779945466809258e-02
3.507293090808793340e-02
3.456011168122547633e-02
3.452086844013266265e-02
3.323463708516938286e-02
3.342912644171686098e-02
3.405428103238158921e-02
3.454427969912778063e-02
3.413292027004373452e-02
3.445901764298645725e-02
3.413368585561830926e-02
3.381766479058154889e-02
3.281221165698965103e-02
3.152229196593968330e-02
3.220057086165304533e-02
3.277893359967935794e-02
3.239571834102256825e-02
3.232146600218609861e-02
3.401912074518462920e-02
3.520671895688025355e-02
3.462666961611576832e-02
3.432032765419870679e-02
3.449660084697173112e-02
3.453956398920661475e-02
3.712029641449500483e-02
3.869543544632743359e-02
3.859286519323250342e-02
3.746348987220826654e-02
3.671150892073983540e-02
3.791443500107100073e-02
3.867807925144614578e-02
3.996996106007803806e-02
3.936023771760725071e-02
3.801926369690550311e-02
3.747856021402691529e-02
3.810973997445499251e-02
3.824237048280859641e-02
3.808463820379164033e-02
3.884582396573640212e-02
3.920778966991111947e-02
3.948615629841950581e-02
3.952433449064410298e-02
3.895990601063000630e-02
3.873884039265969303e-02
3.851477500294615830e-02
3.826979815908826410e-02
3.733816505252328388e-02
3.651126342390442758e-02
3.665216726526712016e-02
3.665067725170757795e-02
3.610426548539473479e-02
3.577168919115303325e-02
3.563959709893094185e-02
3.564128499313710952e-02
3.396982808618585759e-02
3.333450114924500080e-02
3.260664138807034540e-02
3.330960018486359142e-02
3.394136538264903857e-02
3.460330418037962236e-02
3.489110703568913674e-02
3.356852917461700808e-02
3.288797059246791055e-02
3.259344352442582193e-02
3.243980499494201336e-02
3.216972375229489034e-02
3.145579446756351094e-02
3.219582942147875687e-02
3.253830324690082376e-02
3.265748483619815290e-02
3.232362778836284783e-02
3.112652352645040379e-02
3.096472948192608571e-02
3.076014817027251935e-02
3.132382939713959646e-02
3.070475270601062331e-02
3.049754191958908150e-02
3.071521682109693702e-02
3.059839964575110371e-02
3.028263332996634569e-02
2.888139827266466425e-02
2.800521509595280817e-02
2.793167572037964438e-02
2.768686176795687875e-02
2.680898567271219196e-02
2.594017364860002478e-02
2.570887073040128284e-02
2.501290433140858360e-02
2.583851344174119963e-02
2.768413702394720982e-02
2.842632331403445109e-02
2.815129624824135729e-02
2.765432785807911409e-02
2.774937373484220177e-02
2.681615447201922409e-02
2.664132145450492928e-02
2.673657519853702563e-02
2.696575111466508953e-02
2.769646594431125070e-02
2.636146076792380416e-02
2.545808542317814713e-02
2.567161411515046787e-02
2.573901923217363635e-02
2.602259423014682826e-02
2.571694586451057918e-02
2.610736199058351012e-02
2.628204547344355560e-02
2.547360567695820116e-02
2.538110442021773022e-02
2.755978051665883971e-02
2.889486393224481933e-02
2.792509153359980581e-02
2.763558581378001977e-02
2.803323134381769527e-02
2.816068111579426297e-02
2.844198204998457657e-02
2.831956804020832261e-02
2.969271859745996334e-02
2.945885680200320544e-02
2.930456619717836803e-02
2.894295651601742209e-02
2.935215506091537474e-02
2.909163718396803877e-02
2.935375998667961658e-02
2.937881202184087354e-02
2.971543870859084599e-02
2.976974468834477430e-02
3.042060066075388466e-02
3.093827167552389013e-02
3.180312916859368011e-02
3.122863191864840710e-02
3.165025272131782169e-02
3.165400739654895823e-02
3.171668681208857088e-02
3.164460960183260868e-02
3.143304719598344343e-02
