2.353123702492499802e+00
9.313033990021251096e-01
5.930989058381264112e-01
4.748112057930530816e-01
4.205393818350112722e-01
4.107263994758325043e-01
3.887519780100846534e-01
3.647943205967381086e-01
3.503936440033410538e-01
3.435017894605273958e-01
3.417630438532893722e-01
3.323049084412215137e-01
3.290059230322682771e-01
3.228578339638625283e-01
3.146334545997089283e-01
3.140713837900136474e-01
3.109195692726584026e-01
3.078317213731069923e-01
3.030381460570086283e-01
2.973947866429071940e-01
2.992220947426644795e-01
2.938318762678809870e-01
2.886915622959132510e-01
2.802278446963196168e-01
2.730711164642301014e-01
2.825165755743489493e-01
2.778530832328737765e-01
2.751353890512637790e-01
2.712455523497896981e-01
2.645704620444171429e-01
2.771634935089264395e-01
2.745292641066746642e-01
2.706141580581973294e-01
2.647137203310752085e-01
2.585734310741356623e-01
2.695475298066895009e-01
2.701081583130942043e-01
2.684092145118305295e-01
2.634114147806774775e-01
2.565868804112270141e-01
2.692056486884014666e-01
2.686245515677854190e-01
2.653135565500845949e-01
2.590042506851256698e-01
2.485604164406331473e-01
2.601503337633008783e-01
2.611350594960809568e-01
2.613657473979944523e-01
2.591956290261804297e-01
2.533522201964940601e-01
2.632945382579630622e-01
2.624366906329554938e-01
2.585299362715678950e-01
2.526739048867608917e-01
2.460852057786128699e-01
2.540390695700070478e-01
2.536696996274593330e-01
2.535423702156184289e-01
2.515622720077822505e-01
2.497325050134943103e-01
2.543478011391695492e-01
2.529827470521278654e-01
2.488962536533050884e-01
2.447079092609230622e-01
2.415358402178784114e-01
2.462208529846445226e-01
2.455289125119812510e-01
2.448402411386625122e-01
2.440327387427380923e-01
2.413946064305150796e-01
2.471604328973643072e-01
2.462215129423333537e-01
2.426060041896484498e-01
2.401146041534264475e-01
2.377506341132467615e-01
2.417184068171459588e-01
2.412545995403317656e-01
2.403469961371980101e-01
2.384985872404273843e-01
2.345622822678969377e-01
2.409170416685031402e-01
2.407974052259662101e-01
2.387406196567126437e-01
2.362990219848292162e-01
2.340626397756495336e-01
2.375479385752827521e-01
2.380267327347996287e-01
2.369891426878864282e-01
2.344951630445269719e-01
2.310024370820344952e-01
2.359555251246215346e-01
2.351724215566437237e-01
2.331194666214129463e-01
2.314436214795920210e-01
2.292030186207515974e-01
2.326008773062895885e-01
2.329820365055710329e-01
2.313742413325162173e-01
2.299357592059285693e-01
2.261263046265343801e-01
2.036915442523338782e-01
1.737827957876314777e-01
1.511979808550314996e-01
1.315679894188845067e-01
1.189777557620431275e-01
1.149114512909467090e-01
1.099116675699908924e-01
1.008576805147359534e-01
9.488688284440577325e-02
8.851968902999550470e-02
8.818247719685651242e-02
8.437852264801237734e-02
8.023049079915732518e-02
7.670756996068536782e-02
7.267839587344585017e-02
7.266216042299170064e-02
7.104547878784865655e-02
7.008569966254332706e-02
6.788799583257555670e-02
6.561319168390686296e-02
6.515220435667470888e-02
6.360664909317323423e-02
6.270250898637833026e-02
6.116428688939068437e-02
6.015871663965818850e-02
6.063982324128602830e-02
6.039035575851048332e-02
6.034798327184766331e-02
6.002685033004585141e-02
5.882285841867396226e-02
5.901996539225300153e-02
5.835917047389811707e-02
5.766945861051787220e-02
5.673128629150268193e-02
5.598191425182331288e-02
5.618799157939158295e-02
5.611524206142574911e-02
5.642484243203590988e-02
5.570350205879118916e-02
5.542673470530153079e-02
5.541024236250206847e-02
5.539322126467326884e-02
5.492045649779973837e-02
5.400303445802258351e-02
5.337366351786837493e-02
5.354403559038760363e-02
5.382563140295568149e-02
5.386814348125064378e-02
5.352608495140404044e-02
5.333131293093110181e-02
5.330373416198533332e-02
5.325494374015270205e-02
5.309354608705142697e-02
5.209680970521242405e-02
5.153974297149487016e-02
5.178963066859219866e-02
5.210573627608508507e-02
5.225578202322351401e-02
5.201935728251474989e-02
5.191782278325338118e-02
5.187726342303146387e-02
5.192273860903112714e-02
5.172799807056249755e-02
5.092908592193834405e-02
5.038031476121863916e-02
5.050948968418671192e-02
5.078425666178669473e-02
5.105666950499706397e-02
5.059513254942830940e-02
5.059735581142578431e-02
5.052453936148143532e-02
5.062785253425483578e-02
5.060525531113829745e-02
4.987510297142332127e-02
4.934888425254643080e-02
4.962194745082987302e-02
4.996802657210647203e-02
5.004222599425420248e-02
4.983766266810438217e-02
4.971032391761889130e-02
4.956004106988755320e-02
4.964849247444082236e-02
4.954107599235790804e-02
4.874988738501880026e-02
4.854414894784742085e-02
4.864926447598913462e-02
4.898238072831760659e-02
4.914976436579068797e-02
4.916877764393322303e-02
4.906789024169054547e-02
4.904402647466528375e-02
4.905608083413537379e-02
4.877519690021143994e-02
4.836472756744079893e-02
4.813254435925005958e-02
4.821195586333928973e-02
4.856523534165786693e-02
4.862240336818897390e-02
4.858847881306291305e-02
4.838021431433046221e-02
5.876583055850449072e-02
5.473575053028151283e-02
5.102135187431186547e-02
5.073425470434138329e-02
5.026826961273729577e-02
5.008731866518479486e-02
4.901603062805676148e-02
4.904021180648032024e-02
4.987996177632664230e-02
5.029464257649349235e-02
4.948314559962346815e-02
4.847050381580743361e-02
4.785315143273233263e-02
4.783342053150246853e-02
4.827161978003201293e-02
4.809461470779193698e-02
4.785948373081730378e-02
4.815348008869664576e-02
4.886942300508989590e-02
4.939458118013095866e-02
4.878614567688417669e-02
4.824675031496127031e-02
4.812188144955616836e-02
4.809517083140569388e-02
4.855187849984932830e-02
4.854116569582486718e-02
4.846684780455645658e-02
4.866335634133597127e-02
4.879233481667889782e-02
4.953665566733484599e-02
4.917881755785216691e-02
4.916922223806496905e-02
4.910150415401415280e-02
4.909101114197596261e-02
4.908606124214223709e-02
4.912178067900459938e-02
4.929754345919473701e-02
4.957518103526151187e-02
4.968148706839201068e-02
5.033171857794668802e-02
5.013087217031710063e-02
5.024215634440643008e-02
5.033566495266315888e-02
5.038011341228444684e-02
5.022429989849216264e-02
5.023428424481858612e-02
5.020943888781152081e-02
5.047211834795178875e-02
5.051515304363315279e-02
5.094902111964644958e-02
5.079316887033347161e-02
5.078097076269121046e-02
5.076564112507766374e-02
5.082655227970367395e-02
5.077332265511624865e-02
5.076306245756757873e-02
5.094191522497244773e-02
5.124703404793815031e-02
5.117457682697283683e-02
5.168009091559139234e-02
5.155711865373824310e-02
5.155783011259265636e-02
5.144170467154236814e-02
5.138050248955181032e-02
5.142747951669100065e-02
5.141125715866139145e-02
5.154635104104896004e-02
5.186279432350111157e-02
5.271680737134333550e-02
5.460151863724402310e-02
5.392129076807836846e-02
5.360338289140461482e-02
5.357873880717728410e-02
5.346003037276433889e-02
5.340411449460506776e-02
5.349653115105284379e-02
5.353643537221133841e-02
5.338708945294205754e-02
5.382767057118732074e-02
5.491958355815316356e-02
5.423470235195188005e-02
5.395519913668948842e-02
5.404267530237895356e-02
5.398081015794827658e-02
5.388163170429853543e-02
5.398891645445987042e-02
5.414297745425609987e-02
5.420053974562689947e-02
5.448599058623503771e-02
5.494774887807921809e-02
5.500062078990283765e-02
5.475893935331978268e-02
5.443449487199092385e-02
5.444344354615979209e-02
5.464335423071020603e-02
5.455255826493346505e-02
5.461517502756288445e-02
5.479649637423147923e-02
5.487956450148889775e-02
5.487134987634461475e-02
6.520580289695485088e-02
6.031321535587413907e-02
5.831021251044885001e-02
5.861521745892506186e-02
5.837871687389510622e-02
5.788478056015134571e-02
5.744071459214274145e-02
5.819073485707242782e-02
5.926254333592715501e-02
5.914466629205902132e-02
5.858397648923532874e-02
5.810181677408512296e-02
5.790604544451912611e-02
5.799266443912445834e-02
5.944798055631415196e-02
5.880368551832147045e-02
5.853674388795272743e-02
5.926455143814161192e-02
5.999086770451332595e-02
6.071438500020451268e-02
6.031635628152371559e-02
5.984587629194003389e-02
5.950679355063966114e-02
5.960076395013509665e-02
6.050451319619938595e-02
5.973895337256984739e-02
5.993262800826806153e-02
6.081549726719090443e-02
6.133801540087906873e-02
6.189123536399683545e-02
6.175791793199850166e-02
6.144347259657828575e-02
6.092313402297086511e-02
6.101850874629333871e-02
6.183942066925438713e-02
6.133893151482312789e-02
6.148039008471072042e-02
6.208229511229042263e-02
6.260701228149836983e-02
6.349774927469127583e-02
6.283764942579353474e-02
6.278888182740800794e-02
6.240033473976054623e-02
6.345147235466994107e-02
6.632354322663873425e-02
6.565521541339325307e-02
6.593082838028282988e-02
6.629187982264538037e-02
6.647750311237698995e-02
6.766380611525202315e-02
6.717715904773924329e-02
6.724787961825227922e-02
6.715706899141175856e-02
6.906514268059643635e-02
7.122029353967260223e-02
7.060897695426611442e-02
7.088371433316778547e-02
7.128472499767223025e-02
7.217253098277415235e-02
7.332907430390867010e-02
7.332678712917363451e-02
7.291060117309888788e-02
7.352708598046397981e-02
7.476250535435309541e-02
7.889602580615127925e-02
7.870454908327602361e-02
7.814673537059785291e-02
7.917036544607519710e-02
8.155811228235894383e-02
8.348351981642479491e-02
8.378398158378949634e-02
8.410682322083742890e-02
8.373038652095897427e-02
8.588189854701344661e-02
9.048181542602395933e-02
8.947388697289743176e-02
8.828970701920618724e-02
8.941881543980606528e-02
9.168933680558380428e-02
9.258962413442284323e-02
9.292416442705259128e-02
9.288042446839635258e-02
9.467689722317162992e-02
9.773263960847755616e-02
1.007511770639313575e-01
9.969585315481412080e-02
9.831153514523433001e-02
9.882619888790443452e-02
1.017258000656914019e-01
1.049239429868124573e-01
1.049492153621801177e-01
1.042863541415721684e-01
1.041598780716338074e-01
1.067228982505498414e-01
1.108133042456267980e-01
1.098161355227939007e-01
1.083358322695305298e-01
1.094709201950029576e-01
1.108341306511867186e-01
1.133989706050553548e-01
