6.221163514521700577e+00
5.112929890603776784e+00
5.001479399517471336e+00
4.970266662383142631e+00
4.959711247849539539e+00
4.956930517801941605e+00
4.956558280174030884e+00
4.957066506026390762e+00
4.956519610921041874e+00
4.957418903649367437e+00
4.958836560393159232e+00
4.961376113005419697e+00
4.961313965645894442e+00
4.964361748654901874e+00
4.966782673401988646e+00
4.969836955591205196e+00
4.971595679028192549e+00
4.974188789289796020e+00
4.976375359686633360e+00
4.978757334929367673e+00
4.978694954893585489e+00
4.978845157442405522e+00
4.979750317998210996e+00
4.981752982871257451e+00
4.982842181293392514e+00
4.981404823318287711e+00
4.982173110146229433e+00
4.983710615038316583e+00
4.985108250130147134e+00
4.986624317380916160e+00
4.988921025281207733e+00
4.989435611938883852e+00
4.990861416768702874e+00
4.990013236168226562e+00
4.991387081298439554e+00
4.992172625210847592e+00
4.992280360834467245e+00
4.994623781626883918e+00
4.997416876327690716e+00
4.997639717463446374e+00
4.999357796191853609e+00
4.998632128063062119e+00
5.000475380632460443e+00
5.002624325746076295e+00
5.005595536325047945e+00
5.008935810601374605e+00
5.013358450316246717e+00
5.012538591671493293e+00
5.011949001885383836e+00
5.011890431502108001e+00
5.011823243347778956e+00
5.013546906885242294e+00
5.020927784843319586e+00
5.029128171187878138e+00
5.058295141300441777e+00
5.146394602154687803e+00
5.276997165354735841e+00
5.318386603278023372e+00
5.448742558162275706e+00
5.576778491080878197e+00
5.703030193782674395e+00
5.804610879690842218e+00
5.846380909712431517e+00
5.870698627147246995e+00
5.952622966492731926e+00
6.044333836398563697e+00
6.203919310403517073e+00
6.342488475130616088e+00
6.412696541171268194e+00
6.559012209859051978e+00
6.786769923218589184e+00
6.982207420694188649e+00
6.928458600186183425e+00
7.026047267318186407e+00
7.063242756507988496e+00
7.129936586233894147e+00
7.241793735373539320e+00
7.325318254973195664e+00
7.575642571114361346e+00
7.641492694318639423e+00
7.677981945022442467e+00
7.765771012975691612e+00
7.892098461137513787e+00
7.926641900871551627e+00
8.053143114062702779e+00
8.177218361459900109e+00
8.317197292590666535e+00
8.430484785831126260e+00
8.464593646220588852e+00
8.442938536567968555e+00
8.499234024213292216e+00
8.604760947081260269e+00
8.801265073732718491e+00
8.929390889773916484e+00
8.838857218593975773e+00
8.937338788883280927e+00
9.055806779649255844e+00
9.198577504794616999e+00
9.246337157723385047e+00
9.281948810658603222e+00
9.367854983375623945e+00
9.491643039425277095e+00
9.612319377007317200e+00
9.711029049153200532e+00
9.790171215342198252e+00
9.760284132687992553e+00
9.786360690769100756e+00
9.840920546653714851e+00
9.851138586156881871e+00
9.913370776376408955e+00
9.907180698372766159e+00
9.918714023015869685e+00
9.945267265652365296e+00
9.995509200973435426e+00
1.001452623306062151e+01
1.007216008109201510e+01
1.009227131131235211e+01
1.014083302158456590e+01
1.015845591950517068e+01
1.015945823331809095e+01
1.017136756922936769e+01
1.017698150866451812e+01
1.019531833062567117e+01
1.019106438575692053e+01
1.018391930505996079e+01
1.020129375528198779e+01
1.024445499492523481e+01
1.022709812527714845e+01
1.024166774990446704e+01
1.024382276147239956e+01
1.025587173900329674e+01
1.030708128113138144e+01
1.037660260999022555e+01
1.041149250061836540e+01
1.043139881794997237e+01
1.045920820308986521e+01
1.051431495053083864e+01
1.056610126996391230e+01
1.057892739150260653e+01
1.063195204232858870e+01
1.062908610110543250e+01
1.061930792796317036e+01
1.060801750385281039e+01
1.061157271749038244e+01
1.064731683279456576e+01
1.068980250875741334e+01
1.069147043160032595e+01
1.069950697828372910e+01
1.070033067229011436e+01
1.072709305050706341e+01
1.074331198026119338e+01
1.078721246020893432e+01
1.082473350608786333e+01
1.079563110524163427e+01
1.080402656232970315e+01
1.082119846323029400e+01
1.086313799258745405e+01
1.087644618038957844e+01
1.087380763491783497e+01
1.089058856503337580e+01
1.092516818589311534e+01
1.097525918925846966e+01
1.099283712043930095e+01
1.100470243232568812e+01
1.101108294714866531e+01
1.103202059548889125e+01
1.105321393008996544e+01
1.110227364198473410e+01
1.112854657145265236e+01
1.113695912648435282e+01
1.113602235886243363e+01
1.115071124624248711e+01
1.114734843930774844e+01
1.113477642226519393e+01
1.113540631759206612e+01
1.113793484380752474e+01
1.112351837138106170e+01
1.110959583800947215e+01
1.111499814490465887e+01
1.109163240778368476e+01
1.111905356107293841e+01
1.114360581569080821e+01
1.116218903952453800e+01
1.116424210266105987e+01
1.118264193967731046e+01
1.120004023301907381e+01
1.124490520010737526e+01
1.127189380540641750e+01
1.129348908771390825e+01
1.129341687882186918e+01
1.130885322369059409e+01
1.131876531545753650e+01
1.134116217999273957e+01
1.138181256864482904e+01
1.138803923693054720e+01
1.141029694033929687e+01
1.143235536137865616e+01
1.144888900850336810e+01
1.145902212208934401e+01
1.146974081169267201e+01
