4.923426163097905928e+00
4.758594370988490141e+00
4.666762382900487616e+00
4.658285927489099087e+00
4.382164311051120364e+00
3.708023297865494783e+00
3.009064931034904689e+00
3.009723595270047181e+00
2.742266652592586951e+00
2.129891742378599240e+00
1.804650904616987184e+00
1.776283451419300441e+00
1.693840843157865095e+00
1.374395443208794587e+00
1.214446231749862104e+00
1.061720029360098572e+00
1.012836938484270810e+00
8.523119352658465875e-01
8.222507164144150504e-01
7.626499253512004639e-01
7.463532116137945316e-01
7.147143389466948937e-01
7.021742630856115941e-01
6.898053250016858984e-01
6.812500001140640027e-01
6.720319285505276241e-01
6.498508879034541330e-01
6.297822037390062855e-01
6.147796564181652323e-01
5.793736105773956702e-01
5.401822552886355044e-01
4.924055825545893272e-01
4.899894161924660541e-01
4.846599430479991422e-01
4.821563041582652143e-01
4.770786587637296794e-01
4.757189507868483380e-01
4.653102567449226568e-01
4.635512931104522893e-01
4.646326428028927369e-01
4.694962350764842474e-01
4.709132709064615674e-01
4.691343449765871254e-01
4.470698911268370934e-01
4.171302216623652970e-01
3.832682947316625732e-01
3.667377510546062647e-01
3.504843405249073451e-01
3.208172989957968624e-01
3.065388988003772130e-01
3.016337483046943602e-01
2.980601217608137010e-01
2.986608706954387293e-01
2.914153426900062405e-01
2.784009914178757761e-01
2.692727133571745091e-01
2.587352351682320473e-01
2.506976309399203129e-01
2.433344635032865244e-01
2.340694159646930228e-01
2.256405179772086877e-01
2.145734649664778892e-01
2.017282204505058130e-01
2.003110213145823937e-01
1.965049080060047304e-01
1.912770826548190473e-01
1.859077449638548707e-01
1.740650583794269290e-01
1.747420344411245163e-01
1.726206529539791312e-01
1.725283430530784312e-01
1.740834857682908854e-01
1.657735698517423806e-01
1.645137343784963124e-01
1.604968479989329622e-01
1.592808670890434875e-01
1.581884509952578566e-01
1.567703643408014935e-01
1.558042572969353112e-01
1.529184940635133216e-01
1.418291225961831881e-01
1.333975761129435056e-01
1.211989619079466840e-01
1.199324934581227492e-01
1.190877284727040464e-01
1.182606091470119886e-01
1.158176924168554389e-01
1.108711376931535847e-01
1.073858765769933610e-01
1.066570237544657018e-01
1.058876899114330888e-01
1.031083185540391800e-01
1.026788530998871685e-01
1.017501845479041045e-01
1.012011388574393378e-01
1.005859065849523809e-01
1.010090531138464615e-01
1.005464018916629454e-01
9.787966850127846619e-02
9.577952058860081386e-02
9.532355434904382641e-02
9.515120912337318715e-02
9.468940903174266621e-02
9.446952504856666322e-02
9.471661767121621056e-02
9.588108068792791649e-02
9.692310841872604776e-02
9.584575017165430921e-02
9.471766973703471537e-02
9.264306345518016905e-02
9.229360728749641529e-02
9.132192494505558811e-02
9.051660281921092288e-02
8.966026717478817187e-02
8.894298200760961115e-02
8.825115941237471340e-02
8.790456970459148422e-02
8.754871671226216456e-02
8.704605912510893218e-02
8.594178810362256005e-02
8.524910543781730188e-02
8.450237606322216766e-02
8.370173195322958004e-02
8.250831056205809588e-02
7.999041057388973919e-02
7.857918523263726640e-02
7.857772287893094454e-02
7.865200083356432836e-02
7.865858441410607249e-02
7.803576409453998053e-02
7.426938837305835373e-02
7.335150995218467362e-02
7.259323848817954283e-02
6.939973509647541505e-02
6.711625660956534178e-02
6.587560411191828447e-02
6.513107108159864322e-02
6.492982566324875804e-02
6.448305829812973899e-02
6.469732819720809547e-02
6.449750553654846896e-02
6.381818544005769811e-02
6.297568927149439777e-02
6.224465408505396036e-02
6.190541674952271256e-02
6.123542907786926059e-02
6.111829539703347858e-02
6.105113513469399844e-02
6.118260485975100804e-02
6.130204262729316289e-02
6.196560920082588853e-02
6.190280847122800467e-02
6.188846959547054938e-02
6.176548971189092796e-02
6.168090648309400986e-02
6.188740318873417467e-02
6.218307285702556753e-02
6.257268462852863533e-02
6.285865608859222964e-02
6.305987340430499466e-02
6.358387857941122379e-02
6.382202521975999243e-02
6.361148162930573002e-02
6.307222055126923688e-02
6.268362379879235946e-02
6.243935496704988014e-02
6.136233774006990410e-02
5.997013844000609328e-02
5.926228544787752461e-02
5.818294889971133838e-02
5.760986649113163105e-02
5.734649850444850649e-02
5.662617513171720046e-02
5.616703892333430037e-02
5.569355057363321870e-02
5.570938983655200627e-02
5.480236420534123631e-02
5.400421567503206621e-02
5.319329090359189993e-02
5.268839245883767675e-02
5.119493599624740099e-02
4.940545333425384877e-02
4.835625918619283758e-02
4.784278507375663847e-02
4.688550242271243007e-02
4.619901613104931276e-02
4.508795554817955631e-02
4.379716333266157891e-02
4.324115923708502646e-02
4.257766203714742625e-02
4.235037163692151330e-02
4.170378842373261702e-02
4.138280645146900916e-02
4.167044354829408520e-02
4.180142949253988494e-02
4.156151310231850221e-02
4.215807691398472390e-02
4.206539429035928424e-02
4.154534976207609198e-02
4.010511501919074295e-02
3.909441020438476910e-02
3.816841796331571501e-02
3.696330277552527938e-02
3.646961217943061467e-02
3.591050010835858397e-02
3.548487609410524296e-02
3.475406178599634022e-02
3.416491303962013171e-02
3.397312951701544903e-02
3.410464190748128954e-02
3.388525027869140199e-02
3.385527213487950215e-02
3.393259543654705834e-02
3.355113800870704321e-02
3.317518088947393751e-02
3.277149086519477034e-02
3.242878311266424174e-02
3.200475857708013488e-02
3.106355066877240778e-02
3.050202245322086725e-02
2.990134188626676626e-02
2.913470748184221470e-02
2.859363810901990530e-02
2.880405102245279028e-02
2.852782674969340376e-02
2.834835242792038343e-02
2.789168054843062239e-02
2.751019871467638017e-02
2.728493885556908943e-02
2.718406919598052168e-02
2.701225981089782832e-02
2.690629100006739979e-02
2.689797761192618333e-02
2.693803901300089593e-02
2.702305635290035493e-02
2.709663312452701908e-02
2.709524207286862982e-02
2.711676845617490630e-02
2.713425380503872372e-02
2.713967574982628986e-02
2.713933812215527097e-02
2.714823286345776493e-02
2.705660053941676482e-02
2.672518962741183765e-02
2.646031148256008936e-02
2.597634051189519344e-02
2.559562063901230436e-02
2.545841073140839295e-02
2.536867175386037232e-02
2.536529371231672353e-02
