4.446970002615641349e+00
4.276025229854079512e+00
4.174621361515848506e+00
4.061868095265879219e+00
4.100499790233909536e+00
3.844499280017863008e+00
3.806632202578188462e+00
2.626700007771473722e+00
1.354075591515452981e+00
6.693648004022092479e-01
5.720189136599732604e-01
5.006370371008588283e-01
3.653012398199527722e-01
3.283336965275156505e-01
3.243232415023102888e-01
3.172891140968979728e-01
3.086271713559828322e-01
2.645326967116059524e-01
2.343242129789826211e-01
2.315806841877574296e-01
1.842703538209620462e-01
1.755798478445962929e-01
1.752033005578062519e-01
1.811033135901149171e-01
1.705606405708037787e-01
1.252700789134743586e-01
1.044882500307447448e-01
9.439587568878812784e-02
9.551584121603745592e-02
9.030698263473599385e-02
1.008808706212149242e-01
9.645263741566711957e-02
8.776336147472031668e-02
8.199706797647389467e-02
7.565513046795652174e-02
7.398010180183124673e-02
7.456591001840057187e-02
7.310528970480437150e-02
6.193531529046079898e-02
4.584141591701373919e-02
3.409809735527640634e-02
3.581421380882249261e-02
3.545758539815777738e-02
3.693498049625213581e-02
3.642723139613381067e-02
3.460011710517719996e-02
3.361620065486145559e-02
3.450365732617216574e-02
3.552900389735764997e-02
3.624802977424428085e-02
3.470615490762870431e-02
3.263960729075623263e-02
3.042123862827757902e-02
2.833904496371620479e-02
2.783530236586301970e-02
2.859279160885053184e-02
2.966346411657960064e-02
2.915818246982293180e-02
2.508800317984822073e-02
2.459945530394121865e-02
2.392854902310346393e-02
2.257622974421671924e-02
2.342210283684108968e-02
2.371249923475015828e-02
2.348476260975221677e-02
2.343887736711330536e-02
2.197300136986767710e-02
2.152939972718536862e-02
2.125543170506925816e-02
1.976754639074090186e-02
1.924489523015735642e-02
1.934624687957590267e-02
1.883419143683790278e-02
1.864404339083503351e-02
1.880083798170088805e-02
1.790413002470206058e-02
1.766347026719162008e-02
1.587046739696171271e-02
1.529124414593827086e-02
1.475626196316450964e-02
1.443365189842054849e-02
1.425722459662880602e-02
1.460741293676403110e-02
1.493844288873212578e-02
1.492330257034578909e-02
1.462711033453800540e-02
1.413298821235415073e-02
1.369078011914692458e-02
1.391578752914694045e-02
1.414299665952871432e-02
1.422126742877062935e-02
1.421552676641078643e-02
1.418516446507614263e-02
1.356309995508818075e-02
1.302689002059074369e-02
1.294634870420651937e-02
1.265817967189813639e-02
1.228091999654888980e-02
1.229782698452769676e-02
1.273479164881837281e-02
1.293487499971383153e-02
1.306944404122983849e-02
1.321019418945119234e-02
1.219638713879575564e-02
1.204142404975842851e-02
1.240684104198910842e-02
1.247345169177151158e-02
1.255086655940026302e-02
1.224579289951670605e-02
1.231988652508419005e-02
1.259902470438030268e-02
1.290688932858247151e-02
1.304080698471167706e-02
1.297634762303653475e-02
1.264846303935897830e-02
1.246656758352448699e-02
1.243821163969803696e-02
1.281844303027149592e-02
1.288024262431622033e-02
1.294915462039486487e-02
1.293433443475035249e-02
1.304048285527394102e-02
1.313353305744553723e-02
1.312983964865538367e-02
1.286137314523321321e-02
1.276781778240215423e-02
1.284191436550156072e-02
1.282469342976290741e-02
1.292701344758644642e-02
1.303270457925300232e-02
1.299974237942090258e-02
1.314630068672032609e-02
1.320477163037014554e-02
1.275795892785683977e-02
1.274011374512313242e-02
1.302460093162715118e-02
1.363337155058900498e-02
1.323520960585800738e-02
1.320090920240257933e-02
1.315323629793434604e-02
1.262967168579721446e-02
1.193859594290727112e-02
1.228747829472534234e-02
1.245826817549789550e-02
1.240486459452353613e-02
1.185430536887847539e-02
1.156846014154506996e-02
1.155594508649587966e-02
1.168814149808959299e-02
1.183024959238787588e-02
1.193383107161065382e-02
1.168884246617986691e-02
1.166023068419364331e-02
1.159751936923584040e-02
1.155703352763810116e-02
1.157441354993568421e-02
1.156713931086675654e-02
1.133976349759201370e-02
1.090168683123893950e-02
1.072518177882612368e-02
1.081238560704460457e-02
1.095635428816584336e-02
1.076680655935863436e-02
1.097610012594088871e-02
1.101009811024135712e-02
1.114663028987757445e-02
1.110087280833297989e-02
1.095443353913307452e-02
1.089933306323742634e-02
1.084202307077433702e-02
1.080622496141933619e-02
1.082528766373279383e-02
1.098168955567095997e-02
1.090934975842410525e-02
1.092838889721189921e-02
1.083206832692001041e-02
1.079404967439617953e-02
1.064937523153001303e-02
1.044573972948029117e-02
1.052449874692925474e-02
1.049117051412255461e-02
1.037766833838334873e-02
1.042874730955071529e-02
1.044034471472967546e-02
1.044264448568524989e-02
1.033965615140720190e-02
1.004189122749834379e-02
9.916777084395892936e-03
9.956219857806695994e-03
9.890699956093824963e-03
9.807430055846444450e-03
9.949964362663373668e-03
1.010232746890160974e-02
9.873307213382503944e-03
9.768836140793418082e-03
9.776969244440127799e-03
9.775439880281063670e-03
9.823473135723358868e-03
9.772896129495119155e-03
9.769142737559912207e-03
9.912832179608588312e-03
9.991233430133680815e-03
1.019842832730593653e-02
1.033371125429722107e-02
1.026492573110919862e-02
1.045134907434412674e-02
1.037533660846717311e-02
1.039439723364926974e-02
1.038090587274798256e-02
1.035192610033498252e-02
1.029484710155252961e-02
1.024487495787116363e-02
1.036617056663062704e-02
1.040467269083223539e-02
1.045493259552311358e-02
1.043837954701953147e-02
1.036645312560453142e-02
1.027825360256811107e-02
1.023494408322452552e-02
1.010353056085071255e-02
1.016104666756321995e-02
1.029236661219976902e-02
1.038362977018023395e-02
1.046129543248546651e-02
1.042359992452115969e-02
1.036799282145471623e-02
1.025278291367196989e-02
1.035974104836331552e-02
1.037822053396952882e-02
1.034554114732261568e-02
1.033242493449627181e-02
1.030573883985667211e-02
1.032747876577033361e-02
1.045851710195230128e-02
1.040484401876310729e-02
1.053383890692180871e-02
1.060286025538706781e-02
1.060580955604645270e-02
1.060329955508939118e-02
1.061198054069816682e-02
1.068465197604043931e-02
1.065398492955971742e-02
1.065406956216161452e-02
1.055609397167414122e-02
1.055555943340268782e-02
1.055259219259453533e-02
1.053048345410356745e-02
1.052950266441547364e-02
1.073268529025555446e-02
1.075071677724958458e-02
