1.810859426461749744e-01
4.809056610295470158e-02
3.286273768661384515e-02
2.734381541293357323e-02
2.747249910930551348e-02
3.172653681919480190e-02
2.983200692989373265e-02
2.897591762958262596e-02
2.886002382399226879e-02
3.003128162650327282e-02
3.019229476259457576e-02
2.950660828501804750e-02
2.873767498635348971e-02
2.920725689691368310e-02
3.165940731446198475e-02
3.145169388024744023e-02
3.098862107880248629e-02
3.187016343593413598e-02
3.342061658810160929e-02
3.536551153375549345e-02
3.554021408715318797e-02
3.598871581561278316e-02
3.635912877710863189e-02
3.753714499896542572e-02
3.985707176730945295e-02
3.871383117001429841e-02
3.922221204915874587e-02
4.098754675162220862e-02
4.170457215381737776e-02
4.242142178247454432e-02
4.194123377016666099e-02
4.276178209387000717e-02
4.212928430848891098e-02
4.414661404029588537e-02
4.462895242953734964e-02
4.464871174992415814e-02
4.520779695127184750e-02
4.533242540833365419e-02
4.661276515808281812e-02
4.762244444719271330e-02
4.866767627341735125e-02
4.774978171726394771e-02
4.762176435432290134e-02
4.803623448848345218e-02
4.994978580112238720e-02
4.945412409507064094e-02
4.958535958473696270e-02
4.930114879046677140e-02
4.981172185391241625e-02
5.037902810148409127e-02
4.731681830880826722e-02
5.682943245636026819e-02
6.422343384025376578e-02
6.807927799793205004e-02
6.794231180116366842e-02
6.233857669411642377e-02
7.009266331492859659e-02
7.327568485239285834e-02
7.279500351872625341e-02
7.402581248302153583e-02
7.302954022337151962e-02
7.410119877419266143e-02
7.789404756612963721e-02
7.966318279952895598e-02
7.949328152291484928e-02
6.998873628511842471e-02
6.950158690695031061e-02
7.339569482162447422e-02
7.556490516255641443e-02
7.922148094974880428e-02
7.405737754843755294e-02
1.687017693399608387e-01
1.740047480638806099e-01
1.802406682673459160e-01
2.365917880612855018e-01
1.058079894324130826e-01
7.913479753637836511e-02
8.173775985868178551e-02
8.152175830649109611e-02
8.346175289919374740e-02
7.744537099683918013e-02
7.603009881298150585e-02
7.417718688126079263e-02
1.159307752706474903e-01
1.663727405498185985e-01
7.070535329400620683e-02
7.335028498802137475e-02
7.406213537578584805e-02
7.790975791428747521e-02
8.703507565735399409e-02
8.311959866926965645e-02
8.296504098076618039e-02
8.969182541998342584e-02
9.639518799002660954e-02
1.159205503858280473e-01
1.239201548671375885e-01
2.373305905961338169e-01
2.791709332931352483e-01
3.453985271471713969e-01
3.984635471965604081e-01
1.982099402580236314e-01
1.541664541413879652e-01
1.251622605026854740e-01
1.278235429489249786e-01
1.718362982415606866e-01
1.249919129848377497e-01
1.451972912560349216e-01
1.692298488490438513e-01
2.114197929247876029e-01
2.465726825758402518e-01
2.504175086858924648e-01
7.865925813744281681e-02
6.208313835017343491e-02
6.847619847752021982e-02
7.292501886722480009e-02
7.522988024886592684e-02
7.323367126868346455e-02
7.684964719683123890e-02
8.298740249181410511e-02
9.122601271937140488e-02
8.264735517393489994e-02
8.806348033246415297e-02
9.412496125800000335e-02
1.077318070429731378e-01
1.537817163460578340e-01
1.504998453080089171e-01
1.838717651920450669e-01
2.063235373623551194e-01
2.869400909986427051e-01
3.094614980402435322e-01
1.759983743961944513e-01
2.172752553554583299e-01
3.485670628243002778e-01
3.800997214896065235e-01
3.589012158497845162e-01
2.129646240928333434e-01
1.489649756949628923e-01
1.580227334488291668e-01
1.746057524140492145e-01
1.866637991598986135e-01
2.038151888879011775e-01
2.519855013288613277e-01
2.874235911759428497e-01
3.153896564940682490e-01
3.231973022472115487e-01
2.723763705172990157e-01
3.082070528661604580e-01
3.241187357911687883e-01
3.591294181381718964e-01
3.959128869645075488e-01
3.916064866161834690e-01
4.611793411124404107e-01
5.277747864835216074e-01
5.549326141829762360e-01
6.144450007589674634e-01
6.272399872688072531e-01
6.210685348927352800e-01
6.048386433980548205e-01
6.409136658548343357e-01
6.662092394839497222e-01
6.927654980228254988e-01
6.502517861296761570e-01
6.562408648542197298e-01
6.901632628640207434e-01
7.311279951417695155e-01
7.201418834271878788e-01
7.197055921033235215e-01
7.390532890208540984e-01
7.550934232644358479e-01
7.922631444805152690e-01
8.172489704803456156e-01
7.766383925630993001e-01
7.959951842331449701e-01
8.111586902185174974e-01
8.213146975866761901e-01
8.233700792860678686e-01
7.909871452548384863e-01
8.094944533687443711e-01
8.275467103551374937e-01
8.377263223353971222e-01
8.498687623153663440e-01
8.147035028396127920e-01
8.354062209612899137e-01
8.504279302425395981e-01
8.698059744038868502e-01
8.767448955710199776e-01
8.359283266307978577e-01
8.511968739326092326e-01
8.669314165684050000e-01
8.906067903253460649e-01
8.590128575170981051e-01
8.233071863887375663e-01
8.575714277818287101e-01
8.893043419103862091e-01
9.081840683971383887e-01
9.020908784953767245e-01
8.858296722582320593e-01
8.863449164332725116e-01
8.955162046268696496e-01
9.191431853434499644e-01
9.139187753545919835e-01
9.077082092512274158e-01
9.139424930836842487e-01
9.249213160832161496e-01
9.531073413379065329e-01
9.684327935045051738e-01
9.268967390995539457e-01
9.390245735979838582e-01
9.481000218519071154e-01
9.721760828504573126e-01
1.011696757356848053e+00
9.525735674573923006e-01
9.607178458424082690e-01
9.723651503783722339e-01
1.004253898944864387e+00
1.044431163333126467e+00
1.005063775845576268e+00
9.946195392667738222e-01
1.008731285717423320e+00
1.011423503340268315e+00
1.055506854567365815e+00
1.009523962448505063e+00
1.010854212181933942e+00
1.017964269253411658e+00
1.026190694946738091e+00
1.070506455765690923e+00
1.022280369486199270e+00
1.013655064412659845e+00
1.035153121033590029e+00
1.058840136311883118e+00
1.100697542781573279e+00
1.049855751127359182e+00
1.043335575153208961e+00
1.054891686651398430e+00
1.063132516120790738e+00
1.099508383279446555e+00
1.047512568544908707e+00
1.041062957399097266e+00
1.058951024024854082e+00
1.071501548556884620e+00
1.082516326907789761e+00
1.049107767578874917e+00
1.052251389348491273e+00
1.072072677578097100e+00
1.078474667340907800e+00
1.086204614487585207e+00
1.062791061313383523e+00
1.061088437417559316e+00
1.076209348528355925e+00
1.085713378946724372e+00
