1.719898604562665412e+01
6.745716372082993573e+00
2.557087514717721888e+00
1.078405966560002094e+00
6.680335394682764827e-01
3.776287521358508981e-01
2.435777373618562835e-01
1.796051616486642466e-01
1.583315391517923221e-01
1.363944658407322263e-01
1.222025911597804659e-01
1.105938485190669507e-01
1.007416251393122436e-01
9.963343860398228558e-02
9.695069174845563631e-02
1.007786606586939526e-01
1.079366312839367403e-01
1.119030849831849639e-01
1.173072402560266236e-01
1.192817972241001223e-01
1.224701374759370187e-01
1.273101519369144730e-01
1.290956975449546462e-01
1.328633338148964005e-01
1.361453313380647789e-01
1.370045254174382943e-01
1.399397949353499704e-01
1.389441237821075759e-01
1.349559233727114227e-01
1.360841133225887678e-01
1.382327239835948740e-01
1.439598646045684438e-01
1.510704171950348340e-01
1.569815035065865172e-01
1.666108307956499501e-01
1.716176025370884928e-01
1.713616276344815947e-01
1.705896591392931927e-01
1.674969137990020562e-01
1.718766217306553212e-01
1.718108539501890797e-01
1.791194372803787682e-01
1.773575791404417290e-01
1.821140170587093321e-01
1.815558820235100568e-01
1.860624774277480631e-01
1.857209316825810252e-01
1.868938803070740173e-01
1.858373805633256881e-01
1.866880466662466098e-01
1.861576831709607360e-01
1.907894399125507068e-01
1.910218561960071726e-01
1.965285673597020055e-01
1.995541004600599744e-01
2.048086038978542134e-01
2.071656374812240464e-01
2.055385141333644916e-01
2.118209672421659251e-01
2.144308900440243526e-01
2.157220313114638355e-01
2.204325919000375000e-01
2.232682550823961165e-01
2.250876251150609741e-01
2.284794673333541137e-01
2.322131564847856044e-01
2.358561745180948743e-01
2.358156725059464831e-01
2.359189426774335185e-01
2.353842661186308916e-01
2.416221950796036966e-01
2.400044731093238237e-01
2.463568169088793669e-01
2.506175811030593170e-01
2.492705928416258376e-01
2.519925920874666603e-01
2.554126383534986444e-01
2.522202707463101490e-01
2.547137639625924876e-01
2.574542595090384411e-01
2.574354564745485741e-01
2.587413043671984991e-01
2.572877926058954046e-01
2.597409847968544239e-01
2.633015488339187637e-01
2.676643271798464507e-01
2.724250286931035880e-01
2.792915134833298119e-01
2.765973925979305914e-01
2.749581324022175588e-01
2.813923067580116344e-01
2.882640365085513134e-01
2.835228364517536903e-01
2.890782702228816836e-01
2.985295318783810492e-01
3.021863723565303972e-01
3.152199915551187059e-01
3.245495901990921861e-01
3.387953945018010726e-01
3.591062257318790030e-01
3.821869012860998893e-01
3.990636919850532593e-01
4.258065663958869873e-01
4.644060558952399775e-01
4.781094314622591490e-01
5.337932784044115975e-01
6.887745754822262034e-01
7.979775061200227171e-01
9.826303093636609143e-01
9.967283428944142543e-01
1.068738662394267402e+00
1.206222819157344306e+00
1.272683850097003910e+00
1.306073829375197004e+00
1.426653621219084789e+00
1.503263216951215675e+00
1.572504484353319132e+00
1.662647878968466220e+00
1.791234905441038139e+00
1.986770943224315022e+00
2.201028452711178307e+00
2.323922117040144286e+00
2.589059168651959286e+00
2.938442468484317338e+00
2.912632050519467608e+00
2.985155272461437637e+00
3.116561084856414254e+00
3.248435820583766009e+00
3.387694976683087056e+00
3.739634063071059167e+00
3.940598911955855765e+00
4.144754325331895473e+00
4.333934122890048535e+00
4.603286264938311945e+00
4.809869563898065081e+00
4.923192865607408208e+00
5.125552767231175366e+00
5.219928170614229757e+00
5.388587844751469014e+00
5.533604766528201324e+00
5.682676482667011086e+00
5.734155076753772562e+00
5.763477946968679433e+00
5.835530584744059723e+00
5.898760474186626190e+00
5.963372009282143615e+00
6.043912425415602030e+00
6.042939015864321917e+00
6.078598504403667668e+00
6.274576211271812198e+00
6.328242483017120890e+00
6.467753823646772204e+00
6.501673088189381389e+00
6.651785131559644348e+00
6.820669767194214472e+00
6.961768291481751803e+00
7.023719045909139425e+00
7.154013247411667109e+00
7.321157595400437756e+00
7.494708443543374621e+00
7.655145939431452717e+00
7.705737519800972102e+00
7.846902026743626024e+00
7.994456407882143623e+00
8.132594675820033814e+00
8.275885376934267512e+00
8.395167153100583590e+00
8.430441708497554032e+00
8.458427126762554593e+00
8.490236164072408442e+00
8.546153127960639750e+00
8.753301936681733508e+00
8.697297938449608523e+00
8.802978409518116720e+00
8.831930148104992995e+00
8.875256818650651525e+00
8.889713241614121131e+00
8.923605548541189592e+00
8.996371278752310019e+00
9.100934707652330147e+00
9.158335187749202078e+00
9.212913842589790292e+00
9.312811906519751659e+00
9.326289716425582910e+00
9.390927481958389222e+00
9.417387213020621317e+00
9.425848242955410683e+00
9.418350077130217102e+00
9.450910694147760083e+00
9.514019652818902273e+00
9.629980675220565445e+00
9.717956796153298882e+00
9.829162029232128006e+00
9.891931866656939576e+00
9.913822184086747313e+00
1.000698316751777739e+01
1.011282661125448001e+01
1.014949349644946253e+01
1.020965972813194433e+01
1.029931378132720710e+01
