1.719199613663877357e-01
3.866410468485566992e-02
2.468924502797601242e-02
1.785809377646222634e-02
1.729199294673677140e-02
2.197015842019793552e-02
2.082559367774776751e-02
2.000310271242025650e-02
1.959991038524966367e-02
2.072906643060868498e-02
2.105219615254436474e-02
2.058215722295507824e-02
1.967303131195294319e-02
1.950752136661508540e-02
2.150393978001600981e-02
2.151390363795678551e-02
2.158002798282747381e-02
2.396075906214271273e-02
2.428288259109709704e-02
2.552434835494137022e-02
2.616724952274249866e-02
2.576920118289382361e-02
2.614177107551777027e-02
2.634578961745884240e-02
3.115385391157470679e-02
2.952926163130845105e-02
3.022021734271411464e-02
3.179461558355595185e-02
3.223955341438135974e-02
3.346766520703845643e-02
3.289243666546323719e-02
3.304938995605145868e-02
3.301983748026831450e-02
3.502083250344550230e-02
3.469264205221510300e-02
3.588151599827081595e-02
3.616820925052179753e-02
3.694216132456541735e-02
3.755211078569633404e-02
3.946449719070341255e-02
3.982583673050006656e-02
3.848193096410609110e-02
3.824670707129550207e-02
3.888426951936564679e-02
3.900453480362682523e-02
3.870398152274955733e-02
3.898028698285764537e-02
3.944986581631781952e-02
4.001779199768897011e-02
4.131587095651718250e-02
3.966824774966626332e-02
4.984703457483429662e-02
5.438949874239375898e-02
5.900783800835718990e-02
5.875811403577291953e-02
5.210037282610183174e-02
5.798728275814699074e-02
6.103116423330185586e-02
6.289096233987424844e-02
6.428050192433412691e-02
5.557450048198024628e-02
5.424153412048111217e-02
5.788950222724214417e-02
6.111725532143328504e-02
6.285143506382956380e-02
6.483219267791366647e-02
6.539750512210977529e-02
6.814034567632069883e-02
7.225864503756009027e-02
7.354731695418056936e-02
8.540226385729574043e-02
1.968960658552202647e-01
1.939279698138078878e-01
2.326608237360674181e-01
2.367818339691393492e-01
2.187772522115075391e-01
1.713350679284542100e-01
2.493372385762899768e-01
3.019865124224858088e-01
3.944667946294097005e-01
7.679702917208192092e-02
4.429159098729529287e-02
3.949817695363647130e-02
4.204361402820092769e-02
4.410025049132834662e-02
4.456647803103969130e-02
4.683280493407963180e-02
4.826485393872952112e-02
4.957306609309221346e-02
5.692355270009893942e-02
6.182152323087920787e-02
6.819389230307063010e-02
8.003958830844283556e-02
8.085702664991639699e-02
8.301257565091452184e-02
5.511510123499707009e-02
5.678101344036236287e-02
5.890622200885830412e-02
6.073182038484694484e-02
6.510424387490459930e-02
9.698768714466229901e-02
1.038955783207921590e-01
1.171993555702756790e-01
1.147761299080569397e-01
1.221917481959094165e-01
1.232998536508043419e-01
1.217566674565511708e-01
1.258964912872930775e-01
1.252812976097600894e-01
1.270409948971920611e-01
1.100615517587463787e-01
1.142009518810418456e-01
1.200822784332340326e-01
1.202953358938739087e-01
1.230421683938977828e-01
1.083575457356986266e-01
1.159915385694600815e-01
1.157929468061283662e-01
1.163255399973629756e-01
1.210164995431506768e-01
1.125382251895737373e-01
1.184559144502602412e-01
1.198404066953785152e-01
1.233305390323315570e-01
1.268004214206203684e-01
1.217431391139741914e-01
1.246850650449270737e-01
1.284557116558160406e-01
1.313730137728487124e-01
1.360925966761629691e-01
1.361727038179023908e-01
1.486656632099290221e-01
1.573971526582257363e-01
2.026755400908284432e-01
1.841974371022525037e-01
1.425502147363991168e-01
2.432066269984762830e-01
2.992263923381952573e-01
3.489659768024286901e-01
3.939582189402248136e-01
2.093523671511721418e-01
1.615375598896245379e-01
1.472728452626425044e-01
1.534348851689304460e-01
1.701475513892162506e-01
1.543735040954977433e-01
1.549252951593827199e-01
1.741805095189475627e-01
1.879707246742218785e-01
1.893831517145795895e-01
3.930204441461555565e-01
2.292347713891451366e-01
2.016033041200366305e-01
2.075006295505150977e-01
2.143275768635731215e-01
1.959226108211601369e-01
1.953524293580013449e-01
2.027260238085405730e-01
2.117951635157517554e-01
2.293377862673696699e-01
2.021208006778943966e-01
2.149087664038112910e-01
2.145962388027563283e-01
2.232805942615521677e-01
2.258232302576354544e-01
2.017257270945932435e-01
2.198172481090228392e-01
2.197781328391414379e-01
2.232898156867390016e-01
2.324702886483520914e-01
1.685207710464000364e-01
1.920604049367501398e-01
2.201971711389168196e-01
2.653415650061021203e-01
2.864962749085270821e-01
2.618635809361538058e-01
2.603474659412386427e-01
2.914741796686031727e-01
3.101427172973382218e-01
3.462164553297476521e-01
4.925082894299036562e-01
3.443884369658636313e-01
3.279116287098099436e-01
3.081274839096956875e-01
2.993417956125363211e-01
3.674112758770213261e-01
2.872721792087110648e-01
2.983520280294235660e-01
2.935752132982198392e-01
2.932481098988933832e-01
3.174721579922114567e-01
2.937596014683281354e-01
3.011513016883089477e-01
2.913961698105256293e-01
3.012704142391686712e-01
3.311877829337261936e-01
3.044659104424398688e-01
2.991220117662929945e-01
2.926516629011810533e-01
3.086211187049660576e-01
4.345138956788939799e-01
3.154824824815047890e-01
3.471519238081160474e-01
3.479644479191777440e-01
3.354078899812690806e-01
2.619222508977048780e-01
3.111506529728316206e-01
3.967803488163748060e-01
4.410083229904775970e-01
4.873728425918778528e-01
4.265383257996154809e-01
4.492165176038253049e-01
4.869489379709969201e-01
4.997587444682668467e-01
5.236490750205133882e-01
5.040165180970843650e-01
5.135551759365346580e-01
5.579321168521510499e-01
5.848704936388324782e-01
6.138635741111602151e-01
6.023310280731360988e-01
6.334480014735881515e-01
6.476700359778837512e-01
6.603562480446482086e-01
6.784240863043047298e-01
6.901238703652784467e-01
6.722816685393842029e-01
6.851238539682736883e-01
7.198390210866878469e-01
7.509818501620970643e-01
7.279279687843426272e-01
6.976470815873808684e-01
7.121658874447245324e-01
7.544166917591829113e-01
7.905169525053886703e-01
7.787246116181983924e-01
7.542905863735283045e-01
7.472733106499962474e-01
7.790567803514161227e-01
8.022113025809467501e-01
7.795967661579764618e-01
7.403367401084233190e-01
7.763939136695423571e-01
8.441760648716611914e-01
8.411313611558511871e-01
8.090948725902609162e-01
8.079206278558314080e-01
7.858602956187329402e-01
8.110028364629490172e-01
8.450018369148917241e-01
