4.531474091996283704e+00
4.347906019993089899e+00
4.245376487594991310e+00
4.199201982944966716e+00
4.108714394618866450e+00
3.885402490097564332e+00
3.769017308655328691e+00
3.580248827247298760e+00
2.321261311099138247e+00
7.159749573443311421e-01
4.031483319167911139e-01
3.907987039684646113e-01
3.044554193250531005e-01
2.625396289869650901e-01
3.087907156891109839e-01
3.243534541441123187e-01
2.736070107554919861e-01
2.213214060069517708e-01
2.092549838255108319e-01
2.134309754663437642e-01
2.390113533215617869e-01
1.617623150378850183e-01
1.570065153781572964e-01
1.562898690257495393e-01
1.478111460857293724e-01
1.466522795081982022e-01
1.487596742867275945e-01
1.405250970770916541e-01
1.370903902620784764e-01
1.382781255792210062e-01
1.342354485640971373e-01
1.222196823566086832e-01
1.195517233019378900e-01
1.179454998172188851e-01
1.118241167421275967e-01
1.099976378446123060e-01
1.111801681954197457e-01
1.067999973521727292e-01
1.034040268678693975e-01
1.062521787289912312e-01
1.052717885366582506e-01
1.017566933178453564e-01
9.713139891283432970e-02
9.668159719263838547e-02
9.489308345491458130e-02
9.419196993473172297e-02
9.200339014906228075e-02
8.937530986160893698e-02
8.861284872338109908e-02
8.874768182869759159e-02
8.989491552276235309e-02
8.935705190697088018e-02
8.884844470788377802e-02
8.843143838515228616e-02
8.788072995787785113e-02
8.733842552427248385e-02
8.583467564126975868e-02
8.563776777955810215e-02
8.615742191639300107e-02
8.580092437689607054e-02
8.559707373060290725e-02
8.498901059349819875e-02
8.518672409742170104e-02
8.560761123015342422e-02
8.547403489838240054e-02
8.525310306141273275e-02
8.553624894670094903e-02
8.609426613558547603e-02
8.687586808264322058e-02
8.676926251382179045e-02
8.643704191474560483e-02
8.623697244333485001e-02
8.628593180174351507e-02
8.643769010475932379e-02
8.643264888778606769e-02
8.681044173351747106e-02
8.709614847390910464e-02
8.788836252016232753e-02
8.824861787197872676e-02
8.780694772550992622e-02
8.764338491296033706e-02
8.761159587724313969e-02
8.801243620454878014e-02
8.797692786077843108e-02
8.781776482751592339e-02
8.798452459517788760e-02
8.791767584071702446e-02
8.788660662905463383e-02
8.754298775430563451e-02
8.762014653537403275e-02
8.749768963100103270e-02
8.757388757382858491e-02
8.761687611194585168e-02
8.748985034596920562e-02
8.742573901946064374e-02
8.769737101452053374e-02
8.786579502006519604e-02
8.812363065864557699e-02
8.791086966684528992e-02
8.750244612781128695e-02
8.744118345031727524e-02
8.750502612027863392e-02
8.772194948062286834e-02
8.761214701567332508e-02
8.749993870261990603e-02
8.741505281101899505e-02
8.736630784665408433e-02
8.731049516935564248e-02
8.719325166798333471e-02
8.705912651658670454e-02
8.693652263229231791e-02
8.696336631011022944e-02
8.703841462158168341e-02
8.705050017239573945e-02
8.718482700638861826e-02
8.702412164546610707e-02
8.670032086049536679e-02
8.675951376208691779e-02
8.673566851625885699e-02
8.673199230039212171e-02
8.679596059011845943e-02
8.682474555800132054e-02
8.678724411337648825e-02
8.609866503037005847e-02
8.580917684518328536e-02
8.569659175510618843e-02
8.589079073891556226e-02
8.585348037153661682e-02
8.575614098691586307e-02
8.573924696723828065e-02
8.494678265706889775e-02
8.501374653874502196e-02
8.501697011234046752e-02
8.499668476616822899e-02
8.483967001769343597e-02
8.468305376491433445e-02
8.460311453373245416e-02
8.451545050594436170e-02
8.457441355386542681e-02
8.423978844323129489e-02
8.410119789341714835e-02
8.402482913430192601e-02
8.395890930280708320e-02
8.409193077085566626e-02
8.374178878789567682e-02
8.368534713162363581e-02
8.369038797634378857e-02
8.376902418561199548e-02
8.404245341631076671e-02
8.397644726920680536e-02
8.403776645220634167e-02
8.411257696034094011e-02
8.418028377287847808e-02
8.434350847198372747e-02
8.442595500931890373e-02
8.436677004911630195e-02
8.422189047649086824e-02
8.415847225679305710e-02
8.410643906553275095e-02
8.428282126284039610e-02
8.431865454242197522e-02
8.455877446000789610e-02
8.457222877687289864e-02
8.454868834474683903e-02
8.446144311778061575e-02
8.446199554403042986e-02
8.466258755038758022e-02
8.473094138274989140e-02
8.480100978601171069e-02
8.473997219765905253e-02
8.460414963429876978e-02
8.456223376238530820e-02
8.446818691111489252e-02
8.457312473999201163e-02
8.472398545840365003e-02
8.475455257845683488e-02
8.487821339092077588e-02
8.487169000785199646e-02
8.487752017724002618e-02
8.495523903154472700e-02
8.487983216297295685e-02
8.479673134153170588e-02
8.475194977282179964e-02
8.472313064137959593e-02
8.476864261743648210e-02
8.476917177645082457e-02
8.479946189047492255e-02
8.483606499847963500e-02
8.492045873034245740e-02
8.486414713910439556e-02
8.480117441438009274e-02
8.481032835383556234e-02
8.468065089579804305e-02
8.468795143848747986e-02
8.474469777330777276e-02
8.478916379512327350e-02
8.484602925951413577e-02
8.481299464399502663e-02
8.459873668302234084e-02
8.463918148630866778e-02
8.465262844353776961e-02
8.465475138082698137e-02
8.449289065705710422e-02
8.457019969384860225e-02
8.474301141191899200e-02
8.482521972536541388e-02
8.474512572926448661e-02
8.479192034745154649e-02
8.494303828898436270e-02
8.498672218528155464e-02
8.481763812000520097e-02
8.470387777312737843e-02
8.466295010881216831e-02
8.468081465271651287e-02
8.461811127619904560e-02
8.478695606587853539e-02
8.469891438917924453e-02
8.484998344010503957e-02
8.493604289873625535e-02
8.501394497257649951e-02
8.509790090252440653e-02
8.502547750833008844e-02
8.498966597607315876e-02
8.484432865470004081e-02
8.490234917348243870e-02
8.496998269212709121e-02
8.485400172474268088e-02
8.503582045100246956e-02
8.512534478676472838e-02
8.524915042825750855e-02
8.518037476218426329e-02
8.522630950280092599e-02
8.516771134652542652e-02
8.517306698110901908e-02
8.506014299387201771e-02
8.505613344368577466e-02
8.510863776617605403e-02
8.518505756826172393e-02
8.517735553174549112e-02
8.512959555731011707e-02
8.509200752468648599e-02
8.512252029127659325e-02
8.518220483138100318e-02
8.521046810486315737e-02
8.514224759301736167e-02
8.511138166315307396e-02
8.503025264206245937e-02
8.492086869269194205e-02
8.492737642996658898e-02
8.477220591173245667e-02
