4.967677023679548221e+00
4.808229558124335057e+00
4.720342836625784244e+00
4.617272273106256542e+00
4.372314788195682311e+00
3.152545051801983078e+00
3.144359297381958296e+00
3.028163678317540963e+00
2.750280584153191654e+00
2.492772274199573701e+00
2.180029789041786792e+00
1.853272870670131134e+00
1.633144448796151504e+00
1.555553804577911148e+00
1.242503013721567573e+00
1.146513465093329298e+00
1.015037765061084674e+00
9.646375998124634421e-01
9.416982735104828528e-01
9.145993436846930891e-01
9.118614621571556889e-01
8.913016782775433633e-01
8.827838274530540597e-01
8.747336527315450194e-01
8.515645273353459332e-01
8.154782329148974052e-01
7.709327661840104096e-01
7.247051475465464687e-01
6.497249763704815440e-01
5.686658209087416260e-01
5.423367037382602618e-01
5.312805073818656076e-01
5.137446727370041932e-01
4.906100505510178067e-01
4.866371046454644467e-01
4.686721151673878261e-01
4.538063666279515962e-01
4.485322313164359365e-01
4.446044377630879452e-01
4.424133485700207924e-01
4.410220108271664663e-01
4.502544683525298019e-01
4.572799774392872774e-01
4.599696622985351424e-01
4.586389977576161847e-01
4.472464777760065680e-01
4.336753648625790714e-01
4.290804801597130069e-01
4.188235125421136962e-01
4.140496844254092368e-01
4.029820186433064055e-01
3.985173833512052899e-01
3.903243531869418081e-01
3.689205413744356399e-01
3.402800753138546241e-01
3.289676149106465219e-01
3.225216786209436082e-01
2.880654509640179217e-01
2.717445322362298521e-01
2.692530440466658348e-01
2.589403106358562079e-01
2.467130488114421816e-01
2.396831483691012066e-01
2.251078328640352677e-01
2.152406895856116831e-01
2.091937746357252492e-01
2.051530991642074864e-01
2.031438614531548281e-01
2.015601764152890607e-01
1.996243307138589329e-01
1.974283713497263226e-01
1.938410975568247707e-01
1.915169878085383193e-01
1.931313240738213588e-01
1.950800668253520331e-01
1.965327531753049972e-01
1.952754704994369706e-01
1.884752377302832405e-01
1.774425820979158019e-01
1.579250333047199084e-01
1.529748850880450484e-01
1.492362639687810910e-01
1.452612378585529385e-01
1.418525991800707042e-01
1.387557768543276060e-01
1.370403794003326459e-01
1.339271958012480945e-01
1.325703986175328086e-01
1.308712468656620109e-01
1.300491798973171798e-01
1.271005552570872166e-01
1.258861710381849186e-01
1.245352666472643172e-01
1.246687968737188457e-01
1.250252944746388650e-01
1.249588138611967270e-01
1.256884604169581643e-01
1.260855547222253514e-01
1.255283437940879210e-01
1.238639620787073264e-01
1.232901984512995153e-01
1.229659361265527384e-01
1.235948221659922547e-01
1.239306678455130012e-01
1.239676810806974588e-01
1.238368587928671966e-01
1.231391158733157187e-01
1.228218881977274912e-01
1.214120959203562056e-01
1.205777581861850745e-01
1.200179071771385331e-01
1.196151473868861392e-01
1.192399171371167355e-01
1.188657857280258356e-01
1.185444686803213965e-01
1.177868916527346765e-01
1.172728583927133972e-01
1.172698427511106034e-01
1.167402994654305193e-01
1.162775531196859891e-01
1.157628308863159761e-01
1.147621427009938022e-01
1.135278950720089997e-01
1.132574712609599465e-01
1.127426328661926269e-01
1.112088583957552557e-01
1.109959899348993695e-01
1.104536888443682918e-01
1.088261215729481868e-01
1.069308366494925028e-01
1.067540891139359127e-01
1.056049803004139864e-01
1.053449935068158649e-01
1.049922694300300247e-01
1.043395113851762063e-01
1.037468895183095707e-01
1.028505907747044312e-01
1.022831195900234663e-01
1.018121187523990667e-01
1.007091130891482611e-01
1.005492037544051531e-01
1.005987927104359525e-01
1.004117190228391299e-01
1.005870449886318851e-01
1.006825415603804230e-01
1.015307445863796176e-01
1.014687037241133183e-01
1.012896650337047344e-01
1.008841566252788868e-01
1.006986763670563723e-01
1.002030394431847882e-01
1.000020137989006686e-01
1.000971697225613855e-01
1.004390382770310175e-01
1.004309989132565889e-01
1.016540167464456690e-01
1.027401471711285874e-01
1.030614781879942571e-01
1.025003658138445017e-01
1.019653177989406634e-01
1.016593212358767317e-01
1.014818561848314094e-01
1.012163896538624264e-01
1.010174743875617565e-01
1.006767849441655149e-01
9.993454947072942518e-02
9.932951723502493613e-02
9.861655751348524790e-02
9.802144551660302296e-02
9.716950038962074432e-02
9.574764314225057971e-02
9.485113112526250001e-02
9.442086223369353104e-02
9.438000460198900377e-02
9.402982555864841663e-02
9.372377391651538769e-02
9.347189191999086266e-02
9.324454768399154103e-02
9.309914400486554720e-02
9.322025859864939423e-02
9.340830985298698153e-02
9.343176658858887151e-02
9.322568617884285924e-02
9.163141665462321006e-02
9.032080050739843546e-02
8.758005627962336948e-02
8.496964520953170785e-02
8.478335093264871558e-02
8.453343358770429306e-02
8.435388060850333714e-02
8.413522207766893635e-02
8.371288427433225265e-02
8.354434443301783642e-02
8.353479732616611586e-02
8.358115323327902635e-02
8.354822944497407311e-02
8.338556119742286665e-02
8.291084951316475549e-02
8.241119676322503085e-02
8.161688712258083345e-02
8.035006816879003422e-02
8.011052573749649630e-02
7.942901893759435339e-02
7.874232454479064558e-02
7.867000078331731761e-02
7.854111915899081309e-02
7.832181535335420997e-02
7.759299857995557992e-02
7.747533480905476055e-02
7.665542965697338951e-02
7.550600692517323020e-02
7.532603822331085386e-02
7.531856640043584072e-02
7.543053280569644858e-02
7.551584064408727037e-02
7.577391778955502866e-02
7.592298968230565270e-02
7.592074290961345340e-02
7.563849824998047922e-02
7.519688341721009195e-02
7.495026871740594065e-02
7.448451147908941028e-02
7.350689962575579495e-02
7.306053058509541509e-02
7.207006683185748774e-02
7.198171437982819887e-02
7.167688717392485531e-02
7.171183530693786556e-02
7.192348247278829154e-02
7.216538804495367665e-02
7.244123329985119319e-02
7.242743370331938824e-02
7.257803855346597888e-02
7.283032981059635314e-02
7.300500090278137788e-02
7.265937325805130187e-02
7.229516771394731145e-02
7.188663149448593082e-02
7.162639784703914159e-02
7.128755224491331588e-02
7.097974924390870743e-02
7.078283626774689585e-02
7.054128272345817907e-02
7.037193732195884399e-02
7.022307175958013292e-02
7.024515979455830950e-02
7.029340485080670664e-02
7.035727672092761953e-02
7.057062835177040083e-02
7.062076924720897542e-02
