2.172344162779344667e-01
8.487535656929688643e-02
6.920538232348306951e-02
6.351203977535174738e-02
6.287240613442643400e-02
6.713308766653125481e-02
6.599594076447704016e-02
6.500901114549870186e-02
6.486335689896445544e-02
6.611399133377657278e-02
6.610272208141365624e-02
6.579553657162262592e-02
6.480443888337632241e-02
6.520987536786174155e-02
6.692863515469901770e-02
6.625434735006681397e-02
6.668806810584104738e-02
6.832552131093322378e-02
6.868816540258117220e-02
6.983638420699372906e-02
6.991891448319098590e-02
7.011049777126668325e-02
7.131495182405907240e-02
7.176909567597886119e-02
7.423153962828549224e-02
7.214247865843195773e-02
7.347041587378924654e-02
7.479630822658057954e-02
7.557654365860039247e-02
7.759434057009167995e-02
7.694058109943033297e-02
7.731949291804850188e-02
7.707122754582465540e-02
7.838815081317299094e-02
7.808919401214772793e-02
7.878217274329095410e-02
7.870238446716928959e-02
7.900986172336633973e-02
8.111653703589985498e-02
8.153922426886010821e-02
8.331808785365313330e-02
8.235795130633265237e-02
8.127327949968218834e-02
8.302602768381811549e-02
8.366365013479798440e-02
8.401674556301383379e-02
8.365722123845119318e-02
8.410385644739651334e-02
8.569974132309939041e-02
8.501185083942117138e-02
8.403724680147078852e-02
8.791027990370353651e-02
9.808719280173826272e-02
9.976279744658783644e-02
9.788206541242633341e-02
9.880091672092893018e-02
8.858401565820883672e-02
1.594711534896516014e-01
2.404223859650274353e-01
3.266030550745435690e-01
1.112579690357319573e-01
7.540330338110665109e-02
6.671229220007403315e-02
6.431976193663589692e-02
6.401937924227645016e-02
7.031564538764630001e-02
6.170387365387686868e-02
6.027921525339203362e-02
5.762589853476746127e-02
5.839974939868849968e-02
6.030999312587762007e-02
5.863055174213267773e-02
5.805519886591171269e-02
5.771342399193332695e-02
5.725201284995017070e-02
6.127592754605255820e-02
5.819413020707138451e-02
5.751042709580739265e-02
5.577086614219325944e-02
5.419505427205212333e-02
6.051986604902405420e-02
5.784676321336246207e-02
5.745326638424715082e-02
5.662045122826012133e-02
5.501123786915922825e-02
6.109796480354780929e-02
5.877225758021961677e-02
5.849881778022657242e-02
5.763021104208902040e-02
5.704824929310670090e-02
6.150814792932134123e-02
6.025440154594157577e-02
5.970328865486265735e-02
6.000510267406206077e-02
5.925586194558907227e-02
6.330281760384527667e-02
6.297203471670625996e-02
6.184330260450691952e-02
6.260793122426409896e-02
6.570482967848170763e-02
6.580946475209516200e-02
6.615506034488352616e-02
7.437481141158042153e-02
7.852783248660061277e-02
8.271922886621177473e-02
8.586699322622498576e-02
8.986977909145416055e-02
9.485489467956062515e-02
1.089866430994889113e-01
1.458859340575192343e-01
1.440092626348277727e-01
2.206359192529663837e-01
2.473278066789175722e-01
3.032281450350386987e-01
3.450365456253041696e-01
1.586474522973115864e-01
1.677872201332284152e-01
1.763546267064468043e-01
1.829032934497927532e-01
1.925867304485796017e-01
2.146329748689168870e-01
2.135545823141781208e-01
2.238428776593767711e-01
2.358372630279651772e-01
2.356013303438390105e-01
1.788009982907178275e-01
1.885465005536391403e-01
2.145778326448196383e-01
2.401449592971465763e-01
2.589572106089392256e-01
3.000135242196567686e-01
2.515917880041025345e-01
2.353917931923391604e-01
2.377224741530274965e-01
2.701821128414231832e-01
3.022703014845821712e-01
2.564156217997271558e-01
2.710015398089893335e-01
2.797229302506676896e-01
3.288418071995837799e-01
2.997716185867106420e-01
2.434600055485500736e-01
2.321310315567998162e-01
2.340838273939085945e-01
2.565424876659605502e-01
2.229276680326772730e-01
2.273866290747112162e-01
2.351144896520401262e-01
2.436464212346515779e-01
2.442432352189743416e-01
2.726933766101167222e-01
2.885579271615035246e-01
3.007504891658728807e-01
3.102846090207176388e-01
3.147706082371601877e-01
2.968519638487266965e-01
2.979694357018254358e-01
2.846337075370788394e-01
3.040375652321761213e-01
3.074706890255384240e-01
2.857414640077550749e-01
3.102016030637446131e-01
3.145105916896822063e-01
3.237773497849505966e-01
3.387757823593034456e-01
3.125206277259424126e-01
3.389291751986213130e-01
3.630575991363524935e-01
3.581540474386560868e-01
3.439740695439760243e-01
3.266473922819955744e-01
3.444890351557649000e-01
3.527650788470054755e-01
3.492855644076451882e-01
3.474892664584792179e-01
3.525336177536944060e-01
3.655420481262803278e-01
3.519031860101711207e-01
3.422320488179367293e-01
3.464543469644322249e-01
3.870229086169658661e-01
3.575574230330129666e-01
3.074143441004730248e-01
2.789496431518859731e-01
2.754689647560019106e-01
2.909647899537103344e-01
2.987103549430107363e-01
2.938396156956932792e-01
2.868205287699130412e-01
2.872997186929649449e-01
2.850482009633926728e-01
2.926723446268643114e-01
2.899826281913390758e-01
2.861263526352930131e-01
2.777842569001622852e-01
2.726879342403407680e-01
2.811903210332274972e-01
2.854172351513922790e-01
2.898768480573249429e-01
2.885082008128475595e-01
2.750606770854190364e-01
2.846119557511138654e-01
2.955976196683024471e-01
3.104272281998388672e-01
3.305372639742316654e-01
3.131069438841037611e-01
3.138138776052407652e-01
3.216204717550684711e-01
3.348420873011069832e-01
3.541764585168629687e-01
3.555148545876906097e-01
3.523627072289527984e-01
3.572215991468220553e-01
3.572158844521540200e-01
3.706586260471578242e-01
3.323991744212341226e-01
3.441173090783402611e-01
3.525052177958205579e-01
3.701908358321881476e-01
3.781902521453125998e-01
3.428121206126100162e-01
3.493530124269117465e-01
3.658269635645811091e-01
3.724885753923687925e-01
3.882231708878461918e-01
3.506968211384072776e-01
3.535940144807931951e-01
3.630898152066049933e-01
3.828621824510688998e-01
3.942537363103176817e-01
3.647377092890028427e-01
3.700328495847894361e-01
3.736713460358199734e-01
3.833076768882256458e-01
3.928408613929353921e-01
3.623814708530286310e-01
3.672271884723957158e-01
3.824432932547463526e-01
3.897705447847762961e-01
3.952518114488196010e-01
3.679709825556608527e-01
3.720737678196596732e-01
3.831064844804497604e-01
3.947673828833516696e-01
3.966051419091734531e-01
3.727532749889057584e-01
3.748970898128199947e-01
3.872098549652016608e-01
4.008779578974726587e-01
4.046547898238456731e-01
