5.289066161520144860e+00
5.007005360355025303e+00
4.978572415966095122e+00
4.982144042218536129e+00
4.929679298469892501e+00
4.749204091234950909e+00
4.140249025885625045e+00
3.914325839486869185e+00
3.708974201781514157e+00
3.543645609183287526e+00
3.584673121156161990e+00
3.281856897352252389e+00
2.952977600688743820e+00
2.798871699396142443e+00
2.680529513186732160e+00
2.835285529918034619e+00
2.692486762975518033e+00
2.620639756371875073e+00
2.559818267087754506e+00
2.502279729747712178e+00
2.662171235306292516e+00
2.572483740976528654e+00
2.521048562892358014e+00
2.487061504473007556e+00
2.466081111375246770e+00
2.601735896452672669e+00
2.538966920069583910e+00
2.501981173921296264e+00
2.465557431833753199e+00
2.438767068846161123e+00
2.593275140179011728e+00
2.529320591975786403e+00
2.501055870178952478e+00
2.468372025281704296e+00
2.442976861353624685e+00
2.602455370886009867e+00
2.539121372260114917e+00
2.517630189403626595e+00
2.493450865635173486e+00
2.457748121454785828e+00
2.587778788198020763e+00
2.538098355663700012e+00
2.521088300809670280e+00
2.503334348778139429e+00
2.475756508479414197e+00
2.582128894405789410e+00
2.528998356066519015e+00
2.512645415234832758e+00
2.476613914551377249e+00
2.444353515554953837e+00
1.230882820610114337e+00
1.026067412666820111e+00
9.256009015596644574e-01
8.551115248396623514e-01
8.936777596652316635e-01
8.950577998451088035e-01
8.793122443942436028e-01
8.855739188854783173e-01
8.680009250290271483e-01
8.574081074986130702e-01
8.968216587764338277e-01
8.771956299735477192e-01
8.799228916909198617e-01
8.911951776293194349e-01
9.705820448516733201e-01
9.940316860348212824e-01
1.002960503350765142e+00
1.018828756229434473e+00
1.072470283695618143e+00
1.095813465596645830e+00
1.129249885042007406e+00
1.094002754758026885e+00
1.100666088157328470e+00
1.105835923751475658e+00
1.132296622026402355e+00
1.139376112250541473e+00
1.128829662633906494e+00
1.126264411392026821e+00
1.158189718461068995e+00
1.154738377040859465e+00
1.211471482089940377e+00
1.210549962764158494e+00
1.194090578122300794e+00
1.251722352378505931e+00
1.288701713320934639e+00
1.344840755348448713e+00
1.345409293459476796e+00
1.345437003440782986e+00
1.352376612900133335e+00
1.387870612034047380e+00
1.371300308818979019e+00
1.351010266246952973e+00
1.362399177075441781e+00
1.382695756851207269e+00
1.438539277804603556e+00
1.406626073420773615e+00
1.397291653212592522e+00
1.405006267051945201e+00
1.430352513514322910e+00
1.444310618723845252e+00
1.589580667407227255e+00
1.694189124389240853e+00
1.866067661824471813e+00
2.084696133913769067e+00
2.329480085162883185e+00
2.113272863861568318e+00
2.320129616691819496e+00
2.652836872124066048e+00
2.948137382468703827e+00
3.252500964268660866e+00
2.787071671689402841e+00
2.986676976335016498e+00
3.346857642668323862e+00
3.620105313530235680e+00
3.959163438183945338e+00
3.800048527738641546e+00
3.843017766410417480e+00
3.937321363048048806e+00
4.248670214076255114e+00
4.515976785899049162e+00
4.231158228906892305e+00
4.291694283089121598e+00
4.409595665362955330e+00
4.669588355074112407e+00
4.972429091920198552e+00
4.809517612046170676e+00
4.721985614654757413e+00
4.722532669825655560e+00
4.873506460957507613e+00
5.014945622767781330e+00
4.862879678361286651e+00
4.837395305959061531e+00
4.868121209067273192e+00
5.004033326085027156e+00
5.193414545146168848e+00
5.097458697841585007e+00
5.068599093112821308e+00
5.132904241332569839e+00
5.390093091846281936e+00
5.574990067909512348e+00
5.475562609407489845e+00
5.444220863110423636e+00
5.531385089109887687e+00
5.667668430924753586e+00
5.767424632179608324e+00
5.753822336356510192e+00
5.742285121108453794e+00
5.841396539975512781e+00
5.980254944972255515e+00
6.209827162740550577e+00
6.243558224212749863e+00
6.198590182965658002e+00
6.473513116303886150e+00
6.900215814157308891e+00
7.358549972992793009e+00
7.301092221824698747e+00
7.271875738632598285e+00
7.560478648381807609e+00
8.083432874712695337e+00
8.778382521043839759e+00
8.759876435312094145e+00
8.904052866205899974e+00
9.223891588849649992e+00
9.871932823478642760e+00
1.051282280450728024e+01
1.046609397848670042e+01
1.046079637084034530e+01
1.046027974685747708e+01
1.078770144922627239e+01
1.137383399178574095e+01
1.126406394872415184e+01
1.134123205680960922e+01
1.146733484812575199e+01
1.191331249300326256e+01
1.253660211846548123e+01
1.250134102218235910e+01
1.241643013482735469e+01
1.247566411290743815e+01
1.279790542357110361e+01
1.331884267312094750e+01
1.330665852788608916e+01
1.331966342696303940e+01
1.349080148452613415e+01
1.381359709084226139e+01
1.432190672174738566e+01
1.435051639589378958e+01
1.428608375805781705e+01
1.428783764994686223e+01
1.440544117655209355e+01
1.477413954501501436e+01
1.468648547973195306e+01
1.473273804226911921e+01
1.487286175244300424e+01
1.502857732779173716e+01
1.552025308422413197e+01
1.567151206046220224e+01
1.561694859173318939e+01
1.572676435006076190e+01
1.586834102159537174e+01
1.606963310124790212e+01
