9.802623473653603980e+00
7.945224628717618920e+00
5.637642714308482184e+00
4.053431220518401545e+00
3.135475400542928170e+00
2.387549629468150858e+00
1.935155703591764809e+00
1.537097288277993190e+00
1.275722671065518288e+00
9.640792838828762257e-01
8.084645422581890895e-01
6.683180043813781168e-01
5.118741726314179896e-01
4.145766751135571138e-01
3.507614779038217834e-01
3.100116956160303694e-01
2.787414565131706712e-01
2.429843920446824179e-01
2.334758351819113120e-01
2.092924977697903088e-01
1.887178390919477255e-01
1.698872943757848142e-01
1.580874910924328081e-01
1.436096644261325994e-01
1.344777169612494383e-01
1.241303801340900015e-01
1.140582107306429283e-01
1.071093917695912778e-01
1.006673301668211673e-01
9.585032476021368431e-02
9.136945708068819338e-02
8.735739866217637206e-02
8.424975607931040056e-02
8.349294862547942953e-02
8.284776774067344196e-02
8.167480138444518922e-02
8.150838060114400097e-02
8.097204543939945376e-02
7.616885015245222768e-02
7.361502339772864334e-02
7.253630549006093164e-02
7.072191184500145611e-02
6.904401148426156376e-02
6.829561361807293118e-02
6.650267703269549524e-02
6.562552698010495900e-02
6.548577273953859468e-02
6.586483830889236502e-02
6.628080871951089192e-02
6.639320961473518801e-02
6.493575224006556401e-02
6.369766132942153436e-02
6.294886420641054858e-02
6.225086554049774623e-02
6.162536034191662404e-02
6.040913210250708348e-02
5.944978414443422010e-02
5.983739964663306599e-02
5.941674007825654968e-02
5.920758959763209456e-02
5.984857522693275145e-02
6.006136106236766026e-02
6.059563264472958566e-02
6.086642682076304212e-02
6.150418575804670468e-02
6.112672915079819108e-02
5.980624210792799544e-02
5.943989278684765065e-02
5.877348667936563298e-02
5.778532617050331777e-02
5.786514285012191172e-02
5.877513085944733456e-02
5.854257861192395385e-02
5.803473701839834131e-02
5.792580038849047541e-02
5.831057672117095914e-02
5.844869842281501249e-02
5.828266535402532034e-02
5.872492440557494642e-02
5.792004347775445150e-02
5.728805381992900514e-02
5.724129881444209311e-02
5.761455307024165862e-02
5.737379127380121124e-02
5.771384983352385867e-02
5.744002643878305669e-02
5.791862149975982033e-02
5.844575962798669033e-02
6.022131522896523315e-02
6.096777917099201194e-02
6.133723559303744244e-02
6.169583656128543869e-02
6.219360893959793857e-02
6.167259182637385012e-02
6.182012604539022238e-02
6.128907619735460277e-02
6.162896280940344251e-02
6.144223622061158879e-02
6.237522036152738647e-02
6.263411566192050861e-02
6.329577078907497323e-02
6.310166104805031706e-02
6.249137670313577309e-02
6.212995743342518418e-02
6.195495828366139046e-02
6.242014374470605115e-02
6.321298719924355047e-02
6.376202353786167287e-02
6.496795263446286661e-02
6.467974392725157895e-02
6.565793975125797100e-02
6.634690634106754636e-02
6.673831036893373980e-02
6.648355333548949808e-02
6.689283903447638957e-02
6.693620296442333306e-02
6.717905752716990531e-02
6.803287007446714996e-02
6.899763900444859377e-02
6.946618742857525730e-02
6.969790588076950344e-02
6.999566707345969419e-02
7.009991653818113677e-02
6.983820088415970684e-02
7.024519519048977312e-02
7.139947958455174215e-02
7.102936750345656414e-02
7.205086540947261420e-02
7.243674973520172755e-02
7.286683049933886935e-02
7.189579190037720391e-02
7.085448760319551509e-02
7.061291993370077957e-02
7.185540048371419353e-02
7.222381807350675142e-02
7.412909604907755301e-02
7.426331380413046801e-02
7.421165891007625026e-02
7.432800439683923122e-02
7.503589733121995842e-02
7.537247294903756667e-02
7.464342588197309114e-02
7.448936451334570163e-02
7.467678468518991475e-02
7.567512100233581007e-02
7.641548165984363150e-02
7.595141004229849502e-02
7.595342401943894206e-02
7.574234975306395889e-02
7.560015344247147939e-02
7.550768108492464381e-02
7.604007250157157616e-02
7.530795076697291424e-02
7.584743985925324061e-02
7.661793180031128969e-02
7.725270483856598591e-02
7.790565888751588286e-02
7.805878807369530381e-02
7.874545139358499202e-02
7.862170201637422307e-02
7.829904034964270398e-02
7.869106385242846669e-02
8.090348031276448082e-02
8.246620173264936071e-02
8.310969102245641116e-02
8.308837357806997392e-02
8.316083229982519642e-02
8.365745022314492740e-02
8.327623153786467558e-02
8.424423884857476508e-02
8.437524722771011509e-02
8.407611264862485667e-02
8.394348065683394922e-02
8.409037592259677174e-02
8.521868260828613373e-02
8.716787109184762072e-02
8.842451660573387440e-02
8.729236563926118242e-02
8.644759173302554722e-02
8.564009183502500899e-02
8.731764761649787876e-02
8.877391614205276671e-02
8.804066858691489417e-02
8.741623359092358381e-02
8.799462653457297556e-02
8.781612105295055759e-02
8.762003794676317958e-02
8.683942451567411291e-02
8.765356109222635639e-02
8.994717898762324970e-02
9.094267129599170607e-02
9.114441450728751060e-02
9.134206911416481445e-02
9.189492417946093505e-02
9.141636873201353097e-02
9.253645180155693761e-02
9.303904101547694205e-02
9.316376997180585151e-02
9.376416763917186370e-02
9.412552900838846992e-02
9.587555983113313363e-02
9.580122159086613964e-02
9.614438089727428416e-02
9.737385975427136076e-02
9.784656890169171617e-02
9.770309040768282438e-02
9.770341857340711367e-02
9.656978848015358718e-02
9.832575146983124625e-02
9.933322215425174906e-02
9.939422853101390065e-02
9.974634739504148473e-02
1.008579681355588342e-01
1.011057416929500852e-01
1.016964495935434309e-01
1.014508136373633851e-01
1.014863991558573736e-01
1.023750409111799375e-01
1.024769463802056718e-01
1.029341145286716830e-01
1.035228630309770748e-01
1.039719549756583095e-01
1.035003831735563096e-01
1.038694440583136230e-01
1.039537650389127793e-01
1.043821614647216511e-01
1.049814249473105809e-01
1.049755760817350225e-01
1.048290153441184674e-01
1.044226086155694566e-01
1.044384938850027866e-01
1.049308352293683161e-01
1.057847699367818473e-01
1.059392169059141936e-01
1.059883780885673976e-01
1.061527306243298246e-01
1.064700730175990873e-01
1.059921942437609121e-01
1.048377817818970381e-01
1.060886040637813443e-01
1.064994711500684976e-01
1.054993716740111886e-01
1.054559500457251664e-01
1.055930853841713091e-01
1.056899564249895312e-01
1.060615676661305629e-01
1.062181099243428573e-01
1.063093902548569586e-01
1.061504044002774261e-01
1.056156600726401162e-01
