9.074465841896103058e+00
7.576418998782321168e+00
5.853986750853457544e+00
5.298849650526681998e+00
5.140767924899538599e+00
5.091760047447300153e+00
5.048419218014257304e+00
5.013180487886348402e+00
4.988499862296698950e+00
4.973161845934365388e+00
4.966363721382216490e+00
4.962975593271119479e+00
4.961260994893795129e+00
4.959161457089408032e+00
4.958781028320885298e+00
4.958251782281844378e+00
4.958349844783089821e+00
4.958456314643794549e+00
4.958422617235141772e+00
4.958464254749940459e+00
4.958500126488218029e+00
4.958847171760067951e+00
4.959107881631302561e+00
4.959694441579607371e+00
4.960605733755505398e+00
4.961506877780500702e+00
4.961347414597383931e+00
4.961952060233560502e+00
4.962719113841988161e+00
4.963035476399785928e+00
4.962839367960519610e+00
4.963524633078461257e+00
4.963723950934997298e+00
4.963974989593200604e+00
4.964412687906262889e+00
4.965598781965278263e+00
4.966604568520276430e+00
4.967864887449431777e+00
4.969185480917387210e+00
4.969287633875930865e+00
4.968072033498866169e+00
4.967460729101869532e+00
4.967277000032503054e+00
4.967925958330763336e+00
4.968281911677978613e+00
4.968543854425778505e+00
4.969231630194127725e+00
4.970134319493709540e+00
4.969781168950689221e+00
4.969590524516707575e+00
4.969716730150329553e+00
4.969979208811144744e+00
4.970210824026748853e+00
4.970265701316748164e+00
4.970502983075911985e+00
4.971109259050471074e+00
4.971138566255151048e+00
4.971713404952969206e+00
4.972295932127241969e+00
4.973092307629437769e+00
4.974415403736122343e+00
4.974577978856031812e+00
4.974457407530868736e+00
4.975619184141067741e+00
4.977601615213991693e+00
4.978265388855098728e+00
4.978284169320614794e+00
4.978184521301876941e+00
4.978803840064178310e+00
4.979454121902223918e+00
4.978897907634303621e+00
4.979776399543332843e+00
4.980595131678890120e+00
4.979683530833334260e+00
4.979932445283274944e+00
4.980223335790837424e+00
4.982153456386448909e+00
4.982766183251523984e+00
4.983302288994785556e+00
4.983536544069375296e+00
4.984166842367029560e+00
4.984190728600788489e+00
4.984849455613321823e+00
4.985041875729628202e+00
4.985222855940241615e+00
4.985862288327268743e+00
4.985582379287460952e+00
4.984866154002141059e+00
4.984921867083659919e+00
4.985701142957863929e+00
4.987157898076515217e+00
4.986904676412361681e+00
4.987406390188223959e+00
4.986935369029641407e+00
4.987685375697894941e+00
4.987526499775333910e+00
4.987861524515271761e+00
4.987976550757462491e+00
4.988761436678431416e+00
4.987855851319578093e+00
4.987230100699058255e+00
4.987593672224555519e+00
4.989152654414339416e+00
4.988386816585590466e+00
4.986881095782113249e+00
4.985609719235770676e+00
4.986428505545369205e+00
4.987715918833828255e+00
4.988312874425909982e+00
4.988337425460157348e+00
4.988921332559788979e+00
4.988887006660945644e+00
4.988481992365366935e+00
4.988832388846150323e+00
4.990400059271740574e+00
4.990390596864898498e+00
4.989686995924714097e+00
4.990356701165183928e+00
4.991339446099635424e+00
4.989965413227821500e+00
4.989432195046484608e+00
4.988894863698248194e+00
4.989762246508837151e+00
4.989913706457222986e+00
4.989691927971344754e+00
4.988558687209114773e+00
4.988705245963567236e+00
4.990502703824944319e+00
4.991354159244041355e+00
4.990054692023394800e+00
4.989178566054386366e+00
4.989881011435599589e+00
4.990718503431295971e+00
4.988254849517192113e+00
4.986771840206372985e+00
4.987366149675167115e+00
4.985862488436030304e+00
4.985176842561136468e+00
4.984384068272262880e+00
4.985175507158517760e+00
4.983188649462223729e+00
4.982442437089138920e+00
4.981987335742608991e+00
4.980656649530642355e+00
4.979134296337704768e+00
4.980284446761943151e+00
4.977500527787297457e+00
4.977751726537881893e+00
4.978443891540927702e+00
4.976194536266188351e+00
4.976885036481993652e+00
4.977544666577006893e+00
4.974799289393946111e+00
4.976260644263893695e+00
4.975387013474933617e+00
4.973932655507588230e+00
4.972553409691578885e+00
4.972663506147547707e+00
4.971129516578590923e+00
4.971420271152704018e+00
4.972280409558043957e+00
4.971775570120700039e+00
4.973076055327076972e+00
4.970182313142785802e+00
4.970577548557653103e+00
4.971268246003182512e+00
4.969782061186939437e+00
4.969681119584290485e+00
4.971714013111723673e+00
4.974526747710742214e+00
4.971871416068744054e+00
4.975519277484014680e+00
4.977029296875413067e+00
4.975213180312049843e+00
4.980981174932328059e+00
4.988091970804727993e+00
5.002737983223364715e+00
5.037542344909148540e+00
5.087959033321377333e+00
5.131261296378124115e+00
5.175596716379352813e+00
5.205268090161287553e+00
5.285564870605274024e+00
5.372475791072488960e+00
5.411010915070256999e+00
5.409883615593511053e+00
5.431524913209603511e+00
5.453279465176130714e+00
5.474087611949684629e+00
5.477593950107861431e+00
5.499604600952922695e+00
5.526060346547855495e+00
5.573715598735004662e+00
5.610921426722415006e+00
5.634037834527342525e+00
5.673799794953902520e+00
5.700640929851123140e+00
5.713306051483321824e+00
5.722842333526157788e+00
5.737385981724582251e+00
5.742011837113206063e+00
5.742956039397531853e+00
5.742259827579981213e+00
5.737212284017628505e+00
5.736890745070904352e+00
5.736874813743856549e+00
5.740439850635576491e+00
5.739973604872758983e+00
5.744906231305452415e+00
5.745622759787652356e+00
5.750438014893360261e+00
5.757921324607652380e+00
5.751823129336774088e+00
5.747574298934612358e+00
5.746727344507583268e+00
5.753293667362235908e+00
5.759649059736069887e+00
5.779980049160655220e+00
5.818258533132413035e+00
5.899215801523894243e+00
5.930587821418111361e+00
5.980784051366491383e+00
6.047320887664755062e+00
6.163201600815392922e+00
6.172698046045905329e+00
6.154702883318011963e+00
6.158480380372256313e+00
6.193178757910406063e+00
6.214229686769883187e+00
6.267810954509885235e+00
6.301641804205625697e+00
6.329210895106799128e+00
6.401526174822382842e+00
6.444451395186700182e+00
6.518197465242132616e+00
6.556915135491864000e+00
6.625310071231702125e+00
6.652315640422511223e+00
6.688570969418822898e+00
6.699512547965482234e+00
6.700305744048659307e+00
6.720886199722059473e+00
6.745853058249668521e+00
6.781118602660519912e+00
6.804559479628267127e+00
6.814302091195415301e+00
6.818481398421729622e+00
6.857050393153123480e+00
6.915697704009141411e+00
6.987063777218821770e+00
