1.971142280825226578e+01
1.898798132741637801e+01
1.789887659791341434e+01
1.351522391855898420e+01
1.132548250098419373e+01
1.044209903479198331e+01
8.176240412142739444e+00
6.242687666574417094e+00
5.217953645742159807e+00
5.122347449181333445e+00
4.890783228459497423e+00
4.385414029517850310e+00
3.995740283379269009e+00
3.898873275808521832e+00
3.691076635559502161e+00
3.179295600584914006e+00
2.970531648854552120e+00
2.806019825170527504e+00
2.503153388876141250e+00
2.305022594490469423e+00
2.214522529526631978e+00
2.138581875652450393e+00
2.097785115154915392e+00
2.141158192942729244e+00
2.157979747640951462e+00
2.161041047572356710e+00
2.160750985213450992e+00
2.148746868231171891e+00
2.091287011972199572e+00
2.014973690004754570e+00
1.801806272768847306e+00
1.689876076941857708e+00
1.658088245243563463e+00
1.625212659443760588e+00
1.562323721385535436e+00
1.519163392333957363e+00
1.481552061546199450e+00
1.446800416222273844e+00
1.357634009507175943e+00
1.318152701459843978e+00
1.229461231905930374e+00
1.167500139224705080e+00
1.035897096534518003e+00
9.488038107762439832e-01
9.266493556606614224e-01
8.137765015881590625e-01
7.599180737433867128e-01
7.331148851512049314e-01
7.382010103072330631e-01
7.315246076648115325e-01
7.296062319926762685e-01
7.013530950196777969e-01
6.537968065079728941e-01
6.095009383215755916e-01
5.831513623618160835e-01
5.557588303197805724e-01
5.199602262362146288e-01
5.094744560414777856e-01
5.097620961200779455e-01
5.063817689194540783e-01
5.011330868838639319e-01
4.935151477802417475e-01
4.894797374881211249e-01
4.855562206232150735e-01
4.715326785594879944e-01
4.561968941900969576e-01
4.485278263994593173e-01
4.422176260922413560e-01
4.381488071909990789e-01
4.352285014977345101e-01
4.326948810109132459e-01
4.268335459729930559e-01
4.191125668876959920e-01
4.048610681541756628e-01
3.837619424917179112e-01
3.672261244857225604e-01
3.607500764418711259e-01
3.531723039834607780e-01
3.438596254691386189e-01
3.390627705302915462e-01
3.348975007173731200e-01
3.337912744671057697e-01
3.317830595624381429e-01
3.259097639481161601e-01
3.221837500997649650e-01
3.186921341271051755e-01
3.126294387673331787e-01
3.039130617117895561e-01
2.967654729403103042e-01
2.898076859953410134e-01
2.841710913606811939e-01
2.771957279889084580e-01
2.649269516747967401e-01
2.586974923726330644e-01
2.558498418861377965e-01
2.498626435251929678e-01
2.474190770161977526e-01
2.466930580084120694e-01
2.450589423642244302e-01
2.413216674731372691e-01
2.395586777031407100e-01
2.388262721761766905e-01
2.382029681945212474e-01
2.375474408468602194e-01
2.351362708661827727e-01
2.326970425344956905e-01
2.284260009943359093e-01
2.199692798244006764e-01
2.137793138424332051e-01
2.098758717463632961e-01
2.051467218755860245e-01
1.922837384736787725e-01
1.880938236327582280e-01
1.721271189019711600e-01
1.619131958362960422e-01
1.571769510335181419e-01
1.551101616983886489e-01
1.494745642711826084e-01
1.431207025656260345e-01
1.378955551794114054e-01
1.364964118059643905e-01
1.324950321646845286e-01
1.291070521103349356e-01
1.261571665292623434e-01
1.232216446029163609e-01
1.216476437649102738e-01
1.207493094778538945e-01
1.208729726119529280e-01
1.201751189655347885e-01
1.190102460215228253e-01
1.162834900343185790e-01
1.153021310346949990e-01
1.146923793273334213e-01
1.142469750136993478e-01
1.131990355357389844e-01
1.114026739022760393e-01
1.091889959169038415e-01
1.091446015716650286e-01
1.085532764289058039e-01
1.084433317161486998e-01
1.090026367683883113e-01
1.102936036204960613e-01
1.128048018961871346e-01
1.136255665784607349e-01
1.137504283152816764e-01
1.094696583633863463e-01
1.075942657358366639e-01
1.068047787174929153e-01
1.053981931522462445e-01
1.035350343728834166e-01
1.018890446604610589e-01
1.008231825668398224e-01
1.010442915903077415e-01
9.999375521160552838e-02
9.983773801177675544e-02
9.945637089823690380e-02
9.899313796569723933e-02
9.806953674347798633e-02
9.770433289520023823e-02
9.750089148489908542e-02
9.677755924521608266e-02
9.574988633115845416e-02
9.555603417713384728e-02
9.499046949541845031e-02
9.453017208525579806e-02
9.362478779950397789e-02
9.152803023333185017e-02
9.001660518303633562e-02
8.839505958893519033e-02
8.698372532553505510e-02
8.588567950415990082e-02
8.509208641728543965e-02
8.585763273992440270e-02
8.681924186839781732e-02
8.677591019215838419e-02
8.886804219578670061e-02
9.006460396608984009e-02
8.994715929010933808e-02
8.855853079146197571e-02
8.716549813285009995e-02
8.618164896597613200e-02
8.417105294389885806e-02
8.227182275059809202e-02
8.143801116867271928e-02
8.097073795522199968e-02
8.136790650194353214e-02
8.151232124593127404e-02
8.150521524434520271e-02
8.200294307793620785e-02
8.171330481415184366e-02
8.162067831508675042e-02
8.031679804461762384e-02
7.905584094842660337e-02
7.847967507665229436e-02
7.799201616235201806e-02
7.706800462320015366e-02
7.651428818598562942e-02
7.557559697625632067e-02
7.476190197554745398e-02
7.363869058158231673e-02
