4.449037447389200040e+00
4.282150295410085405e+00
4.203573262821811873e+00
4.120169396971806286e+00
4.114116894877463793e+00
3.927796071102698683e+00
3.877439921081428764e+00
3.443313379863050638e+00
1.776585594212247710e+00
7.468087778339165261e-01
5.584507290259432821e-01
1.849511896106653674e-01
2.392226332776138387e-01
2.674080830216507554e-01
2.413555036924903974e-01
2.246554148875209711e-01
2.107259093059424271e-01
2.112094096837062451e-01
2.025889168628745574e-01
1.916441837649040525e-01
1.749912840982806306e-01
1.674620176934586979e-01
1.503050927533678416e-01
1.347649033582818123e-01
1.327491385826281012e-01
9.294031480558004321e-02
6.162109507107669387e-02
5.390201826823351472e-02
4.348435990450537358e-02
4.270302851441608316e-02
4.539312967245315300e-02
3.970516467993649712e-02
3.862159395661662192e-02
3.912185115987119877e-02
3.356890555281903665e-02
2.994819228339127420e-02
2.760504484295006611e-02
2.903064309619026589e-02
2.897687004976904485e-02
2.888406427068820198e-02
2.769226481270104651e-02
2.655763966155651537e-02
2.618395830679276157e-02
2.595804382195752991e-02
2.428206563964640380e-02
2.368327610491800794e-02
2.249815371752239557e-02
2.151238502431318533e-02
2.047913186666600743e-02
1.974162895883790209e-02
2.033480489545165526e-02
1.967891453155140580e-02
1.958751195929777159e-02
1.970826488269988505e-02
1.969945986509148012e-02
1.989850762854743910e-02
1.936591611524458856e-02
1.871957098507443656e-02
1.807264123616778365e-02
1.773963197150975335e-02
1.693956599779382344e-02
1.617587156982398106e-02
1.596847024575217058e-02
1.467257579117659493e-02
1.448743445200037158e-02
1.390696018322086849e-02
1.409438047183155310e-02
1.492119449974032251e-02
1.460618962415748817e-02
1.465112839268453357e-02
1.289006054895129420e-02
1.295401557725327397e-02
1.249256448466702987e-02
1.242832998667025603e-02
1.187383950757781720e-02
1.193678939410880782e-02
1.225732012184071670e-02
1.237453684477559518e-02
1.247361266306312201e-02
1.239367551284351401e-02
1.220627640843971462e-02
1.174742097216318649e-02
1.166899076321729380e-02
1.175659154561285551e-02
1.183918434656691838e-02
1.295074484889408364e-02
1.308063178189803819e-02
1.319816109494578033e-02
1.236914485444519547e-02
1.247373139061773960e-02
1.240730389003623368e-02
1.256052833619746706e-02
1.249946952737534048e-02
1.248944986607075300e-02
1.253674981266395157e-02
1.239876306715400472e-02
1.256234362053120987e-02
1.265810709651479446e-02
1.282966699220953674e-02
1.314754918517770793e-02
1.313407002994510311e-02
1.350193102161221896e-02
1.348509014807396447e-02
1.384059854359472735e-02
1.400391905831929393e-02
1.415286295801117256e-02
1.408836349024891570e-02
1.376973273825587984e-02
1.373765712743737696e-02
1.376316744507773485e-02
1.379335467031933028e-02
1.405057706941452433e-02
1.423284589403459900e-02
1.431060178594593946e-02
1.449180742390113880e-02
1.433370660212602427e-02
1.430696954340936883e-02
1.423119686390091759e-02
1.431622900616111305e-02
1.438933442503842128e-02
1.438440448717048445e-02
1.454236480141793408e-02
1.455247470157709951e-02
1.453119643954504242e-02
1.455831501775593784e-02
1.432270196664302622e-02
1.408496482004808342e-02
1.408601568648828670e-02
1.409978605750967368e-02
1.395967631576855265e-02
1.387645533673684782e-02
1.384512134929742622e-02
1.380373482678107916e-02
1.366840690281831763e-02
1.376087080599215987e-02
1.386208344687278951e-02
1.391663073106004511e-02
1.378411651676369684e-02
1.362130848795738494e-02
1.350457259784240693e-02
1.342592156109627746e-02
1.336256305202808414e-02
1.319997765033214393e-02
1.311943409499047135e-02
1.328077058103564745e-02
1.332649474769801931e-02
1.324232219873386698e-02
1.314199541424290740e-02
1.308151028817480105e-02
1.291843392859504114e-02
1.281884329362430706e-02
1.281316209918273788e-02
1.269112372352675100e-02
1.283322443510364480e-02
1.280874416267073490e-02
1.276534298343858995e-02
1.277058347404982225e-02
1.272488372431566234e-02
1.281555505153894256e-02
1.258756545332331486e-02
1.251397839620074261e-02
1.240537578166427644e-02
1.239777005669720142e-02
1.246291868738267500e-02
1.245015622335427993e-02
1.246744591252953345e-02
1.244240301699535943e-02
1.230788676819065397e-02
1.224692000481925926e-02
1.200047295292090352e-02
1.189620973873366586e-02
1.183059941684398535e-02
1.177903920984059785e-02
1.184303897274618933e-02
1.178668336460793331e-02
1.200039528490997980e-02
1.200243215531768617e-02
1.234823258307138696e-02
1.249478138897646903e-02
1.255088108925739993e-02
1.254451671820208669e-02
1.220393319727609491e-02
1.225960087290129882e-02
1.227886964891001728e-02
1.233842014932319715e-02
1.256187394377436192e-02
1.270369819770529769e-02
1.282182054510423719e-02
1.279502861779460189e-02
1.290886839802520003e-02
1.285366119959294173e-02
1.300661006074817910e-02
1.327832795063322094e-02
1.334059371226713198e-02
1.352482694807895409e-02
1.364033248277949500e-02
1.373971813762147991e-02
1.377398199680179847e-02
1.383280921140825695e-02
1.380938324250365577e-02
1.393581343203429204e-02
1.403300564438394668e-02
1.403586118849625350e-02
1.401395262483335138e-02
1.398649511769544523e-02
1.383112135170982623e-02
1.379996497244995526e-02
1.365980319867168835e-02
1.362670641096953503e-02
1.356709401991472441e-02
1.363198759178595003e-02
1.369268558705361710e-02
1.361504937417587491e-02
1.348829870345608778e-02
1.345007499030598935e-02
1.324140769739183196e-02
1.307105069086283641e-02
1.295514489328054158e-02
1.270141923568779939e-02
1.244617779245434444e-02
1.232321743030063976e-02
1.181619048601593655e-02
1.187638938937858081e-02
1.165576878875276487e-02
1.196746409945470546e-02
1.198221929699826160e-02
1.198975872109577651e-02
1.209395976610874723e-02
1.214910685150945996e-02
1.217183257328730353e-02
1.219475357374148403e-02
1.210266329045592629e-02
1.218625615865397485e-02
1.214822532375917086e-02
1.218852513287207312e-02
1.229500661109118008e-02
1.243922100368987510e-02
1.248722504181903371e-02
1.263477710005761999e-02
1.271310386727959180e-02
1.284569998678652958e-02
1.324064701996130640e-02
1.308684569421538976e-02
1.301708723828873954e-02
1.317030031974519150e-02
1.324437938897167662e-02
1.329262983208304161e-02
1.332738002510252054e-02
1.331519352219692753e-02
1.333655640791800434e-02
