4.995601104331125697e+00
4.862176121042413257e+00
4.770311012971009568e+00
4.673925422705344168e+00
4.418324537195355894e+00
4.316553515508552152e+00
4.034962237859369694e+00
3.528997631726966233e+00
3.180691943943459776e+00
2.279348137439173083e+00
1.999369518777981636e+00
1.828572347684962240e+00
2.046880031066948824e+00
1.876053969769126528e+00
1.559107499794437635e+00
1.177820189712336596e+00
1.045426994305259649e+00
1.034962857086497490e+00
8.969166296379433856e-01
8.955639791404430561e-01
8.279303791424481584e-01
7.714037301815312997e-01
7.400199526334934053e-01
6.950428756481035197e-01
6.460476398543014698e-01
6.026550929387508582e-01
5.531506227880599313e-01
5.364143715144984448e-01
5.366419002966991147e-01
5.288528316874778756e-01
5.336337393065635482e-01
5.342629603177049269e-01
5.380139689526548530e-01
5.543977765871274110e-01
5.693627994367405076e-01
5.744291453306408224e-01
5.652645666238873545e-01
5.790725623069619132e-01
5.699738814795642927e-01
5.589228687244718330e-01
5.435799180778242423e-01
5.149903560428839011e-01
4.685460018219470002e-01
4.651268623944988523e-01
4.582932380441474551e-01
4.413896063119268076e-01
4.262458446640279841e-01
4.126042033069509118e-01
3.952506659431457292e-01
3.721485794648143886e-01
3.578369375215506576e-01
3.516127610786465851e-01
3.488923413776739424e-01
3.421080634991520153e-01
3.297458399432697251e-01
3.110027632129148678e-01
2.920549112765775668e-01
2.842809738818581344e-01
2.731783674246389682e-01
2.609264896408741707e-01
2.542265869994269067e-01
2.444036668099119625e-01
2.431124896911499023e-01
2.415490496626245820e-01
2.365363845924075004e-01
2.339746723963068986e-01
2.275530126052185409e-01
2.222362020103934577e-01
2.120798932717109508e-01
2.042735347926886158e-01
2.050452874375377210e-01
2.016946080895644089e-01
1.965113517555036882e-01
1.937410076202231435e-01
1.938179742097942415e-01
1.952810956873439197e-01
1.945818126863157471e-01
1.915060255761832086e-01
1.893359161548009428e-01
1.867779743907820311e-01
1.843378947405064916e-01
1.841897960734056594e-01
1.839690323165955321e-01
1.837224872700200518e-01
1.827478253211920478e-01
1.808982825783576609e-01
1.802451669535882206e-01
1.782482351732266879e-01
1.761676160500843524e-01
1.753151279762978909e-01
1.742490309084804845e-01
1.727759051020433256e-01
1.704671876523799756e-01
1.684643903971761170e-01
1.670838024858200821e-01
1.665839326686535671e-01
1.658582520247584569e-01
1.648910291017854080e-01
1.639081519152328914e-01
1.628307065229632755e-01
1.623532905006239702e-01
1.618486029316056896e-01
1.609674870979692640e-01
1.604754386842389136e-01
1.598410620638792135e-01
1.582781607717489436e-01
1.569209829746533169e-01
1.554547918946516671e-01
1.538744702574960377e-01
1.516326603019611530e-01
1.502749675763989101e-01
1.489494526954281417e-01
1.467474735600315383e-01
1.452574647017214615e-01
1.440996726205401313e-01
1.428950714086483775e-01
1.412244440725884398e-01
1.401544679599552035e-01
1.403603482286671089e-01
1.407580795409119068e-01
1.409795411377742780e-01
1.406632126161366791e-01
1.399859990122671316e-01
1.386711514476697271e-01
1.372243459638718133e-01
1.350906137951874975e-01
1.339415251111485683e-01
1.327102820286391316e-01
1.314248117914767200e-01
1.306619103723694886e-01
1.279059736826375637e-01
1.279248403114421340e-01
1.260339906419094824e-01
1.254127584858166777e-01
1.244627350337887961e-01
1.240546642721762349e-01
1.236221762782892253e-01
1.229525895535313051e-01
1.227895851010654127e-01
1.220811004681504053e-01
1.219429645291901787e-01
1.222395939302061696e-01
1.224450892093576215e-01
1.224555224005733634e-01
1.228838037519876525e-01
1.225887240338276729e-01
1.224619901014708107e-01
1.224779583854214565e-01
1.222398311667725890e-01
1.221305825832079139e-01
1.218428151658305508e-01
1.217796527132513351e-01
1.216702063916459409e-01
1.217130642629794673e-01
1.217971935055098265e-01
1.219088880331368474e-01
1.225587221422808765e-01
1.229624044092977597e-01
1.232679431561486405e-01
1.229721484764753625e-01
1.225354125520368154e-01
1.224679212793113176e-01
1.223538230644284353e-01
1.221692837712440305e-01
1.212173084061850536e-01
1.197278178557548700e-01
1.195101593583964006e-01
1.190597621765173975e-01
1.185854152374021669e-01
1.182134457175041953e-01
1.181348220873993937e-01
1.178703878772302538e-01
1.175300922958966848e-01
1.173869985915484693e-01
1.170507126346852500e-01
1.166509011823489705e-01
1.156897684241398744e-01
1.152906189206479304e-01
1.141300596481751584e-01
1.119857572055699413e-01
1.119946749017028259e-01
1.120346621610056881e-01
1.120492250038297721e-01
1.121140069763174874e-01
1.122160265902848175e-01
1.122373445786159635e-01
1.122276057190998433e-01
1.122759518316500532e-01
1.120339464464655405e-01
1.116845384782503003e-01
1.104747812596219292e-01
1.103808786504480166e-01
1.103984897206051474e-01
1.104034885764503260e-01
1.102090121186496130e-01
1.099265599182900344e-01
1.094608693038293667e-01
1.087692437104004484e-01
1.083715520306409996e-01
1.081248544795737065e-01
1.073902574936417553e-01
1.063749171547436756e-01
1.056173090367914513e-01
1.052129862327265131e-01
1.052796643557995238e-01
1.039050996240431096e-01
1.031855543899616867e-01
1.029362153873260577e-01
1.022708330083051953e-01
1.013879426460249089e-01
1.011703043891692411e-01
1.014304309651310881e-01
1.018446556579656881e-01
1.017851474752213131e-01
1.017727806967284876e-01
1.018004457015123376e-01
1.016186720725785614e-01
1.012736623463493524e-01
1.010527769781111307e-01
1.010751220554683416e-01
1.008892602467002519e-01
1.008447110811742375e-01
1.008433705338074859e-01
1.008323714673830113e-01
1.007876993369745677e-01
1.008636465413797756e-01
1.010010839742566113e-01
1.010531927594095908e-01
1.010695944220952325e-01
1.008702581677875104e-01
1.004354144051676501e-01
1.000173512636481910e-01
9.989355032004620938e-02
9.987252859706738373e-02
9.984718109213849835e-02
9.982427541572991281e-02
9.975107842461128360e-02
9.968227999502571324e-02
9.965261258871409289e-02
9.954439624137036147e-02
9.946918604972511402e-02
9.929738232717913449e-02
9.904845658837019284e-02
9.883965576776236606e-02
9.861005309758202886e-02
9.846219691112374772e-02
9.823055401920907648e-02
9.815268710555641318e-02
9.811922079134478836e-02
9.806508428553711854e-02
9.774983552868132808e-02
9.761399526125424941e-02
9.742264864111144229e-02
9.694786575438635312e-02
9.656840430581833945e-02
9.636931061669322396e-02
9.627784577354414619e-02
9.605320471164510709e-02
9.595576001258900034e-02
9.586286527276920155e-02
9.584907162627127886e-02
9.584027206680709177e-02
9.586166480865054851e-02
9.580571420551514672e-02
9.569725844295348671e-02
9.552965384046199770e-02
9.547267547789378694e-02
9.537049817593232226e-02
9.526974891855868877e-02
9.520990936763537582e-02
9.524181770580747441e-02
9.514976730351554224e-02
9.507136554162384789e-02
9.504747303507778133e-02
9.492001717707164443e-02
9.469718619994278719e-02
9.460779564691157439e-02
9.440748859858616449e-02
9.441873195955315101e-02
9.440024969284503686e-02
9.431440468350399398e-02
9.424809666758296456e-02
9.393477061677600604e-02
9.369977330521908621e-02
9.354548103273374604e-02
9.342037543525416599e-02
9.333490219651988107e-02
9.326576549996648535e-02
9.316014488357543533e-02
9.303834077509183509e-02
9.283914796782591350e-02
9.270983349254459382e-02
9.259599697068954249e-02
9.242406904983413440e-02
9.220629857966952669e-02
9.203118785945126057e-02
9.204508787807907932e-02
9.194919547666419168e-02
9.174845011802243433e-02
9.160472181214635023e-02
9.144307531932946431e-02
9.135462653607193118e-02
9.121343336985252015e-02
9.096865378569968241e-02
9.040857116604930632e-02
8.976311783282764356e-02
8.929809258257140336e-02
8.919769210104608326e-02
8.941547240523795015e-02
8.944535257806260353e-02
8.957313118969370547e-02
8.959918385938231422e-02
8.965647444319481407e-02
8.959929898834756434e-02
8.952036936927439126e-02
8.945848427837757577e-02
8.942780626721899551e-02
8.944750172143135780e-02
8.952921287809373352e-02
8.958982193858489040e-02
8.979766392109814199e-02
9.023290004394066144e-02
9.015133905347012810e-02
9.005761448839076644e-02
9.021490176359669988e-02
9.032203526901227963e-02
9.024627576924826311e-02
9.016863257112314733e-02
9.004888440680375306e-02
8.990011341188083871e-02
8.971030946281889629e-02
8.980982871587167571e-02
8.981076821348638051e-02
8.982904406586195156e-02
8.978963576794607437e-02
8.985743021952012632e-02
8.989391071919980436e-02
8.985989537082034184e-02
8.979301737095114755e-02
8.977624609447976134e-02
8.981163710431620817e-02
8.967063756521136131e-02
8.960924882682100301e-02
8.954592578917722201e-02
8.946681281307838907e-02
8.938851269102383867e-02
8.928303351003169519e-02
8.923959272560264000e-02
8.919785723690518142e-02
8.912071143722577471e-02
8.904846409312094924e-02
8.905456620922927446e-02
8.894513295302663991e-02
8.893612968300931843e-02
8.895360293028301002e-02
8.894665422940517541e-02
8.896249732322844550e-02
8.898786983112327853e-02
8.903191279057878771e-02
8.903437283243929856e-02
8.898082673747409466e-02
8.894623870448148395e-02
8.894834511616976636e-02
8.894505075622688439e-02
8.891554713925207964e-02
8.892625550730103023e-02
8.890852761225472023e-02
8.886885126677807056e-02
8.885172817577953464e-02
8.885492815157805535e-02
8.882587830875715573e-02
8.872355948205802589e-02
8.868218326397728224e-02
8.869300854550173085e-02
8.868678321968273548e-02
8.872209365785123369e-02
8.872397281912980382e-02
8.875246291288238498e-02
8.876085973030894971e-02
8.883764142709560385e-02
8.885955649652119148e-02
8.899057576400271063e-02
8.887543700607788977e-02
8.885012097182393154e-02
8.899823482491504845e-02
8.889481447784555734e-02
8.886081542494664309e-02
8.881510785113991280e-02
8.885434033636842310e-02
8.891389249022740859e-02
8.891559860223668954e-02
8.895788192295175922e-02
8.903857153279104431e-02
8.913365443087900575e-02
8.911863664415201058e-02
8.914559371080171823e-02
8.926100899902231212e-02
8.929292048867842890e-02
8.930058491685767541e-02
8.936861872126847239e-02
