2.291770553810185962e-01
5.829684790356723378e-02
4.052272457612558776e-02
2.915033612458204498e-02
2.309559451080671344e-02
4.102908295626787882e-02
3.023084035426127844e-02
2.314200717745570554e-02
2.002057140144759828e-02
2.110059336982457109e-02
2.086988022823895936e-02
2.126313237304554987e-02
2.072721785725376367e-02
2.171818523008607962e-02
2.268146688817165857e-02
2.312147637394045691e-02
2.258488971266225942e-02
2.266924787384524270e-02
2.295979738622880989e-02
2.327755255379498900e-02
2.416747941114595968e-02
2.410819858529320708e-02
2.461468781822853322e-02
2.610066763063045858e-02
2.660350326462584958e-02
2.693247563446380527e-02
2.613789676064858652e-02
2.603824991365351338e-02
2.579330094400107687e-02
2.675802089014419141e-02
2.745316962762812951e-02
2.741371962375010324e-02
2.765815029851775159e-02
2.773675856974667370e-02
2.785919010132907950e-02
2.831674953029122282e-02
2.796225681832673407e-02
2.782771387128689378e-02
2.713004816972155314e-02
2.780554623785548227e-02
2.874312772714233966e-02
2.871958664733386193e-02
2.872928441175937736e-02
2.884029471054044835e-02
2.896372618124948978e-02
2.946162051194001555e-02
2.911238807169319598e-02
2.885497259974276196e-02
2.856407263677532282e-02
2.846319558215857845e-02
2.367359357349106685e-02
3.218410208808746009e-02
3.845317728406625474e-02
4.003836054429993352e-02
4.261173536147069840e-02
4.250739682367404154e-02
4.334545315733312476e-02
4.211650801870384098e-02
4.355150459588959244e-02
4.491092643687437380e-02
4.466134029277680356e-02
4.505981218030653823e-02
4.737870825614795556e-02
4.812313263223451376e-02
5.386207123008107667e-02
5.041718655695428403e-02
5.175607911500050562e-02
5.221471349241976756e-02
5.242582241063011017e-02
5.960215959491423077e-02
5.570258872976230347e-02
5.762788513669456214e-02
5.889418414430072635e-02
5.894430211188681629e-02
6.186645831553273800e-02
6.023176188841318501e-02
6.079268187363465192e-02
6.167268455051708176e-02
6.239361280181554559e-02
6.578490307616921551e-02
6.883155261148951598e-02
6.890767628007950230e-02
7.315231954988132834e-02
7.944301337748199687e-02
9.986271547581258845e-02
8.694972361075226086e-02
8.317333157595346860e-02
8.192186442165197424e-02
8.324289845386963205e-02
8.682837840166995891e-02
9.714738274381304328e-02
1.301043258783874668e-01
1.510941686544171603e-01
1.635263962818830352e-01
1.673907299849825558e-01
8.350436738882512089e-02
1.221046943935471529e-01
1.625881990336653371e-01
1.728193625157126156e-01
1.942855782254892527e-01
1.921310724700403538e-01
2.332682515781517585e-01
2.645909019625697911e-01
2.848986849025078039e-01
2.858525561331142772e-01
2.643494900597785913e-01
2.654770442670452146e-01
2.771500990754031113e-01
2.905417350982638647e-01
3.038508444207813630e-01
2.997751082181336901e-01
2.677066714149898274e-01
2.841792249564784045e-01
3.027397014907899919e-01
3.140019142040520461e-01
3.086377850391537336e-01
2.824457003568448532e-01
2.776416325579749711e-01
2.769590381963813464e-01
2.785479294991379806e-01
2.805142658892396113e-01
2.652631998643935063e-01
2.778308007545884917e-01
3.013508145063251153e-01
3.097392532068932169e-01
2.517151315723178406e-01
2.844081628678346574e-01
3.620314893969852066e-01
3.748838404488313847e-01
3.747356690833292259e-01
3.887997838529655414e-01
4.190143671169737072e-01
4.458743759895749115e-01
4.803274886711582647e-01
5.036594372595929459e-01
4.402421974084395062e-01
3.476248394057155910e-01
3.652800917444158912e-01
3.659820021343281882e-01
3.706688596962807170e-01
3.669907304413780325e-01
3.723496959071450618e-01
3.549663128283890301e-01
3.698394740596909203e-01
3.691697574705307683e-01
3.804276595346328116e-01
4.000403645365150362e-01
3.999827260166105569e-01
4.137064192634335447e-01
4.184221832872038194e-01
4.970914603065722526e-01
4.949453828010996759e-01
5.033123031913232515e-01
5.337122514701061471e-01
5.553718784089086702e-01
5.553443791107669503e-01
5.579185732959724975e-01
5.732836478723495333e-01
5.853889950619373117e-01
5.913011534099117394e-01
5.745965375254870056e-01
5.704917563379030554e-01
5.836229605066535209e-01
5.713454370724553311e-01
5.929015877116939892e-01
5.916478920719172585e-01
5.787683125334556200e-01
6.123153906389595669e-01
6.331350607384613749e-01
6.506367245152222534e-01
6.668742462410014449e-01
6.617366252317627984e-01
6.543656902718649748e-01
6.484426129491126511e-01
6.462800903691943155e-01
6.295218117997523066e-01
6.276414415335466179e-01
6.331600382319112486e-01
6.305746431667863527e-01
6.410265189312025491e-01
6.423272873199490363e-01
6.418700155277894392e-01
6.508475004361468086e-01
6.314187414164171841e-01
6.900623249007382665e-01
6.508811817506284791e-01
6.451310549421370721e-01
6.285688287973933974e-01
6.470783771518506811e-01
6.372000359072151898e-01
6.688180348539150000e-01
6.511232542310204652e-01
6.525897602180766865e-01
6.514484786530192473e-01
6.626159493717508342e-01
6.402929350340097470e-01
6.476934772104837590e-01
6.405367318492969364e-01
6.431182242887977241e-01
6.475701200086307896e-01
6.382738766284780096e-01
6.378603839307082080e-01
6.986836505131093222e-01
7.507750588042731987e-01
7.836223671007058744e-01
7.431955839699103672e-01
8.050081410566963802e-01
8.028417382114678702e-01
8.550724913217768730e-01
8.692583728242212482e-01
7.730641235532960120e-01
7.749269916349312837e-01
7.619921143998210633e-01
7.576576681515135858e-01
7.889469021415187466e-01
7.501723838170198944e-01
7.961406236564118055e-01
8.315194146936475406e-01
7.826294990857193268e-01
8.406411123543084951e-01
8.471784102437733832e-01
8.088487152896346455e-01
8.421210455108714132e-01
8.487214382845751359e-01
8.759578177806144339e-01
8.476663049581187881e-01
8.618933628033812466e-01
8.425380797608971184e-01
8.429095717123458176e-01
8.763932592218522943e-01
8.653554376820111749e-01
9.015066780528135926e-01
8.621974049170122445e-01
8.549922872593749279e-01
8.676288013890682826e-01
9.054188732129970774e-01
8.545066114173203164e-01
8.124371979741057404e-01
8.557977684813029562e-01
8.697451996469354185e-01
8.757832339896716167e-01
8.724896383619960005e-01
8.429075479666943149e-01
8.624463751364512820e-01
8.934980610112632782e-01
8.914318025123773026e-01
8.960376851743492299e-01
9.068119788882106347e-01
9.057757043334773162e-01
8.841152746112979077e-01
