7.696475295457730681e+00
8.046839233023350690e-01
3.427530396848857963e-01
1.154118918481874811e-01
7.975085892326611026e-02
8.113323204375771924e-02
8.488457238556046391e-02
7.547138087226443193e-02
6.480056052757909857e-02
7.137654745634142150e-02
7.472381713835585249e-02
7.216341387663914586e-02
7.105852696279231495e-02
7.699277984937755170e-02
8.432984648305924535e-02
9.240169502206599383e-02
9.509463198879908319e-02
9.063845959495363258e-02
1.029456606279990777e-01
1.052359578291488795e-01
1.134142313469854446e-01
1.167848591569766725e-01
1.479711664004790816e-01
1.535377145595784587e-01
1.752497795718293838e-01
1.875100382453782355e-01
1.907655483404164798e-01
1.928961978901610475e-01
1.925909125326112359e-01
2.070911203828164904e-01
2.255374092312678047e-01
2.280299839254094629e-01
2.285385614149952338e-01
2.343312113091619853e-01
2.461813865453703065e-01
2.495118750820811693e-01
2.707952860871819523e-01
2.771722342915851067e-01
3.022146143982082922e-01
2.918022738505061664e-01
3.434117260240306946e-01
3.828608108680331412e-01
5.221728312622584411e-01
6.238614126490886758e-01
1.124287856902870697e+00
1.848098651992653219e+00
2.610452612329519084e+00
2.972520347477460412e+00
3.791182477846317234e+00
4.325769323146582579e+00
4.288389588023094667e+00
5.001922352928964699e+00
6.155314644933589818e+00
6.536877186497015657e+00
6.919504779264579852e+00
7.380336791550783815e+00
7.882405942139105726e+00
8.763965309052490937e+00
9.215651011445537222e+00
1.070873464823253585e+01
1.089493881498077243e+01
1.102041229176352211e+01
1.102388990762907639e+01
1.076508597372688314e+01
1.074626901547773983e+01
1.081762544660774772e+01
1.074436312837488572e+01
1.090476090315885394e+01
1.085552047237450246e+01
1.079305445709115574e+01
1.120877050376314799e+01
1.129279870061017377e+01
1.159171882927149966e+01
1.191534519432991601e+01
1.227619002730427056e+01
1.239544168196983343e+01
1.266203487248381876e+01
1.307004861319290256e+01
1.337968765702547635e+01
1.399163597837522843e+01
1.492897074853783934e+01
1.573343153030489816e+01
1.633621208403893377e+01
1.712351630004107861e+01
1.767713865869485801e+01
1.855896409171290884e+01
1.849531258594564065e+01
1.982431596489069392e+01
2.029476997722752429e+01
2.039745055787988548e+01
2.127053396480845393e+01
2.183561144474741411e+01
2.270336619931411448e+01
2.308446938134988358e+01
2.340900704364293006e+01
2.382238352678315962e+01
2.401273226816563522e+01
2.419573632043596234e+01
2.443274648727317100e+01
2.470459693672739121e+01
2.449995413001950340e+01
2.438249022151855172e+01
2.431891700494910680e+01
2.410793618586519571e+01
2.400493336460824523e+01
2.397057824485025179e+01
2.389024485207071180e+01
2.373301459779683498e+01
2.358120678709597229e+01
2.348993744492899793e+01
2.335454733750463063e+01
2.329280273408888391e+01
2.335030007284451159e+01
2.327635326575643404e+01
2.327894309963485142e+01
2.333130531430887800e+01
2.330560332170866644e+01
2.343000222611404126e+01
2.342544427024222387e+01
2.340959947932020313e+01
2.349687662828339185e+01
2.346463244418476535e+01
2.359616202352970404e+01
2.373909190685697723e+01
2.368701957818365855e+01
2.367511252567411262e+01
2.395724835965079791e+01
2.432118427937908578e+01
2.448319494611689251e+01
2.474162448451977880e+01
2.496180802118110975e+01
2.543197318066911095e+01
2.573734078421940552e+01
2.562543483596437355e+01
2.586102004002513155e+01
2.633109298687661948e+01
2.669081375484461915e+01
2.707755393705558689e+01
2.727237678652396724e+01
2.771413706843373603e+01
2.858298298252415748e+01
2.961781960618650089e+01
3.033569625133698366e+01
3.008656248310578007e+01
3.055831814433360449e+01
3.088685147706288348e+01
3.070146107226761245e+01
3.067553976123607740e+01
3.056534966467403436e+01
3.058863729918294183e+01
3.069576985148871273e+01
3.090385979638512026e+01
3.119790953188017824e+01
3.156199190572178281e+01
3.150253510607855389e+01
3.156798603477556853e+01
3.164404142595489944e+01
3.162959579487469597e+01
3.168885569591522255e+01
3.174922744262100593e+01
3.207963289395928541e+01
3.235386813239357906e+01
3.245662700441148729e+01
3.275252128169872634e+01
3.325013369091050208e+01
3.315345023044569928e+01
3.321580635865569775e+01
3.344518096275927377e+01
3.377186702497324688e+01
3.463829124731741871e+01
3.491156315483065953e+01
3.555378894934573708e+01
3.624716090667202195e+01
3.614530785380813427e+01
3.693497455863851542e+01
3.708682568867966722e+01
3.730879291889362293e+01
3.776561951960661645e+01
3.848370336866882724e+01
3.935353593853214704e+01
3.979437265621780995e+01
4.025086688744426766e+01
4.131737705653873149e+01
4.215004457380471337e+01
4.228047164018094861e+01
4.217450305286007506e+01
4.217355988609448048e+01
4.230471590259772086e+01
4.216708603412543255e+01
4.244010419821518099e+01
4.251816366816038339e+01
4.244779470148521483e+01
4.243131242932543046e+01
4.229719664522615119e+01
4.240921594240781900e+01
4.230432696660204783e+01
4.217035019707439858e+01
4.238416543618495069e+01
4.230500363397195684e+01
4.226894528017454888e+01
