4.499063908398987621e+00
4.329659706606073577e+00
4.178879938051860421e+00
4.159433485339975256e+00
4.123829606823976590e+00
3.550777759494724961e+00
3.463131068518779276e+00
9.287465532643441879e-01
8.973759549216164810e-01
3.210936518429342579e-01
2.419220606671629303e-01
3.034226253818747554e-01
2.232635430201859728e-01
2.287770084308181073e-01
2.062054947711927100e-01
1.901977566771909101e-01
1.795637470146829728e-01
1.987900417907130235e-01
2.041774761408163275e-01
2.190210068056073767e-01
1.764224078692136488e-01
1.669174835925531786e-01
1.434856921397927587e-01
1.237230387369250145e-01
1.213815877724663816e-01
1.239593240405540420e-01
1.126109561987792967e-01
1.129640288625274325e-01
1.116379781699901874e-01
1.164485643768576190e-01
1.172907945119435469e-01
1.176395253243115446e-01
1.116428544370892256e-01
1.128521171617064278e-01
1.138332280307558786e-01
1.152085135324469323e-01
1.153188955092412926e-01
1.117972770788558806e-01
1.068957775433318352e-01
1.061708253425791559e-01
1.064333346891977727e-01
1.060970379826218918e-01
1.047811602717750312e-01
1.023602150459558269e-01
1.048381563488385293e-01
9.887376733141046981e-02
9.423874886468552869e-02
8.716897491934333386e-02
8.955782370262105330e-02
9.028003463597897293e-02
9.136987910875085661e-02
8.813084706395568624e-02
8.679125774185009190e-02
8.633256237842666658e-02
8.587178364036687772e-02
8.694956954780957981e-02
8.650546459605232275e-02
8.576177232473411460e-02
8.194129419160883776e-02
7.885630300092930089e-02
7.823001213041888557e-02
7.595495950050719369e-02
7.439260320386642533e-02
7.295421421020265029e-02
7.239502149556975574e-02
7.144924842133618115e-02
7.045928709211410346e-02
6.896680075038702507e-02
6.746278973449919281e-02
6.825039913401603764e-02
6.746300293733298314e-02
6.765442844496821762e-02
6.663909816671925723e-02
6.560523511440471967e-02
6.493032760531368408e-02
6.563487109088320115e-02
6.480155408323411137e-02
6.465456115142365068e-02
6.478445201003713017e-02
6.470832108905263946e-02
6.487619255342345903e-02
6.442366884320074871e-02
6.347207745258229283e-02
6.319095279273592713e-02
6.339150708672788848e-02
6.332965999703726867e-02
6.280772620398207551e-02
6.249874448978794128e-02
6.214441385183241962e-02
6.229131672292755051e-02
6.244133400783939691e-02
6.218327678796070623e-02
6.145734878656630013e-02
6.123094976806204431e-02
6.137160020601630656e-02
6.144274308844915877e-02
6.142776835684642806e-02
6.125414615877156077e-02
6.083003651288967223e-02
6.070997724686270913e-02
6.049297184920070236e-02
6.018331184359906882e-02
5.937172710522365532e-02
5.931978823741823614e-02
5.947294594424608338e-02
5.919870216913668964e-02
5.869229642582105000e-02
5.842073796820999865e-02
5.819466265915052006e-02
5.822096070044507909e-02
5.809006091272284067e-02
5.807428605272661054e-02
5.819105861937813595e-02
5.829973354356816906e-02
5.824095275600450761e-02
5.816850238411862967e-02
5.798051171901501266e-02
5.787760695415922890e-02
5.791599246322897548e-02
5.790285815847411033e-02
5.811333880239919619e-02
5.825737325198013239e-02
5.823040825258561648e-02
5.799713336103218958e-02
5.835158255678887795e-02
5.847694832067269061e-02
5.864532202023683971e-02
5.858747230135738504e-02
5.838573133872475979e-02
5.830642335014681044e-02
5.828256303295412111e-02
5.832212420052636237e-02
5.833183386072146592e-02
5.832367354054994457e-02
5.819300753208465904e-02
5.823769562395735011e-02
5.834440599087665352e-02
5.849291526209672576e-02
5.857557966789643522e-02
5.857421419964527198e-02
5.849527247925945250e-02
5.847738657792572736e-02
5.860122556879328315e-02
5.873454626433700920e-02
5.867139481554527886e-02
5.879882272508466651e-02
5.888989824247584104e-02
5.892941595254828913e-02
5.895547090944312785e-02
5.891537302350080552e-02
5.899219307385050737e-02
5.922961708608474179e-02
5.914784400001076026e-02
5.927816771369349980e-02
5.931824789055629987e-02
5.948020728869565787e-02
5.963521701960053378e-02
5.950049989411865942e-02
5.952058070057761330e-02
5.956669080284672513e-02
5.972190766298524078e-02
5.972299467619016783e-02
5.935839937495553109e-02
5.903016479027957397e-02
5.886367144412781027e-02
5.892597144937536391e-02
5.911981148606324649e-02
5.905476055487807185e-02
5.897806808158294334e-02
5.905133164012725533e-02
5.911574746566969352e-02
5.910815808367458901e-02
5.915595265858483720e-02
5.924490387196047758e-02
5.932699161142605815e-02
5.928218562935585328e-02
5.904894746212120682e-02
5.893272185444157346e-02
5.894011013519016851e-02
5.895430883107180553e-02
5.895665916457631245e-02
5.893852604389069466e-02
5.891513829150116927e-02
5.873581459738998201e-02
5.840434668163588250e-02
5.849923192926382437e-02
5.847976874738720215e-02
5.851100614756765683e-02
5.824041218389605645e-02
5.801572522366548607e-02
5.788108924307166364e-02
5.764214646560134048e-02
5.760481034350051210e-02
5.763477628000145125e-02
5.753580583634777812e-02
5.638873137820782366e-02
5.624701338276651141e-02
5.614371945100778138e-02
5.572305623057254714e-02
5.593910714056744837e-02
5.570942567761158482e-02
5.580786473664583330e-02
5.594963540358759146e-02
5.609656961552410281e-02
5.594714783993891272e-02
5.559329809016466672e-02
5.562309650643449538e-02
5.537762413283118385e-02
5.527310469309223290e-02
5.533583136030478800e-02
5.540884376789283194e-02
5.535524027475681452e-02
5.537906829403213549e-02
5.526984339849828898e-02
5.515101286538658804e-02
5.530169472321894153e-02
5.562156180716426590e-02
5.586438180316619095e-02
5.594322799687669046e-02
5.596407930457457380e-02
5.577294941741045564e-02
5.581651185691444139e-02
5.586335349810725437e-02
5.590960071855823055e-02
5.612942397898324637e-02
5.610080410065772238e-02
5.611411720129327180e-02
5.627658554796093060e-02
5.633874336509563097e-02
5.630985178680442127e-02
5.630126902271630901e-02
5.641942471991742702e-02
5.659174461654094268e-02
5.655071263140926119e-02
5.651154140321806851e-02
5.652381575122986113e-02
5.652008826031255928e-02
5.682087127235835311e-02
5.686277505822524836e-02
5.684971416597822680e-02
5.698913541675147687e-02
5.712125627627990393e-02
5.713652474945166149e-02
5.710878112637525483e-02
5.703746084793517857e-02
5.706891372696665937e-02
5.704306098724900437e-02
5.703945696757854039e-02
5.708164574780307671e-02
5.722834849451799433e-02
