2.040338409278212861e+00
6.079850281218943664e-01
3.163563492699515423e-01
2.046827934375703706e-01
1.415336950945898231e-01
1.346432383592035820e-01
1.035243361350917379e-01
8.823217848689811349e-02
7.994312396087091543e-02
7.336267727593150101e-02
7.001895969688520793e-02
6.684643462013942217e-02
6.409263549450794351e-02
5.849243661396415217e-02
5.269152322005306310e-02
5.420865081504146199e-02
5.414862388511249014e-02
5.323842575659826215e-02
5.096922461648556446e-02
4.853269007317924377e-02
5.139514697163390794e-02
5.027417600701726552e-02
4.849046230084021192e-02
4.722309301015874261e-02
4.541260031697241795e-02
4.851119084107517743e-02
4.829147153675909104e-02
4.793510361434819705e-02
4.776384789617191262e-02
4.758241801240586238e-02
5.041904490448931297e-02
4.907878759530999446e-02
4.735259299277945477e-02
4.669582569241864656e-02
4.548815200160120920e-02
4.779409112285905314e-02
4.751242060345749890e-02
4.719929380168540883e-02
4.735089825704448530e-02
4.690881454659152905e-02
4.917144702253287841e-02
4.803969869556685979e-02
4.673336028125231467e-02
4.603164583120514936e-02
4.482068316876243463e-02
4.582982726493627090e-02
4.595072315591513384e-02
4.608210278561786916e-02
4.648110791628873306e-02
4.549051438735966790e-02
4.749240643299687537e-02
4.631560375741682056e-02
4.560870793031898685e-02
4.495051346259190672e-02
4.361004696058704000e-02
4.514923644039194744e-02
4.455468698857607823e-02
4.473203482343417886e-02
4.493144177936526235e-02
4.476127965653096952e-02
4.685972700007010050e-02
4.527628075139197850e-02
4.452004637043029123e-02
4.359396908046757335e-02
4.250820883213213969e-02
4.462862927362366838e-02
4.379354429951417410e-02
4.395233640684392817e-02
4.436534632113216248e-02
4.441243120679633921e-02
4.593450157502572406e-02
4.433656764423006547e-02
4.397583914877809669e-02
4.331578085120690175e-02
4.213531806893472398e-02
4.325046909819801888e-02
4.297546343995701373e-02
4.317021018683787209e-02
4.375107561220784036e-02
4.416242542071647376e-02
4.503125256142848781e-02
4.342196026843756634e-02
4.305441122042863444e-02
4.272705076971843735e-02
4.211103535683631549e-02
4.285989937929213234e-02
4.236117610660754262e-02
4.266921648684465773e-02
4.324707614973117425e-02
4.353799187806623588e-02
4.422356072654176629e-02
4.319436033900157096e-02
4.285838746643007291e-02
4.262966859619192472e-02
4.212224593709819331e-02
4.290800105593929603e-02
4.252323733644003401e-02
4.271646108246052870e-02
4.329800280582912081e-02
4.368072211533550325e-02
3.896923666238889805e-02
4.066162953274368025e-02
4.285502297270596395e-02
4.647570486794273814e-02
4.884004626620814388e-02
4.732583605414025785e-02
4.571451033484091875e-02
4.523697552454632176e-02
4.599409822135787362e-02
4.849971520632067462e-02
4.760045469962094489e-02
4.738963660456062266e-02
4.784771964196490174e-02
4.903219955903086180e-02
5.063695973764765351e-02
4.998998712085318818e-02
4.959029028735691125e-02
4.931942353599920448e-02
4.968380670292540935e-02
5.049342683641984408e-02
5.010851961945111260e-02
4.997135206506916894e-02
5.043369397889313488e-02
5.144174768600490166e-02
5.217203598085265459e-02
5.211177552789467149e-02
5.132006188982915496e-02
5.126703470354569692e-02
5.135755750605978942e-02
5.209703728878756213e-02
5.149777716347661571e-02
5.166410069464032195e-02
5.204941337858419448e-02
5.265578442085663141e-02
5.288585156735992054e-02
5.287966214296439815e-02
5.239718572080034886e-02
5.249271746574406261e-02
5.256145522037715401e-02
5.388780497413919734e-02
5.375943164679018726e-02
5.411730147150370374e-02
5.442707188824801035e-02
5.477656683261103443e-02
5.534942886294690056e-02
5.514210133460959590e-02
5.497436456894290446e-02
5.481751951145975160e-02
5.485387958019090349e-02
5.537898228241645848e-02
5.531767288533885607e-02
5.546550219070688764e-02
5.569034324569235167e-02
5.617312231691538177e-02
5.642101271323364531e-02
5.647067181148472670e-02
5.619623866486926633e-02
5.606629967337272563e-02
5.611697798956759298e-02
5.642384790004661282e-02
5.633783931082590735e-02
5.671813082692486047e-02
5.707191112718912329e-02
5.724286861131230864e-02
5.724361626240573320e-02
5.722202272468746020e-02
5.727822824268456736e-02
5.714051718737121061e-02
5.774776467950926834e-02
5.831591210902544592e-02
5.818084571532368410e-02
5.842951288047676384e-02
5.873225609628338062e-02
5.887650242196150463e-02
5.928000913375650049e-02
5.899751770432183628e-02
5.898611934091910203e-02
5.857087454617867367e-02
5.854176952850867477e-02
5.877830875545814876e-02
5.893878841358044657e-02
5.907082585980319434e-02
5.929086473586907269e-02
5.941447151841977581e-02
5.990971494539720776e-02
5.966029422534718796e-02
5.956083312091071252e-02
5.931384741453285536e-02
5.927449534798394370e-02
5.990610653565561772e-02
5.970119971093829775e-02
5.974475556035620250e-02
5.997364000197627498e-02
6.012938272751407187e-02
6.055342851120273928e-02
6.026175357161085711e-02
6.031749228587644784e-02
5.999831173787335825e-02
6.000604042612606159e-02
6.049522679062493968e-02
6.400702613901021465e-02
6.038184195909799407e-02
6.105097797434827500e-02
6.486161158266431914e-02
6.588282209071333329e-02
6.610991273452973549e-02
6.570973399703824991e-02
6.612051955130557324e-02
6.804298859056753801e-02
7.197413686843479041e-02
7.012834948202564811e-02
6.911399950621337218e-02
7.007031863098947544e-02
7.100864514271978956e-02
7.090808983951421562e-02
7.109120727354692471e-02
7.107357076427621434e-02
7.104171237926085181e-02
7.244372103107050986e-02
7.512313011497304127e-02
7.409918479318483575e-02
7.301511012451637750e-02
7.374556495448345017e-02
7.378813588365934484e-02
7.404461502664846928e-02
7.398297852713392464e-02
7.382878674217163706e-02
7.406731510819772324e-02
7.514815722540843512e-02
7.760959367309241963e-02
7.615872618211043388e-02
7.506655382816768141e-02
7.558955730155594854e-02
7.587806792184902116e-02
7.565931480865711878e-02
7.571988742277740991e-02
7.567347264333779133e-02
7.614371118873494715e-02
7.760772355936504385e-02
8.081963972167280352e-02
7.855100905525513877e-02
7.786051973723398523e-02
7.786899962533738728e-02
7.815017187712956781e-02
8.029881662419346977e-02
7.910577802941756720e-02
7.966598661062548881e-02
8.016163485413203837e-02
8.268370870684377261e-02
8.619765898100237300e-02
8.327417726023109146e-02
8.363061742180402658e-02
8.421786510470152809e-02
8.681712523674736670e-02
8.856370151468294372e-02
8.641468651338110596e-02
8.958356379003287739e-02
9.232926544366934496e-02
9.860943474174255208e-02
1.003029450535379147e-01
9.489175144616882052e-02
9.906434492728706520e-02
1.024806275097266961e-01
1.078613655469884414e-01
1.170636023382553986e-01
1.100086496405948411e-01
1.147338170431697335e-01
1.277490110217658903e-01
1.418038795629860960e-01
1.463272296178571574e-01
1.379762403684394734e-01
1.430699542788669842e-01
1.474862563413319450e-01
1.510044839365933533e-01
1.543605099059330577e-01
1.433969038872061341e-01
1.533344211312784588e-01
1.592837411955430882e-01
1.588936782443322315e-01
1.656907139120298855e-01
1.665370265155048934e-01
1.726608011263349451e-01
1.764995357173285984e-01
1.839411015825038742e-01
1.900646140995964350e-01
1.909518327642362179e-01
1.843369992219320574e-01
1.822458233640387726e-01
1.812034622937294115e-01
1.827639710844386756e-01
1.821220836243650221e-01
1.884513290755081005e-01
1.823333377600747651e-01
1.870452921668911417e-01
1.914186182382226487e-01
1.915678611257644048e-01
1.929049271113074671e-01
1.876238303246567096e-01
1.891320740934597511e-01
1.946653418510747580e-01
2.053477359451093553e-01
2.050293251303348940e-01
2.085136350366351143e-01
2.138797870756297126e-01
2.329058369102410264e-01
2.297185103379943971e-01
2.281476134284847190e-01
2.368397134910084634e-01
2.432375856859330943e-01
2.602684320030297371e-01
2.710013530158903450e-01
2.750153074983193169e-01
2.659295432119135327e-01
2.702735191366711920e-01
2.743174676244456434e-01
3.260753674204002195e-01
2.974976259230221465e-01
2.709890495030724544e-01
2.592982943054599754e-01
2.666116391563995158e-01
2.647147347597378353e-01
2.643626676052908131e-01
2.542087345658204378e-01
2.619075607558145058e-01
2.926648139180177965e-01
2.845811315332107405e-01
2.626037416320251561e-01
2.810989886405831917e-01
2.927125541495453898e-01
3.121782841340222103e-01
3.166255711947126295e-01
3.010605470561000252e-01
3.135552085803837707e-01
3.122614972684628620e-01
3.232133915826865822e-01
3.268385846377892534e-01
3.254826944400205924e-01
3.284111784331680828e-01
3.409632398005330023e-01
3.481206170180034531e-01
3.533255241069176988e-01
3.468587818404501588e-01
3.510901414456704672e-01
3.641629588011361385e-01
3.740394746812338855e-01
3.739314108942064507e-01
3.738003196316826426e-01
3.761799782990508101e-01
3.823221152368220799e-01
3.890585743041014566e-01
3.934816506971879901e-01
3.935062884960345286e-01
3.940423803215868936e-01
3.984719563806538023e-01
4.026697401705575663e-01
4.052302629799506839e-01
4.009431984549872152e-01
3.987147072588038688e-01
4.078161485865360314e-01
4.124252421807699798e-01
4.111692538014994902e-01
4.091118788877001755e-01
4.120506919130204615e-01
4.118957315151310361e-01
4.227849864611917807e-01
4.198948654800883640e-01
4.148810724907081582e-01
4.175494054991887305e-01
4.211832229783697423e-01
4.303780484512068627e-01
4.269420112796100675e-01
4.240417355864358750e-01
4.217216757122893567e-01
4.274318031170109000e-01
4.353505276740229912e-01
4.294982865622914980e-01
4.292160229468557908e-01
4.282740543894922869e-01
4.346191246643463790e-01
4.400872559357793534e-01
4.366653046959160234e-01
4.353667098467224328e-01
4.338111126808380513e-01
4.363336341278014618e-01
4.421449711888633116e-01
4.375078307135962241e-01
4.384125034151415967e-01
4.409013304298283753e-01
4.428891153009655302e-01
4.481916883540664753e-01
4.447199774342797673e-01
4.452172271035702567e-01
4.461364272584472657e-01
4.434657877338419874e-01
4.501509654904187752e-01
4.492310929808691622e-01
4.479654932446289761e-01
4.493832364560171877e-01
4.551217443172632660e-01
4.610264494736153740e-01
