6.160745348379354169e+00
6.002935266663760316e+00
5.910152743656020391e+00
5.859592962865230348e+00
5.577240159227120131e+00
4.758376509642702423e+00
4.099077035591604634e+00
3.946734472235235103e+00
3.753388745385775938e+00
3.407769036535783336e+00
2.765025257004675829e+00
2.680940987074310833e+00
2.597661008218349110e+00
1.925459178813083039e+00
1.718865049039329351e+00
1.373831043340392188e+00
1.270512451385079178e+00
1.187727469651153056e+00
1.198886753886509560e+00
1.178864312831942707e+00
1.165412947844828739e+00
1.139568479758121811e+00
1.117942253352938620e+00
1.084946331099532424e+00
1.060398988436825451e+00
1.037618880426040668e+00
1.011883300857096435e+00
9.311463058199069831e-01
8.089030963432298771e-01
7.611048328788938555e-01
6.647331289111586550e-01
6.114177496134519663e-01
5.790227094267288432e-01
5.593174590905560795e-01
5.613972859021800765e-01
5.755777215268194080e-01
5.688179527112986467e-01
5.566791291088402094e-01
5.596768528903464102e-01
5.559837105927919465e-01
5.503689324266239913e-01
5.480033145489802138e-01
5.324765030781083430e-01
5.232443336491012786e-01
5.251272838000576870e-01
5.298137724999401055e-01
5.440093407321058283e-01
5.489728048465021271e-01
5.581651424340623446e-01
5.779363029282813535e-01
5.770380983475694725e-01
5.692801803504548008e-01
5.612293585655847572e-01
5.530309616767344894e-01
5.456340536459797219e-01
5.441074810932641226e-01
5.464707026460562389e-01
5.465178995331119172e-01
5.465110574213196681e-01
5.468993763197227409e-01
5.461132936472807842e-01
5.437321552505063327e-01
5.379628600167222219e-01
5.315088162696199880e-01
5.265878768137510768e-01
5.185697964190330023e-01
5.180327410130096677e-01
5.152284402739619740e-01
5.127948017487462540e-01
5.160725514617645615e-01
5.167663333477291454e-01
5.036875732795002003e-01
5.009284758489094269e-01
4.966688747760577005e-01
4.900340482043845092e-01
4.860806020398107385e-01
4.823542754685149481e-01
4.792375258391297077e-01
4.753779319465196718e-01
4.758330270098778403e-01
4.760217928765588247e-01
4.707012691672016746e-01
4.679480191459662874e-01
4.667639086770860035e-01
4.667236855025391762e-01
4.664857409168344793e-01
4.654121060862397297e-01
4.647421333685982647e-01
4.625453603312283390e-01
4.596788472202380516e-01
4.546591255965495293e-01
4.524184745357104909e-01
4.505576301312047560e-01
4.437607088256860788e-01
4.388290575391373127e-01
4.366525481974952161e-01
4.280362049531324375e-01
4.277437565977703082e-01
4.278132750056306000e-01
4.261522679258343826e-01
4.261234239721282124e-01
4.277939836574324861e-01
4.250856404929393983e-01
4.245607469137063217e-01
4.242732451422836504e-01
4.205992491984211767e-01
4.187376525973465213e-01
4.167287347766702732e-01
4.133498035663767944e-01
4.089406562816413349e-01
4.072481866755395807e-01
4.071520716584653421e-01
4.079262342927422180e-01
4.088992439537101342e-01
4.088963086072117115e-01
4.062860377427733871e-01
4.050608853455149871e-01
4.038043322952674652e-01
4.015382419641524425e-01
3.973697427843795316e-01
3.939886929205366206e-01
3.938824034436341215e-01
3.932399768493332060e-01
3.918001284218251001e-01
3.861969982033833793e-01
3.817391299978146746e-01
3.804820514842998658e-01
3.792986942657912142e-01
3.786468726686185171e-01
3.827985886386280345e-01
3.841079507496384382e-01
3.838915269626972937e-01
3.812028873548451990e-01
3.739204963524892511e-01
3.735983645488252791e-01
3.695172867453451193e-01
3.666901104803724776e-01
3.637029126029311388e-01
3.633116820004061998e-01
3.634626312701563222e-01
3.639676067528234138e-01
3.623514296862254680e-01
3.590663366605403306e-01
3.545935350964617427e-01
3.536310044616324810e-01
3.502755553340962669e-01
3.473904251195568671e-01
3.448344164344742113e-01
3.427402628598875678e-01
3.428699630007439603e-01
3.416061068408118295e-01
3.369296297371738302e-01
3.328383856003148122e-01
3.265615284451318656e-01
3.246647528905721725e-01
3.222844157048692648e-01
3.219291241833822648e-01
3.195623438290468576e-01
3.174734764451255797e-01
3.154909917413085130e-01
3.136343205369829246e-01
3.122470666121915928e-01
3.127936594036593299e-01
3.126814244451456837e-01
3.110472714040007913e-01
3.106681869094921611e-01
3.089137093734393713e-01
3.044292729444784129e-01
3.030819093918053486e-01
2.994740195372727065e-01
2.992045909582171648e-01
2.985335927241753451e-01
2.976456796692696916e-01
2.979486637071261934e-01
2.965251284397504294e-01
2.957448300428454635e-01
2.928460755708739982e-01
2.904351791354771173e-01
2.880288060117265347e-01
2.865427560357068359e-01
2.862804924728907796e-01
2.875156718785840115e-01
2.893186550784534461e-01
2.862887392245261897e-01
2.838825915116901522e-01
2.827071714521426360e-01
2.813437941253182917e-01
2.801464606758671261e-01
2.819365488513505547e-01
2.820457295038514278e-01
2.806071551804932285e-01
2.805727933887324221e-01
2.806866564635718264e-01
2.795795675432133365e-01
2.782092075795492558e-01
2.766711708175898510e-01
2.749779855972346310e-01
2.734028116429333410e-01
2.735006882919258642e-01
2.716133954219757118e-01
2.712697488423884140e-01
2.716412152198056096e-01
2.715037201365123609e-01
2.713433021780466414e-01
2.719982867321439901e-01
2.726415500420811266e-01
2.730775489900758579e-01
2.711131610047520235e-01
2.706751172003554196e-01
2.705565911513617139e-01
2.701130874610684907e-01
2.689941620796252875e-01
2.684849330020747660e-01
2.679707891170929890e-01
2.675332847915222745e-01
2.659320486870111466e-01
2.640546357923387877e-01
2.636164451653509877e-01
2.629217317811718413e-01
2.621513244659341435e-01
2.618951474754280806e-01
2.609951754649118549e-01
2.611887327701888362e-01
2.600357150713173970e-01
2.596208837401009495e-01
2.595635573266716345e-01
2.582173311641995372e-01
2.559328523113679754e-01
2.516426738386012829e-01
2.474936528668750524e-01
2.426004609139422730e-01
2.412424125020636301e-01
2.393314439167203433e-01
2.367578707113058845e-01
2.359751839430069553e-01
2.344757240482176486e-01
2.338328431875750513e-01
2.330041987712043183e-01
2.329218852510590576e-01
2.316797892287012495e-01
2.301203980493283785e-01
2.281197951628444742e-01
2.278032186333115716e-01
2.274708482977234603e-01
2.278717933348845537e-01
2.267483805496272042e-01
2.257978599023167110e-01
2.248139624050295438e-01
2.235751442463119742e-01
2.217482359348320331e-01
2.212452750094831555e-01
2.179640276576041980e-01
2.162574783977533888e-01
2.163526196873749585e-01
2.164199648705351642e-01
2.162295724235261951e-01
2.152513076958880167e-01
2.149541606997517618e-01
2.139374125813897631e-01
2.117890299953738564e-01
2.113527029045282335e-01
2.098405146634111929e-01
2.055922522540430952e-01
2.035714833976674520e-01
2.020466039026224403e-01
2.001312868445792037e-01
1.954417718357616129e-01
1.931765710333545605e-01
1.928028979353182959e-01
1.925321255786208163e-01
1.916608208312498562e-01
1.909673207817229046e-01
1.901774150685812126e-01
1.887856921258544429e-01
1.873501188114474747e-01
1.872925827461958126e-01
1.865172669863949251e-01
1.852479834643723788e-01
1.836567402848306996e-01
1.825055584355170790e-01
1.821823600683928346e-01
1.818989309430425472e-01
1.810676183428057973e-01
1.798461739429600414e-01
1.791116476816443370e-01
1.763979794665673784e-01
1.747451418027529679e-01
1.737927495672210165e-01
1.733614613382238878e-01
1.719533365586865536e-01
1.716248044418849372e-01
1.706648110114899752e-01
1.696354907139036583e-01
1.694949448206515830e-01
1.692597125262357283e-01
1.694181857621566145e-01
1.697284870057212958e-01
1.696566365047691427e-01
1.692852042879060270e-01
1.695562021074162318e-01
1.695090356812663235e-01
1.689572024281995599e-01
1.687460246140932985e-01
1.682166044351281475e-01
1.681497631622645428e-01
1.677692982109867392e-01
1.676390573494392910e-01
1.674260533486792157e-01
1.674493887337939468e-01
1.679412926668594763e-01
1.680519282394490332e-01
1.676678395515746878e-01
1.674977098831079148e-01
1.670745616939462441e-01
1.669238848773542117e-01
1.668703527385279328e-01
1.666075782207153688e-01
1.653608373520109587e-01
1.638008861031265417e-01
1.635574938849723714e-01
1.631957870509441744e-01
1.630593602991366464e-01
1.629063757482139829e-01
1.628737008240819240e-01
1.624731893885170420e-01
1.616318649714744704e-01
1.601861501831456369e-01
1.596750840456615805e-01
1.591232117268366331e-01
1.581640119437297265e-01
1.566509552690860951e-01
1.559833253611043191e-01
1.556001071440144268e-01
1.554602835071187683e-01
1.552204881796043490e-01
1.548559599602322145e-01
1.546035983190005847e-01
1.533212407407874567e-01
1.524216899253467705e-01
1.509753676352926788e-01
1.502046357641927954e-01
1.491454890953445300e-01
1.478544695409726717e-01
1.469913715872144810e-01
1.459681268505693685e-01
1.450112026517217378e-01
1.436855998585954974e-01
1.412852237238724773e-01
1.389726603153771112e-01
1.378204565726703079e-01
1.363318403585799810e-01
1.349696518926005728e-01
1.321606068620116980e-01
1.321073435303818655e-01
1.315908383383116720e-01
1.313883059400659803e-01
1.302180103438019265e-01
1.293018986517232016e-01
1.280586174926953147e-01
1.274728859418101379e-01
1.272549392021680437e-01
1.263390037856884085e-01
1.254480076351111584e-01
1.241735681663758695e-01
1.231668700387256454e-01
1.217143922682992763e-01
1.213089962144600908e-01
1.209424674874986783e-01
1.200644804442203284e-01
1.190928213116366208e-01
1.178904576900370038e-01
1.174057816504632812e-01
1.173604042646805151e-01
1.175116457951325133e-01
1.174932085085281241e-01
1.175830945338929290e-01
1.178303168466528494e-01
1.178051442685141004e-01
1.176759332337412728e-01
1.172110282942160908e-01
1.166097854118665761e-01
1.157688045800171761e-01
1.152687456369382718e-01
1.142578524829853809e-01
1.132871496777331094e-01
1.129916271523442040e-01
1.130784784471577653e-01
1.131759338079990213e-01
1.128471709396743350e-01
1.122270074576855736e-01
1.117513775055621605e-01
1.117463420989827372e-01
1.116598238751517758e-01
1.113999138096736230e-01
1.103878407252281285e-01
1.093370948174230695e-01
1.090128546108590085e-01
1.076609262940426970e-01
1.068862936757235815e-01
1.064897317985581959e-01
