2.423707272543020319e-01
1.103945291166533033e-01
9.477755273877086495e-02
8.913037359470400711e-02
8.825391434801548030e-02
9.467709731638990212e-02
9.316265692941076704e-02
9.189060455999384369e-02
9.123124096959719931e-02
9.268130552564235458e-02
9.319049808987980854e-02
9.209930767747739888e-02
8.926947215314415263e-02
8.894490839581989383e-02
9.082622064890077951e-02
9.119076217534471951e-02
9.064082094565001357e-02
9.051545523391615888e-02
9.095248529205782195e-02
9.162253772533229812e-02
9.355637116525603036e-02
9.298819546551934101e-02
9.272653160684657392e-02
9.455505910957365256e-02
9.600209062071182742e-02
9.832478407603392756e-02
9.656184824788047183e-02
9.791935078045158058e-02
9.714155108879105049e-02
9.624174729513987336e-02
9.911436000747311792e-02
9.900732056829393557e-02
1.005505486945568877e-01
9.990454103964338528e-02
9.961397980162270405e-02
1.046720924369990702e-01
1.036021965293380531e-01
1.035200813792485908e-01
1.027624395275323621e-01
1.004000411054822156e-01
1.059641489019836069e-01
1.042397511236084207e-01
1.042421964867553535e-01
1.024203465384911499e-01
1.028124567840552062e-01
1.100534488643959419e-01
1.055529935445050221e-01
1.048920188743795445e-01
1.030575351157435315e-01
1.027942122865052738e-01
7.654490643900130342e-02
6.866456658425793003e-02
6.556426145774038594e-02
6.548684432291990154e-02
6.763409480985449473e-02
6.466496390084011670e-02
6.271010663087364656e-02
6.112232108462966468e-02
6.329373710085492433e-02
6.620665260031341481e-02
6.753404604083032559e-02
6.507117135783356543e-02
6.645888269439167995e-02
7.052677570631560311e-02
7.304996269107788542e-02
7.216659036328663956e-02
6.991411857942436692e-02
7.005176867316571798e-02
7.078705336043016050e-02
7.200175677037520816e-02
7.638073821732148383e-02
7.741561017447540216e-02
8.396920384047025510e-02
8.967101567802081286e-02
9.008733056439521825e-02
6.944718758954146476e-02
6.798766665400127196e-02
6.989496515666063226e-02
7.009374946922562744e-02
7.645801684313768831e-02
1.578993476198815582e-01
1.762263774440402664e-01
1.615712010735667059e-01
1.720205373573265861e-01
1.958057949265010478e-01
2.186923880795205166e-01
2.404644503484890394e-01
2.588897012055499935e-01
2.809164202572030922e-01
2.944448677870252773e-01
3.200171142231396093e-01
3.200949997506987166e-01
3.148299240099604601e-01
3.107308000723611463e-01
3.206735272360396460e-01
3.163587947439950310e-01
3.177567134926595482e-01
3.238081901867368995e-01
3.183877059279160426e-01
3.267396088973492652e-01
3.252656952165111082e-01
3.154288174795882860e-01
3.144548905099836533e-01
3.283178643148529918e-01
3.425368040652296830e-01
3.280735985944719380e-01
3.259835299429408861e-01
3.333584367867055143e-01
3.565221670549436617e-01
3.898565948392339053e-01
3.799540527560448244e-01
3.886462534953032399e-01
3.427753931903814721e-01
3.476328081952918536e-01
3.801013304134646109e-01
3.900433351828069273e-01
3.558028984149917973e-01
3.798240919112559344e-01
3.847422857647245231e-01
3.759571993842200088e-01
8.998945264837963087e-01
5.316669890503773477e-01
4.414272103153137339e-01
3.967806705906677944e-01
3.859021947653226148e-01
1.070646299512866273e+00
8.005378651929085931e-01
4.546907607038743748e-01
4.201065561421331584e-01
3.594156145308405881e-01
1.082330181344133280e-01
6.118841939840382466e-02
5.235098043561238479e-02
5.507960673609343938e-02
7.646255037051193082e-02
5.851917799925841074e-02
5.850787871301733195e-02
5.808729943244427679e-02
6.059697155977756405e-02
6.111892898246748529e-02
6.137803651973114394e-02
6.282737694365445047e-02
6.671248292918127709e-02
7.654043578226116251e-02
8.147424601861433247e-02
8.938613423269439751e-02
1.438490561266613232e-01
1.813488377654485784e-01
2.092377644950604854e-01
2.620243937455966621e-01
2.376897335829414870e-01
2.548939973090810773e-01
2.798442470892627543e-01
3.086657190207117707e-01
3.167586340958017943e-01
3.228543043518758426e-01
2.988813106216142712e-01
3.498193305192741631e-01
3.321155575285656414e-01
3.450117859784829211e-01
3.037954206156749382e-01
3.250987498254241381e-01
3.468076774520539307e-01
3.549329556037439937e-01
3.558320908374050240e-01
3.382610718428553653e-01
3.322283426353929703e-01
3.286819080057428732e-01
3.385397850793192553e-01
3.491749151332180778e-01
3.024518847521422416e-01
3.211502817089790796e-01
3.293443340687641774e-01
3.356087780468113291e-01
3.393573887546441070e-01
2.976879305667590181e-01
3.251999970220129654e-01
3.229350328285728322e-01
3.321522871427167733e-01
3.420651405215194840e-01
3.086220388893488598e-01
3.180039088661746893e-01
3.246507245830449473e-01
3.347473245863478164e-01
3.382958378112873588e-01
3.105697303752981142e-01
3.258352460836725362e-01
3.369045470935380093e-01
3.392109127100632615e-01
3.428396122606709451e-01
3.189403675377333602e-01
3.354298973680888696e-01
3.381692413107585393e-01
3.421906973620767456e-01
3.582012553785320352e-01
3.218749617599352963e-01
3.407660809925739942e-01
3.484014357075632673e-01
3.478988087809706253e-01
3.594134218954045945e-01
4.301471500077380661e-01
4.281705421543589019e-01
4.324929028124648855e-01
4.667362136720542010e-01
4.917766694988806586e-01
4.011466531221244969e-01
4.186152173223581796e-01
4.519199085198130073e-01
4.289125997716974892e-01
4.467599420057405402e-01
3.757712189009834725e-01
3.980623871538010450e-01
4.168694259290677273e-01
4.105313493045683604e-01
4.118141863260318392e-01
4.221451518639077749e-01
4.155285472035262218e-01
4.088004843801640864e-01
4.063344361795004911e-01
4.259712474116540415e-01
4.244912055397508377e-01
4.264669036172045180e-01
4.369965827240277489e-01
4.361795299636876400e-01
4.442981838255013471e-01
4.497524237587268159e-01
4.422241254165729663e-01
4.425050931832691381e-01
4.330013837744115524e-01
4.296110101478527454e-01
4.546024902351850638e-01
4.877670097781953151e-01
5.274830664565719474e-01
5.182301375986181347e-01
5.173084100488851700e-01
5.263592339849860746e-01
5.253200874626922090e-01
5.150453138782651319e-01
5.070193734224320847e-01
5.105915871101407433e-01
5.116822757663759269e-01
5.240569851012087943e-01
5.316170747798947271e-01
5.303068673834631097e-01
5.428502302786689659e-01
5.361715184919280119e-01
5.434426682192043945e-01
5.455680486986195232e-01
5.502299838630244633e-01
5.662703123990020515e-01
