2.033961649221581069e+00
6.063962399146209936e-01
3.174298861929444882e-01
2.039065532691649030e-01
1.380111689102739292e-01
1.293919792421659720e-01
9.450422432268448802e-02
7.925938982452278292e-02
7.295041409155750278e-02
6.612142943156962271e-02
6.376522260137983122e-02
5.966727798705290936e-02
5.618752190327051810e-02
5.097817816590792528e-02
4.526975403387418356e-02
4.724213970064658485e-02
4.727482806850538677e-02
4.597314509426290996e-02
4.418651833910464122e-02
4.152121317984009546e-02
4.394440644751088088e-02
4.269360424763785078e-02
4.133585690795643641e-02
3.989349323619029164e-02
3.833063773191770079e-02
4.151011509003270372e-02
4.129378916767059704e-02
4.049221790788530562e-02
4.054944198085547180e-02
4.030456962474246452e-02
4.256796062523852259e-02
4.155938480409956948e-02
4.067654066772571214e-02
3.976594266318257687e-02
3.794344714530437090e-02
4.080468781127504635e-02
4.090341895854572585e-02
4.016712011881030248e-02
4.024243809147981521e-02
3.989538339271776757e-02
4.145235084889842270e-02
4.065924673487605195e-02
3.962123754873800308e-02
3.925455169908455971e-02
3.863996426230642545e-02
3.955002627615203381e-02
3.943549046519619072e-02
3.906800999762510829e-02
3.902795198127183979e-02
3.872533794891845627e-02
3.355023147795335725e-02
3.430067318274052091e-02
3.610732805504121568e-02
3.762176297665124208e-02
4.146857971085648326e-02
3.984981407324386660e-02
3.905681970739569020e-02
3.822389744876542039e-02
3.862113273728885743e-02
4.034384362998142542e-02
3.956789838666720238e-02
3.991023089580398447e-02
4.120574645076938852e-02
4.177051944660852001e-02
4.295867876882458053e-02
4.207663350610160724e-02
4.208291487785927043e-02
4.123527657404978120e-02
4.154275159298150694e-02
4.198496124956435649e-02
4.204883583203000708e-02
4.183627981357407322e-02
4.283452723465069195e-02
4.313279932828765345e-02
4.441469614588219872e-02
4.337017614437854718e-02
4.339696998101107150e-02
4.288160850750354081e-02
4.314300611892901705e-02
4.341639051521876957e-02
4.350673475108886301e-02
4.335594934238949649e-02
4.402249614511404008e-02
4.454874751817203271e-02
4.518576120838715265e-02
4.477809798214545112e-02
4.481305826681257487e-02
4.430497219025873734e-02
4.436329868481048155e-02
4.474939449990915363e-02
4.479035684623051267e-02
4.465744701979581371e-02
4.529712817983888584e-02
4.602254105535089068e-02
4.689087620777381005e-02
4.648798050901402357e-02
4.637306462803052198e-02
4.594013190062462559e-02
4.605379095810015200e-02
4.631371810941928291e-02
4.799490376526326096e-02
4.647047282096461451e-02
4.892978667083928285e-02
5.294066350460097103e-02
5.641555974990505873e-02
5.564858965169230953e-02
5.445898859881494886e-02
5.473627266599880026e-02
5.556613307453378559e-02
5.975297359872101116e-02
5.805408698092858616e-02
5.780370111163518621e-02
5.890674888455479236e-02
6.119022637193134717e-02
6.274424625293058277e-02
6.220247763106259015e-02
6.090689816889315045e-02
6.055353811763514171e-02
6.144104477531910080e-02
6.296782054921037930e-02
6.273026443169744948e-02
6.245195595278396627e-02
6.268403817477566364e-02
6.393887550949105270e-02
6.517711884906189634e-02
6.482136719577036299e-02
6.394365191419271177e-02
6.368644143433493943e-02
6.397714688498448710e-02
6.489307876225805516e-02
6.473016686797139485e-02
6.487915380005720989e-02
6.495929640408916461e-02
6.582187948044476711e-02
6.704050743098877163e-02
6.692534014401946285e-02
6.603772455271886277e-02
6.576438006830709337e-02
6.627478851762844125e-02
6.683380915804154609e-02
6.681204114965891283e-02
6.676170963378541545e-02
6.650809723351910896e-02
6.757381639610204882e-02
6.864755530305702291e-02
6.812754297456481700e-02
6.743661319748295302e-02
6.737705431807970713e-02
6.771595771234908967e-02
6.808536926290079117e-02
7.094843517551482903e-02
7.129455715364355073e-02
7.809127219630937478e-02
9.176725880510980260e-02
1.098259303399744813e-01
1.008174768764463769e-01
9.792590333805056835e-02
1.031467450730801372e-01
1.108305845980253890e-01
1.229939214008695658e-01
1.212144598805564716e-01
1.295915069191528046e-01
1.328426657669958266e-01
1.412049562813303127e-01
1.581319519590604628e-01
1.923818786602196351e-01
1.934307440420311996e-01
1.993074261092576682e-01
2.035623347735520672e-01
1.981166638888106069e-01
2.005323333311715694e-01
1.998590856001403182e-01
2.043729616767432922e-01
2.015972859769719350e-01
2.096887154961098176e-01
2.030396554241266638e-01
2.054068948670114692e-01
2.148396856829463131e-01
2.211807945761666838e-01
2.227758273801673794e-01
2.239207847816114261e-01
2.198397118478026546e-01
2.264980754366662519e-01
2.219194212784096343e-01
2.229014465423673208e-01
2.258235021503670892e-01
2.207419829517313081e-01
2.266246514524088151e-01
2.290677047096918162e-01
2.260834955566420057e-01
2.348960108752029263e-01
2.239448737461709471e-01
2.313287199416902418e-01
2.356481284861568770e-01
2.338679224970274528e-01
2.312358387474910404e-01
2.366052054612189925e-01
2.281325271021661383e-01
2.403363360898887469e-01
2.495366905501270327e-01
2.646399268861129861e-01
2.747551492761635683e-01
2.745100671067676190e-01
2.720306851226521050e-01
2.799343082583427567e-01
2.963725139675612574e-01
3.007729706187449725e-01
2.890691110780823081e-01
2.816836332067433890e-01
2.883376446739798760e-01
2.724687758912071600e-01
2.807510322268336189e-01
2.900190464621025255e-01
3.035281811887223791e-01
3.111436099062131477e-01
3.030280664074693764e-01
2.978690245903681255e-01
3.075514751272058200e-01
3.221973107541903913e-01
3.285995472653277516e-01
3.210059145314565487e-01
3.114433400646970940e-01
3.165454334887227161e-01
3.299507993644521520e-01
3.411270229221010641e-01
3.396703482775327299e-01
3.279589704201252287e-01
3.271193524706463851e-01
3.315593399693479437e-01
3.426626299780383134e-01
3.414336297588198010e-01
3.344189162570641027e-01
3.341454544377157054e-01
3.392780416172710423e-01
3.503426660076998100e-01
3.452815180437064368e-01
3.409993656315885580e-01
3.431965094828299812e-01
3.482321604796645986e-01
3.578512375593730921e-01
3.599512929455282451e-01
3.548034445029729644e-01
3.558714741983390883e-01
3.534331859227680672e-01
3.573867732363540939e-01
3.599097400436186422e-01
3.591639581642346313e-01
3.588582578144950963e-01
3.616505583234227439e-01
3.666222120938064655e-01
