2.075764841446512854e+00
6.300235044949815677e-01
3.263438054291487034e-01
2.096853728352279511e-01
1.633878603820624331e-01
1.616536948610370894e-01
1.327360064463016798e-01
1.182755890343873406e-01
1.119519222389925017e-01
1.061687459813112355e-01
1.023278522247359490e-01
9.878119467751766969e-02
9.585653365110934077e-02
9.048657775116682178e-02
8.371174709239964651e-02
8.529822619525369298e-02
8.577606126766740280e-02
8.519144033133985161e-02
8.340299918953912595e-02
8.093541957127714515e-02
8.251073707450584660e-02
8.139322828462622339e-02
7.954837228361535950e-02
7.806894541074432814e-02
7.739743992888559188e-02
7.991502388942473001e-02
7.973001804303725404e-02
7.889381713100215854e-02
7.836493765848115411e-02
7.740429784702099192e-02
7.969412274936650553e-02
7.927044352051093590e-02
7.810042049106938333e-02
7.710153655049162280e-02
7.562829210520691237e-02
7.752467070682338146e-02
7.749511644913571751e-02
7.725533714067898960e-02
7.732262485231893023e-02
7.777026837762970879e-02
7.915050903949932826e-02
7.826358023642060457e-02
7.724506028859590145e-02
7.662738023486753702e-02
7.626810844292272740e-02
7.707548957123983024e-02
7.696809464067425055e-02
7.670438942955111472e-02
7.696932596209862809e-02
7.738996530729325141e-02
7.201826559056498378e-02
7.186549300553775332e-02
7.345188846548583728e-02
7.580158458192787219e-02
7.742203629173143031e-02
7.664633065003248480e-02
7.579875371979613585e-02
7.529107248203495417e-02
7.548391731399434201e-02
7.703420658102524965e-02
7.632564019686201295e-02
7.644141073350113613e-02
7.718769460177055119e-02
7.843877324612832935e-02
7.922608057946278759e-02
7.874418890138396021e-02
7.821608443424453438e-02
7.798372834765418538e-02
7.797423717404121379e-02
7.897689474031420465e-02
7.837253463232771167e-02
7.836280740128909184e-02
7.913833937976544330e-02
7.965421609013825788e-02
8.018350330779580593e-02
8.007058751800605334e-02
7.972846679839867834e-02
7.930333340615584869e-02
7.942814233412254232e-02
8.007738175234999090e-02
7.973714098644194004e-02
7.971977560854534572e-02
8.020281599318491994e-02
8.083276789536629481e-02
8.192664584878103784e-02
8.131192400672532239e-02
8.107162506561250981e-02
8.083765775047732638e-02
8.096046370450762919e-02
8.149536997078578315e-02
8.112872174318062901e-02
8.100856895890945486e-02
8.147098867440856484e-02
8.207524363401905165e-02
8.271838706450354572e-02
8.226120940968995043e-02
8.218242251392895992e-02
8.198077810977466573e-02
8.243344175848052457e-02
8.296291418687817831e-02
8.428647964144650451e-02
8.292840922340533050e-02
8.573594418119134808e-02
8.761854020402087828e-02
9.140100862820722816e-02
9.065363648692600917e-02
8.999437487409374381e-02
8.980995296763825964e-02
9.143164550095926602e-02
9.417792944530475885e-02
9.256598015787803613e-02
9.276948545705149263e-02
9.419024622451058204e-02
9.589807167965319623e-02
9.644395868251817716e-02
9.715620631853917610e-02
9.636636331867912131e-02
9.593857657592955168e-02
9.686590426414698474e-02
9.759876338158925135e-02
9.763830724077895984e-02
9.749011868301110662e-02
9.834502862488894714e-02
1.001962849722716487e-01
1.006477546405444012e-01
1.009364463072488921e-01
9.997150051862994935e-02
1.004235692581788297e-01
1.010205840253449172e-01
1.016924451566767335e-01
1.018803125312502944e-01
1.017724417592842795e-01
1.018818479670223209e-01
1.028467965946308627e-01
1.033628588686553856e-01
1.032071897407385724e-01
1.029650345129547728e-01
1.025163004972068220e-01
1.026252036763108250e-01
1.023271745278412359e-01
1.018332933013345598e-01
1.022144434693929571e-01
1.020259882055318257e-01
1.017119699962304169e-01
1.029929125073990037e-01
1.023798314699027878e-01
1.026314091618376612e-01
1.031720462579712727e-01
1.021491885632514751e-01
1.019258119622769299e-01
1.104372540639863842e-01
1.048026774353226498e-01
1.035132714961712330e-01
1.045875249451974631e-01
1.071406431893991568e-01
1.065792255568748514e-01
1.076953051514113469e-01
1.103709004922026754e-01
1.194317644721434868e-01
1.264684947698801465e-01
1.263799663993433187e-01
1.214898482676584762e-01
1.254842654672307933e-01
1.374150636268249015e-01
1.567804106870510639e-01
1.526995539429709114e-01
1.535888163073551305e-01
1.592186161942793499e-01
1.737501980630142273e-01
1.940354994323678084e-01
1.915193477858230520e-01
1.901169136756727940e-01
1.977614920841055945e-01
2.152346201037949880e-01
2.448148917327434559e-01
2.375774330164553416e-01
2.269225385018042718e-01
2.309334376840376235e-01
2.547179307274171078e-01
2.831331167137457472e-01
2.651844281438122120e-01
2.516820288140734219e-01
2.414665390747157137e-01
2.444618136611355630e-01
2.764477841350466703e-01
2.704174613474856770e-01
2.765377388813433090e-01
2.669553582500928113e-01
2.923443178351797234e-01
3.135316414468988233e-01
3.103509485550498548e-01
3.080527742702868221e-01
2.928948956394191727e-01
2.885700482129157640e-01
2.901879116892981947e-01
2.712858276561003201e-01
3.022640009317877907e-01
3.185195221008480515e-01
3.457972662654672513e-01
3.823643352277766305e-01
3.811548430048051772e-01
4.094347583284762560e-01
4.401040509922712340e-01
4.907955686258498318e-01
5.577539492607617166e-01
5.424033763677899023e-01
5.357747971077747584e-01
5.685853109149541229e-01
6.041379112652921490e-01
6.267207252995624644e-01
6.233225198581817672e-01
6.126736958359334517e-01
6.136781909707027527e-01
6.142394831101500863e-01
6.477269371019880317e-01
6.374156706944691386e-01
6.425523388661489310e-01
6.488926107478480976e-01
6.633523544567181407e-01
6.666970414324011607e-01
6.684749706369665923e-01
6.515279432344680544e-01
6.619982434444269259e-01
6.723430356827029275e-01
6.848543423050795775e-01
7.045467486078644814e-01
6.831523258485880934e-01
6.773676882719608106e-01
6.863939858147725115e-01
7.084753007508248768e-01
7.251244796059217457e-01
7.136357999474913782e-01
7.005343467613112107e-01
7.115442582239577263e-01
7.345946209095374213e-01
7.764118005194655669e-01
7.551686314101890840e-01
7.452068503750807205e-01
7.365008029673868473e-01
7.408672792900239390e-01
8.767909108261231488e-01
8.113204750404712229e-01
7.343000639865349122e-01
7.077562306189000285e-01
7.166737916008554254e-01
7.787497124195759124e-01
7.605904376305110404e-01
7.292407397547090442e-01
7.237825034779835631e-01
7.258998349098437775e-01
