2.103773303905601022e+00
6.751846865173520840e-01
3.476039599613712783e-01
2.489535063920947922e-01
1.988811633217924812e-01
2.068799317376221192e-01
1.673405163812325680e-01
1.498952425547114276e-01
1.401839662035647693e-01
1.307477424150475520e-01
1.265676577186326812e-01
1.228824574561583616e-01
1.200561280001953418e-01
1.164119925078430096e-01
1.104976886445981632e-01
1.125143983947841098e-01
1.125408266697528192e-01
1.115964489350654010e-01
1.096990228097579900e-01
1.070021120934441933e-01
1.097102012226165990e-01
1.086065634723335227e-01
1.072917082737035177e-01
1.054332704994597331e-01
1.033862595753768376e-01
1.070739792940754165e-01
1.067375144562847100e-01
1.058477213744720841e-01
1.057168538130891233e-01
1.052347989933726524e-01
1.082559585641731936e-01
1.074268181093221974e-01
1.058650475767183297e-01
1.049275772147745811e-01
1.035435960268332456e-01
1.062199291960918140e-01
1.061407029845970185e-01
1.054860695309287472e-01
1.058244807089577522e-01
1.054236823084046537e-01
1.080337753598720890e-01
1.071031789487946195e-01
1.060945332040507672e-01
1.051391817238421789e-01
1.046206982985024292e-01
1.060999730329710289e-01
1.058745060667301563e-01
1.055872534409556668e-01
1.056831239464549321e-01
1.045184535216118205e-01
1.076415024976837553e-01
1.063024773088595554e-01
1.056303004298985576e-01
1.048276736518401614e-01
1.035245740784787594e-01
1.047643809786298619e-01
1.045065392669312365e-01
1.047277804489041009e-01
1.045334737645258610e-01
1.041563637090111016e-01
1.063312965873296490e-01
1.050130685016560095e-01
1.041237421107656519e-01
1.032992841054235639e-01
1.031486400237390383e-01
1.037751758993881446e-01
1.035975841805813619e-01
1.038007226104465108e-01
1.038944159922448041e-01
1.034539890574321802e-01
1.041602581665539151e-01
1.036002826658824483e-01
1.030216010448429809e-01
1.025526455138676407e-01
1.022993446281978969e-01
1.024920818162658731e-01
1.026651011277957548e-01
1.032327892233783212e-01
1.034916858686810437e-01
1.030375795060415739e-01
1.036009202424697656e-01
1.030819347620158533e-01
1.025622657990447884e-01
1.020681930522474856e-01
1.023700873239428571e-01
1.023563992028558162e-01
1.023868856104520053e-01
1.025718570260852197e-01
1.028703857711090186e-01
1.026854599875279273e-01
1.031470820651828879e-01
1.028979130677145498e-01
1.025611462043036770e-01
1.023446192406001209e-01
1.018994328888354478e-01
1.022534943168262878e-01
1.021965762415468770e-01
1.026825716017438772e-01
1.028127887491304265e-01
1.026821763524864151e-01
9.806742431626624956e-02
9.914905825743700052e-02
1.014813536627484358e-01
1.046639771434557109e-01
1.060214465250310101e-01
1.051391155516088194e-01
1.031760632845512837e-01
1.031344477957054917e-01
1.036992377277905497e-01
1.057993812061557293e-01
1.049189233264829491e-01
1.055702780991771284e-01
1.063916182087073503e-01
1.068592877256500928e-01
1.073068466270680477e-01
1.071860199269630276e-01
1.065531116489198682e-01
1.060401937805045269e-01
1.066393128546393454e-01
1.071401273324422421e-01
1.068203988994851777e-01
1.066944625707497429e-01
1.072200708176795636e-01
1.083374822704920581e-01
1.090319471400839069e-01
1.088215737925806725e-01
1.083916138993934880e-01
1.077176102994032991e-01
1.080412935214241366e-01
1.081824738560868138e-01
1.082876529711412628e-01
1.079181197887600363e-01
1.085367383721355244e-01
1.090485714912406007e-01
1.099696916089621113e-01
1.096001485043147650e-01
1.092917622609990563e-01
1.082927165921903079e-01
1.088047766645532655e-01
1.096539772481377878e-01
1.092650448090264348e-01
1.087377410120937693e-01
1.091295212352014210e-01
1.098021456599972828e-01
1.103631439028796568e-01
1.101555631609426600e-01
1.095134644757261577e-01
1.094271377695580916e-01
1.097100145179502190e-01
1.092683367062242811e-01
1.097511301365061698e-01
1.095479883981940739e-01
1.093027581930434977e-01
1.089731132968958516e-01
1.100247793273497338e-01
1.099028293478418183e-01
1.097674980858168448e-01
1.096871181747962887e-01
1.094427953406290760e-01
1.095607931028081683e-01
1.102066802532389728e-01
1.092395776807872643e-01
1.092687219398097154e-01
1.094525591801980835e-01
1.104213138305742137e-01
1.103085260524912237e-01
1.097887315766933880e-01
1.095363527307174761e-01
1.094259214004023872e-01
1.098033159774164103e-01
1.103213058670056423e-01
1.095095167051611251e-01
1.098244229347909856e-01
1.096191826427526661e-01
1.105511803254217162e-01
1.105850413589322678e-01
1.099253883847804564e-01
1.097237127629435011e-01
1.098045428707508653e-01
1.101368139798357959e-01
1.110232435034980980e-01
1.102659562960329465e-01
1.101956488362388353e-01
1.101062526201043168e-01
1.111718926883794034e-01
1.115527518832430676e-01
1.109248078579673363e-01
1.109318917318993236e-01
1.105152498310266601e-01
1.107505704370569249e-01
1.116853990107776751e-01
1.109259753081427158e-01
1.111158845834243902e-01
1.109312177848311154e-01
1.109348103390149082e-01
1.119706898865188149e-01
1.113988976127667785e-01
1.109966547358981342e-01
1.109082848043013436e-01
1.115425172984969571e-01
1.099002918296782261e-01
1.062710824559477130e-01
1.061780952105312037e-01
1.063518255671171558e-01
1.069563178171472340e-01
1.064226134809555802e-01
1.060622206999445871e-01
1.031668802641990956e-01
1.040703224032415997e-01
1.057983950397829720e-01
1.057863061057019438e-01
1.034700270011029988e-01
1.030737144816616380e-01
1.030036351988524168e-01
1.029703046663541233e-01
1.052075799990171701e-01
1.032263191856531703e-01
1.022982915251272051e-01
1.018627588882560497e-01
1.015335633529655390e-01
1.036711607564446691e-01
1.025791066683275354e-01
1.022656795254121564e-01
1.018534506244494486e-01
1.015747316146696499e-01
1.033924739631187084e-01
1.015681268594763043e-01
1.007207816205328843e-01
1.001137870347127146e-01
9.933295675597436647e-02
1.004488108259421891e-01
1.001667325441215062e-01
9.970072439949453913e-02
9.971629916326139875e-02
9.927059127645544712e-02
1.005533321594280771e-01
9.905083667604537567e-02
9.836418892936218961e-02
9.764756913514859027e-02
9.684231862055482642e-02
9.739936651638891885e-02
9.733556132902082547e-02
9.708648596644027517e-02
9.823842129553915503e-02
9.673427470725996791e-02
9.810056470088843183e-02
9.704974765092475031e-02
9.626445914424833217e-02
9.618525954934054045e-02
9.551650681662122999e-02
9.616659003718058818e-02
9.600627907058492672e-02
9.573858411836169702e-02
9.658463186029007941e-02
9.601607830296468582e-02
9.678000622753303583e-02
9.626597540101830552e-02
9.547044253527475766e-02
9.564084485554363857e-02
9.473638834343345305e-02
9.509387641704378225e-02
9.527371562153841289e-02
9.526901331380527305e-02
9.590148006086185450e-02
9.523856824711046665e-02
9.579162841088273428e-02
9.575452815923475580e-02
9.529810921893985820e-02
9.525932607333734148e-02
9.459663307708410240e-02
9.486821651657303955e-02
9.496003314938712692e-02
9.497933422938750758e-02
9.565033025937669242e-02
9.475858883236865093e-02
9.544319501746557910e-02
9.560936032528857820e-02
9.508229303111609410e-02
9.502109578195636064e-02
9.451273445376566495e-02
9.492004167013781690e-02
9.505033259243994559e-02
9.516253707324795474e-02
9.576532093493222986e-02
9.539233783883008244e-02
9.576052204409403468e-02
9.559154630451405232e-02
9.525280367708559293e-02
9.513713342748762736e-02
9.427217816877138390e-02
9.505799281427246283e-02
9.536504314896940282e-02
9.529096303636883092e-02
9.568296035026421786e-02
9.501332638907114547e-02
9.545075742983011313e-02
9.562752060864812553e-02
9.512861543033859779e-02
9.522177650159324713e-02
9.443177558071799704e-02
9.508997212619989259e-02
9.159276866991247767e-02
9.112346410965355137e-02
9.199307340708662295e-02
9.038620803133391723e-02
9.090269044447049640e-02
9.019066235335965187e-02
9.030640488203806049e-02
9.476549745952383974e-02
9.719039014332064852e-02
9.733192693173173260e-02
9.587555207668449486e-02
9.664809284514001841e-02
9.793668189967547066e-02
1.011530554210625654e-01
9.954255744795513505e-02
9.934400249240699088e-02
1.040047249119245287e-01
1.296165840408249892e-01
1.462380684990415014e-01
1.226877428407179976e-01
1.264216355403480208e-01
1.457368723179852110e-01
1.754373931247995011e-01
1.846316407462213482e-01
1.759819105940917949e-01
1.853911696241607732e-01
1.852686713296363696e-01
1.852704944929478570e-01
1.895855132307668889e-01
1.944177126065526617e-01
2.013172209269916413e-01
1.949446542077514222e-01
1.945883552888280632e-01
2.100939119237446584e-01
2.019706317891032665e-01
2.234074820157149199e-01
2.361850598906114762e-01
2.375330289499055225e-01
2.540626951648312648e-01
2.588478753739927307e-01
2.581055450300357990e-01
2.489715155205370345e-01
2.557948111047680939e-01
2.715142123163303278e-01
2.755035859131799159e-01
2.797551905421238327e-01
2.834939770908814216e-01
2.878729613058729764e-01
2.980106882934842050e-01
2.991157870530388729e-01
3.056466909540616617e-01
3.030713790786274675e-01
3.011592046140229573e-01
3.155600522614555592e-01
3.204295003611096204e-01
3.170443886929498190e-01
3.286164602649006561e-01
3.457532758283054508e-01
3.514069054969204409e-01
3.565116501655902215e-01
3.575212178443406552e-01
3.597455261985992858e-01
3.611136972354108687e-01
3.662904942680549336e-01
3.653514132199892628e-01
3.683584939889854581e-01
3.755876814960368293e-01
3.764079311771428848e-01
3.753357817925618845e-01
3.778261643465428699e-01
3.801178533001779991e-01
3.901293556598207646e-01
3.928681746515844120e-01
3.963258176508815955e-01
3.897298369954537156e-01
4.021029403467092367e-01
4.162925892013455975e-01
4.257298267211407916e-01
4.240923469097468979e-01
4.416839968734328492e-01
4.324021445230488148e-01
4.386566853008823652e-01
4.334193386466932973e-01
4.269656356951755383e-01
3.833811455422744818e-01
3.787030152713061204e-01
3.752385880671125218e-01
3.695823075598675400e-01
3.782769362104857480e-01
4.087369717062936947e-01
4.117752391409243984e-01
4.130195737842421444e-01
4.261576682601503352e-01
4.287441336481933596e-01
4.054314469443572877e-01
4.045679037126267419e-01
4.040801483561075047e-01
4.155993264016462074e-01
4.280849134668675005e-01
