2.025964682710989617e+00
5.803750263722310399e-01
2.793875158866532260e-01
1.728320192388468901e-01
1.236220312236426810e-01
1.253444282231299667e-01
9.100360049990963152e-02
7.534033549271879071e-02
6.945922035459706212e-02
6.277357269226578607e-02
5.879541741870626670e-02
5.511712604147699784e-02
5.227841768178237425e-02
4.787510166854040683e-02
3.968986578347730165e-02
4.178505028973761304e-02
4.222851906889162066e-02
4.137093082665506405e-02
3.998166139661944729e-02
3.758186325314524789e-02
3.901277436975465751e-02
3.761604880710545107e-02
3.587151054967722963e-02
3.405786614925301187e-02
3.152313002790795016e-02
3.546501867696005145e-02
3.531666863968855458e-02
3.474170472407040605e-02
3.440659299324100306e-02
3.387365594759593479e-02
3.609290848335160867e-02
3.516947295267702778e-02
3.368038134441980747e-02
3.254696516905696696e-02
3.218066142030861360e-02
3.452729138915308638e-02
3.438813274946168896e-02
3.377751840704049796e-02
3.380309838099308101e-02
3.346149728107551680e-02
3.488878301864520304e-02
3.436166252616934536e-02
3.346097157747115330e-02
3.233525521679163350e-02
3.289771511856527664e-02
3.362817307687014645e-02
3.334689781286420684e-02
3.302957447929689982e-02
3.330879072853054623e-02
3.352259597293851673e-02
2.812196552854105691e-02
2.834210988608742293e-02
2.980489875235575736e-02
3.067004704377873647e-02
3.323302195818571281e-02
3.197586598127121621e-02
3.170915036788146679e-02
3.163972508932164779e-02
3.311305261384292487e-02
3.409482121542939392e-02
3.390620983118940168e-02
3.396598487697372049e-02
3.452910797530878845e-02
3.473567859612235881e-02
3.540015359515638615e-02
3.520309371423477329e-02
3.499524662925529439e-02
3.489818843068575455e-02
3.540953744074958748e-02
3.631970922661413581e-02
3.594819025044605765e-02
3.590174023909105394e-02
3.627312296155865701e-02
3.643329252000041679e-02
3.677849166793482893e-02
3.654986432343755587e-02
3.656145891244405588e-02
3.652382768116023415e-02
3.707737403617742539e-02
3.811076925943356758e-02
3.744586469284559571e-02
3.741197095971914716e-02
3.746289808737586491e-02
3.749091142512320923e-02
3.784344419345948840e-02
3.777367625528205153e-02
3.777089072367829231e-02
3.784919509383437297e-02
3.816960238254635263e-02
3.932757011684442916e-02
3.886233999929323418e-02
3.849463501255243059e-02
3.846667531892294933e-02
3.871639426354553382e-02
3.900998391168016000e-02
3.896765620206989189e-02
3.889593980349238811e-02
3.913324166800258991e-02
3.942261709148255078e-02
4.098644671426215219e-02
4.142112633655630621e-02
4.016665446757683444e-02
4.251538995533270249e-02
4.480977136974335917e-02
4.716037110267143340e-02
4.726486087713353823e-02
4.673701945107382183e-02
4.652517506073700071e-02
4.826493696219440188e-02
5.128803633083241914e-02
4.976033364632861944e-02
5.002715659564999778e-02
5.092278591385655806e-02
5.227335305543574784e-02
5.204549199441509122e-02
5.260098397259745095e-02
5.306412985765231183e-02
5.293046966242039020e-02
5.339092780940750405e-02
5.547100990967658574e-02
5.515425522206762049e-02
5.518947248741406381e-02
5.595432179123593919e-02
5.618296467443890246e-02
5.705525208013009775e-02
5.731428299188792708e-02
5.724299832373902497e-02
5.704606157366932939e-02
5.912346917057794554e-02
5.938100475186697258e-02
5.959665601883162855e-02
5.916956597400310769e-02
6.014259342276779413e-02
6.058184158082692561e-02
6.116320412400055861e-02
6.148746588234281496e-02
6.101231255055138136e-02
6.124483962723077657e-02
6.197880197716302414e-02
6.264464971083896772e-02
6.237474798316164359e-02
6.229627413047073708e-02
6.296604995032045737e-02
6.294446042327983548e-02
6.465208414808588933e-02
6.409006369917089052e-02
6.361668439924672569e-02
6.391289151722219508e-02
6.394782976104324002e-02
6.446828847958474551e-02
6.764429254652445933e-02
6.548556917937208011e-02
6.711941430058852853e-02
6.996654679767982943e-02
7.225451446468195149e-02
7.229676689689051861e-02
7.298846501497077699e-02
7.441760701406804901e-02
7.902058248010854213e-02
9.021051897215548454e-02
8.375041544667775895e-02
8.637209007083719581e-02
9.450375798953371265e-02
1.097557751097484047e-01
1.377984755701676112e-01
1.241661662992658705e-01
1.414615422879860196e-01
1.626158143549977231e-01
1.704646290561953603e-01
1.802342862059080342e-01
1.815397209794168409e-01
2.022005690021725921e-01
1.806472095190822802e-01
1.856829008279829996e-01
1.876642006111073346e-01
1.768922326117583210e-01
1.896047039089712172e-01
2.006776833562811391e-01
1.955606425642913426e-01
2.034205781915677247e-01
2.051220652905962338e-01
2.081902719089196441e-01
2.128823076515011514e-01
2.166577934468424393e-01
2.234975775215722882e-01
2.257090290980539871e-01
2.283595162882890994e-01
2.278003244091619250e-01
2.315560183054113097e-01
2.357662727880674436e-01
2.365649167559508159e-01
2.401934503494982387e-01
2.437772405313795576e-01
2.522674108018829187e-01
2.545190390592960705e-01
2.570957841479631911e-01
2.583738714188293928e-01
2.631492342940912610e-01
2.623241200097528036e-01
2.742013354436481087e-01
2.938445361565341085e-01
2.947471249060974463e-01
3.253645901661817996e-01
3.563679693811405702e-01
3.856525672220099676e-01
3.752370273177753623e-01
3.339749448740977344e-01
3.461723168929118355e-01
3.427909975086508854e-01
3.478837324528546437e-01
3.523096684364056541e-01
3.456684163274478250e-01
3.399738847632972072e-01
3.438437076271395054e-01
3.502925441485325031e-01
3.559034497279897069e-01
3.562251530743288930e-01
3.695815935376743910e-01
3.796351589729420883e-01
3.793957885517433293e-01
3.917844365381470406e-01
3.858405148988029443e-01
3.846106049456966547e-01
3.849076556619808742e-01
3.817407393299317997e-01
3.828585458792555518e-01
3.846424865417343852e-01
3.953240173738603591e-01
4.081479670698135997e-01
4.067236135016797371e-01
4.243328645342954175e-01
4.201923229304089791e-01
4.100509886054606312e-01
4.580474720460061544e-01
4.589938574398120252e-01
4.648605111813883806e-01
4.766746393912019153e-01
4.901544839384723851e-01
4.985992906950998949e-01
5.024606312710039324e-01
4.924371430576530706e-01
5.046016036018340367e-01
5.026775355416562840e-01
5.066061047875497492e-01
5.146803385423951438e-01
5.211455348878479832e-01
5.153823803394719238e-01
5.137731320797607193e-01
5.206774730950334273e-01
5.267482197209024664e-01
