4.921002363956209713e+00
4.747934227676298136e+00
4.671403644395899946e+00
4.621813384914773337e+00
4.382183389534830553e+00
4.133689843288160581e+00
2.984284466416497139e+00
2.912515382684786935e+00
2.771767457207939156e+00
2.512695780099605258e+00
1.990829353367864041e+00
1.841296863084597835e+00
1.669917964386388842e+00
1.536045258099364208e+00
1.329870479308302933e+00
1.278390708236068374e+00
1.219953853373565433e+00
1.191542735675225950e+00
1.194475303075376083e+00
1.098243064673375402e+00
9.325738796887954596e-01
8.454830673424175158e-01
7.250663664270313724e-01
6.718158165779417601e-01
5.943252208134737202e-01
5.507963071878341221e-01
4.931523639479929999e-01
4.695481642244329068e-01
4.723938486336259346e-01
4.806461530298434814e-01
4.990228745308833425e-01
5.374391924577849311e-01
5.853349369774825117e-01
5.497687402898285836e-01
5.547807497298840040e-01
5.444456304358420429e-01
5.394218450207977078e-01
4.985674650406854980e-01
4.339694955032932233e-01
4.100189965075815013e-01
3.866256913401642237e-01
3.803845882769502085e-01
3.457980183390022555e-01
3.387684330148674761e-01
3.271732963741911249e-01
3.234296716907012481e-01
3.187174085727400019e-01
3.032053312878688622e-01
3.000253593444738298e-01
2.874002912709421320e-01
2.821877823710218225e-01
2.790898514102326811e-01
2.741609663540514052e-01
2.493281710068915857e-01
2.251164125942099470e-01
2.106706812638241555e-01
1.941508743705185336e-01
1.926909985234998013e-01
1.919960634536407307e-01
1.877341185840605831e-01
1.781318242095424886e-01
1.703467267293595488e-01
1.636914503457715941e-01
1.588618688400440515e-01
1.574166796217501274e-01
1.572079715424674617e-01
1.542959128597644614e-01
1.470712788781773084e-01
1.422829030589741750e-01
1.375521863079224305e-01
1.302951667754466691e-01
1.287957312187296421e-01
1.250134170888463347e-01
1.204312571743506866e-01
1.158398050723553757e-01
1.102836674628232816e-01
1.095634713647855862e-01
1.064695005039200532e-01
1.021991230424062064e-01
1.035222060320257903e-01
1.053877248068980366e-01
1.037658244649974915e-01
9.979227678210750296e-02
9.760228516015825861e-02
9.509626716260760615e-02
9.133663160722844954e-02
8.999044106670733845e-02
8.917240852285590602e-02
8.867287787528364829e-02
8.838939275194229728e-02
8.897837353188492449e-02
8.954516186614472351e-02
8.933545144370241831e-02
8.807299523918468709e-02
8.706123742191901327e-02
8.686008198378775136e-02
8.626677940954567692e-02
8.475060944575274480e-02
8.430255775138609242e-02
8.275025547535072579e-02
7.870632343892806915e-02
7.840773368553646816e-02
7.667550237143261338e-02
7.549674911332386606e-02
7.465742668403253790e-02
7.472458116939106887e-02
7.511614408703347345e-02
7.517363282766745258e-02
7.546394389744524867e-02
7.538165170829327910e-02
7.494419512830330365e-02
7.397090658530508511e-02
7.303461179760276090e-02
7.192618197988340234e-02
7.133442672293162368e-02
7.110253124309592887e-02
7.021251394008205804e-02
6.945893620773269106e-02
6.806296212051837768e-02
6.741538088540971474e-02
6.683987984240093161e-02
6.650053235517716654e-02
6.639932000817214131e-02
6.628724984253987762e-02
6.548272797969759140e-02
6.524353167815663546e-02
6.325860174150393922e-02
6.167600344550062952e-02
6.143275082258604913e-02
6.124002342513732572e-02
6.123151669033324862e-02
6.108874527649817143e-02
6.087225979120556435e-02
6.051184051127675434e-02
6.012597843707982725e-02
5.984997199530086437e-02
5.902949066457727212e-02
5.753107046498693450e-02
5.579165718585939182e-02
5.441166590689544558e-02
5.369126506780038527e-02
5.096482660519198460e-02
5.036093308589979778e-02
4.986887347707903706e-02
4.878696616585799506e-02
4.670764743451810003e-02
4.582526863298549274e-02
4.578789951716233375e-02
4.601776633096177349e-02
4.614509504087376673e-02
4.638955472772830074e-02
4.673629291287483001e-02
4.684270955822553151e-02
4.725451677801841693e-02
4.772935305304448761e-02
4.742171685679850285e-02
4.719192114024665236e-02
4.665640880244471822e-02
4.581323920858719478e-02
4.581482274041896730e-02
4.589901200076736132e-02
4.573785291885142795e-02
4.554849977749291651e-02
4.533228947666759212e-02
4.479311161917871875e-02
4.470954522735788583e-02
4.462846141898565988e-02
4.474246896491375358e-02
4.462617068799548670e-02
4.464169844051263381e-02
4.460542203886926071e-02
4.442212882915441696e-02
4.411454210017293209e-02
4.369566600680201141e-02
4.260666159346242210e-02
4.226484260034197443e-02
4.191230649673507308e-02
4.154990503707081673e-02
4.130065692853625292e-02
4.071217803684054615e-02
4.050419581448006651e-02
4.028390599924090709e-02
3.908462450462489579e-02
3.843623658439771634e-02
3.798424870381215956e-02
3.747023455747341275e-02
3.730688913420575348e-02
3.698129555738076391e-02
3.685550799212927026e-02
3.681096988678900228e-02
3.632528558787167378e-02
3.547340319636567429e-02
3.517302677341181683e-02
3.477694785960999679e-02
3.485856689521843466e-02
3.484349037695814999e-02
3.485247192080856427e-02
3.467244516853466851e-02
3.437183595090218674e-02
3.405200321475145009e-02
3.341950864164280194e-02
3.326421883634290283e-02
3.272360693588417802e-02
3.198310398584586212e-02
3.123549933678662627e-02
3.015459865940669365e-02
2.905870893420645085e-02
2.839966352455516180e-02
2.727644118657566313e-02
2.676333594701747753e-02
2.622568768452139890e-02
2.558081834946158983e-02
2.513346407306544378e-02
2.448502479915758839e-02
2.431964909562811528e-02
2.349906103176674366e-02
2.244532817150108467e-02
2.252282641216240416e-02
2.226498947375026710e-02
2.093841548533902086e-02
1.970770370461080376e-02
1.899788009055342064e-02
1.888780272588401823e-02
1.845860669012849148e-02
1.850552209511168236e-02
1.877847727738578970e-02
1.865193189592538603e-02
1.878169745970309154e-02
1.890624004004385489e-02
1.932511447756811440e-02
1.969268037227760865e-02
1.917440574487467783e-02
1.858208715933369615e-02
1.853282918300980589e-02
1.837408252881193166e-02
1.787476123844910364e-02
1.754487981976059902e-02
1.710237173986360604e-02
1.707465361357383624e-02
1.710644738679630364e-02
1.705720447934011216e-02
1.705560656524067117e-02
1.713249903527636758e-02
1.716193080573244836e-02
1.723156190971100732e-02
1.732111267989153158e-02
1.758532788261790367e-02
1.759245116421481389e-02
1.750338337542719364e-02
1.729652361416331163e-02
