4.126345078830364055e-01
2.514653927533464506e-01
1.429117515988856113e-01
8.126576208189062456e-02
5.316376849688016909e-02
9.895775504537035472e-02
7.107635652373520130e-02
5.806676286403314458e-02
4.489605304468825830e-02
3.666403575502456824e-02
4.396100584309082376e-02
3.680804231257313319e-02
3.498710455936205471e-02
3.369217552475888000e-02
3.033889149524934131e-02
3.484696175061041679e-02
3.156590648700224877e-02
3.352900266844007632e-02
3.270224543662987593e-02
3.391671732452922194e-02
3.378541166417359243e-02
3.227628642235919054e-02
3.321745124453868991e-02
3.095213986082021723e-02
3.164130805057324691e-02
3.302740381858574464e-02
3.225705585519995922e-02
3.210878002706084311e-02
3.275836707648250440e-02
3.252049129672027888e-02
3.507557557953859539e-02
3.353534942212581249e-02
3.275383725638316562e-02
3.222662527709268393e-02
3.210595785233671950e-02
3.400866953883310839e-02
3.319972744335145109e-02
3.253455399390876857e-02
3.259030652859787325e-02
3.201575517389838865e-02
3.401536225442751415e-02
3.344781643721353448e-02
3.232171217635602944e-02
3.190366834064593815e-02
3.220339345632693834e-02
3.299761802750071638e-02
3.262805659904283173e-02
3.201757548891638605e-02
3.250544757433819487e-02
3.311394843621555395e-02
2.659182235823338153e-02
3.076462433165674457e-02
3.536752474810721247e-02
4.300482121735357821e-02
4.445173260629123324e-02
4.405953499549051383e-02
4.145201575849490061e-02
4.070499590945722557e-02
4.113548335264236022e-02
4.707117985818001782e-02
4.713064859729922118e-02
4.800942663641167424e-02
5.031754159876739713e-02
5.247567137177441832e-02
5.552212771593370566e-02
5.546130096072247884e-02
5.424639862687739844e-02
5.364063783956206366e-02
5.351710884380162653e-02
5.571595394400284673e-02
5.565866655451545686e-02
5.594568816873488060e-02
5.712539608803718361e-02
5.893463871576397339e-02
6.040472223597685014e-02
6.154446109675165699e-02
5.980407584659572229e-02
5.996799376036905660e-02
5.969525924608082290e-02
6.201723358426679267e-02
6.267160557171372326e-02
6.265300420183309016e-02
6.282924782767622396e-02
6.517179343825925397e-02
6.831001810443061706e-02
7.028902416200008552e-02
6.927901911199349505e-02
6.950498655723769126e-02
6.904193268916423987e-02
7.211543311806964396e-02
7.112377128954519567e-02
8.447049082585481039e-02
1.523289057688028969e-01
1.424414668708777754e-01
1.701826196624237064e-01
1.033281886049262910e-01
5.468373407769555605e-02
4.578977024794562284e-02
4.115403277472651916e-02
4.180163248651040664e-02
3.898837159231987454e-02
4.648352979895534198e-02
4.880910191851508401e-02
5.448326389911930384e-02
5.649977737172366676e-02
5.634354707679147672e-02
5.572522102189869653e-02
5.699237595754662322e-02
5.641311493519531040e-02
5.956921819724489420e-02
6.072552978518452188e-02
6.176160790254436178e-02
6.600428773741122412e-02
6.904580030153453785e-02
6.930822862041574606e-02
6.851735306434827977e-02
6.682387963839539480e-02
6.731920550568745720e-02
8.126755190378301408e-02
7.942584101495638038e-02
7.517806758139317092e-02
7.901701739914276934e-02
8.098270666311629951e-02
8.510221579083365739e-02
8.551298122590243744e-02
8.571823631805473853e-02
8.558194656506833142e-02
8.836632630094075347e-02
9.047633547089015127e-02
9.372407190974824109e-02
9.469457358900784660e-02
9.297242110485860744e-02
9.543281365656339221e-02
9.833310114072088548e-02
1.012763286223960502e-01
9.925742449362576214e-02
9.889903535237562493e-02
9.902071871588329077e-02
1.016746646552157546e-01
1.026138115140123597e-01
1.056656807275591081e-01
1.069091028192086790e-01
1.063992554630336235e-01
1.114359073364759450e-01
1.230963223447661126e-01
1.187303147972634115e-01
1.132787399609962303e-01
1.146476089644291041e-01
1.146201899501269467e-01
1.184179266170035938e-01
1.303265320619623746e-01
1.507844109527656240e-01
1.624232644335775189e-01
1.667512872747722030e-01
1.733051464843473888e-01
1.816235002941606613e-01
2.237600001731572252e-01
2.303831517753912039e-01
2.472891513255849327e-01
2.543602474873424835e-01
2.464915184571543905e-01
2.563214690752396718e-01
2.685098528100109960e-01
2.734499195352262935e-01
2.705855252476669359e-01
2.784860487437144649e-01
2.729087852478133680e-01
2.679747626993426168e-01
2.743209509828363757e-01
3.177035209401769533e-01
3.084150050654107522e-01
3.143756680592672548e-01
3.739232233820881102e-01
4.293712869539195176e-01
4.668880201093978943e-01
4.678405574284079105e-01
4.580181995371332415e-01
4.663388799693347631e-01
4.779109106884305569e-01
4.857855309718087655e-01
4.823082789857371377e-01
4.953374982365253976e-01
5.160905024710803479e-01
5.324532631378054992e-01
5.539923612264294750e-01
5.403841776522807505e-01
5.421566081606407073e-01
5.495707792829178651e-01
5.487267796102390793e-01
5.588401055768144055e-01
5.379054206171587360e-01
5.383355077427135482e-01
5.495508243072775301e-01
5.561317458472960773e-01
5.593683198720952321e-01
5.445302019580370301e-01
5.368038193223438892e-01
5.533018788110543040e-01
5.609190772893597465e-01
5.706294273106395920e-01
5.477653441946108703e-01
5.359694896090937410e-01
5.601030567505728142e-01
5.989722447536994787e-01
6.016686905644208494e-01
6.002097184735739610e-01
5.926664864728257154e-01
6.003967437882373748e-01
6.155787327551958121e-01
6.485201309290422600e-01
6.431983732304661361e-01
6.410611067739460101e-01
6.457778880716653624e-01
6.599986479258597161e-01
6.858174062706070551e-01
6.805812023950541523e-01
6.779407409478970248e-01
6.780276819770272301e-01
6.920257888531696766e-01
7.216294823937928760e-01
7.063984005413754819e-01
7.102333629112503877e-01
7.297643583580570859e-01
7.461411848901335908e-01
7.662829793000844880e-01
7.622404273288474474e-01
7.791662406537652741e-01
8.061465444500943711e-01
8.333279207448223147e-01
8.684750691281886148e-01
8.651861660335049553e-01
8.865813628219487708e-01
9.212826476253713759e-01
9.284521376989962604e-01
9.407781882008350305e-01
9.026810968799854340e-01
9.264845555624787732e-01
9.445600443492507825e-01
9.499539829214311837e-01
9.578492355915264600e-01
9.329614786301128060e-01
9.505429066851835973e-01
9.587837001161890749e-01
9.836582104430433571e-01
1.004191210913453425e+00
9.829167605002345764e-01
9.948463423960354213e-01
1.004888524548039674e+00
1.016360557055815406e+00
1.056674111033603980e+00
