8.995362180168822164e+00
6.207117875408647123e+00
5.091846415169156259e+00
5.006974464253245216e+00
4.992919364751280398e+00
4.980448314240854657e+00
4.967485199092980253e+00
4.958367278715769544e+00
4.953561992603701114e+00
4.952017864716212969e+00
4.945879721284791586e+00
4.943532484796669735e+00
4.938599135035319776e+00
4.933098870951013737e+00
4.932830778886837741e+00
4.931290082698867039e+00
4.930045563460572211e+00
4.923602731613417660e+00
4.920682627485893690e+00
4.918394247421112198e+00
4.916291114150803665e+00
4.913367538836368453e+00
4.911629066689874534e+00
4.910324596272756636e+00
4.906978609962262539e+00
4.903345734623698604e+00
4.898082023529451767e+00
4.895202695972185936e+00
4.891549386939441746e+00
4.886694477846274864e+00
4.879809928837282484e+00
4.873755428223294217e+00
4.866162745742062867e+00
4.860677999570035546e+00
4.856848528927274700e+00
4.850753370226729366e+00
4.840908593085683442e+00
4.833223947037258661e+00
4.817167883374466442e+00
4.770232096134205513e+00
4.741062106054740433e+00
4.719438010963392216e+00
4.695745218657638276e+00
4.678959365619824950e+00
4.663120221354464690e+00
4.632194726967767906e+00
4.602702501582609074e+00
4.561830410590221874e+00
4.529031484705329902e+00
4.502794198037937790e+00
4.464280325853241749e+00
4.427415861161591693e+00
4.399105751638060724e+00
4.365290408182490367e+00
4.316887259631733365e+00
4.281546310150631918e+00
4.245790942050463812e+00
4.193811091635501143e+00
4.130690249262104707e+00
4.057159042598927456e+00
3.954434107045568414e+00
3.830391560640532767e+00
3.720889623717320571e+00
3.607831211430683638e+00
3.524340818824500676e+00
3.468472091201079799e+00
3.360049331479819656e+00
3.223426855041441108e+00
3.122017477073426583e+00
3.044589935065194375e+00
3.003568290948078534e+00
2.956690789516763118e+00
2.903571348079522885e+00
2.873389936774646714e+00
2.844569878680522912e+00
2.808546777504370873e+00
2.794990513410124056e+00
2.795181578654175603e+00
2.777137675165298969e+00
2.740090023303876521e+00
2.715865988824520905e+00
2.686869070843353136e+00
2.656144215526740737e+00
2.631854212954988448e+00
2.606037644866938230e+00
2.585392407032304440e+00
2.559529248766506004e+00
2.520991935507619797e+00
2.488038784526295011e+00
2.474427555688903713e+00
2.452073279429256125e+00
2.419045958499691729e+00
2.390470985488198252e+00
2.368255233186236097e+00
2.324703398448346725e+00
2.276021742468370856e+00
2.238765778792886962e+00
2.198224724322747292e+00
2.161491636924205206e+00
2.103729927547158596e+00
2.046251268308728388e+00
2.007602240611444877e+00
1.965247685484808216e+00
1.936273325925095046e+00
1.899086553380117337e+00
1.870552989415227740e+00
1.850268221759205023e+00
1.837837636839342759e+00
1.809396067106465722e+00
1.791804130156451347e+00
1.769942380679816463e+00
1.736365273316457625e+00
1.713918952846837707e+00
1.686843455741494413e+00
1.656038463168603370e+00
1.625481615143367309e+00
1.600104261714924814e+00
1.581741307624137782e+00
1.559702707020561796e+00
1.531024015546043060e+00
1.503934724448800608e+00
1.473610435468998503e+00
1.433007051000218635e+00
1.402381689584448088e+00
1.388834221058311336e+00
1.360245734660758821e+00
1.325239308065472077e+00
1.293290296131332617e+00
1.266179639837297977e+00
1.238747393894976678e+00
1.214980475916080049e+00
1.196301522328464539e+00
1.181455325905711895e+00
1.155268485750165608e+00
1.121936662699845932e+00
1.095323634585122718e+00
1.071514455251838083e+00
1.057822930630347713e+00
1.043863036155090018e+00
1.026345558890079834e+00
1.013359023349491350e+00
9.940274476043435836e-01
9.790286590367665021e-01
9.615365151724609705e-01
9.472856322453643285e-01
9.277546811907224633e-01
9.195040184531576566e-01
9.012451347394854206e-01
8.864219680668055101e-01
8.777541917264470861e-01
8.665312839470070694e-01
8.556862209199866953e-01
8.471421407880874721e-01
8.352926292283007204e-01
8.242753968482307014e-01
8.155199580761305356e-01
8.064999194782320746e-01
7.987206838308014145e-01
7.903352928333946537e-01
7.837595225458321435e-01
7.805807123239365541e-01
7.714293025799487946e-01
7.617774789926013979e-01
7.533390139569375865e-01
7.419008166933218629e-01
7.331011094944472894e-01
7.255999111113959898e-01
7.193819889233148412e-01
7.100365437453648454e-01
7.066014067698727086e-01
7.004001445441383478e-01
6.926801241984706925e-01
6.851299665165935249e-01
6.778954969209936010e-01
6.750780215799978556e-01
6.695551993339021735e-01
6.678803208017308757e-01
6.592582137445399670e-01
6.493969549522264906e-01
6.422484644388042341e-01
6.388792397636606779e-01
6.358175172838053113e-01
6.310601310575991718e-01
6.222082591700331955e-01
6.149654768851620101e-01
6.075812194015857148e-01
6.045616288523787407e-01
6.019134392005754952e-01
6.004748688289651692e-01
5.975014282850770186e-01
5.934161577271372945e-01
5.897917359961504236e-01
5.877309394165524115e-01
5.859663845630065371e-01
5.844314325897785878e-01
5.833335659662328698e-01
5.816842619686373173e-01
5.817930178571251165e-01
5.793587868883699477e-01
5.765996190264917054e-01
5.727434238638806629e-01
5.682614526315354908e-01
5.637324502231264578e-01
5.600667284811037261e-01
5.548515173002961376e-01
5.511528783409016530e-01
5.487404678878212705e-01
5.463686425869177521e-01
5.450486999457893056e-01
5.421806242563185219e-01
5.391040012625416544e-01
5.333577870752408412e-01
5.281137194027658577e-01
5.227149715130686713e-01
5.150705766021992371e-01
5.076485474329641701e-01
4.981327659506905592e-01
4.918589796370910761e-01
4.877093501162627631e-01
4.834440837908841049e-01
4.761429441490520609e-01
4.662313304675114178e-01
4.553437347326175777e-01
4.453091980417146489e-01
4.379262351352275484e-01
4.312334299201039389e-01
4.235531965312810954e-01
4.136998797946248030e-01
4.097714270297998507e-01
3.999820892817255169e-01
3.935542820537494269e-01
3.880794041372320757e-01
3.820047320492612197e-01
3.717572678015593768e-01
3.642746999109335304e-01
3.603449552615365370e-01
3.553501313217167779e-01
3.475361778489488573e-01
3.416299310828000424e-01
3.329330390887139668e-01
3.257221072304162801e-01
3.145583106034711696e-01
3.080846147077894726e-01
3.016731842991833279e-01
2.939759993855468601e-01
2.854315371593137973e-01
2.769531174341505753e-01
2.692890328498520613e-01
2.638212480740381727e-01
2.569228209888834713e-01
