5.235567917729094134e+00
5.011794648692306176e+00
4.962925123893330515e+00
4.885722731774153615e+00
4.649211255369210427e+00
3.981347997910991143e+00
3.541640953941371350e+00
3.215002499346975462e+00
3.027709063178796178e+00
2.645880303837948588e+00
2.510045594782048362e+00
2.418261237999185020e+00
2.285247896944341939e+00
2.094199209373368564e+00
1.843648391670468234e+00
1.630915626089926906e+00
1.501413092816272776e+00
1.310783110687388398e+00
1.329699137325991654e+00
1.255824056141447986e+00
1.265819317598551930e+00
1.271277497151716229e+00
1.293096524769931754e+00
1.288381638586574507e+00
1.261060972991393969e+00
1.209654339305227921e+00
1.196084795545916180e+00
1.088761696952122771e+00
1.041752972928532639e+00
9.777720648917053170e-01
9.167378851720924260e-01
8.637010476790760727e-01
8.322787703428404793e-01
7.950170007325909616e-01
7.760769522368005102e-01
7.604015938280467291e-01
7.432802080955145385e-01
7.076570729992761599e-01
6.721368799027442886e-01
6.378357603059867653e-01
6.132568892628522672e-01
6.041824662221226827e-01
5.958749264699231274e-01
5.958005032220650143e-01
6.018002330976998104e-01
6.039430415980433509e-01
6.074002757222102256e-01
6.034033608299274043e-01
5.990146277526857688e-01
6.007191706957561994e-01
6.071436470455393586e-01
6.008657578678309186e-01
5.724532562372262046e-01
5.559037097475363343e-01
5.248019012826805607e-01
5.011241034969005081e-01
4.778548151943583511e-01
4.707810084416362284e-01
4.627335184463677309e-01
4.622474397223501619e-01
4.630355978643443393e-01
4.626231535220747815e-01
4.633313411089489131e-01
4.643019781510529520e-01
4.643058139543011498e-01
4.587996475989263301e-01
4.580917774935140407e-01
4.580190179030565467e-01
4.518231567279855643e-01
4.284414646896771428e-01
4.155169697567701048e-01
4.084443646577572418e-01
3.993603251498703544e-01
3.881105772076225979e-01
3.856721282999681644e-01
3.855010805035234411e-01
3.850782017304784643e-01
3.843827249652150835e-01
3.827917431530089010e-01
3.803978103493407259e-01
3.795213233120044993e-01
3.789660409818202957e-01
3.799560552585059536e-01
3.801403924308676130e-01
3.799639714863816131e-01
3.772604568887585330e-01
3.742131846236554926e-01
3.719222095972491982e-01
3.698494044969818373e-01
3.690181200936001327e-01
3.683092242560387364e-01
3.667213169219668001e-01
3.662753949262763653e-01
3.653793354055754339e-01
3.646812216202949264e-01
3.629951573477179227e-01
3.623677807326673994e-01
3.619088822921572302e-01
3.616305338182629892e-01
3.612867387011602927e-01
3.602489458645140030e-01
3.593677612819398126e-01
3.583371723746610060e-01
3.568780688644942467e-01
3.566941505677121427e-01
3.565176555967526362e-01
3.565557134464025779e-01
3.567361248501766391e-01
3.569751178514217749e-01
3.568313574635465502e-01
3.568505897210282329e-01
3.569633890206624915e-01
3.563731227883062402e-01
3.558737983794310056e-01
3.547781506836324983e-01
3.525472322962343030e-01
3.518156617848730572e-01
3.507971839509486101e-01
3.487931730885508452e-01
3.475574190546084630e-01
3.454038256951199592e-01
3.458952966023962627e-01
3.460583169492623679e-01
3.466066309189728134e-01
3.473880682554284505e-01
3.481406986326374131e-01
3.487226137454488839e-01
3.491448249834676054e-01
3.472511387894722246e-01
3.466930171294073104e-01
3.457383019179901540e-01
3.430573599735671220e-01
3.429546153082523863e-01
3.425985880586210897e-01
3.419643024629018258e-01
3.415611741405985557e-01
3.416142749038363347e-01
3.416528576445904686e-01
3.414654747506554733e-01
3.416480160982702241e-01
3.415482797456129149e-01
3.419017534562215910e-01
3.409485001519899083e-01
3.406443540165168260e-01
3.390327085396276918e-01
3.377678681842082309e-01
3.365225976491049154e-01
3.348731911111532678e-01
3.337234513260046720e-01
3.334287705645263555e-01
3.323086718241590187e-01
3.320050757700490074e-01
3.315725914612632774e-01
3.313875367993659449e-01
3.310141638168702105e-01
3.309924127869573462e-01
3.304519008246313838e-01
3.300283644172358199e-01
3.293635434227447645e-01
3.278403337783750149e-01
3.276429085205764258e-01
3.269769595900940407e-01
3.259524695757088919e-01
3.256549548692355689e-01
3.229146509007752019e-01
3.213025400419783351e-01
3.191159546305408767e-01
3.186469766527613157e-01
3.184333345030946338e-01
3.180310372025808574e-01
3.166868148460308952e-01
3.153700781969168698e-01
3.134965562669120853e-01
3.119048841363073477e-01
3.113658490106686605e-01
3.092449023644555650e-01
3.085276905410133663e-01
3.069921713509740080e-01
3.073143898804957530e-01
3.079041652500094095e-01
3.082967721080677181e-01
3.087172637030042299e-01
3.087312929566364827e-01
3.090605502680002781e-01
3.089073565707961544e-01
3.088211401556694158e-01
3.087476011162959555e-01
3.085584176252303967e-01
3.075254879313685796e-01
3.071667342578554005e-01
3.070180880088986264e-01
3.066215168598606100e-01
3.063522171061611177e-01
3.059464634807402827e-01
3.051891070482729562e-01
3.049522477757901084e-01
3.050022758346201956e-01
3.049311079646774836e-01
3.049840871770085893e-01
3.050247124623204353e-01
3.049315794561919812e-01
3.047604932527060440e-01
3.045362473281115756e-01
3.043725076941344865e-01
3.038936173065020507e-01
3.037854576574878784e-01
3.035444810219026235e-01
3.032295772518438515e-01
3.031596829082647826e-01
3.027646828523170575e-01
3.023358896798906126e-01
3.021028408638809504e-01
3.018699296982067515e-01
3.016662125662482596e-01
3.014905268773804270e-01
3.013657844211676817e-01
3.012556031023745362e-01
3.010934890770885497e-01
3.008606507894747706e-01
3.003925096694765040e-01
3.002708321551958437e-01
3.001060702948684655e-01
2.998963006456611957e-01
2.995517498773798137e-01
2.992845048925264484e-01
2.991675405617204575e-01
2.984531726161793186e-01
2.981717111447810264e-01
2.978148778153138498e-01
2.973422821595032017e-01
2.972805717343588450e-01
2.972247253491988594e-01
2.972508230592253442e-01
2.970636766595055045e-01
2.965475159026865759e-01
2.964085085581189549e-01
2.963417323192575337e-01
2.958532274829903663e-01
2.958166167450454465e-01
2.957556505753029530e-01
2.955672133306537219e-01
2.949543158952193100e-01
2.945084433040756622e-01
2.937810721767334377e-01
2.931184346290434117e-01
2.924122800079015372e-01
2.917578863351492080e-01
2.915279472989197873e-01
2.910465864851724538e-01
2.908120970751754131e-01
2.907668149066960916e-01
2.904730691948707588e-01
2.897413137608203515e-01
2.893920300711680937e-01
2.891941763190778447e-01
2.888081504898406537e-01
2.885260341355858626e-01
2.883140422727933361e-01
2.884800859606247436e-01
2.885828493357889268e-01
2.881474687214821140e-01
2.877686305423226565e-01
2.874889908671635075e-01
2.874904049629425362e-01
2.874236927601259151e-01
2.871226120047719044e-01
2.864827494541917208e-01
2.861187786604295624e-01
2.857834644201154295e-01
2.849724538688843678e-01
2.842207491249369999e-01
2.837372416456915847e-01
2.834581841060532792e-01
2.834267953653205607e-01
2.829894513136577139e-01
2.829188322362077845e-01
2.832763574220504843e-01
2.831903483646445174e-01
2.827992120704919121e-01
2.824017129936313708e-01
2.818273601577314658e-01
2.815042885354661628e-01
2.808130865226736717e-01
2.803251616584496730e-01
2.798793306387281632e-01
2.794281631095794083e-01
2.791308816741808196e-01
2.782759374381137407e-01
2.779833406974762111e-01
2.778170584291491663e-01
2.774662545389938173e-01
2.770311597883625687e-01
2.770042719790288266e-01
2.765617505096535922e-01
2.765457662182290166e-01
2.765174517150182920e-01
2.763956615988126808e-01
2.763758914123280452e-01
2.762121049188096533e-01
2.761669706234752830e-01
2.760453854889212688e-01
2.758434182887211650e-01
2.755850795300248124e-01
2.753306152610429103e-01
2.748235223607397026e-01
2.745206587815020027e-01
2.743768234075547596e-01
2.743657268909854285e-01
2.740980347530370675e-01
2.737485201787718259e-01
2.733945826618763286e-01
2.732751611502848288e-01
2.731887191957625971e-01
2.730437798988644138e-01
2.726752731874436675e-01
2.725708582233390964e-01
2.724329094384032590e-01
2.722177155701709372e-01
2.719275160175466111e-01
2.717546352998131409e-01
2.714709791413971729e-01
2.709753564494516986e-01
2.703841391637758496e-01
2.696197152440215072e-01
2.693927958319655702e-01
2.692995496376202613e-01
2.692921207656451266e-01
2.692423826406443732e-01
2.689333357799051916e-01
2.686383764714724842e-01
2.683828710165375719e-01
2.682819510565450649e-01
2.683398734565769495e-01
2.683737759953199742e-01
2.684017131548233626e-01
2.683488708738867579e-01
2.682943922622883504e-01
2.682864524467402090e-01
2.681786115113542479e-01
2.680042699863489641e-01
2.677675969418893964e-01
2.673867389662760163e-01
2.671963959614155892e-01
2.669958086178335632e-01
2.668940310248567038e-01
2.669184033456576399e-01
2.668045676904458041e-01
2.667215534491238493e-01
2.666652778298739257e-01
2.665738361813970170e-01
2.664930255255646419e-01
2.665252821160666308e-01
2.665264308410570382e-01
2.665191774768473909e-01
2.665545115208243221e-01
2.665426197865827795e-01
2.666022724665082499e-01
2.667016022313714041e-01
2.667349446491431575e-01
2.667194939378362828e-01
2.666461711244063060e-01
2.667059869133791006e-01
2.667400608983021559e-01
2.666216368754029675e-01
2.662129280743812942e-01
2.657961107716403371e-01
2.658303816978062062e-01
2.658422437221803492e-01
2.655449419945663525e-01
2.651047354894039421e-01
2.650744720728403503e-01
2.648358035018585355e-01
2.645350465718517841e-01
2.642862677648475933e-01
2.641413615703048778e-01
2.639412402845206507e-01
2.637901769534309881e-01
2.636596910388562254e-01
2.635193909005635327e-01
2.631872196102088557e-01
2.627369555444080129e-01
2.625430863240318935e-01
2.623861005429057314e-01
2.623269129222533524e-01
2.621242275174404668e-01
2.618359663881096311e-01
2.616074314820859836e-01
2.614058641338549149e-01
2.609697671176173794e-01
2.606263471914125329e-01
2.604991997455175512e-01
2.603514828669930559e-01
2.601948265322754361e-01
2.602458627378750888e-01
2.602841870225230947e-01
2.602414853447262422e-01
2.603093029108738410e-01
2.602454271633464211e-01
2.601634106299658411e-01
2.598952550934420236e-01
