9.788621244272484034e+00
8.901296657485818997e+00
6.799123350140686028e+00
5.743985924741426885e+00
5.470102872031940677e+00
5.217367610815804468e+00
5.125459615404752256e+00
5.092090243740965860e+00
5.054141462501854143e+00
5.024992914935678456e+00
5.005324452418733472e+00
4.999877198937946687e+00
4.985821623751358622e+00
4.978962228725364092e+00
4.972204088444652115e+00
4.971667930459465090e+00
4.968614079062403377e+00
4.966411099882160229e+00
4.965781132216488203e+00
4.962434692056167052e+00
4.957416149614983780e+00
4.953541687503877355e+00
4.951960476793278332e+00
4.951561702709978974e+00
4.951287568620432289e+00
4.950207014155763474e+00
4.949529157020027270e+00
4.949172923606631969e+00
4.948495123275946206e+00
4.948951124547908087e+00
4.948957577980211298e+00
4.949078900514139789e+00
4.949049260028790087e+00
4.948918128512142189e+00
4.948731717584775147e+00
4.947885145222455705e+00
4.947322517121792274e+00
4.947147192478505318e+00
4.946146714783010268e+00
4.945493388329992079e+00
4.945190948242336404e+00
4.945084158964707655e+00
4.944681927661688903e+00
4.944812497273333385e+00
4.944610605862097330e+00
4.944299051342937901e+00
4.944152093492800049e+00
4.943823613117837468e+00
4.943546855015324759e+00
4.942934256425916217e+00
4.942897648526345833e+00
4.942567852505492354e+00
4.941515167202237713e+00
4.941453470560214001e+00
4.941520013880602136e+00
4.941255021508393241e+00
4.941900189800509047e+00
4.942149328368603989e+00
4.942013121948932053e+00
4.942168796493639604e+00
4.942510357869310589e+00
4.942698677879157287e+00
4.942654682396938171e+00
4.943040542888379463e+00
4.943220291693186219e+00
4.943544227898342136e+00
4.943596144147015536e+00
4.943936716420887834e+00
4.944239470866142128e+00
4.944431695540625782e+00
4.944601404648613752e+00
4.944601417611640848e+00
4.944523714089399391e+00
4.943866641425143094e+00
4.943609079261916506e+00
4.943732373493372023e+00
4.943843698309129842e+00
4.943632800802397753e+00
4.943050443269306093e+00
4.943112478586840552e+00
4.942870953464229444e+00
4.942150684076812794e+00
4.942103205652262687e+00
4.941827917008267512e+00
4.941589535703430514e+00
4.941540731629451955e+00
4.940969457296544576e+00
4.940623592783296658e+00
4.940749278810354639e+00
4.940257359291572392e+00
4.940515589433703170e+00
4.940169361994183106e+00
4.940202218055880223e+00
4.940188564181018371e+00
4.940265613642404574e+00
4.940099892170476181e+00
4.939655374516453534e+00
4.939355164723533420e+00
4.938205838184400065e+00
4.937848472889055707e+00
4.937447210345374593e+00
4.936897053604078600e+00
4.936983596414757258e+00
4.936966006832973264e+00
4.936895903072207048e+00
4.937386176815223848e+00
4.937426972567131145e+00
4.938302987728350857e+00
4.938933509917754705e+00
4.938468251565638845e+00
4.938290844496552090e+00
4.938909792524212250e+00
4.938339954405186916e+00
4.937858327195064234e+00
4.937742878071519570e+00
4.937738401581464487e+00
4.938735082139668719e+00
4.938971548723335658e+00
4.938476872251415628e+00
4.937544925482916902e+00
4.936069997862833958e+00
4.934968799156448149e+00
4.933077422915755683e+00
4.931978514922192858e+00
4.931643077400783781e+00
4.929724982810919087e+00
4.928715378277253478e+00
4.927590702418143565e+00
4.926998811181917404e+00
4.926894421197324903e+00
4.925885628247108627e+00
4.924467147910714715e+00
4.922288240742738630e+00
4.921218977410292794e+00
4.922312855036647505e+00
4.921126110352352256e+00
4.919973834372159516e+00
4.917953530047787680e+00
4.917234441243891752e+00
4.916559819066092629e+00
4.913274712117370768e+00
4.911557471475457959e+00
4.911249659155368263e+00
4.907767693356407612e+00
4.897071383746157025e+00
4.890290124642877601e+00
4.880169421024289633e+00
4.873224904763135967e+00
4.859732028804833348e+00
4.850543298667810532e+00
4.842397666114576893e+00
4.827730458042953643e+00
4.816512782684737815e+00
4.803188784320344240e+00
4.789463341243491712e+00
4.763669203802528784e+00
4.743639298198097265e+00
4.724535620967460048e+00
4.702207877164942929e+00
4.684943358673850256e+00
4.674951644122164574e+00
4.660353954833142076e+00
4.650871920858920205e+00
4.631263149699440973e+00
4.607064983001588843e+00
4.591784321411453540e+00
4.569868953435145542e+00
4.557694357304969301e+00
4.541681010071402014e+00
4.528662802890249139e+00
4.517105853391473858e+00
4.495280201502939832e+00
4.478818602068622035e+00
4.467128632067083771e+00
4.461340839014598103e+00
4.452619589987380166e+00
4.434355440735680887e+00
4.426310636179580982e+00
4.418777011707110347e+00
4.400656824930827327e+00
4.394537285092248169e+00
4.386917220750452984e+00
4.378115594868257965e+00
4.361748535623380718e+00
4.350453401662254471e+00
4.338889109152235690e+00
4.329655197994521032e+00
4.319472252731818784e+00
4.311796072279722836e+00
4.299598565839508169e+00
4.289098057334037151e+00
4.274864289272716888e+00
4.263055015735763398e+00
4.256399423170842411e+00
4.238454838619755805e+00
4.216445472581764164e+00
4.200832140887674981e+00
4.185849467307257932e+00
4.164242747081114970e+00
4.151436083217030948e+00
4.139623445717601768e+00
4.121349814613177287e+00
4.111027090751793622e+00
4.097007529044048191e+00
4.081127300523567314e+00
4.064369886500863949e+00
4.044821517981395331e+00
4.034016856044222443e+00
4.013808300620650193e+00
3.997213011734667809e+00
3.978377711980962239e+00
3.962737953223248066e+00
3.936097609519165541e+00
3.920114449716674443e+00
3.905068050151621062e+00
3.894855059018590637e+00
3.881303961268898206e+00
3.861586651004672355e+00
3.842845226792806379e+00
3.830186448386337261e+00
3.811890107297212893e+00
3.788817289487875772e+00
3.765107712675618501e+00
3.736859678821009112e+00
3.711273349278870093e+00
3.692125193982530362e+00
3.665862912654948680e+00
3.646364289107471457e+00
3.615541095318583142e+00
3.585462593550147403e+00
3.555848963504090854e+00
3.531590389049178214e+00
3.511634721172310680e+00
3.494160604678683946e+00
3.459654331862116905e+00
3.441463296682728767e+00
3.414676843705497511e+00
3.389313610190979098e+00
3.369789965509785823e+00
3.341666623286342563e+00
3.321467292850629693e+00
3.299090815439414737e+00
3.271415812406687884e+00
3.255244115008151695e+00
3.231471476488582795e+00
3.218830202467499291e+00
3.196730425633938388e+00
3.166942882285958216e+00
3.130994237645841061e+00
3.101448029453790944e+00
