9.437159609619968137e+00
9.182079514952860677e+00
9.199622764864390234e+00
9.095285760841706590e+00
9.020182562409686966e+00
8.957926202877313671e+00
8.842158303540513131e+00
8.166298357285647569e+00
6.390641185743577424e+00
5.901172122258882879e+00
5.446841154618872416e+00
5.364442022619693162e+00
5.362821148330327858e+00
5.295176368560618130e+00
5.283493049924141260e+00
5.307207555033189195e+00
5.300169641100334061e+00
5.218170233726683094e+00
5.133727363698128876e+00
5.117518537195369532e+00
5.095877396090784828e+00
5.075405414077712507e+00
5.048887997204738909e+00
5.015320849129837555e+00
5.017804663619794603e+00
5.025540891063204896e+00
5.021890852471502242e+00
5.016264472560753696e+00
4.980208744293832979e+00
4.977662019580742836e+00
4.974907160570047004e+00
4.977581650570988003e+00
4.978167292766680241e+00
4.979947799004545317e+00
4.972384792867565295e+00
4.972969767637414051e+00
4.977143834962895141e+00
4.974762124526794338e+00
4.974088494471948785e+00
4.971063089948438929e+00
4.969185288037690995e+00
4.966095380268349402e+00
4.966426707272190377e+00
4.965372244334757212e+00
4.962867642472382990e+00
4.958973351191893641e+00
4.956376499150872306e+00
4.956510680900846566e+00
4.955250807450840789e+00
4.955313564002966409e+00
4.956447811889797883e+00
4.957993937760177161e+00
4.958682415219353601e+00
4.955630478946684292e+00
4.954160055680048913e+00
4.952834864256566938e+00
4.952577417477352917e+00
4.951881758137298029e+00
4.951096062847664570e+00
4.951134424747959173e+00
4.950762339874035689e+00
4.950602986138314066e+00
4.950423634779797410e+00
4.949743751582680318e+00
4.949276279680780988e+00
4.949021155795968241e+00
4.949952686623170450e+00
4.950401643986239719e+00
4.949604282397972455e+00
4.948451873245745425e+00
4.948877812518909458e+00
4.948609588404517368e+00
4.948919303636522216e+00
4.948751553621914212e+00
4.948721056338661661e+00
4.948812065989896425e+00
4.948816947431737390e+00
4.948912490078665627e+00
4.949196394715405845e+00
4.949117209469507728e+00
4.948990537366102060e+00
4.948820542111843857e+00
4.948785908901227160e+00
4.948710340502403326e+00
4.948710527191505726e+00
4.948778219001033207e+00
4.948444710880773201e+00
4.948623120558382382e+00
4.949334948566169956e+00
4.949720987163157560e+00
4.948755614643772560e+00
4.948564633248579092e+00
4.948194182441834954e+00
4.947593332939126398e+00
4.947451254561460843e+00
4.947536678785583675e+00
4.946208190005336292e+00
4.945855759358524395e+00
4.946011156671392683e+00
4.945966397245555868e+00
4.946187808003966957e+00
4.946307489034380112e+00
4.946010060180364931e+00
4.945594771854966432e+00
4.945390771384581718e+00
4.945613217185408139e+00
4.945697544561788561e+00
4.945725100520910189e+00
4.945383923734089748e+00
4.945605162646526054e+00
4.945523995631718961e+00
4.945652115623333955e+00
4.945729651290529105e+00
4.945441451127675414e+00
4.945032745234952287e+00
4.944720453339916943e+00
4.944306532110876340e+00
4.943714835385638828e+00
4.943426262196902954e+00
4.943706769389737410e+00
4.943347700407187517e+00
4.943367769639618103e+00
4.943330626973739150e+00
4.943285289505011448e+00
4.943130826737107242e+00
4.942782059757393043e+00
4.942174520047787567e+00
4.942142269796151233e+00
4.941827712547044449e+00
4.941553429458135582e+00
4.941555842444481428e+00
4.941308378091951781e+00
4.941645118099028622e+00
4.941664082909727362e+00
4.941259336692342075e+00
4.941374741348392163e+00
4.941327817491668384e+00
4.940956224687686138e+00
4.940975365672409580e+00
4.941184043689638372e+00
4.941070058415532706e+00
4.941126409966933863e+00
4.941051675140196053e+00
4.941169785030696815e+00
4.941610498723996159e+00
4.941460768617641719e+00
4.941505605369390430e+00
4.941422282451876313e+00
4.940925726174000943e+00
4.940984225565499877e+00
4.941118281670041412e+00
4.941207860964562215e+00
4.941150180858345564e+00
4.941125882490169374e+00
4.941147716934363388e+00
4.941340696909930941e+00
4.941481270643546253e+00
4.941511754476435314e+00
4.941231701570801604e+00
4.941174477724565861e+00
4.941187055797646721e+00
4.941379234014212862e+00
4.941524806938792480e+00
4.941659398822920934e+00
4.941714793104234005e+00
4.941828274764664464e+00
4.941753077535957495e+00
4.941575733451014862e+00
4.941546739690092949e+00
4.941463201762072543e+00
4.941612881201237428e+00
4.941789702061806011e+00
4.941866400949846749e+00
4.941938307817540732e+00
4.942107985748371846e+00
4.942098990317766116e+00
4.941960413050992429e+00
4.941935099894752881e+00
4.942014652297613608e+00
4.942142847068748068e+00
4.942237065186564138e+00
4.942221285615095994e+00
4.942254124441108232e+00
4.942168546931918982e+00
4.942079801383794546e+00
4.942116534101412384e+00
4.942274438061460273e+00
4.942506070706551569e+00
4.942566275365148698e+00
4.942687421312593088e+00
4.942617770961197365e+00
4.942342971290748288e+00
4.942320716811225978e+00
4.942305340238936751e+00
4.942330570897539133e+00
4.942361975233891869e+00
4.942365683821079436e+00
4.942415492499787177e+00
4.942303149018297148e+00
4.942222253316275626e+00
