3.049500605196977965e+00
1.278978072303815772e+00
6.885427150488272474e-01
4.914925510764471817e-01
3.473620907779462197e-01
5.855341634851340960e-01
4.171934695432265583e-01
3.149997723174312592e-01
2.301214820367070701e-01
1.682242741614156101e-01
1.979043110303686237e-01
1.672530310864602243e-01
1.409316626355689994e-01
1.182117572483594725e-01
9.363623235363315034e-02
9.615885997659355533e-02
8.824677234100494760e-02
8.094593965005036917e-02
7.194675467618194542e-02
6.508523766157339741e-02
7.231092148289983146e-02
6.925751833104029642e-02
6.580928610055652994e-02
5.845041142398808842e-02
5.314073318438224114e-02
5.248135471037496114e-02
5.125476438478140939e-02
5.086714162128871952e-02
4.923997347574959882e-02
4.643892471753122836e-02
4.739504838151568922e-02
4.697570612908087695e-02
4.527758687214740452e-02
4.270486819596128192e-02
4.206003843442030626e-02
4.346164342146623116e-02
4.192963207637227796e-02
4.185357280125902996e-02
4.189488164851871976e-02
4.014607366150671486e-02
4.122652710169127932e-02
4.079608699173650072e-02
3.974240958998195850e-02
3.823801113817899833e-02
3.733501091255121002e-02
3.938659906645980424e-02
3.845380984787242357e-02
3.784364454082735085e-02
3.774373505109590576e-02
3.764136247236359034e-02
3.852575234343118271e-02
3.802603371350680300e-02
3.721126383385642972e-02
3.592358172970855357e-02
3.500016315773312597e-02
3.688738897399955474e-02
3.632752432161344414e-02
3.585990167914739069e-02
3.571673299850112310e-02
3.580439796623047233e-02
3.691934812112533659e-02
3.656933314334122331e-02
3.596851465729536401e-02
3.539562023223762066e-02
3.460397118557632934e-02
3.625119645405221885e-02
3.591637833255573176e-02
3.550901601390944740e-02
3.520445793692623948e-02
3.549073591298465558e-02
3.641588242361919192e-02
3.630465513181282272e-02
3.566112657335916702e-02
3.539791339479636534e-02
3.504028558937533067e-02
3.639986229967091813e-02
3.612237227021360825e-02
3.569853953970976435e-02
3.550631779581019110e-02
3.575861852112386524e-02
3.653207171118606073e-02
3.630257528872960632e-02
3.550165515721633719e-02
3.561291030159270676e-02
3.556046581497350478e-02
3.663033248251314211e-02
3.631277862821823132e-02
3.594798796620755910e-02
3.600694465383380560e-02
3.613975914090477443e-02
3.662568891377311620e-02
3.656568619505576323e-02
3.592448700616478197e-02
3.564485804834605087e-02
3.585932096252560097e-02
3.656904588871717765e-02
3.618789843844287535e-02
3.604329404477557564e-02
3.617844072076100564e-02
3.640270695214103958e-02
2.928384957185037329e-02
2.618754803910468276e-02
2.621973564002592905e-02
2.822100605068491447e-02
3.042966048779558938e-02
2.967592162913747222e-02
2.900474345636231896e-02
2.864857237206780774e-02
2.964752579085573603e-02
3.172175396799375990e-02
3.127747973041967999e-02
3.099667606391236924e-02
3.167136044792508154e-02
3.195144633544318158e-02
3.252653263134228090e-02
3.262010395115426398e-02
3.270395782856380662e-02
3.269706396879926147e-02
3.304116150641213390e-02
3.410169186702946553e-02
3.357043275220945172e-02
3.351902005149917652e-02
3.374327987983005012e-02
3.393756832409208085e-02
3.447758054717323106e-02
3.443448180538005027e-02
3.473716210349422212e-02
3.487828641674103197e-02
3.554928908555512329e-02
3.607237390849356296e-02
3.585429904093417192e-02
3.584091128340179816e-02
3.600242889105968735e-02
3.602179264703367356e-02
3.661164453201345981e-02
3.651256873131087516e-02
3.669391322015327916e-02
3.680423588881527597e-02
3.741210999490705846e-02
3.793545179409234247e-02
3.770912458693950753e-02
3.787281292979147174e-02
3.798611481416971913e-02
3.804300604017142595e-02
3.827073693518896758e-02
3.833765108142279943e-02
3.842622544016199848e-02
3.844523675626984605e-02
3.860311027663335115e-02
3.900991237881328011e-02
3.901485456424051701e-02
3.918448739059276348e-02
3.929927319957526866e-02
3.936934481206712244e-02
3.927488342253115938e-02
3.938574674860920166e-02
3.954474975809293275e-02
3.995416418690693472e-02
4.005962164153786809e-02
4.087155360116906389e-02
4.078436328574766567e-02
4.114813238288930752e-02
4.106156826089979450e-02
4.096107597593297289e-02
4.105464737388400676e-02
4.104524005787233559e-02
4.109376735871142494e-02
4.136092326330681468e-02
4.146021976552124316e-02
4.129473584392830132e-02
4.142907489296593360e-02
4.173768582242583236e-02
4.174438401487910039e-02
4.174265654966989592e-02
4.181240515958080384e-02
4.183367196398993237e-02
4.191268815275411147e-02
4.200816481609004338e-02
4.209125681726345880e-02
4.217139246487970616e-02
4.217545528630108065e-02
4.243893413220460598e-02
4.250435730847446775e-02
4.251812429320230013e-02
4.259293214729837490e-02
4.270173627312812137e-02
4.261084982142374078e-02
4.262908429800199572e-02
4.261179406972110534e-02
4.268373634018075152e-02
4.286379222599686484e-02
4.304330415130395993e-02
4.322574454580700720e-02
4.344845849105638536e-02
4.337534820154577420e-02
4.347496887270799193e-02
4.335159143870588594e-02
4.347890920590967434e-02
4.362654974083765569e-02
4.469362971395186845e-02
5.347202864194129657e-02
4.911365736354977862e-02
4.710265663462998020e-02
4.599700468226182448e-02
4.682313933193826133e-02
4.696804182340762190e-02
4.782993433499022756e-02
4.947395978444249498e-02
5.319883493826101095e-02
5.362507723781345659e-02
5.259868405093610921e-02
5.079763397685842230e-02
4.993237857003991753e-02
5.006947287496341104e-02
5.078682496522044648e-02
5.088150880450643954e-02
5.133880071574872112e-02
5.290467393828814091e-02
5.419786866014811300e-02
5.462710298078275045e-02
5.409204855881587226e-02
5.302890512548310425e-02
5.277062083550165122e-02
5.315564162366190337e-02
5.392915453900855305e-02
5.419952477857468975e-02
5.466501708040345797e-02
5.558032099086329669e-02
5.666534013472200593e-02
5.732537214723387731e-02
5.693454722186796352e-02
5.611514565756732520e-02
5.589296212799085145e-02
5.651880208391595051e-02
5.922395607241293103e-02
5.849810493266262290e-02
5.906698480227842718e-02
5.967604520842201277e-02
6.082112077931962901e-02
6.113497598028688057e-02
6.100651728289366305e-02
6.030103737187741952e-02
5.974840180643405108e-02
6.010257832617719315e-02
6.129678015615045578e-02
6.165286180716277042e-02
6.175688755938400082e-02
6.265770047564518663e-02
6.344881213461453506e-02
6.363525262504704516e-02
6.360437392073742258e-02
6.296622559881721870e-02
6.277687896786952881e-02
6.244619182006246050e-02
6.510749819011173167e-02
6.459789689149550429e-02
6.498295451447677618e-02
6.573270365799011028e-02
6.648707756742380792e-02
6.678415657264916150e-02
6.664578913461055576e-02
6.617512320998325537e-02
6.556259243118206514e-02
6.478161982699173760e-02
6.611791037937861382e-02
6.587964819523961513e-02
6.630013895314584849e-02
6.707994640717478141e-02
6.789983147558084631e-02
6.845963184545250657e-02
6.832642645142417148e-02
6.781439780563805475e-02
6.700310076635923595e-02
6.671826742770152474e-02
6.757944607993748853e-02
6.731087833984406021e-02
6.788334228906103829e-02
6.859135043432867951e-02
6.939433703121886121e-02
6.956794807268006087e-02
6.935773451913318510e-02
6.889312296327908258e-02
6.808613915692476870e-02
6.789060624685025469e-02
6.886887845408232178e-02
6.854140189415047768e-02
6.900938316335608613e-02
6.990073948578348628e-02
7.048472311230186138e-02
7.079493144292348106e-02
7.050272404832259865e-02
7.016382199797334407e-02
6.936837880054402827e-02
6.926359939265083754e-02
6.981118035561066637e-02
6.993948210428121981e-02
7.021116492313644875e-02
7.078786752656368586e-02
7.129525877777306841e-02
7.207325388576935055e-02
8.720265194726661839e-02
7.843139431961490549e-02
7.448848038432330509e-02
7.494162498410525397e-02
7.438525508310417367e-02
7.420152613587621682e-02
7.415034888652566325e-02
7.355208378297149741e-02
7.717779602374322256e-02
7.881544303041887467e-02
7.739875229056597528e-02
7.538537773381684404e-02
7.614349082276863911e-02
7.670139655993828132e-02
7.846449706870006757e-02
7.878192961296084929e-02
7.875961101877640425e-02
7.844570080717105931e-02
7.982954547197759765e-02
8.084240084824401151e-02
8.012011750241830599e-02
7.909965289049358805e-02
7.905212265364086610e-02
7.990240284652395941e-02
8.072441645190001069e-02
8.065498496035605758e-02
8.058906694912124080e-02
8.052839292123466219e-02
8.134516584074050205e-02
8.301479992412565123e-02
8.185689130673021174e-02
8.076407709237873322e-02
8.064700205789111787e-02
8.124837230639302132e-02
8.199671117261386755e-02
8.178533872233259561e-02
8.158864626013687116e-02
8.176266488904072871e-02
8.297876665584492939e-02
8.384960351730474937e-02
8.299352930430599351e-02
8.180818148261623235e-02
8.202065362272578652e-02
8.266358992907824055e-02
8.423649045498744770e-02
8.366072829974291469e-02
8.323931157104158540e-02
8.276137552123261076e-02
8.353827063669869157e-02
8.418566459451992667e-02
8.366677546520229214e-02
8.326539302999202974e-02
8.378203550578765257e-02
8.436566541818998899e-02
8.499432844992266256e-02
8.487013348454283679e-02
8.462002262801099350e-02
8.419981567131754052e-02
8.492145981921639386e-02
8.563548426006288572e-02
8.517876714207428535e-02
8.494189046867572923e-02
8.543097171487559760e-02
8.592552367717887218e-02
8.709604556514213836e-02
8.683941118079893662e-02
8.639222559773658550e-02
8.632185181735166357e-02
8.653065272519462614e-02
8.688862502482282146e-02
8.683526555583903628e-02
8.671308497958804540e-02
8.710839904149303425e-02
8.760754700965076025e-02
8.837388457793980689e-02
8.822921338136632818e-02
8.802791299588359764e-02
8.783934855063484093e-02
8.857379477303335691e-02
8.863912580100842542e-02
8.888708349136287268e-02
8.857288499073097399e-02
8.853681265220483820e-02
8.895271801126383715e-02
8.900726498124419961e-02
8.926011921274173977e-02
8.893252040673757519e-02
8.909360893072951204e-02
8.983190674608584891e-02
9.231391568557226202e-02
9.104518302267491925e-02
9.049903568640932372e-02
9.027850247249027960e-02
9.048805173243983091e-02
9.083835611356408379e-02
9.078645455561501487e-02
9.074736010884223991e-02
9.072380442234188880e-02
9.155409016142465606e-02
9.255709061736325238e-02
