9.795743015966451139e+00
8.888678954472968741e+00
6.808834799217367006e+00
5.668698599992140430e+00
5.395123490456942505e+00
5.162696420464377489e+00
5.080565559307455459e+00
5.007281999970802921e+00
4.968648948289155598e+00
4.920168431006921139e+00
4.907201644998052004e+00
4.890152813003721732e+00
4.859456878259657664e+00
4.847089745974319186e+00
4.826355252198323953e+00
4.808837671048204143e+00
4.791899743022435487e+00
4.780027440091734192e+00
4.776133900590977532e+00
4.763919961105813172e+00
4.733308090225085252e+00
4.691729927671648426e+00
4.580994638666354035e+00
4.389454728184436050e+00
4.117593919803253399e+00
3.898416137852446006e+00
3.641317751513812428e+00
3.484848539486079311e+00
3.362916284163560476e+00
3.195086995155544507e+00
3.060218839092244902e+00
2.892458195412051403e+00
2.799877383952239285e+00
2.677288152689312639e+00
2.558838453603319074e+00
2.453861776941963946e+00
2.294391078354597990e+00
2.125308929661776425e+00
1.998702585412369670e+00
1.847051263966499768e+00
1.720075729723630209e+00
1.587633816003584553e+00
1.472324237562426363e+00
1.370129433735319591e+00
1.271832477191773281e+00
1.166836950760923308e+00
1.074308048274750016e+00
1.003484772879522424e+00
9.318660099643574224e-01
8.661669838889938244e-01
7.869211917949658908e-01
7.087997704818211897e-01
6.486098037854304277e-01
6.135191670405744091e-01
5.614117447590971643e-01
5.222500248264377865e-01
5.041832480662801208e-01
4.861342207629903989e-01
4.701418317628700549e-01
4.389910493960079152e-01
4.142627916432318758e-01
4.017466827611352875e-01
3.846209730966532181e-01
3.658625256844340035e-01
3.506125676646020262e-01
3.378487122080881533e-01
3.252445332512174936e-01
3.155974527442457767e-01
3.058222290255574460e-01
2.961741919471417295e-01
2.869916128380746168e-01
2.727492881016916337e-01
2.610778916505142599e-01
2.485119847380956037e-01
2.403095980254798536e-01
2.325600207998707591e-01
2.230738263986016268e-01
2.141632873614028321e-01
2.074660071193701882e-01
1.989795255169075350e-01
1.901371803636789926e-01
1.858642962054415648e-01
1.788396731553494601e-01
1.735641970091471586e-01
1.689217705203809872e-01
1.634185287714035595e-01
1.611084920098358464e-01
1.587972129378150410e-01
1.554899561655826434e-01
1.521073187793935411e-01
1.487074682424184280e-01
1.478803625522810972e-01
1.457786740707564532e-01
1.454059167762353222e-01
1.430301720590310688e-01
1.395837446706614804e-01
1.370618597776544212e-01
1.346642033663443261e-01
1.331914701104280896e-01
1.306814434750054321e-01
1.292249260105632902e-01
1.272413209162224501e-01
1.261727606806025692e-01
1.250727949137337425e-01
1.235240582415726290e-01
1.220172168669391988e-01
1.189698367733205836e-01
1.166634024331450747e-01
1.138581590726599757e-01
1.116551398364705183e-01
1.096990165361657610e-01
1.088456656036174142e-01
1.070272005230279988e-01
1.051647172989107204e-01
1.046724762796877595e-01
1.044323772713177945e-01
1.037732353102855803e-01
1.034736594181046854e-01
1.034614913502651529e-01
1.026218209720016206e-01
1.012291687559440656e-01
9.981761860308265011e-02
9.948851986872334074e-02
9.903620998349763060e-02
9.710864283268344499e-02
9.573453730542369478e-02
9.456301290201291065e-02
9.354064828387770314e-02
9.350031737974394408e-02
9.285708726029057170e-02
9.194363341498106024e-02
9.125568486666812973e-02
9.083209783131820925e-02
8.984424788024972242e-02
8.964608259859979666e-02
8.914290541242358978e-02
8.841386238063961289e-02
8.711506481705097449e-02
8.669419310014202240e-02
8.718326145119562054e-02
8.745423798645775293e-02
8.668963074163357763e-02
8.612998591798291803e-02
8.586318993110833575e-02
8.548055279233382486e-02
8.446421090641006990e-02
8.394550770755479507e-02
8.342648490982104703e-02
8.364263855841974626e-02
8.336350134902421882e-02
8.298845600526419397e-02
8.261993127178146601e-02
8.244617528658283734e-02
8.218774452932890717e-02
8.254968882335403380e-02
8.228652254159965485e-02
8.183747108619734978e-02
8.176917756494628264e-02
8.225121170362655054e-02
8.205124960012082080e-02
8.170924108956083287e-02
8.109337370229902087e-02
8.043643633757655009e-02
8.017749276029079164e-02
8.057991882626397429e-02
8.047819861191324309e-02
8.015108055209997640e-02
8.010920375369787183e-02
7.989031648214667269e-02
7.969495946020122012e-02
7.981903233149312271e-02
8.017210735244184594e-02
8.001652090865934985e-02
7.923280523065380498e-02
7.881669412572486766e-02
7.901717372339586709e-02
7.902568943169455129e-02
7.896937040263866947e-02
7.889481761573460816e-02
7.857211637732415543e-02
7.861020860769658836e-02
7.875629976007590682e-02
7.939262886278811160e-02
7.955790676677201856e-02
7.928634047070862167e-02
7.902880391900518608e-02
7.876246499557676417e-02
7.876523329034043619e-02
7.839618919907137551e-02
7.848929246205638144e-02
7.868109222100078126e-02
7.870195774762459018e-02
7.839459247725974467e-02
7.882431533935446710e-02
7.957292828654488615e-02
8.007076465983206659e-02
8.071783829125650511e-02
8.108127922280447542e-02
8.155351146624548186e-02
8.150006643732696232e-02
8.179475316994698486e-02
8.228315813452366512e-02
8.207784143979182656e-02
8.256643510457428725e-02
8.279339378997617460e-02
8.333701555312901521e-02
8.401793796166984185e-02
8.402279930791788087e-02
8.357243364896346782e-02
8.334912412753996136e-02
8.307170057916506145e-02
8.310834576371084470e-02
8.357403833288658268e-02
8.355136152098172064e-02
8.364498357231014980e-02
8.405343898124248425e-02
8.473488851351240747e-02
8.483344595845068725e-02
8.504352850628671412e-02
8.555765558467876009e-02
8.567426529802726898e-02
8.527295132491316543e-02
8.509597208519519007e-02
8.496559590465871392e-02
8.466900507737459836e-02
8.493646524563824851e-02
8.482096110315748283e-02
8.552667222332217822e-02
8.574409102649756254e-02
8.581807464391502660e-02
8.605300952969263673e-02
8.613691131205272744e-02
8.634573922540325630e-02
8.698384871437347954e-02
8.661148926453884900e-02
8.608084954583156145e-02
8.598107927617637536e-02
8.581884120565948237e-02
8.565253985284279614e-02
8.552734859039598514e-02
8.627087601216812396e-02
8.630507560112145315e-02
8.681969939298386785e-02
8.754453521210463218e-02
8.785426643860451412e-02
8.809481110250393099e-02
8.827363036890828463e-02
8.937625624795972334e-02
9.017495090435800886e-02
9.052016157069078806e-02
