6.001526708665938514e+00
2.655623750413852235e+00
1.478822354825558794e+00
9.097643351699331582e-01
5.547207228722457195e-01
5.401037687794201236e-01
3.878101740602035719e-01
2.683626546646087352e-01
2.313961140238108838e-01
2.036669936292496152e-01
2.025166069641754496e-01
1.869071068303294614e-01
1.648062798550674612e-01
1.556686965121609756e-01
1.438711918136968415e-01
1.471956792982959117e-01
1.450500834469674039e-01
1.393558123126385495e-01
1.393076010707456347e-01
1.362996292239208040e-01
1.377809140614607575e-01
1.350782282010187796e-01
1.305319200787206924e-01
1.281303662532370935e-01
1.295193510005433202e-01
1.288523251722989704e-01
1.274883385150689108e-01
1.287055236008057268e-01
1.283857320994106765e-01
1.284193049139214227e-01
1.299512287357798557e-01
1.288179228542842558e-01
1.275607309169944081e-01
1.256188043897349671e-01
1.266201008839392128e-01
1.268964610662936254e-01
1.266600651820460610e-01
1.285217274506796070e-01
1.292292568056521984e-01
1.295246667584790123e-01
1.311450461913319931e-01
1.300784893317127044e-01
1.283063757681476846e-01
1.274546437031420509e-01
1.279801573923795566e-01
1.280411182925242919e-01
1.273103908084307623e-01
1.279009599627746185e-01
1.284494368635990535e-01
1.308904648628041179e-01
1.227029525391518106e-01
1.508309270107487110e-01
1.599039191699123397e-01
1.659819754301073425e-01
1.780838746079579371e-01
1.770300201583739075e-01
1.758375136588129495e-01
1.727414655711647096e-01
1.699960613983167168e-01
1.865496331213070680e-01
1.851217349903679366e-01
1.888711457977286512e-01
2.318281066297614990e-01
3.428837535363424838e-01
3.596172672448303964e-01
3.192908195708742403e-01
3.858646965800626161e-01
4.440998732247578573e-01
4.689233765232611595e-01
4.893356869585792079e-01
5.262174692600749548e-01
5.424150335492566866e-01
5.530983683558062802e-01
5.715763839885623643e-01
6.248264077440911501e-01
5.744076845635464057e-01
4.320329664589691587e-01
4.249110082348146467e-01
3.991329390234292784e-01
3.817020735417979704e-01
7.780928930540916832e-01
6.097959831833853483e-01
5.421616541253629906e-01
4.845627775145815441e-01
4.842701486242790843e-01
6.166113348244879333e-01
5.800290304563693322e-01
5.180122587204791795e-01
4.812962988624068794e-01
4.525891568184349234e-01
3.602470877410541839e-01
3.559587030516068173e-01
3.639302089190055156e-01
3.762827106246521280e-01
3.909534794187162210e-01
3.772726526375111966e-01
3.929502457355236178e-01
3.968848663067477966e-01
3.909902831830599501e-01
3.935207593640690504e-01
3.852737718711858883e-01
3.805341742899667201e-01
3.958158991246384373e-01
4.104406200517106695e-01
4.341625585598644643e-01
3.943657770244224370e-01
4.223213310055411451e-01
5.149894440946176655e-01
5.488328570478011592e-01
5.644002871451170300e-01
4.486212948004631995e-01
4.664132322811747056e-01
5.071741489186150087e-01
5.685052617307245759e-01
5.774445359628458396e-01
5.348188346795546000e-01
5.407000216519068925e-01
5.457337501633366950e-01
5.555043173104641241e-01
5.518720153422126407e-01
6.057667400635825539e-01
6.002752197578073989e-01
6.054063940656750908e-01
6.110511222679555488e-01
6.184960755599105964e-01
5.814268629756873530e-01
5.716377521294049302e-01
5.688639555209673571e-01
5.938071602099949109e-01
6.335292734175219653e-01
6.269481045158931121e-01
6.129993430486719852e-01
6.195590886769712924e-01
6.238832514069334589e-01
6.344232738332673538e-01
6.077972431833715827e-01
6.042661926543195783e-01
6.168166605136791159e-01
6.387257800168417710e-01
6.678114177642120453e-01
6.310202658120857011e-01
6.230109949616027265e-01
6.466261391569176897e-01
6.495239507643361110e-01
6.831653115802189813e-01
6.712335147382140210e-01
6.719274717217855741e-01
6.795237339509545560e-01
6.830309772176890171e-01
7.041291668893046030e-01
7.494449579253108507e-01
7.389431296565527330e-01
7.444365444423577394e-01
7.702990088416237224e-01
8.076959446087174088e-01
7.696507201073754523e-01
7.581048315422100892e-01
7.621161977365709106e-01
7.776045606610599847e-01
7.829891274432481119e-01
7.276952851288639446e-01
7.480731680760819291e-01
7.661479194996110298e-01
7.897779465394959564e-01
8.282164166404231143e-01
8.478859356542599590e-01
8.417897090624653078e-01
8.432437260511866928e-01
8.456851168359362791e-01
8.694808497815538217e-01
8.049670376807460670e-01
8.082370945640332538e-01
8.050392664390471076e-01
7.931538108575180157e-01
8.080518393045063030e-01
8.605139748697481217e-01
8.641910339353142678e-01
8.698308633073352780e-01
8.811932360054183233e-01
8.802511548608247249e-01
8.728623750347723753e-01
8.653906348983368968e-01
8.584174879393229318e-01
8.557013724005896327e-01
8.604951305703772979e-01
8.478460547077905085e-01
8.576841407162462128e-01
8.816354630269424009e-01
9.089747170617297201e-01
9.081786182039932598e-01
9.183758238914688787e-01
9.209915400578516653e-01
9.240007552729656570e-01
8.853712660445482996e-01
8.840754353174729019e-01
9.086844610642450526e-01
9.196898805931633669e-01
9.290132010573817212e-01
9.231877662649182748e-01
9.156543334336579854e-01
