1.743040039956992582e-01
4.280695225045083596e-02
2.815250873004348370e-02
2.114195501205547861e-02
1.992746846116835030e-02
2.434627934758198248e-02
2.303540945003147017e-02
2.212523458886694883e-02
2.144779968584564767e-02
2.323868819142498043e-02
2.362982184935465829e-02
2.298101829493143927e-02
2.176132829235353366e-02
2.223298378984867388e-02
2.483207037875033441e-02
2.438972934287588629e-02
2.437797181377517053e-02
2.665003787621561884e-02
2.619179693330143943e-02
2.795968339640954661e-02
2.911498334514697750e-02
2.868213866237884907e-02
2.940836407024290111e-02
3.072213950113320338e-02
3.432044388138294488e-02
3.214606442933093389e-02
3.242648074643027928e-02
3.347402281340539076e-02
3.399781085084511989e-02
3.481630344699396945e-02
3.493563353523772980e-02
3.503232184551538508e-02
3.556940476822989528e-02
3.713201784123403015e-02
3.808688096105372622e-02
3.842488950775658357e-02
3.888310979635794390e-02
3.921431457122587227e-02
4.037458211377326078e-02
4.104650999516236409e-02
4.152781691723964053e-02
4.054788934188371941e-02
4.081201340469904626e-02
4.085974061470268315e-02
4.251434023778909860e-02
4.196299583966411895e-02
4.188508376570546782e-02
4.208534642320804764e-02
4.283909657418862038e-02
4.324086794503353981e-02
4.091187241038053701e-02
5.138072507501717512e-02
5.738107539373828170e-02
6.235987992031741256e-02
6.366639260449609428e-02
5.693198790997232306e-02
5.985992781430585219e-02
6.368689807380922829e-02
7.391556325510495462e-02
8.262904696763170853e-02
7.378856681937154272e-02
1.185253338651918731e-01
1.593303155173787511e-01
2.483351064621910909e-01
3.075665942012720255e-01
4.743706832211311841e-01
8.090371976590705894e-02
6.169716311819394006e-02
5.864343998856634543e-02
6.031192375455374233e-02
7.285269067599117743e-02
7.404418606389759350e-02
8.099413427898925766e-02
9.577256988775914581e-02
1.099075955190978171e-01
7.565578276367929123e-02
2.131450472888352654e-01
2.000469948258792319e-01
3.494768988742312787e-01
4.088391935711691572e-01
1.491265468024168539e-01
7.424382753813243974e-02
7.155294268970438520e-02
6.757250626433858320e-02
6.733602411477113137e-02
5.572229580535408011e-02
6.444368561491246872e-02
8.701465073580187670e-02
9.104400985994323681e-02
8.410821710488512737e-02
9.841582194194209432e-02
1.082902586649605592e-01
1.161597617948384453e-01
1.318619009750008897e-01
1.349859806767908510e-01
1.367868444849387743e-01
1.462063160772091863e-01
1.455838377488622715e-01
1.711704341067180057e-01
1.767119569643240684e-01
1.276347550936066666e-01
1.889254271102899507e-01
2.248767160051881320e-01
2.055220836634811810e-01
2.000831082470156397e-01
1.531226454033942641e-01
1.566777535167148960e-01
1.697415826160940111e-01
1.797825129638518649e-01
2.053413030268426143e-01
1.441704345435027013e-01
1.807581789189892929e-01
2.156548759774609691e-01
2.274490532067556803e-01
2.353647098094243106e-01
1.601633742764672907e-01
1.745995972241775607e-01
1.901130545778843550e-01
2.018304138666680569e-01
2.094969196977781445e-01
1.969943257196899999e-01
2.050582211814258593e-01
2.204035271510749461e-01
2.257489464464352558e-01
2.193988464642008251e-01
2.116799319763781606e-01
2.090002656110324930e-01
2.071206062731812403e-01
2.031790209694098737e-01
2.035942610734977620e-01
1.871686917945538930e-01
1.907118142505050129e-01
2.008800387309572777e-01
2.253906889456792628e-01
2.325571958501617131e-01
2.002883109329969269e-01
1.991949291938004962e-01
2.216592405566789603e-01
2.593456487266918020e-01
2.794841747642014540e-01
1.679081159627720532e-01
1.912733458143473508e-01
2.203750331859356537e-01
2.333876265178295439e-01
2.235810384735231193e-01
2.217533767276531897e-01
2.195703849382856232e-01
2.345274556564377333e-01
2.245789134487604366e-01
2.496312524169318758e-01
2.232688490399398207e-01
2.352240006238239256e-01
2.814227603773844510e-01
3.216464324824447885e-01
3.414005549870875456e-01
3.054453538363525178e-01
3.100872118181068893e-01
3.058047601436965079e-01
2.880491706290361220e-01
2.778271080332270770e-01
2.667935056752068768e-01
2.760096574311663442e-01
3.000151570305619741e-01
3.120468931218816078e-01
3.192052852558843190e-01
2.922798156293148764e-01
2.960603859292885165e-01
2.941089757008984451e-01
2.965344099337478001e-01
3.212299130993449547e-01
3.179371179937774405e-01
2.951972263381045236e-01
3.096434255492835352e-01
3.499382815050919859e-01
3.629524702931138935e-01
2.933936692826253911e-01
2.805289024180009916e-01
2.647540488420596638e-01
2.783173998882828570e-01
2.802776585569505818e-01
2.433091979346384548e-01
2.407141223510440298e-01
2.445553390136279981e-01
2.481526599151328838e-01
2.602188912751172145e-01
3.040166743997411158e-01
3.002316475352749259e-01
2.470237652100495673e-01
2.135698285603985780e-01
2.031404176799405659e-01
1.753693689263032263e-01
1.923843287768753352e-01
2.266683314151354822e-01
2.402267506437882894e-01
2.425777732193881431e-01
2.627038576449361451e-01
2.616028096559798732e-01
2.462955825840381363e-01
2.498634207188488721e-01
2.518800506862420852e-01
2.291909472690157046e-01
2.256755960710406517e-01
2.130164990394316504e-01
2.131293536423964352e-01
2.198156230019317481e-01
2.025090602939388917e-01
2.285552233221210816e-01
2.275587238860617700e-01
2.334239640933645776e-01
2.324445333110250200e-01
2.149021730133670038e-01
2.182122792730765704e-01
2.339889332664912835e-01
2.420114836822029880e-01
2.663359412485368227e-01
2.416914058055432690e-01
2.439511097580772947e-01
2.571643063843813692e-01
2.597373925308874565e-01
2.631525757838534263e-01
2.554016975290169800e-01
2.554950336189238946e-01
2.613471074352110568e-01
2.646815838622781358e-01
2.910519822130205325e-01
2.990630204876776332e-01
2.954694989708679942e-01
2.797770584534205462e-01
2.795648599264339840e-01
2.760133668472604107e-01
2.819825311733193951e-01
2.799673691450192403e-01
2.819518987524380904e-01
2.921924125237299608e-01
2.980692645251538653e-01
3.103182138736205742e-01
3.051915799215837444e-01
3.144217518432940728e-01
3.088551324605259829e-01
3.131594847309135954e-01
3.234426643968495996e-01
3.272564025349695149e-01
3.249242875189835567e-01
3.236775210242526790e-01
3.249036329195543749e-01
3.278268331232340183e-01
3.283150057101358876e-01
3.310413123930700530e-01
3.362854391269481935e-01
3.345586608243379945e-01
