4.983133515167800454e+00
4.593847686970129907e+00
4.559435087261681119e+00
4.426442857189469393e+00
4.467380569425534631e+00
4.016804321530874411e+00
2.587487525518745279e+00
1.405511603741968374e+00
8.068412580738968387e-01
7.371776532704756857e-01
7.975475281055580679e-01
7.752008371904159922e-01
7.770271430431781035e-01
7.559701728586571967e-01
7.489473292709529773e-01
6.692810741376433725e-01
6.519412908835812148e-01
6.458935793982520934e-01
3.837068237958199957e-01
3.907729686150005488e-01
3.758529717014089666e-01
3.457627814967704216e-01
3.459559470193402930e-01
3.577109600423526992e-01
3.396316171976809795e-01
3.305132000829975603e-01
3.277543093914525585e-01
3.234712462301728708e-01
3.299579703227343286e-01
3.297936199709989857e-01
3.232763256968964050e-01
3.251260069416682108e-01
3.241858609013752446e-01
3.214111326116267930e-01
3.235894071085295698e-01
3.229100664722230896e-01
3.177213279045856265e-01
3.116621461612487654e-01
3.083397181156630751e-01
3.056743832360496738e-01
3.041742013929945587e-01
3.034633303237123658e-01
3.042540514362680470e-01
3.048625921300465169e-01
3.053653153350473493e-01
3.020095922156344481e-01
2.988502880181789778e-01
2.964838026693565887e-01
2.920663109889967135e-01
2.888126547737932537e-01
2.889354979285277958e-01
2.842345821124788730e-01
2.827188550952917101e-01
2.787022695509430714e-01
2.774814940919568262e-01
2.743440087860525289e-01
2.720431078098122235e-01
2.702426469009157062e-01
2.708028855245462885e-01
2.711507531804203674e-01
2.702134272937205539e-01
2.683065985103094686e-01
2.701561211959481179e-01
2.698701888108665514e-01
2.721605654008312225e-01
2.714739451738888976e-01
2.711333895634562841e-01
2.710199548522746471e-01
2.694781168264720472e-01
2.702882891920491693e-01
2.694601299820006401e-01
2.683730313412969748e-01
2.684179983622502763e-01
2.683944028409073201e-01
2.693297936498578737e-01
2.690372115141910769e-01
2.693772807970215011e-01
2.696904495593166473e-01
2.688909649779269717e-01
2.696275067883168730e-01
2.690382028380942647e-01
2.691727750012870013e-01
2.691874260906295113e-01
2.687856941777773123e-01
2.686998862874208083e-01
2.664272477238823766e-01
2.654368321586660917e-01
2.657906439865571624e-01
2.661879873660253359e-01
2.663077527792873100e-01
2.660018628114361183e-01
2.659750759143073573e-01
2.630332385620620106e-01
2.625361900251502734e-01
2.605647561373343746e-01
2.596085878299024818e-01
2.578220352344013366e-01
2.573527868982865563e-01
2.559979167074023509e-01
2.550960549651571929e-01
2.543973721598579152e-01
2.516328769476464111e-01
2.490232610110044154e-01
2.478219841819481184e-01
2.463058211960065802e-01
2.457044531359721951e-01
2.452194732196186222e-01
2.436452548156408382e-01
2.424643936836325397e-01
2.414302806098512222e-01
2.401680756452984067e-01
2.397332861977695961e-01
2.392743206696260616e-01
2.397778236041445965e-01
2.384030543281610570e-01
2.373853311036328573e-01
2.366507196024781323e-01
2.358589397468237037e-01
2.355526031544144250e-01
2.357976026042471474e-01
2.356704704308154874e-01
2.348038841130745125e-01
2.342377301328722461e-01
2.327737864895219888e-01
2.316510900575003695e-01
2.313982695043700910e-01
2.314176814308252783e-01
2.312975622053171643e-01
2.311586732293218760e-01
2.290746323815686381e-01
2.282859481003357560e-01
2.285405872825276574e-01
2.270910263916357807e-01
2.266273578680693401e-01
2.263027833239635023e-01
2.254039670674016227e-01
2.248741143668305797e-01
2.248380797001794940e-01
2.246845863091949946e-01
2.243338896335330401e-01
2.242123475876567351e-01
2.239706204832003777e-01
2.232228565334029025e-01
2.228159765807819492e-01
2.229746394907308193e-01
2.226180961449434059e-01
2.223769298001568862e-01
2.215673615573679200e-01
2.209710081492503309e-01
2.203201204086501774e-01
2.198489159019350048e-01
2.196211893137201554e-01
2.203103375389012797e-01
2.204525556259580299e-01
2.203790258461890139e-01
2.201191712798708511e-01
2.198550458745306413e-01
2.193120937178964502e-01
2.190764897108370413e-01
2.190707227239111210e-01
2.191440280405775320e-01
2.190492730956037915e-01
2.181721572975655610e-01
2.179596963731524339e-01
2.178671949070426217e-01
2.179955358057628079e-01
2.182717055982087428e-01
2.179247412346915491e-01
2.171333899726196059e-01
2.166300678538336522e-01
2.163803140966459315e-01
2.157872914413618837e-01
2.152044660017513600e-01
2.157550311752063910e-01
2.158829966886231244e-01
2.156632713635077137e-01
2.146562852695737544e-01
2.146063291865018541e-01
2.146427193664465216e-01
2.146477667420670365e-01
2.146408442656927429e-01
2.146064540327890513e-01
2.147048595031120499e-01
2.147463395880374604e-01
2.149736260202119720e-01
2.150871024092345096e-01
2.150529625671453171e-01
2.148535646985885728e-01
2.143638784561172628e-01
2.147573262647026193e-01
2.157182347629514330e-01
2.158795273513451352e-01
2.155097177581969115e-01
2.157447036400220453e-01
2.153113490179763001e-01
2.150358544986092080e-01
2.147111308884037117e-01
2.146111168211704001e-01
2.150482242222212237e-01
2.148568193921601144e-01
2.155189576481397751e-01
2.149302427005564398e-01
2.140377162892394269e-01
2.140825454662624860e-01
2.141137094516824824e-01
2.141106293119987569e-01
2.138763853468735321e-01
2.135965011439875383e-01
2.129208007843996220e-01
2.130493307315403928e-01
2.127260616030621221e-01
2.127946464755551825e-01
2.125072389243694293e-01
2.115107868798206670e-01
2.111397405789811332e-01
2.109348347953187708e-01
2.106397031184866764e-01
2.099443168363790135e-01
2.092402132762903322e-01
2.089701163986985022e-01
2.084835512154133152e-01
2.085652234697662755e-01
2.084228366195665649e-01
2.088392944244303051e-01
2.093432903566515568e-01
2.087461376199936380e-01
2.083397450790482330e-01
2.074042498985865790e-01
2.073609850447054592e-01
2.074251610406258328e-01
2.076308468993293688e-01
2.077588316005030689e-01
2.078151608448677579e-01
2.066690504562125608e-01
2.056326834515858071e-01
2.060609340598532624e-01
2.059450196292729740e-01
2.055736396579850578e-01
2.054123831056051674e-01
2.045033476048070953e-01
2.038242266885358367e-01
2.027711131414368928e-01
1.990508290000713443e-01
1.972285269257237905e-01
1.965921287312583920e-01
1.971475106130760324e-01
1.977687680124666780e-01
1.959706773967472837e-01
1.951012368343410519e-01
1.936948645102670175e-01
