4.930355751667125475e+00
4.754023100808635327e+00
4.668943036779075406e+00
4.473663725120946566e+00
4.283124712802524492e+00
3.662437473958799039e+00
3.301451093088259903e+00
3.288050249403761782e+00
3.130681388320768033e+00
2.806281235881467051e+00
2.307096163153306012e+00
2.331637659542522556e+00
2.170621890149792232e+00
1.957089160931552607e+00
1.907153863859295306e+00
1.830546052208142038e+00
1.325078038385348433e+00
1.183363844520644248e+00
1.150168531056367849e+00
1.074062050007861924e+00
9.780665239211008277e-01
9.675100080688967541e-01
9.384661973027874637e-01
9.078058371995181286e-01
8.987391933700672464e-01
8.271689908765337274e-01
7.919387609876678003e-01
7.466034092455754445e-01
7.184771846030408859e-01
6.782172530161074686e-01
6.164239964810763750e-01
5.696273981664321528e-01
5.631520851658156079e-01
5.550153178656951347e-01
5.254395914577840720e-01
5.107405368577778715e-01
4.702682270955413912e-01
4.203619182698219992e-01
4.068533291254560202e-01
3.910242752250745468e-01
3.658521831173282557e-01
3.718467286380926495e-01
3.884798659298387413e-01
3.794056505308045502e-01
3.696480771207674154e-01
3.699992187014534140e-01
3.612703742041120103e-01
3.517839986255068552e-01
3.422718809010996122e-01
3.379897688401680700e-01
3.256665401079998912e-01
3.025103192495276483e-01
2.780521102273129097e-01
2.585074351212335309e-01
2.513465807260291118e-01
2.507127861517519651e-01
2.542291763386893000e-01
2.549629838393905334e-01
2.540040959211555260e-01
2.557378206708633139e-01
2.557872917745034891e-01
2.422236923802086328e-01
2.296129657596519547e-01
2.127601297620885512e-01
2.048014881581194380e-01
1.757808950620964594e-01
1.609404658961887946e-01
1.538909657628521610e-01
1.501826157106175841e-01
1.412093091375288822e-01
1.336651182473349020e-01
1.330850909033862994e-01
1.317119540416379908e-01
1.382826195490873544e-01
1.379849772136848007e-01
1.379178171907779471e-01
1.347739004955930131e-01
1.382031905455660958e-01
1.378238899093925662e-01
1.296608496501270302e-01
1.249032518461641594e-01
1.215259878846904618e-01
1.190122242912627359e-01
1.175218643390114337e-01
1.167532100079320401e-01
1.166401047358892329e-01
1.169060004230474958e-01
1.163349781900595847e-01
1.155696480725063591e-01
1.156062641217684428e-01
1.158848344816851422e-01
1.169348218732109423e-01
1.165478229824460504e-01
1.148020773767124969e-01
1.137330349432586207e-01
1.093898241232789670e-01
1.084794842983565072e-01
1.039587170743629940e-01
1.027112610671898352e-01
1.026894603519582228e-01
1.004688392398489366e-01
9.884672827569078446e-02
9.890752936983403243e-02
9.750044911453602248e-02
9.650210751284077348e-02
9.442529293333475071e-02
9.298186982214988461e-02
9.218614145714060237e-02
9.005155192792607677e-02
8.732985577646107389e-02
8.478851930576405960e-02
8.150855902239025064e-02
7.976645091307976720e-02
7.926764718911635810e-02
7.877074523326993427e-02
7.838013470138542604e-02
7.825536368832713974e-02
7.830717690364000227e-02
7.871559283333681711e-02
7.903809266564471026e-02
7.945598636691411643e-02
7.864705025609433631e-02
7.603329492187296812e-02
7.482175808952853946e-02
7.284543751299585312e-02
7.065805095702874794e-02
6.736357094646905352e-02
6.624892580985156099e-02
6.408769382437118356e-02
6.258441575070132490e-02
6.164460906148122588e-02
6.128365207879332699e-02
6.109842763857654957e-02
6.046361164866234650e-02
5.999453616099746645e-02
5.902632520654581966e-02
5.741245032703404250e-02
5.735854214265768969e-02
5.757637262247053411e-02
5.781789207498233552e-02
5.824225176397856973e-02
5.829256911584938805e-02
5.841993364260539279e-02
5.818966807241802985e-02
5.787276741563596172e-02
5.779071902546469713e-02
5.764438295878095142e-02
5.723072155166876451e-02
5.710312572708546586e-02
5.657844665334036544e-02
5.677305955852723907e-02
5.694661947416374687e-02
5.708187563828372169e-02
5.664315114071887675e-02
5.625400455544908584e-02
5.546991084146442319e-02
5.529949000497731693e-02
5.493620776991150340e-02
5.442244309261499297e-02
5.438418846955773989e-02
5.440273442655703395e-02
5.476374841407768979e-02
5.534137167042537525e-02
5.552520547448672877e-02
5.589170808865440848e-02
5.582759026128025770e-02
5.471303850772405580e-02
5.425973270337548782e-02
5.409915995821868578e-02
5.376341247108576415e-02
5.399980744486679307e-02
5.472465672968504502e-02
5.502746485485617012e-02
5.466484262851477316e-02
5.448094553058371869e-02
5.426696305748618387e-02
5.404650803727745201e-02
5.357840813035159161e-02
5.336702437601498206e-02
5.309225750542764105e-02
5.275746836944926466e-02
5.252921811277928843e-02
5.233101487702524618e-02
5.199332084386530661e-02
5.129293588435596823e-02
5.062725494739205023e-02
5.062408669203317946e-02
5.064656643344146725e-02
5.055801905053445428e-02
4.919756303639388068e-02
4.837746111360428231e-02
4.777992232345346091e-02
4.684102850868572532e-02
4.461197101967662171e-02
4.256744485393245542e-02
4.208268618905783992e-02
4.223454580870839026e-02
4.243353508825130349e-02
4.243224258202091259e-02
4.240100311517745052e-02
4.229183500286570752e-02
4.238196607434745189e-02
4.231275241959900346e-02
4.227742738709807518e-02
4.219278118894813356e-02
4.197217221027213507e-02
4.180952553915873171e-02
4.181754522378855476e-02
4.180143730104336763e-02
4.181780613989742601e-02
4.183596028258061705e-02
4.183479667010481240e-02
4.187060531772645450e-02
4.188546787610444855e-02
4.202720488812689004e-02
4.201487028501465354e-02
4.194091341744468626e-02
4.189601762142794450e-02
4.245845688797041106e-02
4.262289700331815812e-02
4.233855165775891882e-02
4.244121659308293382e-02
4.256060585121991535e-02
4.260158154781601425e-02
4.261016093071509636e-02
4.254353485558012848e-02
4.219712049319122860e-02
4.205826589704715623e-02
4.181210471740635926e-02
4.143573231903996401e-02
4.117602337599073070e-02
4.117162255272121402e-02
4.117999351518152051e-02
4.117358211373377957e-02
4.102945182544713576e-02
4.068937636683599146e-02
4.042896285198165074e-02
4.017255828603036316e-02
4.001437675602396993e-02
3.978257719110176588e-02
3.966632732194463190e-02
3.967053686471537499e-02
3.942578635139314114e-02
3.935329585302917155e-02
3.914653265990320624e-02
3.899986890557930602e-02
3.879926603492676873e-02
3.870635901317343724e-02
3.877659640818637010e-02
3.879641014392641585e-02
