9.715534926251102876e-02
2.182995184848606288e-02
6.391775579490116196e-03
3.831387161361692571e-03
2.749160107102579034e-03
3.208437637760078003e-03
1.724161607380862498e-03
1.133109551290753482e-03
7.302333118397602314e-04
5.010229446816816777e-04
4.543027809903348643e-04
4.276127532051307101e-04
4.368240440599025268e-04
3.693178527454951221e-04
3.265801057210334702e-04
3.490811804373742983e-04
3.469266946192543191e-04
3.011795510130764724e-04
2.822229508415442225e-04
2.608089047955923045e-04
3.128447881742111745e-04
2.853382747557260354e-04
2.546110836842749151e-04
2.468743573618016173e-04
2.228235056688847261e-04
2.830599827060065773e-04
2.698337779113501667e-04
2.379583645951416761e-04
2.353886543946214480e-04
2.192783631277137946e-04
2.672380949343852686e-04
2.651696720097638030e-04
2.349937171596254047e-04
2.387396598564705901e-04
2.158455940307337190e-04
2.587292286908895989e-04
2.508605756863355640e-04
2.309190855222193546e-04
2.393076296513055865e-04
2.239014138328987045e-04
2.625246772605047130e-04
2.509950179241562506e-04
2.385388350128018217e-04
2.282378994231486474e-04
2.246596022873088036e-04
2.415967780486343453e-04
2.374069159525008682e-04
2.351396082115690667e-04
2.322962924414748989e-04
2.264934293206592383e-04
2.624688973716141050e-04
2.381472473743982774e-04
2.358810136062629401e-04
2.264357004813654674e-04
2.054551529692656762e-04
2.186609745904200821e-04
2.239824709433288876e-04
2.342060152479554999e-04
2.300918803180389543e-04
2.204969517622655821e-04
2.365734629103292226e-04
2.286078919332106408e-04
2.232173267964143932e-04
2.074604415142744095e-04
2.043255390770413538e-04
2.080123094641190846e-04
2.181035018944037587e-04
2.204452142639988987e-04
2.189075973428101542e-04
2.076320054847625670e-04
2.118729192885210864e-04
2.176142137881485414e-04
2.091473363507871154e-04
1.968051426658071570e-04
1.947739878628251516e-04
1.992719273762476502e-04
2.071561080556882104e-04
2.096243557866790327e-04
2.096990487813242890e-04
2.023460164351861151e-04
2.101767471978578281e-04
2.084983168408332686e-04
1.964499961813926819e-04
1.927299391391235279e-04
1.972089004383236345e-04
1.974434248825077576e-04
1.992427306109612170e-04
1.965179045180910720e-04
1.936496855448286163e-04
1.930051289379750424e-04
2.004344921526862386e-04
2.034027335227983440e-04
1.937709251718240623e-04
1.900784012207098323e-04
1.865780316445599259e-04
1.954995276096423021e-04
1.905643946152598485e-04
1.944035271307839846e-04
1.923029540237948759e-04
1.886715469664588163e-04
1.424063016500846360e-04
1.580720846729899876e-04
1.519890406040440235e-04
1.573545080525486648e-04
1.437962500176144845e-04
1.442426497350496090e-04
1.250061244303839810e-04
1.320461159315764073e-04
1.268764963248821497e-04
1.330771479370194054e-04
1.230562061163430914e-04
1.268646091468857346e-04
1.247806120595336518e-04
1.242061246896334248e-04
1.296171340964300889e-04
1.248441708109611727e-04
1.202693948963126950e-04
1.199363758742883710e-04
1.226451348307726883e-04
1.241746757447550814e-04
1.221442419364323153e-04
1.202915487410504466e-04
1.162484168473184383e-04
1.222975541206506483e-04
1.263269823083261348e-04
1.187044102023749231e-04
1.194683967388649208e-04
1.161656369090678409e-04
1.194376819629762584e-04
1.182634875667084180e-04
1.198791423328139194e-04
1.145520289928634320e-04
1.182175202023061139e-04
1.167989754020408639e-04
1.253424228693213400e-04
1.166196048894778241e-04
1.181449779739486761e-04
1.124959675723449174e-04
1.192654141448884313e-04
1.198668049572851747e-04
1.182189640699376766e-04
1.141114290537773620e-04
1.175028084422112746e-04
1.134217919996726424e-04
1.223728990584305545e-04
1.168174504743178853e-04
1.180147298927842049e-04
1.103346843099186307e-04
1.167682396313129658e-04
1.145551370944382358e-04
1.170229504700613990e-04
1.125611152983470097e-04
1.139070921428072516e-04
1.083152164245943330e-04
1.154126662405607391e-04
1.118517648565914161e-04
1.151348707966217940e-04
1.086614284679663159e-04
1.114086054231761794e-04
1.100059635723430108e-04
1.156685186225712709e-04
1.106926422805478691e-04
1.087595142985615086e-04
1.075801884631105113e-04
1.139487095676559349e-04
1.122298892127767338e-04
1.120638678553454500e-04
1.084057518816027038e-04
1.052308888914067092e-04
1.065248058999787210e-04
1.109882912165276062e-04
1.094939076484479951e-04
1.093300569114071853e-04
1.050330823842018864e-04
1.116444093942931822e-04
1.101781762234897678e-04
1.102736807089257562e-04
1.072351502642814990e-04
1.038109410381746683e-04
1.028734144017564835e-04
1.088219939079428257e-04
1.076278197384145227e-04
1.061627041280314526e-04
1.031302475032350803e-04
1.077019252380911034e-04
1.079362890107922316e-04
1.089911693782189705e-04
1.080682980838510690e-04
1.019601201846514625e-04
1.004566498143244079e-04
1.071014667362772481e-04
1.072205182676514172e-04
1.015036000405020205e-04
1.019033224536779387e-04
1.060619729220206575e-04
1.069683398476876533e-04
1.058047292879257226e-04
1.053064000559298009e-04
1.011487251186997323e-04
1.020175858335347279e-04
9.599034155691548950e-05
9.027197479712155241e-05
9.386636907026011062e-05
1.029109430815135874e-04
9.194778264481896746e-05
9.162100405044767645e-05
9.325958359541828408e-05
8.202566406552513174e-05
7.710994848042219659e-05
8.531084391719958530e-05
8.515742274059795067e-05
8.493661312110888410e-05
7.844272806447705280e-05
7.712969824557346142e-05
7.960337601580047659e-05
8.291796606914786155e-05
8.148693594335680536e-05
7.260915139199545230e-05
7.316808158321062047e-05
7.196537755819023066e-05
7.725645786984781059e-05
7.528917819294757025e-05
7.261953802113764163e-05
7.369228650645598237e-05
7.588067114944491035e-05
7.495971894240789743e-05
7.099080768396392321e-05
6.561676906881797804e-05
6.703681047403681420e-05
6.888198963970485411e-05
6.924636928298425831e-05
6.714342325760458744e-05
6.583904957768386805e-05
6.950095840259752720e-05
7.045047090591364679e-05
7.049734832787156447e-05
6.667176720669910277e-05
6.522019709979660993e-05
6.925047238430581469e-05
6.549175161506121915e-05
6.466082508537662938e-05
6.209854158419674734e-05
5.936958544258131556e-05
6.054030866204240401e-05
5.821471901944666569e-05
5.824880617606922878e-05
5.700673249912951757e-05
5.645603423407742204e-05
6.183033883297287849e-05
5.876332380080691347e-05
5.824091613711901194e-05
5.617246603725813836e-05
5.620118696426667268e-05
5.818119983481580666e-05
5.567852558548223846e-05
5.507243083882090880e-05
5.549472758627051677e-05
5.409471521853586581e-05
5.861473219085155338e-05
5.613367323658009051e-05
5.533470126185521446e-05
5.369877339719015538e-05
5.370076975660446986e-05
5.508339531941498074e-05
5.230496543945399390e-05
5.381416390389309940e-05
5.351171061356574930e-05
5.243762718730110377e-05
5.596551008714221304e-05
5.407399510838090540e-05
5.524288970554835422e-05
5.274220365805721959e-05
5.228034166021408482e-05
5.418159069875451970e-05
5.127124241787700234e-05
5.347510787295176732e-05
5.244888102487059488e-05
5.179546077950916759e-05
5.397535598803379403e-05
5.299721578478884201e-05
5.459129692173987354e-05
5.217513193957551773e-05
5.234189226747130633e-05
5.390269404740353316e-05
5.260705848654484402e-05
5.481731574281503206e-05
5.193860227214882962e-05
5.279118433976447811e-05
5.334430437038133226e-05
5.192685711017465443e-05
5.581439054189620398e-05
5.230805001066439355e-05
5.279428758392367831e-05
5.497636278593095885e-05
5.202020717993610302e-05
5.549694921579850391e-05
5.265056279208876235e-05
5.252859539744283117e-05
5.392037337568534889e-05
5.361222176704448072e-05
5.424154750682771465e-05
4.839706784526248668e-05
4.900273221584929597e-05
5.064769969065545608e-05
4.417909182963103545e-05
4.391764376121728015e-05
4.490423125820397482e-05
4.376785519597807577e-05
4.249055600852529415e-05
4.084804881229875921e-05
4.107683506853619562e-05
3.841851241160741166e-05
3.754322978391315922e-05
3.925940230270647273e-05
4.226311355019872886e-05
4.128287419999975217e-05
4.011511202154833963e-05
4.132010434346846718e-05
6.268171080647695615e-05
9.781922715445208797e-05
6.882154721260804148e-05
1.076853421965244902e-04
1.544911189258111836e-04
2.734401774826105964e-04
3.452203438852433927e-04
3.935427565316800013e-04
3.991497918215399323e-04
5.086991222159882413e-04
6.121311780220276997e-04
7.439785584166652959e-04
8.712129551417071606e-04
8.194228165516198202e-04
8.626585548940483329e-04
9.570523511160123611e-04
1.257911913129276847e-03
1.292482365361131286e-03
1.249075689223980504e-03
1.602437604765523859e-03
1.863348507872251113e-03
2.258752334637497555e-03
2.253999974350543410e-03
2.188857483363632322e-03
2.286206162190773227e-03
2.463898676078764543e-03
2.814972889350631988e-03
2.916824016354341645e-03
2.867305856370473346e-03
2.940735312323898391e-03
3.042873585709192710e-03
3.258287204127533788e-03
3.285794985730004867e-03
3.202050234404175445e-03
3.252240861306739030e-03
3.310729422137992633e-03
3.601763523791354487e-03
3.827783878966047049e-03
3.960274925457503772e-03
4.196930760509949045e-03
4.453604061468690277e-03
4.799680303644952677e-03
4.795816375816520753e-03
4.781582717691318200e-03
4.918116932316195754e-03
4.938073510277894013e-03
5.071743915820670252e-03
4.868176596976129221e-03
4.988021688482527534e-03
5.056795495218239893e-03
5.117523110899769960e-03
5.327580868636274183e-03
5.118427522883303542e-03
5.116288295240930747e-03
5.130476017681173499e-03
5.229523221995575379e-03
5.403318015624138104e-03
5.322622826425232878e-03
5.316479946236993097e-03
5.386951554313130185e-03
5.656087034580147520e-03
6.021169842460110180e-03
5.594818764752000108e-03
5.669734506415110425e-03
5.400044535069158796e-03
5.435239570953430063e-03
5.566746587014972242e-03
4.728137323079326625e-03
4.617017724643393203e-03
4.632883646165990472e-03
4.681104946022163552e-03
4.883485469158136728e-03
4.901288823142686130e-03
5.357929328959166321e-03
5.689209120428387507e-03
6.032674603962801668e-03
6.351493552812344234e-03
5.690416839111047363e-03
5.379911459362380841e-03
5.232881009152280487e-03
5.156796519858147798e-03
5.499534980051393705e-03
