1.116909804521385840e-03
1.050317457716837651e-04
7.310979209298795528e-05
4.497785771500972070e-05
4.182454588306422675e-05
8.653159131504307500e-05
6.059031715038233932e-05
6.262394850519646368e-05
4.602719661903316651e-05
4.689493038797531603e-05
4.909551823092129374e-05
5.191502641413775682e-05
4.026716051382059098e-05
4.561311770229711928e-05
4.871348580750299638e-05
4.405987862745355506e-05
3.935901374715743844e-05
4.676178847870955104e-05
4.440271192511116127e-05
3.632115326481082942e-05
3.849832306669969745e-05
3.581455794381589063e-05
3.729762287855382859e-05
3.957841927776880090e-05
3.481602364070641049e-05
3.559418941022388604e-05
3.375426732106634730e-05
3.437088907566598488e-05
3.090119625294329340e-05
3.335513106412187810e-05
3.056350347932024550e-05
3.317526988744848993e-05
3.212714310902333559e-05
3.162204374998975207e-05
3.232659941120266141e-05
3.165810895734760746e-05
3.376870291634557158e-05
3.019812114059547750e-05
3.163378240851339850e-05
3.159082632679815914e-05
3.073921607313636440e-05
3.134288398076926613e-05
2.977543861712899484e-05
3.026596276867100598e-05
3.186677204464513608e-05
3.042499574145872402e-05
3.096858448554003072e-05
3.038936479175927930e-05
2.974290612472544482e-05
3.054754598200916014e-05
2.755693061936383937e-05
3.086665641674471634e-05
3.244546945795806806e-05
2.611327326486789275e-05
3.284234029498512436e-05
3.136195665604837835e-05
2.325578568370969504e-05
1.846894528105006903e-04
1.820874607275536601e-03
4.283192257687112869e-03
1.595913500713070363e-04
3.546671154575578322e-05
2.587871260607294083e-05
2.088376775249320587e-05
2.158702184555366446e-05
2.586617288177959047e-05
2.015678727099508039e-05
1.671283398328306276e-05
1.496028884951810151e-05
1.355932516757499842e-05
2.062934077857830445e-05
1.237851297550597629e-05
1.100439944171596564e-05
1.000830892648921737e-05
9.430978030529091642e-06
1.689190062341469742e-05
1.000002400556955143e-05
8.358072518323852155e-06
7.984628792885156215e-06
7.919639857296453491e-06
1.611255248754837064e-05
8.847988221042655917e-06
8.535077151491145749e-06
7.344510453997965175e-06
7.230290814176885859e-06
1.466146588019126093e-05
8.584288685598627462e-06
9.139935663407391323e-06
8.177700027383190781e-06
7.958789636731367239e-06
1.195602639985886865e-05
9.097595183763169843e-06
9.422909428633642398e-06
8.884731750589011477e-06
7.999420780380061576e-06
1.133046822487671564e-05
9.858889176433555801e-06
1.034985530969137051e-05
9.751796827333740288e-06
9.153873575273154681e-06
1.024653096680353268e-05
9.719983073885332401e-06
1.472223854885688554e-05
2.311389941830175560e-05
1.888120192904967453e-05
2.548277437296094785e-05
2.827134435552432093e-05
3.504939446875239063e-05
6.493218855416228177e-05
1.761287402071091534e-04
1.434248647590365827e-04
3.292515559077769196e-04
9.430389961641473659e-04
1.321650147617557886e-03
1.519746417656564486e-03
3.089110807169164787e-04
3.290311691204258625e-04
3.565760718675201773e-04
4.512466724602824815e-04
4.473294103765306081e-04
4.739704914174520771e-04
5.053148865949284212e-04
5.555935232851351175e-04
6.038583465090412725e-04
6.103829632472356891e-04
4.857776279574789924e-04
4.398217956122474868e-04
5.221057391741722046e-04
5.775747465183309537e-04
6.896101286509160981e-04
7.603067459150713355e-04
7.951955531056497739e-04
7.913459691940995895e-04
9.285481548822717901e-04
1.269124682110422129e-03
8.050174522945467530e-04
6.046919144927975429e-04
6.735521211420264281e-04
7.697248572332207736e-04
1.059895146356955352e-03
9.926396772816131926e-04
7.960742703935778843e-04
7.373606057378258392e-04
7.412826781601613907e-04
7.811534839533372911e-04
7.222641862352926177e-04
6.940466174976627324e-04
6.915556826954390819e-04
6.783434054568299827e-04
6.844096996269106309e-04
7.144969444957412858e-04
7.325884230681619378e-04
7.797468239048693491e-04
8.070629969871966763e-04
8.376880378271352569e-04
8.608654125469168130e-04
8.720391810158609550e-04
8.723105901917247579e-04
8.944777428913641693e-04
9.353127080909861201e-04
9.439466502017193747e-04
9.694750749528857191e-04
9.695113562710268350e-04
1.058251270052505385e-03
1.169501612075220026e-03
1.200364764315529041e-03
1.196287036083958175e-03
1.217495642363448319e-03
1.227027042637141973e-03
1.243140310396491930e-03
1.290677863958912281e-03
1.281324803823344176e-03
1.277852650540368430e-03
1.277565121691620577e-03
1.277936539611846225e-03
1.334795515600073869e-03
1.315881309023663945e-03
1.320459438195245236e-03
1.293315882517182772e-03
1.266219833455651785e-03
1.415340326163941950e-03
1.287413972624850073e-03
1.209650164487568796e-03
1.182461780518734382e-03
1.095899039534507183e-03
1.089961981786466329e-03
1.087171318924480415e-03
1.075157234383696458e-03
1.057439482340172005e-03
1.053849529713588246e-03
1.065617450538467251e-03
1.062865119983352541e-03
1.051709995981873862e-03
1.042485405889207774e-03
1.036608471006230390e-03
1.043598554251361351e-03
1.043219075753197295e-03
1.044282380761424236e-03
1.036767260971694412e-03
1.034919415098159868e-03
1.015837082611664157e-03
1.020151242104920921e-03
1.065873151189443294e-03
1.084285327218847657e-03
1.106460073366226588e-03
1.041390807441255895e-03
1.044483879783423110e-03
1.033819870442486809e-03
1.086872438507320527e-03
1.118008620839845441e-03
1.172346875994532012e-03
1.171963348143349477e-03
1.161371810134545620e-03
1.172104883643818258e-03
1.178774764363941553e-03
1.187627548506104596e-03
1.194316648302993058e-03
1.202666663591015058e-03
1.215530663446238741e-03
1.228108621073604112e-03
1.235247488665252658e-03
1.239053707065310541e-03
1.257108333113880717e-03
1.266075492255985943e-03
1.286020610398291072e-03
1.290081340403844866e-03
1.290647799929085879e-03
1.296776250985038226e-03
1.310040149122032160e-03
1.324852723601016623e-03
1.326737040538121396e-03
1.326419625420974463e-03
1.330655834443221584e-03
1.341677350347412860e-03
1.357689919718695114e-03
1.358674149540709929e-03
1.358892903460340610e-03
1.371903677272347201e-03
1.378084933823621201e-03
1.386517417900178526e-03
1.385749344911692662e-03
1.386581696928663229e-03
1.392251475268417018e-03
1.403162205755023595e-03
1.409086801404050258e-03
1.409239682247816466e-03
1.410770355702227648e-03
1.419922453379876721e-03
1.429641930674361737e-03
1.436797176590616986e-03
