2.129465590371810990e-01
2.032801687725514506e-01
1.984537571710268677e-01
1.916159241896900067e-01
1.944471267262490310e-01
1.809289750336268709e-01
1.812653868087566456e-01
1.254957632678288248e-01
6.074225547057263835e-02
2.566907805729974970e-02
2.102361515315023799e-02
1.714508624715543536e-02
7.549293766650548056e-03
6.184996375417154725e-03
6.466183164786352446e-03
6.866263551323088798e-03
7.096080755510513795e-03
4.879175201446278413e-03
4.166657080681781394e-03
4.777229611560972027e-03
2.656181155818880448e-03
2.652406124402175141e-03
3.585206717472952647e-03
3.850520306925120807e-03
3.834291639900056642e-03
1.967104745710452057e-03
1.099787731486726950e-03
9.384290994888168803e-04
1.202641229322137838e-03
1.064628709061932188e-03
1.538554729784988870e-03
1.338467026591772706e-03
1.017176956913476470e-03
7.813131906556405317e-04
6.127915819888153301e-04
6.097330525634420953e-04
7.996665540296625171e-04
8.455992299383923751e-04
6.714531693327990000e-04
3.994799978990761446e-04
2.765361722958817412e-04
3.186978950057089781e-04
3.294159421994633094e-04
3.285391550822793004e-04
2.893643960315603727e-04
2.704417322632329682e-04
2.773700149206087301e-04
3.414983490665213770e-04
3.951520472795099111e-04
3.985899358132589444e-04
3.232425259441470728e-04
2.664242002444876809e-04
2.158078909331330572e-04
2.355957205247326345e-04
2.356661820506208516e-04
2.845589732764973955e-04
3.422566980910967944e-04
3.646852650607737946e-04
2.180054580179295565e-04
2.067728033362723459e-04
1.877718641787330103e-04
1.615391486835909514e-04
1.871062065395945708e-04
2.008323464996546160e-04
1.991112551625537092e-04
2.001375107448712803e-04
1.704058247623204433e-04
1.659355750620935144e-04
1.641605982869895580e-04
1.382172804637951679e-04
1.355425655060656109e-04
1.330880794898355144e-04
1.215466453204361443e-04
1.199010941723093984e-04
1.299844532032035430e-04
1.090169326222104848e-04
1.068570080538564610e-04
7.722986505899912609e-05
7.624400362964877048e-05
6.945176611946040236e-05
6.400004137856933704e-05
6.083549721566938333e-05
6.863291933431698243e-05
8.075501994869485850e-05
8.216301430999866729e-05
7.620941848265708489e-05
7.001923031737711700e-05
6.294003706492838732e-05
6.973535164415442360e-05
7.620593918396367903e-05
8.532765624522403345e-05
9.164819064474054127e-05
1.009778094130702657e-04
8.084888887874104786e-05
6.636899018295056528e-05
6.651792955205131259e-05
6.148946421269309986e-05
5.329435001689755420e-05
5.468702034185747097e-05
6.547765997258570632e-05
7.103567645901319439e-05
7.568541374049294766e-05
8.225206000855152472e-05
5.602453911126056136e-05
5.157855050404265351e-05
5.976282361191430684e-05
6.159721719439273347e-05
6.326601102250876605e-05
5.530558948182678187e-05
5.698157494612230269e-05
6.367524127193000926e-05
7.141205542854051449e-05
7.300297151094444924e-05
7.075837664379521581e-05
5.972475292160819095e-05
5.556530960330771348e-05
5.385209646414809660e-05
6.228820815774768196e-05
6.138673335912041762e-05
6.158759292219679205e-05
6.010142099059614978e-05
6.302895742999850321e-05
6.383868846975670325e-05
6.401333581967753872e-05
5.752077962788331372e-05
5.636938871489957837e-05
5.784651992049135225e-05
5.685174832217867948e-05
5.865480480643776553e-05
6.025907208694221000e-05
5.924307949708236038e-05
6.208076047537906860e-05
6.287653244326676222e-05
5.433857562608082517e-05
5.447521451799156202e-05
6.160905568030219210e-05
7.793775029414420625e-05
6.983945370339507787e-05
7.077402507618017009e-05
6.931656624065475906e-05
5.724438816340846200e-05
4.483363216511996376e-05
5.194817103099169458e-05
5.722612407915497463e-05
5.803604337799262244e-05
4.845379059550675019e-05
4.494079087163670757e-05
4.586046810314639858e-05
4.932677087427792602e-05
5.243916784701193478e-05
5.458198594694741465e-05
4.846536656719640124e-05
4.862957546239785175e-05
4.845530740311595872e-05
4.809062900989815865e-05
4.915146421360919366e-05
5.090696792068306041e-05
4.688903684572965117e-05
4.102258403603900095e-05
3.793752059131968589e-05
3.896804443318018169e-05
4.187096945105495263e-05
3.938928769455309515e-05
4.363274507194374926e-05
4.474876129405973323e-05
4.900397571232671456e-05
4.779818734741281673e-05
4.465624551303859052e-05
4.391361073747401263e-05
4.364800926523881034e-05
4.385862707942857089e-05
4.511138495484412681e-05
4.943454776960198367e-05
4.808573682840235378e-05
4.843990765762442961e-05
4.637986385434893856e-05
4.592769949443350889e-05
4.422017714312028835e-05
3.989114788478513476e-05
4.237097801731036972e-05
4.223159259165375586e-05
4.024711468817314576e-05
4.234701281211528025e-05
4.310416580926236985e-05
4.339074488715396875e-05
4.201135463206914794e-05
3.707198798163741056e-05
3.631512707231775654e-05
3.826762391490477126e-05
3.839935253324344488e-05
3.813128544681052099e-05
4.122978350903078176e-05
4.466599762798505077e-05
4.033027271716574651e-05
3.826569130484948599e-05
3.707796731964862764e-05
3.660260226138486685e-05
3.763154297552597036e-05
3.622939443743949912e-05
3.496288059244853039e-05
3.826595667673117495e-05
3.928415633287315236e-05
4.338599524574999491e-05
4.530899229488748089e-05
4.307164413147270319e-05
4.670494229680826167e-05
4.504833030510926601e-05
4.446748354964692420e-05
4.343042431676928444e-05
4.225574662395789133e-05
4.125628906805407943e-05
4.014813758417512085e-05
4.201993147938618283e-05
4.317858245293992251e-05
4.388710961695846993e-05
4.364488341595078178e-05
4.229393508765736022e-05
4.084652105677636107e-05
3.985043117607594252e-05
3.759682774489325513e-05
3.893361621688408702e-05
4.220986837437208585e-05
4.416164278292207621e-05
4.595671635484656093e-05
4.443447495061369096e-05
4.147247893962839312e-05
3.863080449933702239e-05
4.002541663329865892e-05
4.008150218912993239e-05
3.853880545651077664e-05
3.781870596228750536e-05
3.702546503679175435e-05
3.740201549871522492e-05
3.988392342611999779e-05
3.810881552309148271e-05
4.093703713455192138e-05
4.194505029854657006e-05
4.175851047270803817e-05
4.156783331046320532e-05
4.162850582432735155e-05
4.349337771045903172e-05
4.328445080071979313e-05
4.326845729593560867e-05
4.106437946660710839e-05
4.114180729902720672e-05
4.121879726604044922e-05
4.079951397080744949e-05
4.096641371483629516e-05
4.582249875602350408e-05
4.626799714010844822e-05
