1.110276289316475826e-03
7.478590173282843119e-05
5.817808400924046617e-05
2.312600112738380897e-05
2.535787197995387771e-05
6.712764890230672136e-05
4.255020551892440639e-05
4.546880449466507115e-05
2.888567549268576537e-05
2.374265014653823683e-05
2.997054067898849845e-05
3.320347490423678578e-05
2.098604692268079010e-05
2.759351468389750951e-05
2.893659432496397370e-05
2.495316406393610861e-05
1.998625119965771524e-05
2.547593811765390477e-05
2.940168653481551372e-05
1.982046003247728451e-05
2.145769829188240443e-05
1.603126546395405462e-05
1.630610470104363791e-05
1.815523992053683531e-05
1.787102911890080137e-05
1.355138188278246923e-05
1.747641069034695793e-05
1.279107621114120338e-05
1.516794716387308361e-05
1.556726063665989028e-05
1.198625657869867994e-05
1.368388609357527325e-05
1.363933755891088323e-05
1.397475003573465341e-05
1.438892876777635763e-05
1.540045567033748641e-05
1.455167156961842600e-05
1.180616225052215749e-05
1.227388206221203592e-05
1.295999953002504443e-05
1.189733483661981906e-05
1.077461636431694342e-05
1.333796181743710279e-05
1.259609448071634410e-05
1.103221892369753009e-05
1.361486214904474250e-05
1.079553399215166705e-05
1.218826934435709090e-05
1.467250195891576737e-05
1.132934007911278869e-05
8.586924721695514951e-06
9.129160260739808773e-06
8.777910635209168849e-06
9.884266995911843869e-06
1.239745062377822298e-05
8.358944026536945155e-06
9.073206751050957755e-06
1.391894345767054710e-05
2.180181739094571057e-05
5.283994420999422201e-05
7.805616955029280460e-05
6.824560096042193427e-04
1.768044777715891119e-03
3.338887172677376322e-03
4.895210199305142368e-03
4.518465824244713436e-03
2.746550732702394363e-03
5.375116303723117064e-04
6.475448821310973409e-05
2.547324459985982485e-05
1.251558229159318427e-05
7.996196544265813283e-06
8.173343229259471773e-06
7.647482156473146792e-06
8.158593120692827783e-06
1.011947373406833021e-05
8.355265351100201943e-06
8.350483396098482236e-06
1.779953112401256175e-05
6.335468721817497507e-05
2.925923967123275933e-05
5.528678493773222239e-05
9.782476766702542402e-05
1.226523450737389558e-04
1.687597295993459334e-04
2.398045585779507558e-05
2.697327125929391089e-05
2.678623240721738318e-05
5.087327733630973918e-05
8.182467175993872596e-05
4.628863527394322673e-05
5.526370496554201985e-05
1.203326781795079661e-04
1.564580483986220498e-04
1.748234483481655901e-04
1.620281140842133637e-04
1.937982697702958002e-04
2.554220119014681415e-04
3.121585966832662071e-04
3.220078122806096588e-04
3.376472347176858271e-04
6.748489610302429347e-04
9.172053698419717566e-04
1.126047814960487795e-03
1.531140382138843851e-03
1.450320564353330078e-03
1.501631551508441362e-03
1.533425869108904788e-03
1.583883912987320850e-03
1.756137176085714648e-03
1.642655603783335638e-03
1.657484464456136829e-03
1.809066531369229666e-03
1.998910221779425130e-03
2.209728158113756676e-03
2.062097961294346790e-03
2.050318660121279880e-03
1.981434287633642832e-03
2.018262719870151170e-03
2.200108283188981044e-03
1.865095192442066613e-03
1.955443521795405346e-03
1.891009491799838836e-03
1.919386069635434277e-03
2.063378586011803146e-03
1.799873239864534930e-03
1.710091978291600244e-03
1.734070814615871819e-03
1.823151572184478902e-03
1.970316012961279787e-03
1.770534158956496877e-03
1.758767457356550257e-03
1.786775891761079255e-03
1.839794493473199000e-03
1.968338848896712505e-03
1.968003515785236857e-03
1.909547729230361797e-03
1.765636608030760404e-03
1.716946032676486310e-03
1.655765031453486098e-03
1.741722935674116764e-03
1.720278219039250928e-03
1.696793428377405856e-03
1.665691471603353768e-03
1.704204217928942649e-03
1.843647812235078148e-03
1.944920214158605502e-03
2.078982666324133075e-03
2.134033415462761440e-03
2.286573779321867533e-03
2.428550846175864860e-03
2.566812611307666293e-03
2.851215658450657973e-03
3.179423452074650082e-03
3.607054663210304980e-03
3.581307103958840821e-03
3.616024471840795403e-03
3.664701021190466725e-03
3.769265891786470132e-03
4.039925357470318737e-03
4.129160364219255225e-03
4.407937328451055209e-03
4.515196685463996294e-03
4.814741383725327541e-03
5.491724777283028651e-03
5.480852780979559268e-03
5.649965759048799357e-03
5.698000684185679406e-03
5.820941813348361367e-03
6.223857629877599905e-03
6.244562774728059859e-03
6.396929459643813445e-03
6.522046494578145892e-03
6.763359530374183845e-03
7.415645554464904768e-03
7.289921365485648244e-03
7.363656529181811759e-03
7.388889182177274181e-03
7.429403910178277587e-03
7.593225050472502367e-03
7.494293692655607311e-03
7.732159492191591904e-03
7.617468602358627890e-03
7.704333992866451222e-03
7.800804607860305218e-03
7.853366598313942307e-03
7.893845844064559594e-03
8.082207305245761933e-03
8.232575583962500540e-03
8.409468113630054822e-03
8.427280881398506798e-03
8.391557938207672152e-03
8.480698777025445778e-03
8.561433432421435702e-03
8.667029590559297350e-03
8.634533301433671218e-03
8.488383127003033476e-03
8.721252345185094568e-03
8.975881672825770582e-03
9.598471713558808308e-03
9.544425684817215566e-03
9.871455569181196432e-03
1.055709650233189155e-02
1.152412709746336410e-02
1.275491327350193084e-02
1.270253278118919568e-02
1.296560363761146799e-02
1.362697344314574982e-02
1.466150674750839496e-02
1.589593629665445387e-02
1.526889644556785573e-02
1.545181952791551024e-02
1.589849804584839502e-02
1.628818046765593414e-02
1.706352551970675979e-02
1.666959223130985018e-02
1.687019518818846237e-02
1.762124797289037550e-02
1.817896153087111832e-02
1.962336575159906796e-02
1.960970945316606664e-02
1.978664098515641248e-02
2.033884594366107412e-02
2.147908654463865502e-02
2.321036237583808115e-02
2.326289067667368718e-02
2.344185178287012256e-02
2.365644213763813328e-02
2.398014036484660827e-02
2.489862062777704194e-02
2.495286233186514574e-02
2.499547166287759137e-02
2.515939383692949657e-02
2.565033002970322148e-02
2.650110876831093462e-02
2.667306565219865894e-02
2.676898542336479669e-02
2.698323810040599915e-02
2.763432918092639107e-02
2.867168110912994908e-02
2.891140803512121105e-02
2.903899762776275192e-02
2.917570149666315338e-02
2.972618090774890171e-02
3.061735445868446481e-02
3.089798989547544450e-02
3.097514087910580721e-02
3.140938917639338190e-02
3.259889626149697905e-02
3.353678907663829728e-02
