2.129428255820553229e-01
2.032381969726977378e-01
1.971662827837672993e-01
1.954992009031652489e-01
1.873142455451039801e-01
1.774265951937696040e-01
1.612149719886108723e-01
1.036197789597366470e-01
6.940641259691866793e-02
2.663204134358833006e-02
1.498240550528243120e-02
6.850520533572134960e-03
1.066231613776158493e-02
1.325880954524288370e-02
9.008066325803521651e-03
8.347768690469371117e-03
5.343427961412621809e-03
3.974565960942108220e-03
1.858720447916084118e-03
1.381906303473261514e-03
1.797007533148048918e-03
2.648010844397256664e-03
2.900968653004670165e-03
2.804993875555362136e-03
2.084728849422201515e-03
2.511908229847319325e-03
2.387131404556612838e-03
2.382535599228987905e-03
2.321281281553036653e-03
1.264119881156567596e-03
9.629984336624215768e-04
8.382689736873705092e-04
6.828828300412095919e-04
6.479063511074522079e-04
7.763468695094413599e-04
9.384695775108154716e-04
9.662207282290415783e-04
8.233921854511129556e-04
8.221949734623080997e-04
6.888091843311479725e-04
6.511250263870246293e-04
6.030635984394626262e-04
6.097634494365570179e-04
7.626803294347308604e-04
9.825496763634694510e-04
9.880953867591230240e-04
7.877837512671674158e-04
3.386551386701477820e-04
1.959440785589226656e-04
2.220743766016441316e-04
3.423025476395971938e-04
3.721714048992646410e-04
1.419095872092479007e-04
1.190219483930603987e-04
1.092288816188274534e-04
1.094539601465027609e-04
8.470389996523954382e-05
5.490575374051895747e-05
5.728153026332391442e-05
8.417174567263995845e-05
8.395879864720697308e-05
6.286091622970780375e-05
5.076396126016607875e-05
5.734857978197206637e-05
5.405913680021496020e-05
6.228894314889299325e-05
6.920442198096481612e-05
7.710175383439454389e-05
8.621430969303412785e-05
8.034780115537703312e-05
6.706125646478049759e-05
7.026579269300016722e-05
7.890794721730801607e-05
8.546049716975111287e-05
8.787918643336171259e-05
7.522836406749319911e-05
7.473209048191781808e-05
6.896488062381826419e-05
6.924046881767323490e-05
7.619597916589788370e-05
8.882279235187707394e-05
8.890491971923451537e-05
7.830192108157930236e-05
7.265952997272031449e-05
6.893667955089731610e-05
6.750777352659947917e-05
6.355413318934341959e-05
7.055228797525677094e-05
7.332408832840806902e-05
6.757302057202787128e-05
5.906495150864463713e-05
5.332198608116957874e-05
5.344635737448193906e-05
6.476398257016697006e-05
6.994812578595425902e-05
6.945782278828870971e-05
5.594073805687966021e-05
5.877383924568933615e-05
5.988107645420558795e-05
5.676749491214896264e-05
6.347394385908368484e-05
6.806852862502813645e-05
7.315204351954600619e-05
6.781638318998445215e-05
6.120140365033933515e-05
5.974037428891249306e-05
6.431532429918212308e-05
6.479226429868571930e-05
6.722250705930407806e-05
6.873542445463850874e-05
6.643152093253079670e-05
5.591287963620459049e-05
5.582728957196469972e-05
6.270522902818848054e-05
6.541067026598878771e-05
6.035976608288908364e-05
6.138752841554420421e-05
6.178824423781161446e-05
5.575037816663770706e-05
5.378345716964228824e-05
5.346696750305527084e-05
5.130650368455278576e-05
4.960304018475783717e-05
5.071381830508558540e-05
5.212883117157975701e-05
5.453571668251672362e-05
5.574807706355307805e-05
5.582781189920381164e-05
5.458490846165320543e-05
5.440898959227677379e-05
5.819086739347004850e-05
5.791689379531065089e-05
5.337585795162538946e-05
5.305877347911926070e-05
5.358383738696946314e-05
5.191032447403116283e-05
4.987414900437757957e-05
5.087552619785048655e-05
5.189289325736268720e-05
5.196951336129692982e-05
4.982900273430063327e-05
4.928824073887590272e-05
5.082189459105735340e-05
5.129032135018272932e-05
4.979895742744055141e-05
4.481969712520849730e-05
4.537878680805077831e-05
4.695509506506027550e-05
4.855785059540646334e-05
4.738430178376705596e-05
4.646907527900786568e-05
4.216895885751309692e-05
4.338000528640870233e-05
4.640077075063128991e-05
4.857407918882818983e-05
4.795531106073455424e-05
4.468602691749451786e-05
4.439734706099291589e-05
4.706286516426836281e-05
4.740392980138847075e-05
4.786737537304236993e-05
4.828685128801573831e-05
4.950845342929062286e-05
5.067201530889478908e-05
4.859326057683105492e-05
4.731795654800639964e-05
4.460117600593132805e-05
4.464747542299593526e-05
4.556215739599261705e-05
4.893336053867547360e-05
4.774810375583522662e-05
5.042942922939244770e-05
5.045519308670792205e-05
4.788321682172725486e-05
4.554044091560549356e-05
4.393137132858526104e-05
4.448806247579708986e-05
4.576611459590931543e-05
4.740886405678533365e-05
4.945912687884642051e-05
4.966755009636422300e-05
4.939606063671822756e-05
4.781693851513864872e-05
4.654952535978477328e-05
5.046446311422479497e-05
5.212868434974482761e-05
5.273806743956673036e-05
4.967886988362527019e-05
4.985423454547475834e-05
4.868141836948451336e-05
4.540750018194980082e-05
3.873957421228108630e-05
4.395207510421980846e-05
4.441860416495933394e-05
4.571698990211154191e-05
4.548819248411935750e-05
4.494630100259514261e-05
4.596638593775696557e-05
5.210907472956730692e-05
4.983180709644393573e-05
4.310276565950341127e-05
4.366536117902045105e-05
4.497153315616655468e-05
4.372536947625677852e-05
4.330657696480761753e-05
4.390792383014032840e-05
4.245667771214047708e-05
4.095846873924934988e-05
4.089101493612550941e-05
3.929753578006648534e-05
3.997900724639735483e-05
4.238099448347928093e-05
4.244389175661758491e-05
4.364793134145515338e-05
4.377925644334008281e-05
4.448739760281596959e-05
4.563400895989470614e-05
4.677939751812417189e-05
4.416722831439099251e-05
4.282324372471001692e-05
4.310701568987348537e-05
4.518904647970702965e-05
4.547847911518439629e-05
4.300403906938720798e-05
4.512889768240907105e-05
4.683476607370500684e-05
4.557605691769706920e-05
4.758667988560552544e-05
4.317254221636424136e-05
4.385225341898309740e-05
4.636523004193327739e-05
4.518543589116801078e-05
4.302177137624040981e-05
4.485057702091622934e-05
4.101367184546847472e-05
4.117640101449064366e-05
4.036840414859565627e-05
4.239172997560936587e-05
4.273076020746026100e-05
4.544969973728653069e-05
4.478054120917495718e-05
4.287634635922390206e-05
3.935890259246298088e-05
3.814082948299795132e-05
4.033701000271473812e-05
4.076959825485507459e-05
3.810405396958872618e-05
3.652785979810396121e-05
3.909327027095889942e-05
4.093711397224567434e-05
