1.205825061583277180e-01
3.460872634837647982e-02
1.791223495693722995e-02
1.241068206580066627e-02
5.907833813058109909e-03
1.000828196703869993e-02
7.579624012689680120e-03
5.137737358938843785e-03
3.408939008968134114e-03
1.949916417402911386e-03
2.422652897651852988e-03
1.858438272687519500e-03
1.319770892116725819e-03
1.076225840207925685e-03
9.228465082399390194e-04
1.051766383162142625e-03
7.735723154723395893e-04
6.467851228866977609e-04
5.267724033768283630e-04
4.411583580437115752e-04
5.556930291872297888e-04
5.109505399614661970e-04
4.626591221816923113e-04
3.924390829797002201e-04
3.720585809652191640e-04
3.549957096222158999e-04
3.143576853790957886e-04
3.274327230185020620e-04
3.136503339722610407e-04
2.569234915933292420e-04
2.725440338146975137e-04
2.875943637674733492e-04
2.563767770569599013e-04
2.289196291446803175e-04
2.443564300753659890e-04
2.426028235883247554e-04
2.290707427538835452e-04
2.327738358510761808e-04
2.323957039768298331e-04
2.072880630923652605e-04
2.176267575025722038e-04
2.300979398589689880e-04
2.204877866150786617e-04
1.955283301619518575e-04
2.024462446650610037e-04
2.171733711453071442e-04
2.112165128417291444e-04
2.056910957099893653e-04
1.998637758680629328e-04
1.997231677887234655e-04
2.096377915167411596e-04
2.081746286147780588e-04
1.987322732548679185e-04
1.866689730977266878e-04
1.872603399176448597e-04
2.061966158564437930e-04
1.953507856950955778e-04
1.886064265185847090e-04
1.846032589744481766e-04
1.883218481949014693e-04
2.034135753037398942e-04
1.946540887833092060e-04
1.893392660918383262e-04
1.874854830346631422e-04
1.906194468418903653e-04
2.042189342250092172e-04
1.925736166976847004e-04
1.861135814413921428e-04
1.785455504828894753e-04
1.844145984741065759e-04
1.936052028113887096e-04
1.902004654162420738e-04
1.854365289645238258e-04
1.858000520079900267e-04
1.922622314627266539e-04
2.083452233907608574e-04
1.930957124323729769e-04
1.827880981969371528e-04
1.781692205295383100e-04
1.848441202776917583e-04
1.923500570390897463e-04
1.888067962547153962e-04
1.802656613272664776e-04
1.857943370014837701e-04
1.976865494192743761e-04
2.068214058348601743e-04
1.928382212253498330e-04
1.816800143209437994e-04
1.803370978322465948e-04
1.808470685613126721e-04
1.858141812306426282e-04
1.864622269333106081e-04
1.835999912881405502e-04
1.879926047406533856e-04
1.971250133144828787e-04
2.003001473782827174e-04
1.894721278852938985e-04
1.825342437505242247e-04
1.780397132574626485e-04
1.820287662561337252e-04
1.488207747624000973e-04
1.177230616475927899e-04
9.711239981070601422e-05
1.058173887728451276e-04
1.039876137785707665e-04
9.590770149783431028e-05
8.965088633944022132e-05
8.389906878409181636e-05
8.634246834637544288e-05
9.747020549982405332e-05
9.203223165924520176e-05
8.568326322094110955e-05
8.831722052878364468e-05
8.445988763962502285e-05
8.746957215138716657e-05
8.397481798855108625e-05
8.171827254300519225e-05
7.938321451489459887e-05
8.233418146783023884e-05
9.025594850820464602e-05
8.424118423464820309e-05
7.947104263002338414e-05
7.831375040912290928e-05
7.749207572733871595e-05
8.208333430659247958e-05
7.688056115452402111e-05
7.746591950781022968e-05
7.542667297648040245e-05
7.719575302637042113e-05
8.295231282032557976e-05
7.886615241593379665e-05
7.589316068535429099e-05
7.435494476735988534e-05
7.412217793149295073e-05
7.943781232642199469e-05
7.323558954436163815e-05
7.369991363483583671e-05
7.389919855363440886e-05
7.493305339763148623e-05
7.798466492772406422e-05
7.565442235147184786e-05
7.608566996795669644e-05
7.256023947953355794e-05
7.212059753901412591e-05
7.306955641220462864e-05
7.146446136203582033e-05
7.226465473806896228e-05
7.296136189759669670e-05
7.239729974044220205e-05
7.530630426873513984e-05
7.398607022753505647e-05
7.318700634571480897e-05
7.206936782330911420e-05
7.069789582415014805e-05
7.094657118363814228e-05
7.087557989013633169e-05
7.047237058462408937e-05
7.238898880471310239e-05
7.293135261139475076e-05
7.594188909378551608e-05
7.260456227916478210e-05
7.130078858650466139e-05
6.959334517253200521e-05
6.812981597450646644e-05
6.861075894422499289e-05
6.864988299187796536e-05
6.856240797091459071e-05
6.922268345584669527e-05
6.984776023715085771e-05
6.979959020693554390e-05
6.869024187944622209e-05
6.807612272499908483e-05
6.754935291921116184e-05
6.680441615077629361e-05
6.680132343300047436e-05
6.693709876102241750e-05
6.660048416778482287e-05
6.751863149058333531e-05
6.974506308172749472e-05
6.845137852997953628e-05
6.724663349700584272e-05
6.559587303598802372e-05
6.534749285311846104e-05
6.536060953716187137e-05
6.536340655169285490e-05
6.550454197137225586e-05
6.438632644282875871e-05
6.520846893621398677e-05
6.740303701950595529e-05
6.505599612255438932e-05
6.580622207808966867e-05
6.447951366196045002e-05
6.406172723405067094e-05
6.423574517676818875e-05
6.331059753126558505e-05
6.408676904947752508e-05
6.316991953896930565e-05
6.429872263250338300e-05
6.577930534146574310e-05
6.566554311376216369e-05
5.927573740569431788e-05
5.076883570733158973e-05
5.043687366223868057e-05
4.637692604834457239e-05
4.712658861701109198e-05
4.785373629170554054e-05
4.773185596196561432e-05
4.525965854055160020e-05
4.858808528070656508e-05
4.792148367324016237e-05
4.556908723082488908e-05
4.138686490668252863e-05
4.231823557740397603e-05
4.246165644752205822e-05
4.172240507323795759e-05
4.261959173112400641e-05
4.166414739511410534e-05
4.019832480981234426e-05
4.143150937058129454e-05
4.194882790480885566e-05
4.105001925969734749e-05
3.880833016306114156e-05
4.144164249381755331e-05
4.168792594677492519e-05
3.887463520179717461e-05
4.044939013161006708e-05
3.885319294786917106e-05
3.612282879446602400e-05
3.839266825332893505e-05
3.743008917513206043e-05
3.724057565327657508e-05
3.578765704866739467e-05
3.778511674730485563e-05
3.656787006329084792e-05
3.737943117366391400e-05
3.448371024036507771e-05
3.466889510852555668e-05
3.225671509367229625e-05
3.233752697923474387e-05
3.281724250084363235e-05
3.239006091391142704e-05
3.154206860956411282e-05
3.269629599239293573e-05
3.299651795618521928e-05
3.098577048052816266e-05
3.173000393184363660e-05
3.034655152898725549e-05
3.013417274429328226e-05
2.966536165455033319e-05
2.966845696134501583e-05
2.979079225945563877e-05
2.950682244187779348e-05
3.060248679580667705e-05
2.912680048683842775e-05
3.053450206934946995e-05
2.879176774982297805e-05
2.809842334440151412e-05
2.810771487555320072e-05
2.773284947206222276e-05
2.733231402986613522e-05
2.739370125847056671e-05
2.765849603615898807e-05
2.809166300922034956e-05
2.787295435581518992e-05
2.902129861527969539e-05
2.679926049771277861e-05
2.679429769730403470e-05
2.687815061621747149e-05
2.685129158700545740e-05
2.625240304555715660e-05
2.653781363732729911e-05
2.692206105769085934e-05
2.679552409348745008e-05
2.623457286434410646e-05
2.730695829286077726e-05
2.550440536939687519e-05
2.617361927504633116e-05
2.618946508232764325e-05
2.555717744798163146e-05
2.553992576321068971e-05
2.546163048120432914e-05
2.616976497275298871e-05
2.573610263163619361e-05
2.516530351947187530e-05
2.599393472439436544e-05
2.505533586306611158e-05
2.512909815335869735e-05
2.511623088355628347e-05
2.441015770161625656e-05
2.521155130679429362e-05
2.442220543586589727e-05
2.480989518985201738e-05
2.446473851296587727e-05
2.450835294962362562e-05
2.586857373349975566e-05
2.431183775130917564e-05
2.363295074939107055e-05
2.391526318786747941e-05
2.362256416527230767e-05
2.426780465916210605e-05
2.007851931013428614e-05
2.011395272334032234e-05
1.944035743481207145e-05
1.758432071256626873e-05
1.788397486275746247e-05
1.777774143791866602e-05
1.851228996868952020e-05
1.668871172863286084e-05
1.871781810294944641e-05
1.914350043965529791e-05
1.822485051182414647e-05
1.723698534342472453e-05
1.710244892992286174e-05
1.688318755891181271e-05
1.604680806058477572e-05
1.612317037561803067e-05
1.608998126295399384e-05
1.509613483163304364e-05
1.571854579001776209e-05
1.648504622194131236e-05
1.574908484408866845e-05
1.511491107176046019e-05
1.468235943103575086e-05
1.550151441476020162e-05
1.541167846045569226e-05
1.502859729500129979e-05
1.482222159476577064e-05
1.425298503143319739e-05
1.403376093788302112e-05
1.578251541467237337e-05
1.435727532613267439e-05
1.346801794988057741e-05
1.344973150203895280e-05
1.395258019241940347e-05
1.415145401094976172e-05
1.389402853424177691e-05
1.336289038137481392e-05
1.291199509956151202e-05
1.318141688696002478e-05
1.359736180748440087e-05
1.251273767443669518e-05
1.179072136169170947e-05
1.173527808881887274e-05
1.255444696999901103e-05
1.417796139420092973e-05
1.317492503752346629e-05
1.227807940910762101e-05
1.122591417029922022e-05
1.114132123082276343e-05
1.140949642418150173e-05
1.095032273016184097e-05
1.102901212461434551e-05
1.162942546540386143e-05
1.217484781946860046e-05
1.211726005256220493e-05
1.174389760802992241e-05
1.117158517881289596e-05
1.038106707415554173e-05
9.885805975086700217e-06
1.025769349713827101e-05
9.892173434567413720e-06
1.027308824242793488e-05
1.110544722217014266e-05
1.161220304060219255e-05
1.186283195641875237e-05
1.140961551837915372e-05
1.078307598740096715e-05
9.955117043839408674e-06
9.487168403373859413e-06
9.636533153469949405e-06
9.466580575742247002e-06
9.880697788772303602e-06
1.062706359710533644e-05
1.077066756052858934e-05
1.098008271850151075e-05
1.038662584208097565e-05
1.020811940229065132e-05
9.356898971585953586e-06
9.137900441103143637e-06
9.394636594711269859e-06
9.189890077196896401e-06
9.269870622316096089e-06
9.778779114778545802e-06
1.015149903957099733e-05
9.926226490728947335e-06
9.839859405700165514e-06
9.505684922856730246e-06
8.802725098527819055e-06
8.511335730128595644e-06
1.076932393781538724e-05
9.013831343154303863e-06
8.646925868384533885e-06
8.825959286240948453e-06
9.133732040446232705e-06
9.269670721268788479e-06
9.124895858966976716e-06
8.638099394286925274e-06
8.269169779171752998e-06
8.373439884163046641e-06
9.190458401643297501e-06
