2.429881060801062920e-01
2.332358248349332697e-01
2.282905142960786615e-01
2.182892408458041722e-01
2.089116066270521321e-01
1.897028348910032025e-01
1.911845447782503371e-01
1.868861167251647526e-01
1.677780747627533042e-01
1.451207485814784426e-01
1.120617025802334299e-01
1.130536896898197419e-01
1.029998049781617880e-01
9.223054531238404630e-02
8.987147783183281613e-02
8.469998953137686248e-02
5.343670769790959812e-02
4.659692827910105750e-02
4.540132029992063889e-02
4.199527194356483112e-02
3.821408415667890829e-02
3.864250613960110159e-02
4.074821922219359210e-02
4.131934077869111460e-02
4.119911433955589924e-02
3.442961237805503005e-02
3.099043290764902023e-02
2.860930055693409330e-02
2.833870614216174241e-02
2.461242728565191454e-02
2.136850968935513975e-02
1.876181051400252833e-02
1.837841275350062323e-02
1.827634058178976770e-02
1.637900828893334992e-02
1.532601325657730398e-02
1.334146627842986224e-02
1.092168805482715901e-02
1.056417214433823942e-02
1.033629754252190190e-02
9.764421049211751552e-03
1.036403574482083929e-02
1.146426131723816098e-02
1.083707400383898505e-02
9.641383291749142104e-03
9.581199913789403833e-03
8.895962880632365954e-03
8.450495943740357271e-03
7.977120048760244844e-03
7.739252939423671949e-03
7.283660919983679476e-03
6.484126974020702414e-03
5.625358387225220212e-03
4.920782382274887373e-03
4.776899291092197471e-03
4.836108616830741419e-03
5.028874436873945891e-03
5.200144688969909196e-03
5.342629133998247175e-03
6.241452984139107645e-03
6.735550953075495999e-03
6.306578278402164353e-03
5.837355008806055512e-03
5.519751500639657159e-03
5.163205824947813757e-03
3.873279386091338459e-03
3.290313735708238693e-03
3.007986223297052977e-03
2.881949679065912845e-03
2.643546900552572274e-03
2.430762126104167847e-03
2.525271591637077376e-03
2.729550655051737537e-03
3.337171762785034676e-03
3.327418369871648022e-03
3.380216112724627932e-03
3.126556648357072411e-03
3.213208758491369922e-03
3.173281006971511060e-03
2.955978185371611455e-03
2.760453482029979252e-03
2.660845645751538403e-03
2.570403282313996583e-03
2.329480854315346856e-03
2.103239312997575144e-03
2.062447844592088346e-03
2.051288333881925649e-03
2.079922496590692720e-03
2.123575590143549855e-03
2.185808385443974069e-03
2.253227260139601274e-03
2.463240077044161636e-03
2.444422150764795961e-03
2.323447209630308957e-03
2.251531370763156913e-03
1.991939663901532570e-03
1.963051154642687056e-03
1.736294758440847441e-03
1.686942587307370791e-03
1.692600997943116432e-03
1.636226844155036194e-03
1.707489774342250445e-03
1.811925783315437074e-03
1.813527931341741249e-03
1.824651632722478628e-03
1.779177439142816354e-03
1.837103618368672760e-03
1.810406780301936644e-03
1.780307590921620733e-03
1.666610833783792886e-03
1.539782532461296581e-03
1.342862138547873049e-03
1.256781819594677933e-03
1.255973014770235237e-03
1.269754849778534540e-03
1.282658390387455107e-03
1.296017685622998915e-03
1.306783846250529884e-03
1.350659721518859997e-03
1.399765443659288641e-03
1.458577624109638499e-03
1.418098171638894085e-03
1.286400539273667648e-03
1.245994374723922299e-03
1.164586960121489698e-03
1.078475166407591229e-03
9.485788021653045014e-04
8.990519041734939924e-04
8.121406969799272639e-04
7.599088250121526725e-04
7.657355529103101197e-04
7.463969645286068055e-04
7.564072462529924544e-04
7.486339467533466860e-04
7.482652316091942995e-04
7.233912087539301440e-04
6.907396305518803507e-04
6.900933587498965646e-04
6.959620429434332624e-04
7.092895032016551405e-04
7.322263045869131922e-04
7.397876773987304214e-04
7.599989059113650310e-04
7.754789192969801376e-04
7.761241357848193672e-04
7.795651770469696085e-04
7.804576228303402793e-04
7.992435365156770914e-04
7.888677324402824237e-04
7.835234052064544898e-04
7.860236776728832557e-04
7.996481647704424328e-04
8.081758251001323759e-04
7.866894547217413020e-04
7.730572765672992898e-04
7.478161329703103240e-04
7.434359131868318975e-04
7.321713970546586767e-04
7.314766158134965515e-04
7.317351405393487810e-04
7.475516239649450867e-04
7.518070790351473031e-04
7.798829014403882345e-04
7.878577278737323043e-04
8.123396031379575763e-04
8.151003600799941679e-04
7.592291515234658034e-04
7.359159408639110497e-04
7.265202716692931032e-04
7.071665693417959970e-04
7.202728904777050195e-04
7.553279839308662267e-04
7.733205520350344133e-04
7.578915163846962995e-04
7.532285285181673741e-04
7.723538180667069691e-04
7.939694160029099092e-04
7.993890104361680562e-04
7.841993869369443633e-04
7.564625565349683469e-04
7.417407847950454203e-04
7.302438154258457641e-04
7.223938900917260125e-04
7.104321475293700044e-04
6.842899232257974949e-04
6.997040475415442634e-04
7.141105351436192019e-04
7.162159826276767900e-04
7.073963054514876723e-04
6.840639732541863895e-04
6.807115808660957508e-04
6.818622095066450900e-04
6.631747624395160261e-04
5.843681660081268816e-04
5.539203181117844819e-04
5.394316377976531712e-04
5.378912722832449728e-04
5.445604093792937332e-04
5.440537999405519127e-04
5.441981525432991419e-04
5.528433887599249873e-04
5.597413564797941356e-04
5.584843994861626165e-04
5.599698113119532797e-04
5.570974307371808366e-04
5.473331480169110102e-04
5.400966921778040065e-04
5.353358312655362872e-04
5.296087089181885721e-04
5.277368512475393665e-04
5.266669188336856391e-04
5.260358771217802645e-04
5.276466567614595572e-04
5.300126784879502376e-04
5.528415748142511982e-04
5.495113610688319829e-04
5.407916787996027829e-04
5.288576282011514529e-04
5.383438895155957761e-04
5.417569093312199231e-04
5.349970949475734046e-04
5.286992491854398480e-04
5.270211637640085604e-04
5.267190831429695427e-04
5.335747063074991253e-04
5.407960622630919980e-04
5.348781527131019542e-04
5.311108068527706878e-04
5.237701850649784325e-04
5.121162954946717688e-04
5.114065343541096282e-04
5.160964328340762654e-04
5.153566439281406439e-04
5.202431072985327833e-04
5.243813762238709380e-04
5.111201540179427126e-04
5.088436924328404833e-04
5.113040752998788225e-04
5.086914465382251505e-04
4.911959549605927422e-04
4.837479316504370561e-04
4.842567577403016229e-04
4.751416878961256919e-04
4.722101563994566252e-04
4.714938204086538474e-04
4.728875575638682993e-04
4.765830712474138260e-04
4.695647553502237809e-04
4.754072324714867328e-04
4.819422742581584078e-04
