9.667042226330456456e-02
1.995730388550060602e-02
7.989974930367738093e-03
3.269856344899085224e-03
2.056774964553602283e-03
2.655752293227508186e-03
1.349150873111369360e-03
8.261295236487120565e-04
5.770980061409877390e-04
4.980996395801737643e-04
5.125447724928501548e-04
4.272678582494520848e-04
4.475297537804654585e-04
3.721230096225760391e-04
2.425045444084074548e-04
2.730954182618168372e-04
2.932659464621170317e-04
2.579049947022980576e-04
2.437779329022819622e-04
2.294535932389810920e-04
2.528063040584868897e-04
2.271228000772291709e-04
1.951123756792839850e-04
1.941857408214863617e-04
1.644923685611355190e-04
2.318878354381170804e-04
2.159320344874952760e-04
1.834913852616648373e-04
1.800636984713822951e-04
1.667884531929414427e-04
2.142466906463269885e-04
1.892559490047606699e-04
1.658460185712739784e-04
1.654380387445673797e-04
1.671191794134521907e-04
2.040230025030856376e-04
1.911374291119080583e-04
1.681841844594237159e-04
1.688370724012934259e-04
1.571922196902220505e-04
1.790011626154793803e-04
1.713973698613217172e-04
1.632988903870898848e-04
1.527558950867288540e-04
1.723809164599400003e-04
1.788414065314984647e-04
1.659458756556391422e-04
1.545173545079473419e-04
1.574153455293533625e-04
1.652545971540355708e-04
1.065788391679452376e-04
1.029553000388559085e-04
9.509362752125359380e-05
8.432761508836139608e-05
9.670720432588670288e-05
8.501905463404958372e-05
7.924974261971241406e-05
7.818437765905365626e-05
8.279226502766072254e-05
7.540735107194755963e-05
7.502323076191871854e-05
6.932195791201879937e-05
7.155915884799427136e-05
6.969477011248243837e-05
7.277160593793219313e-05
6.894120226341234764e-05
6.693189161327455839e-05
6.405486835466407377e-05
6.658930329258304674e-05
6.995306892775700173e-05
6.767565847951995258e-05
6.124820933635595542e-05
6.384743414421637268e-05
6.192177308490202231e-05
6.523194635752202302e-05
6.188666076291265733e-05
6.145710576066792821e-05
5.992937325807739531e-05
6.297873156812200488e-05
6.953883380595654118e-05
6.252102846334633773e-05
6.111678084745910918e-05
5.814626903485696209e-05
5.653641078161187342e-05
6.018920502216888171e-05
5.831231976039571980e-05
5.900454344044500806e-05
5.744738899385339851e-05
6.008268225813593070e-05
6.249026065970713620e-05
6.097084058148644981e-05
5.650942386915014403e-05
5.533703598713653150e-05
5.441109858291165479e-05
5.706795589945346501e-05
5.484336133026262940e-05
5.563602199049619626e-05
5.598591682041289641e-05
5.694102408065762291e-05
5.884428542539661640e-05
4.564572243003131157e-05
4.240515718893807234e-05
4.736749141924582714e-05
4.227443169373922954e-05
3.773527311015537154e-05
3.807539034577971050e-05
4.172429755653050401e-05
3.322397579624824393e-05
3.480857848542865003e-05
3.836057959523237561e-05
3.192553292507095198e-05
3.396935789315592692e-05
3.279213334820381740e-05
3.101566037756802531e-05
3.326759844186542408e-05
2.855561129918463226e-05
3.029907965014871593e-05
3.045607640066288674e-05
2.936766281892576769e-05
3.099074644022739735e-05
3.070395223211241632e-05
2.839090165533552935e-05
2.839825140783494757e-05
2.509364287262688258e-05
2.729649298963163180e-05
2.388589103732707486e-05
2.695856841333788757e-05
2.317748071715729555e-05
2.937699054594558186e-05
2.292731090655109681e-05
2.640408914323660877e-05
2.393383995388069304e-05
2.235145336600386737e-05
2.223682159635563128e-05
2.201552902817780006e-05
2.077032597885389138e-05
2.205397163835777478e-05
2.032603478295917846e-05
2.392258681662187795e-05
1.908577129595237677e-05
2.319056567331059834e-05
2.011751285626565847e-05
1.852530002426430603e-05
2.048795823831391178e-05
1.888650734702046263e-05
2.043707995984400756e-05
1.840801339752233640e-05
1.848293949591782321e-05
2.035749326843602042e-05
1.923866431521206694e-05
1.704656077650790086e-05
1.661244933129338414e-05
1.639059233713150004e-05
1.857615021812305923e-05
1.508906568136650650e-05
1.549803505108233995e-05
1.536773649132930160e-05
1.337950941192072896e-05
1.798109165746862882e-05
2.474678299304990676e-05
2.470880123028009864e-05
3.049341872976517377e-05
4.144170146277150683e-05
9.506479307546654184e-05
1.717617331065506014e-04
2.503690416095311023e-04
2.755730913134899038e-04
5.406649086027278317e-04
8.224231617722348999e-04
9.933705622776946038e-04
1.351855065132588022e-03
1.300265421262914410e-03
1.209708841601167756e-03
1.259113336601609071e-03
1.440291761332045378e-03
1.443694334833669395e-03
1.419264489441677017e-03
1.642834845218318430e-03
1.835775406254656211e-03
2.045408873739816471e-03
2.169548891533140591e-03
2.208654446094744043e-03
2.347124665382520261e-03
2.543739558484060369e-03
2.744925805791435369e-03
2.775754637568206631e-03
2.817410959762188787e-03
2.882202901288798309e-03
3.023041751086523888e-03
3.214384729628146347e-03
3.227893409195136017e-03
3.260311530814010046e-03
3.389669242891741544e-03
3.528445397120178167e-03
3.683101846916714966e-03
3.787844364231202771e-03
3.766054620187221907e-03
3.795446567384657549e-03
3.915313497821093502e-03
4.187070514810388097e-03
4.336842191159848842e-03
4.521374773159819033e-03
5.083211293764823904e-03
5.475770878547427979e-03
6.353542476491128889e-03
5.326972581670882598e-03
5.003641286333046327e-03
5.059468910213900036e-03
5.118639201716903946e-03
5.150619897835440053e-03
5.205607830014460057e-03
5.238275462685216231e-03
5.318569365476279870e-03
5.437716117837961168e-03
5.899258739073085824e-03
5.830099509325642471e-03
5.867193654987488440e-03
6.094766609690996199e-03
6.554348768073712042e-03
6.822210633112685101e-03
6.749607285007005325e-03
6.734327495240166606e-03
6.777408666874474436e-03
7.021913166831101304e-03
7.267285796677870439e-03
7.277286410940143023e-03
7.381290347229959616e-03
7.685615833038218075e-03
8.139573105662501959e-03
8.930265893075427577e-03
8.793454092050623228e-03
8.698039163049701636e-03
8.906844078512797525e-03
9.556050275735162094e-03
9.924717514149040617e-03
1.033313705142991333e-02
1.052066200013324591e-02
1.144749266023044332e-02
1.210017769384873383e-02
1.233412459441170575e-02
1.212292060462988839e-02
1.205218549426289795e-02
1.230346804977436141e-02
1.303893877596241403e-02
1.340152799369107549e-02
1.335509323205073123e-02
1.317234537252565639e-02
1.322805320822803034e-02
1.347046165922680463e-02
1.378477896702969170e-02
