1.398226588713108020e-03
1.738254065174658859e-04
4.257345582171896627e-05
4.028373883004558547e-05
5.774827563770171290e-05
4.623145799243135189e-05
2.793821031322053948e-05
3.002856690413079052e-05
3.432734106624061714e-05
3.102824244041830836e-05
2.544543971510914327e-05
2.443798322414767488e-05
2.322932907549265914e-05
1.973618866419436652e-05
2.095753404988945812e-05
1.825427205583299235e-05
1.841736356033592310e-05
1.825178220690005333e-05
1.850211435906845588e-05
2.472814666686877217e-05
1.759316144613310326e-05
1.998334386160049758e-05
2.440484992909150821e-05
2.721236624561073952e-05
3.825056410331181323e-05
3.522728623122813854e-05
3.158717246172111355e-05
3.107441901027225363e-05
3.452494165517141025e-05
2.214783496465644373e-04
1.437466852861770230e-04
5.089533699552877222e-05
4.450092995665264322e-05
5.737856943673823952e-05
3.807262366543876691e-04
2.970629048932794578e-04
5.485501494985946811e-04
2.838787648691886833e-03
5.526191916226328056e-03
8.385826614577939625e-03
4.805642711965500279e-04
6.960960666022004235e-05
3.263558445368126094e-05
2.583044499491337639e-05
3.836298235118280344e-05
2.403232911808944014e-05
2.316617210343167629e-05
3.081594888617735059e-05
3.288604888980107855e-05
4.629175840888873094e-05
1.321120364479786259e-04
3.090578564146553983e-04
7.716576750544693834e-04
1.319730383100182949e-03
2.140138584236705218e-03
5.581851576877364541e-04
4.030630247033214195e-04
5.994630477930097331e-04
1.061410851279993156e-03
1.377148657561620519e-03
9.339187301579260359e-04
1.334104034519681620e-03
2.777995684963730817e-03
5.287427526864641250e-03
9.644732208294669318e-03
8.587295369013061425e-03
8.055828860204814618e-03
7.827637259708848314e-03
7.950705618407979958e-03
8.256403107134383662e-03
8.328926777560129516e-03
8.546188232065881837e-03
8.296373227770300132e-03
8.268389888468331145e-03
8.526962371263139065e-03
8.286469442100014016e-03
8.230051334601445889e-03
8.182448479681171671e-03
8.504896618783898757e-03
8.611934551010096833e-03
8.701545042960789206e-03
8.720130479305327614e-03
9.020310594166074114e-03
9.375109756192968880e-03
9.907993585588720231e-03
9.967697708547699001e-03
9.910176245758798436e-03
1.018470058351852656e-02
1.072334848915092002e-02
1.169671640549745269e-02
1.204660677985284860e-02
1.217994104341540290e-02
1.231435086506689133e-02
1.251249863947179360e-02
1.299192735363010991e-02
1.317751907229505921e-02
1.333052395936036236e-02
1.342623435017329878e-02
1.377010602467528162e-02
1.438363339353544192e-02
1.439910732092211654e-02
1.447979407615713858e-02
1.452635560140154783e-02
1.464139236858117560e-02
1.476455743672931004e-02
1.468658467682562585e-02
1.477205589736382829e-02
1.504566845948392823e-02
1.520244285998272396e-02
1.543712836418237484e-02
1.539714346200311834e-02
1.555546081486966492e-02
1.598506003647028745e-02
1.644477402459859974e-02
1.662502697064824689e-02
1.681677516986693557e-02
1.684106704281500971e-02
1.694459617738423504e-02
1.693038304099918692e-02
1.727887053777153389e-02
1.744729700540036121e-02
1.752189926493552888e-02
1.765313720061391020e-02
1.797159683985562889e-02
1.823820003360733175e-02
1.823815812877786768e-02
1.848876557884181898e-02
1.867094796360413422e-02
1.919321429652115496e-02
1.964963499000711017e-02
1.983463387738411410e-02
1.993260008032932823e-02
2.006218815474095432e-02
2.031462852565538504e-02
2.077322673694970492e-02
2.089689703231040196e-02
2.107601110826438570e-02
2.117813263772109350e-02
2.145480399318691611e-02
2.181388592727671188e-02
2.172208439808552202e-02
2.151817856223334213e-02
2.160424514158072393e-02
2.151668466883366673e-02
2.138624443812612436e-02
2.156677621033301420e-02
2.155076626493346997e-02
2.163198784314973935e-02
2.176198102027778955e-02
2.195062044718137234e-02
2.170956428449359252e-02
2.168964385536304579e-02
2.197672600295099560e-02
2.244230188574412518e-02
2.331388817098254546e-02
2.313968522290345969e-02
2.331503498938097482e-02
2.361579233026194977e-02
2.394653928291596082e-02
2.431223927407294427e-02
2.444253376477251508e-02
2.450626293145219056e-02
2.457672732112638550e-02
2.464884298049030073e-02
2.479727649980457971e-02
2.481438762808392887e-02
2.509259320625011752e-02
2.541876593096954740e-02
2.590564261938102866e-02
2.634107248916014304e-02
2.640570359487943997e-02
2.648920398964824813e-02
2.667577341865879498e-02
2.688439643781653787e-02
2.740005373436566610e-02
2.745835218807848171e-02
2.754438812222901808e-02
2.772111643941108095e-02
2.796344312935602691e-02
2.821460830583322199e-02
2.817292224188651037e-02
2.819115035367850824e-02
2.824217404343507681e-02
2.834129690315854641e-02
2.854145967971385978e-02
2.860285259750652148e-02
2.869921079515041704e-02
2.880689552596901737e-02
2.909789246905220353e-02
2.955925335740674717e-02
2.951727844357891414e-02
2.955355084168074034e-02
2.969747992124952343e-02
2.990581897319807142e-02
3.047186561953704742e-02
3.060092339489936183e-02
3.056880779188597685e-02
3.065678142491693944e-02
3.081591533628528015e-02
3.099121669471117946e-02
