2.179518256921979813e-01
2.022424813315272796e-01
2.033621526986049699e-01
1.979344913414945728e-01
1.936159281193206572e-01
1.900157384737479194e-01
1.846655063468383984e-01
1.488736244186144586e-01
6.622295432025507300e-02
4.120523230567422340e-02
1.819615845875103069e-02
1.310245542275220200e-02
1.178833971409264970e-02
7.232134596347641713e-03
6.613479569699551655e-03
1.054333977379954754e-02
1.022609284552936787e-02
7.277877401544127246e-03
4.758097238665313401e-03
4.146764301701239344e-03
3.266514160348463983e-03
2.864440895153396501e-03
2.642908729506238206e-03
1.551686982684146116e-03
1.819161862545945821e-03
2.330668913552394906e-03
2.281502268583754118e-03
2.194153297003996819e-03
9.469172220883232370e-04
8.232999965032210786e-04
7.151179364030762044e-04
7.901116865871393811e-04
8.452518391515145401e-04
9.766659065777228733e-04
7.387592625030433560e-04
7.515264543220689800e-04
8.406624185902749052e-04
7.673955875777048420e-04
7.313780461050448881e-04
6.483682503484173134e-04
5.828317381820127124e-04
5.396243255654928003e-04
5.373217643276294005e-04
5.163581959673585161e-04
4.803204679486901144e-04
4.161781719511982469e-04
3.844407342887433605e-04
3.923071311177498462e-04
3.911717538004521244e-04
3.969232781451752213e-04
4.453203277015990095e-04
5.027235984441019495e-04
5.437993649483308621e-04
4.750240719403282580e-04
4.385868658120959870e-04
4.061716901880243384e-04
4.114464984932479728e-04
4.029547942449154059e-04
3.914682346920712918e-04
3.992111631911907143e-04
3.910154184905165285e-04
3.884037744241241132e-04
3.802405722165305658e-04
3.598394547472621801e-04
3.461590774148555223e-04
3.395472889077560561e-04
3.600322651021642178e-04
3.686120339137322695e-04
3.523803465039098857e-04
3.207981880579592474e-04
3.220441703224636611e-04
3.231102823009434602e-04
3.297598287933630390e-04
3.195053023365748137e-04
3.185488498234967164e-04
3.230143082393792191e-04
3.237673741700074562e-04
3.292107194151355646e-04
3.363680434019788719e-04
3.334376797299965314e-04
3.296184732013468142e-04
3.268207962178087717e-04
3.258266587388114715e-04
3.246270136077301981e-04
3.246299018192289922e-04
3.265486693529249932e-04
3.171580078592290027e-04
3.210250503336702392e-04
3.357135971791472403e-04
3.459657373427562407e-04
3.222485418543429925e-04
3.201939921361640520e-04
3.160521186675909876e-04
3.270470864060012924e-04
3.252317791207698437e-04
3.272988021133790360e-04
3.043062099445631007e-04
3.001874476617343327e-04
3.074904462411854407e-04
3.098241885140321232e-04
3.173269173254367930e-04
3.255570366304190487e-04
3.200041759637057724e-04
3.158522350543583397e-04
3.113555849329430409e-04
3.125116030385341644e-04
3.151466919461667947e-04
3.155691715977676525e-04
3.077591794425354348e-04
3.127613583276516720e-04
3.112612250211065253e-04
3.154135739742903078e-04
3.204719360462889976e-04
3.158650422326692107e-04
3.065593832734987440e-04
3.009828821851329270e-04
2.968439641356673841e-04
2.910723750019134949e-04
2.924938748230163348e-04
2.989994728896986330e-04
2.971875738703717677e-04
2.965344254093961766e-04
2.986285374638204121e-04
2.999305581233852459e-04
3.015346844764262252e-04
3.005830113110635683e-04
2.952451807109858039e-04
2.939254319639008489e-04
2.907722009926061988e-04
2.872940278879406589e-04
2.857527584896769478e-04
2.819185661121799543e-04
2.890018083395492067e-04
2.961332668711400603e-04
2.866889332812959444e-04
2.880524327484482541e-04
2.857388109073719117e-04
2.788910851370611076e-04
2.794748030404182212e-04
2.835521719153906808e-04
2.800152458737191659e-04
2.801995289230857955e-04
2.789526853071362428e-04
2.801542449352846889e-04
2.876092760951583227e-04
2.839920890289686058e-04
2.848742325857188699e-04
2.835237444579098037e-04
2.750275934168057738e-04
2.762885930024696333e-04
2.784716952799117396e-04
2.802839590187128447e-04
2.779827593293118532e-04
2.756797948428989925e-04
2.762948747629442718e-04
2.791623737225022261e-04
2.824172656412974550e-04
2.837695487382701684e-04
2.771968507767648545e-04
2.756314034635977948e-04
2.745356094403246083e-04
2.766785803806633246e-04
2.787164985395712037e-04
2.806833074114147876e-04
2.814024311471658617e-04
2.841486847048160292e-04
2.836585758517907855e-04
2.796194583281740183e-04
2.789732849608660072e-04
2.758975971187742305e-04
2.782876831806997838e-04
2.811337119095271854e-04
2.831748013216278908e-04
2.847517634934012306e-04
2.867376434590655603e-04
2.861241783762576802e-04
2.836496822172161715e-04
2.819835836257045410e-04
2.832042904986032078e-04
2.855351136663122663e-04
2.877681939186858915e-04
2.879455260224308630e-04
2.888879231182106566e-04
2.863620800656574124e-04
2.830576075728598318e-04
2.831086539905960128e-04
2.853564127773919215e-04
2.886947107754835929e-04
2.898064274961558080e-04
2.908800194550256236e-04
2.881831696640938249e-04
2.824534277438272840e-04
2.822526655291740147e-04
2.821878118887546178e-04
2.832705903037282787e-04
2.838580873129330391e-04
2.841990277010726716e-04
2.866620239377720941e-04
2.843168641473142592e-04
2.844000309919212429e-04
