9.707004670733507257e-02
2.007361975091061235e-02
7.772413974997189473e-03
3.053992366955248904e-03
1.861174035151864871e-03
2.274396270620695701e-03
1.290741614377226157e-03
8.600649194169855899e-04
5.999165392810576697e-04
5.347201830107398395e-04
5.012971942428776908e-04
4.397782074282006906e-04
4.481614843643722673e-04
3.618699326592961078e-04
2.919590319440331402e-04
2.979721580602359872e-04
3.125031263374372019e-04
2.750965718787237485e-04
2.631301413884545295e-04
2.495775050672347927e-04
2.817897906013936055e-04
2.442343626171305702e-04
2.267707652047703691e-04
2.017354518248771057e-04
2.319398448192474800e-04
2.582855421493726752e-04
2.426185408496063934e-04
2.088856844511989953e-04
2.016113146851932999e-04
1.839616289429971119e-04
2.136315605480618943e-04
2.121234049185369210e-04
1.878463387691904922e-04
2.013051880956333187e-04
1.868130659165475043e-04
2.236170768232225174e-04
2.061660512846382159e-04
1.886893860124668051e-04
1.789022008644403040e-04
1.933583009465829491e-04
2.073419972484988056e-04
1.928425833355412831e-04
1.821071965183030240e-04
1.823623979455435830e-04
1.809754872731786151e-04
1.935827519242721455e-04
1.862455619702132060e-04
1.773250092117726619e-04
1.795651543822741826e-04
1.927354101762295468e-04
1.290675636642082068e-04
1.280301229329041236e-04
1.199529632814800602e-04
1.081125592698400586e-04
1.120828447644510608e-04
1.098996972546154266e-04
1.053719684832220906e-04
9.735810870974816536e-05
1.031294314578530010e-04
1.059043436422276238e-04
9.932675462480683329e-05
9.409763087753530216e-05
9.696580117789100196e-05
9.581323256197816476e-05
9.466428676410687266e-05
9.332438215003775934e-05
8.878176643776735364e-05
8.960446911911699747e-05
9.377691932210209156e-05
9.249406617588166806e-05
9.264209082120922125e-05
8.786799250728613250e-05
8.936310054034765854e-05
8.899723578425028044e-05
9.026198771680413397e-05
8.728351725092840666e-05
8.781787526443687246e-05
8.449794130466201157e-05
8.890157397491954918e-05
8.858474977815573111e-05
8.820722113506913637e-05
8.483392744858074931e-05
8.518111510140052086e-05
8.550140903002029669e-05
9.311650523432930229e-05
8.165932672398627053e-05
8.391640190152882225e-05
8.244150209306529088e-05
8.476782317667510929e-05
8.489213589035208478e-05
8.559200721282915979e-05
8.121503871264136977e-05
8.376321739064857756e-05
8.139022496466227384e-05
8.690139693149457690e-05
7.846507442873260161e-05
8.303989092643440889e-05
7.814852438833455150e-05
8.434383952132145420e-05
8.044703411034723455e-05
7.103563383213230104e-05
6.862093685313173767e-05
7.418378554034649316e-05
6.672185084354319068e-05
6.759036200954054400e-05
6.491636431887607881e-05
6.009331285538481638e-05
5.784101726550683835e-05
6.460220335780790404e-05
6.793002257800728923e-05
6.373642983831912748e-05
5.814986862749540688e-05
5.077212533660273091e-05
5.538091724361954727e-05
5.068629687146771184e-05
5.449863471345179245e-05
4.990225291799067970e-05
5.412396453271302744e-05
5.846411516792784192e-05
5.449249146609292608e-05
5.655615529909056860e-05
5.145680240570384899e-05
4.578725526063329632e-05
5.078434763562984376e-05
4.676091409189656934e-05
5.004438790218266876e-05
4.617583014504830850e-05
4.947446224357140326e-05
5.363058639862679959e-05
4.981086499811604153e-05
5.187139057119485744e-05
4.661164759149302885e-05
4.535540994555129591e-05
4.954425964272825527e-05
5.025809735787443999e-05
5.000037921049217237e-05
4.468353609921374685e-05
4.725111962950119592e-05
5.318123247688850671e-05
4.933620754191144864e-05
5.245447559285396782e-05
4.630921230053029145e-05
4.503649802426980741e-05
4.691407508273221205e-05
4.997508315400205742e-05
4.635437814805035898e-05
4.437972871423922946e-05
4.631564002462974311e-05
5.415306174964257783e-05
5.150827879095568930e-05
4.925942762719502432e-05
4.219387941884237495e-05
3.759465631014167678e-05
4.382523195480868755e-05
3.938543296383035922e-05
3.907551534158396246e-05
3.597537983745240531e-05
4.829617777284341571e-05
5.887084341804664977e-05
7.204181655889504152e-05
6.498655407759290680e-05
6.099775882912559919e-05
6.600391224741082889e-05
8.489708042228709948e-05
1.270563090432436440e-04
1.563528012851884660e-04
1.630310068819776316e-04
1.977539238136079703e-04
2.746561728921939095e-04
4.027496067521230344e-04
4.458061693088239395e-04
4.930271665121707452e-04
5.952801870048931307e-04
7.824379207419490233e-04
1.015721248310112301e-03
9.438493659822870877e-04
8.071998369299891599e-04
9.882334013999354624e-04
1.243061030520701583e-03
1.594025394101375882e-03
1.364028198217846852e-03
1.167738590269182686e-03
1.158359468026888160e-03
1.337165702771451027e-03
1.328043453031767370e-03
1.499898162907326461e-03
1.400491740796524619e-03
1.640899275557251196e-03
1.855940541847410190e-03
2.388209206320437376e-03
2.303660200825473348e-03
2.080691823492972128e-03
1.936481125150186751e-03
1.869824304149203835e-03
2.051669185405944392e-03
1.707641277750120406e-03
1.809197713030775501e-03
2.351837670146177551e-03
3.068416036399991987e-03
3.913291207965243282e-03
4.229925555321393735e-03
4.816752721461289681e-03
5.603663050161931079e-03
7.480650508547993793e-03
9.485784868486035401e-03
9.656530499680855695e-03
9.990941295285776444e-03
1.143223255878129951e-02
1.332642194519651456e-02
1.482080103621131496e-02
1.490880486739455495e-02
1.484253714100176522e-02
1.501232598839055687e-02
1.548414009562752887e-02
1.663031479577228855e-02
1.669553675862524983e-02
1.677106782549596734e-02
1.734891609297619514e-02
1.821807844707580212e-02
1.956605213193159803e-02
1.905497936622712468e-02
1.855129014065696677e-02
1.901691798216424006e-02
1.958887845708410722e-02
2.093349538935794160e-02
1.985320798452141350e-02
1.944695776029276707e-02
1.967603859349719223e-02
2.034521543405361232e-02
2.147209417343200200e-02
2.058040813077149922e-02
2.004653496245690017e-02
2.002886088670409806e-02
2.083382229403548877e-02
2.223896877907502109e-02
2.100785548367777728e-02
2.044887630061387185e-02
2.050135351121985458e-02
2.094640932910440262e-02
2.211800214813049170e-02
2.058421597495077929e-02
1.862292285506722891e-02
1.848877780070376162e-02
1.859772013047976055e-02
1.912015019667688900e-02
1.848243839382999326e-02
1.773228967286864105e-02
1.813388886873938677e-02
1.892018374648640755e-02
2.013718340253258313e-02
