2.112564369547565990e-01
2.037969675061790942e-01
1.958351148217581106e-01
1.948307017445863043e-01
1.931982723044201045e-01
1.627500501169113489e-01
1.614772980778350631e-01
3.534940161447762408e-02
3.676762275713649220e-02
8.567040825754369121e-03
4.930156171116479268e-03
8.129358821018044939e-03
3.973220217011063163e-03
4.478673382071466334e-03
3.881147304040591904e-03
2.898331606101217043e-03
2.201194326399651732e-03
3.189110778860643723e-03
3.590116031540822004e-03
4.930117202095075403e-03
3.066918816293999050e-03
2.665690551400326947e-03
1.555499859664586162e-03
7.707238400949105884e-04
7.705576917580786098e-04
9.855150666513610384e-04
7.679763853209913352e-04
8.263879774220991370e-04
7.711228289768149889e-04
8.779704599266981244e-04
8.561038878882066281e-04
8.115089651999651561e-04
6.194570136165856306e-04
7.220760714657545277e-04
7.174254662001531852e-04
7.961012551075561869e-04
7.399438115907476911e-04
6.868114226976605730e-04
5.266351130715493179e-04
4.748037809684203998e-04
4.587403572451205459e-04
4.788389010509485743e-04
4.894303889641866056e-04
5.226116037398734985e-04
6.554083424052926064e-04
4.938258848603043144e-04
3.746301492964829822e-04
2.754324155528476000e-04
3.480877918030141223e-04
3.854757370989531952e-04
4.708712285152764020e-04
3.856265478973462777e-04
3.418904790544396392e-04
3.235624184369607025e-04
3.137524249608633067e-04
3.602978606696199200e-04
3.737489809927109193e-04
3.740707809494526765e-04
2.928071415322510513e-04
2.408675899686075735e-04
2.527180621333067210e-04
2.221915169671978649e-04
1.988937379366303483e-04
1.759631790997663039e-04
1.713171160056386208e-04
1.796800152840225971e-04
1.700990414968241236e-04
1.434944222400613885e-04
1.247023144395163351e-04
1.393144823260793056e-04
1.377588649779424126e-04
1.527821850714879625e-04
1.320326114666270866e-04
1.148698875702743716e-04
1.036056219809022155e-04
1.180473012523583758e-04
1.121040120294659610e-04
1.136175615747761085e-04
1.253211911252191549e-04
1.244533567226613477e-04
1.340389876000617955e-04
1.278441628745931302e-04
1.092271710864446427e-04
1.081937495684556571e-04
1.108498171815100502e-04
1.098758400137540587e-04
1.020678067678370627e-04
9.789220111827622527e-05
1.012002419301493827e-04
1.037380729539849231e-04
1.070558323187416355e-04
1.023303840762119062e-04
8.951175050964996888e-05
8.570920164184775251e-05
8.897439849246376389e-05
9.184168060822810533e-05
9.552384457380452875e-05
9.241552316286386233e-05
8.454212967948645998e-05
8.396285413048479827e-05
8.430450060212267332e-05
7.782546334071507377e-05
6.989457530426870693e-05
7.779994525976602804e-05
9.121866519262420185e-05
8.656783301195287333e-05
8.336302005130642138e-05
7.892945322219671361e-05
7.328010848900439074e-05
7.178418849759733494e-05
6.833200800655481958e-05
6.835995638210438474e-05
7.193270653008498167e-05
7.487699663767298996e-05
7.348317155285900989e-05
7.347743997446707102e-05
6.987098620044771512e-05
6.903692047618878143e-05
7.280890466933796193e-05
7.252782707141670296e-05
7.702872911886852038e-05
8.019948882344138288e-05
7.968209452325792784e-05
7.260468290779575396e-05
7.869779386297348200e-05
8.157698345881646523e-05
8.528682017574217846e-05
8.290627302211940706e-05
7.811656231013702030e-05
7.675935717497747572e-05
7.652457018140114561e-05
7.744304071372219906e-05
7.632442964295853586e-05
7.511842366073684461e-05
7.074053421298292219e-05
7.041587071400633049e-05
7.238808500490442714e-05
7.521036138143743610e-05
7.666228606568283911e-05
7.617643159657908373e-05
7.543506830295571074e-05
7.469113055671389796e-05
7.757762206602785901e-05
7.839809408532940217e-05
7.712881236444188058e-05
7.712316527655718366e-05
7.675987201599840609e-05
7.756461038763998660e-05
7.893688397632621107e-05
7.826131259405689643e-05
7.996894092145205796e-05
8.169613250728369484e-05
8.035117751149670282e-05
8.122993708829417318e-05
8.285680657869037423e-05
8.630469327825418709e-05
9.011271820025564927e-05
8.659861548055654875e-05
8.693845744541660217e-05
8.790331242059369696e-05
9.158836184898934819e-05
9.145880711083871151e-05
8.333620638995048902e-05
7.678356258168963480e-05
7.481990762264056774e-05
7.769831715586323153e-05
8.308556882743438224e-05
8.212457267373123255e-05
8.016490996696946523e-05
8.119446410625246152e-05
8.251225441075708128e-05
8.224314035896551720e-05
8.304994038187436399e-05
8.559625469069327068e-05
8.766261541739478111e-05
8.604604888656583884e-05
8.047394720754804667e-05
7.874389394591155950e-05
7.935471257085167538e-05
8.010643668466261419e-05
8.167043955655372135e-05
8.231297442885941349e-05
8.295584792021409826e-05
8.147675064624747558e-05
7.641135270269922453e-05
7.858130805600697163e-05
7.897440087919174636e-05
8.147858355881826026e-05
7.741436443337646248e-05
7.687460040451994799e-05
7.505493761540873836e-05
7.206163312086972281e-05
7.235129459962179592e-05
7.370562872130816991e-05
7.500852160474345799e-05
6.078898818242694688e-05
6.015269388295696142e-05
5.923154643897149386e-05
5.524355904197722012e-05
6.139739053980651669e-05
6.055785178263049556e-05
6.007196232872490083e-05
6.076399750470887245e-05
6.179821905576614132e-05
5.971040524443962456e-05
5.693817013196533544e-05
5.692028348998720593e-05
5.464698827526494633e-05
5.821622183032821495e-05
5.888353891321533487e-05
6.013921303372531883e-05
5.930696602819181132e-05
5.828190665888029713e-05
5.701296143250833597e-05
5.294125601888377330e-05
5.438156990138297530e-05
6.009569860709027439e-05
6.508244907533559096e-05
6.453383144005749581e-05
6.502340919766237139e-05
6.110480620901433243e-05
6.043596223168635871e-05
6.053968772647358595e-05
6.095840726355195846e-05
6.318148200987090408e-05
6.174913069382683545e-05
6.111073245615000196e-05
6.199677033946828810e-05
6.357755195357078478e-05
6.217642694749009357e-05
6.166917430520370226e-05
6.439236903153890471e-05
6.678965488597751916e-05
6.344542336334360914e-05
6.236938233535536372e-05
6.167968498184297869e-05
6.104812933110721383e-05
6.324815088812236498e-05
6.429343235617064340e-05
6.383902368876065274e-05
6.456746196255228455e-05
6.500544985049442541e-05
6.492175508327866927e-05
6.436188136840718791e-05
6.423898369809482721e-05
6.502988318443567704e-05
6.521520723922966112e-05
6.571269317169605112e-05
6.581614917833096480e-05
6.660918197690588718e-05
