1.108704457573968152e-03
1.150622925422608732e-04
4.683722624896547078e-05
2.219691404208051127e-05
2.317425946017502336e-05
6.809384930986908311e-05
3.907949034063334779e-05
4.156996243455164544e-05
2.366662253946010685e-05
2.526409776897915868e-05
2.633886257715605864e-05
2.983320098201517337e-05
1.856948144118361277e-05
2.315244840995981304e-05
2.995433628618490157e-05
2.069293826250833136e-05
1.868220366017614789e-05
2.080796108445047028e-05
2.917488177429136253e-05
1.526312553368305733e-05
2.204204282999507427e-05
1.471286815161699867e-05
1.620432474126236324e-05
1.366965825520411593e-05
1.357307253508025946e-05
1.184092281148476738e-05
1.340471402832019139e-05
1.417143427366717787e-05
9.129424536255039354e-06
1.483679899897305276e-05
9.741753702397394434e-06
1.143341153651488338e-05
9.864818445936321097e-06
1.084980109573028653e-05
1.292675176753082168e-05
1.045955002802557974e-05
1.116808714222047929e-05
1.055027964345910073e-05
9.435703008976255486e-06
9.987182574140867044e-06
9.023169280955860389e-06
8.598295991601322111e-06
9.034631431005860680e-06
1.082333533373675555e-05
1.030778749665565705e-05
1.117352930656176246e-05
8.443966984525382824e-06
8.817218734041865904e-06
9.279275685548695268e-06
8.361384418444776277e-06
6.524599709250283700e-06
6.893322285650457755e-06
7.214883545696771921e-06
6.681004244401859330e-06
9.833011549833606618e-06
6.799280463795700447e-06
8.237412302026496939e-06
8.116341349755505611e-06
9.493707417487980295e-06
9.274208019670634573e-06
6.032496673744901474e-06
1.136499635806069939e-05
1.128766816784801104e-05
1.013003329592254908e-05
1.295826863282734263e-05
8.904388471657882054e-06
8.086033971271615353e-06
5.773522730913898518e-06
1.372665030606131857e-05
1.022423784576537499e-05
8.792679339940532912e-06
2.484969206764526791e-04
1.076186858871840428e-03
1.287853873368423416e-03
1.517239973557816916e-03
1.200216231233705919e-04
1.143427882374512122e-05
1.316244213063734031e-05
2.458209907923878052e-05
2.689702833473518628e-05
9.561243723413465935e-06
7.116088167972476301e-06
1.033548208144451536e-05
1.966878413780760864e-05
7.626404255376682568e-05
1.071353352138111225e-05
7.619000055377734461e-06
8.984562453285646174e-06
1.460292165808152097e-05
2.534104008905376391e-05
2.650494745542824292e-05
3.556640269796972867e-05
3.697798620091454717e-05
4.294495585777146143e-05
1.340443586081860804e-04
1.882448619893570989e-04
1.667544823002711308e-03
3.187144711773305054e-03
5.296057625054794230e-03
7.497952395077634238e-03
6.744716031264614805e-04
5.051798780141359205e-04
3.930634613626721066e-04
2.221003417868927651e-04
3.849190881843999462e-04
5.236552533988481149e-05
2.373386872471576709e-04
4.797218883897407427e-04
8.386240886346710537e-04
1.251213397290759036e-03
1.649525940079826043e-03
4.710473184691124009e-05
1.778471121843566799e-05
7.048004378678532372e-06
1.147387559235099429e-05
9.472075360965599662e-06
8.437828189948963622e-06
8.954780635359869107e-06
2.242892425971582639e-05
1.970980330592295100e-05
1.527263825411026099e-05
2.062070614151156208e-05
3.962313235785643555e-05
4.594428952448651073e-05
1.136631315486085668e-04
1.164567638601429961e-04
3.013261422865445068e-04
5.568849366400221643e-04
1.220183089873797325e-03
1.910099169387546262e-03
2.782966232950766098e-04
3.918123236418794724e-04
1.746883420477859635e-03
3.531934702558965026e-03
4.299764841627741647e-03
2.229455453402976600e-03
2.206223011499476876e-04
3.426547859890049087e-04
4.061181425291404711e-04
4.794630684803580082e-04
4.323030384136155343e-04
7.130004380353319486e-04
1.054332082801233807e-03
1.342201794843559792e-03
1.616440393680147747e-03
1.081949413102451137e-03
1.227943871011520074e-03
1.459160897190422143e-03
2.001119378705055584e-03
2.440795409282710531e-03
2.233050405004469077e-03
3.188184492496693324e-03
4.174480396857806544e-03
5.112251559796624802e-03
6.183077521572584966e-03
5.663051223687912486e-03
5.851091635078360664e-03
6.510682510282567344e-03
7.182078693129506641e-03
8.015915323404780579e-03
7.268868783774214311e-03
7.446967106365133364e-03
7.856812074020924283e-03
8.666160426759106361e-03
9.879431325121553961e-03
9.056933834565390404e-03
9.380850900359859190e-03
1.003524783909007755e-02
1.091479885160976347e-02
1.182050233352671155e-02
1.116383496005456111e-02
1.129404957318337621e-02
1.153229172342101413e-02
1.208083023000798388e-02
1.259898193829188037e-02
1.182421858811730057e-02
1.189750199213738570e-02
1.228844056988169856e-02
1.269123183692574125e-02
1.327954231925684500e-02
1.253041354965763778e-02
1.250321270753230497e-02
1.278873321920606827e-02
1.339573776013893228e-02
1.386382479243028140e-02
1.309589404413288687e-02
1.293513761059121581e-02
1.329129623333309002e-02
1.378175071153665658e-02
1.430311707500238338e-02
1.287970250808234685e-02
1.246899131142337538e-02
1.303129639226440969e-02
1.375542442237758130e-02
1.458750383395814379e-02
1.378392353623615965e-02
1.369330688054575841e-02
1.394715502064940334e-02
1.477271781836014819e-02
1.584419210329436264e-02
1.468818051899843137e-02
1.498319897232547153e-02
1.542810496244660830e-02
1.622754320212807522e-02
1.737376240135310099e-02
1.719175816334844384e-02
1.710300372244155653e-02
1.726603686930925502e-02
1.748979163671571940e-02
1.804679546015684755e-02
1.805611260796745679e-02
1.798664947114038404e-02
1.824123172397674672e-02
1.888974338879087500e-02
2.000203852143451685e-02
1.965390502354235833e-02
1.961542224482733590e-02
1.969575018587189225e-02
1.980565577011645859e-02
2.020979751980872194e-02
1.992216965127505818e-02
1.992289918732449358e-02
2.011103270001875221e-02
2.033062504052914055e-02
2.086734045764709194e-02
2.056605581535606367e-02
2.043156654902552813e-02
2.048904364265779349e-02
2.072837095053648923e-02
2.141570399107891806e-02
2.116829830316345126e-02
2.091403676954194796e-02
2.102421767410103323e-02
2.118891960860302265e-02
2.157262756739188742e-02
2.138438443315336668e-02
2.114205713361516636e-02
2.133666978519769761e-02
2.151833335896094490e-02
2.188564944752950658e-02
2.171223580126898853e-02
2.164343704118375233e-02
2.177058783094538638e-02
2.199729968340702682e-02
2.228173845226636904e-02
2.210959770500417129e-02
2.200519496197441555e-02
2.217884577665482637e-02
2.228583869507724455e-02
2.256421427880525230e-02
