4.804600086672451351e-03
4.478038850097617999e-04
2.651590078123208316e-04
2.599167898354622888e-04
2.774669158830059680e-04
2.918788201323509472e-04
2.746616138950220480e-04
3.172673927227707361e-04
3.143574447812994910e-04
3.075741481067919333e-04
4.013977561952406002e-04
3.258457088290669565e-04
2.850592473011618038e-04
3.397098103689438742e-04
3.423501897444315928e-04
5.268991012689572479e-04
3.854436535570208012e-04
3.169205773087882799e-04
2.932388886905305889e-04
2.837543697244171458e-04
3.760707266865349441e-04
4.231913974870290304e-04
3.736135483016284542e-04
3.270253499405268533e-04
3.332745503205615761e-04
3.973580753104873921e-04
4.741553468758380875e-04
4.437878148289093271e-04
3.922457418082631411e-04
3.522506177464075454e-04
4.158314090664404672e-04
4.509231269473463989e-04
4.293490554554843736e-04
3.479818783228594585e-04
3.121886929594739550e-04
3.943369253622993871e-04
4.034454509231920664e-04
3.946119003608288141e-04
3.327759220551368847e-04
2.815994857450927476e-04
3.515256275749683310e-04
3.621932375933370062e-04
3.633921924037324114e-04
3.393936072640434749e-04
3.019273466328135556e-04
3.685168139548876962e-04
3.557725834780581004e-04
3.476058258945121391e-04
3.524209580032293615e-04
3.725635310980694574e-04
2.850914070259246954e-04
2.346809489964460111e-04
2.462260649579848973e-04
2.581135199679698584e-04
2.567142835272444973e-04
2.468988885508259686e-04
2.581305297643545871e-04
2.538306089000882558e-04
2.402304383683649051e-04
2.232591306459279256e-04
2.243472674856734884e-04
2.350430057984789311e-04
2.460830533625247077e-04
2.482889405690332950e-04
2.449894004419209234e-04
2.488327031767663183e-04
2.605458939527178878e-04
2.738010785943985705e-04
2.913011026258648865e-04
2.975951153523089215e-04
2.747983436816901293e-04
2.847129528330499359e-04
3.022240769636279334e-04
3.185124814844807195e-04
3.563881761057619349e-04
3.178339356084900467e-04
3.476215485351176080e-04
3.859525301999134402e-04
4.741349299246235493e-04
6.395180921239326669e-04
5.484694395808415585e-04
5.265784603676376598e-04
5.864640444561086902e-04
9.138124115324420876e-04
1.489584190894423926e-03
1.631051991758448918e-03
1.681899332150215906e-03
1.897543354600706019e-03
2.260066410073702670e-03
2.836847931508963694e-03
2.203927948743344793e-03
1.975326595819539878e-03
2.211018068443585793e-03
2.581753863522532125e-03
2.971894866149881950e-03
3.044448287517746102e-03
3.071155774995217198e-03
3.487488400893053089e-03
3.927824653658878659e-03
4.524507559944084684e-03
4.703195587395734775e-03
4.784542520353166073e-03
4.905006790531228969e-03
5.143244446788209669e-03
5.343808851018747898e-03
5.367937313248862322e-03
5.478138658821499543e-03
5.620959319118115638e-03
5.798538483052694849e-03
6.013049180229519154e-03
6.017068105580684369e-03
5.901664386508595136e-03
5.885955019252394824e-03
5.981833867681011010e-03
6.072815349232740453e-03
6.109109437034764001e-03
6.119224570223900581e-03
6.123208899277249664e-03
6.177113636821426022e-03
6.196967686547151001e-03
6.252756201899812780e-03
6.250627012452833822e-03
6.291545423296006703e-03
6.397705871772489325e-03
6.492712004102015912e-03
6.540045747895628647e-03
6.527924625081235090e-03
6.521963522678960422e-03
6.576182879642827189e-03
6.607193643033994895e-03
6.652076105614735529e-03
6.669865421691238000e-03
6.646274379804298880e-03
6.709054121682850313e-03
6.782202959819834918e-03
6.820397541714809907e-03
6.823947829932303782e-03
6.824394655466310688e-03
6.924791641258551921e-03
6.973830729280383785e-03
7.020370800895106914e-03
6.997359379845338213e-03
7.041410319303360345e-03
7.128580794285213802e-03
7.195885929785894933e-03
7.249587122366999391e-03
7.239139438861994826e-03
7.283084921247060840e-03
7.397334637879002424e-03
7.490594988302622624e-03
7.508984130559117134e-03
7.566581661553573382e-03
7.671388320032571963e-03
7.824665668469626620e-03
7.994711991562635650e-03
7.999733846439194968e-03
8.051309284461035873e-03
8.180777039302360165e-03
8.403024115951134368e-03
8.627445554281357870e-03
8.624738379162765270e-03
8.655399549189429428e-03
8.754937791443134082e-03
8.986851302695549742e-03
9.282762454520599935e-03
9.295018371103368898e-03
9.321131168548433751e-03
9.398116086491062338e-03
9.513794110978246454e-03
9.778379210141139102e-03
9.788342623516946631e-03
9.833913952082400448e-03
9.916160658220081123e-03
1.013712136444567050e-02
1.040315504332194399e-02
1.039324367589558595e-02
1.041342061732664082e-02
1.050157052170530222e-02
1.064991827122441052e-02
1.083898383995787057e-02
1.086363479236089787e-02
1.091108242193731051e-02
1.101796224171799378e-02
1.116554858351378847e-02
1.142776844769141133e-02
1.143511884717391888e-02
1.145982871732475344e-02
1.150242037509375398e-02
1.158862286990907861e-02
1.173261374574545261e-02
1.174936457664624116e-02
1.181937425730919186e-02
1.189673339124385811e-02
1.198921833757650782e-02
1.227000895842077048e-02
1.226523100155245058e-02
1.228989595474228903e-02
1.234799980627236324e-02
1.243432996141515326e-02
1.254387456744510132e-02
