2.129509408576451268e-01
2.035252096639638963e-01
1.998008600342350283e-01
1.950398083492168311e-01
1.948370920351812363e-01
1.856651208055984381e-01
1.828638282340938614e-01
1.608920546165304721e-01
8.256460357682356144e-02
3.127543460574571527e-02
2.309601638588004366e-02
3.635888218795806440e-03
6.645386942331344554e-03
8.144371288515578691e-03
6.233347057229553755e-03
4.989720248528281728e-03
4.560021188446207463e-03
4.169173372900221962e-03
3.485079661872863676e-03
2.972939108981790569e-03
3.017917130880195305e-03
3.122916545951478356e-03
3.320789538837192519e-03
2.777155426139090930e-03
3.464295437106925356e-03
1.977892266108372075e-03
8.766391303771798845e-04
7.018259024671279342e-04
3.132352684998977494e-04
3.056006386881268016e-04
5.003063507935296989e-04
3.123020972193503875e-04
2.739823188429095198e-04
3.762591501380371383e-04
2.606799305763442699e-04
1.819747272794799964e-04
1.710163271326481632e-04
1.992486642554555860e-04
1.977380074584357344e-04
1.936249867946474479e-04
1.792703659799643073e-04
1.679689144345954566e-04
1.708928588821223137e-04
2.018927328083180528e-04
1.816559205992069952e-04
1.948695510087416387e-04
1.702542366248706849e-04
1.518718285892438314e-04
1.148078030405552230e-04
9.703139018467020450e-05
1.055816341411427181e-04
1.016098163677361704e-04
9.989616764001080760e-05
1.034150439886369772e-04
1.125541533872712209e-04
1.258738116055949921e-04
1.177450390590712088e-04
1.067344187215927566e-04
9.782595630001799368e-05
9.470864194671770899e-05
8.683130931676120588e-05
7.528782670020609338e-05
7.071461476411763794e-05
5.782316735203645621e-05
5.653256685062524968e-05
5.461419930048262760e-05
6.261266955533893687e-05
8.885594435553401365e-05
7.895932676360991828e-05
8.833963358604170028e-05
4.722227585313900630e-05
4.879590187278760833e-05
3.953151838659642347e-05
3.917848573968891926e-05
3.248361905361623058e-05
3.404603247658571680e-05
4.132422626702943137e-05
4.572241750919057079e-05
4.987692515109984104e-05
4.860339476638007579e-05
4.348830154234191914e-05
3.450093308415007098e-05
3.272580266327636245e-05
3.466305290540749564e-05
3.621439742067272843e-05
6.267069568312401754e-05
6.568441109456166140e-05
6.807885319528430093e-05
4.268549956281124554e-05
4.422591348823367538e-05
4.108237429206171082e-05
4.450726480279245176e-05
4.290390604481539251e-05
4.239385244340628054e-05
4.350906177055951937e-05
3.967419783909404508e-05
4.363198730292514114e-05
4.437225071376538975e-05
4.657121099399140815e-05
4.915061989239729630e-05
4.528945258346586163e-05
4.745442293696136229e-05
4.556398854376979534e-05
4.279680224774777439e-05
4.643235900050529988e-05
4.733607655586201401e-05
4.756453955269618268e-05
4.330923618037444008e-05
4.190532882033754181e-05
4.053182485601738788e-05
4.094484851317786489e-05
4.669232093175928962e-05
5.246658624087134040e-05
5.424185492956075714e-05
5.873995604803480103e-05
5.502040546396160528e-05
5.303452121578728046e-05
4.931105820649564958e-05
4.957474891266722253e-05
5.128719739684580250e-05
5.011229724535763138e-05
5.329813436115779643e-05
5.230691284963039588e-05
5.158841801148047942e-05
5.105431110464687537e-05
4.704676941459664082e-05
4.360711187163521712e-05
4.303420519355417986e-05
4.493742175293686879e-05
4.532148062015673253e-05
4.610067864803866729e-05
4.572645457384907122e-05
4.509981310156953028e-05
4.298694394013312115e-05
4.411310760894801369e-05
4.544657136349996115e-05
4.694757374615934334e-05
4.597670871596224059e-05
4.381499536022314225e-05
4.216269497994727596e-05
4.297766471037011218e-05
4.329969733487952396e-05
4.069997618114973325e-05
3.990321009765316311e-05
4.349887195315630105e-05
4.480021535506650734e-05
4.430928742029496055e-05
4.236738858128827014e-05
4.181237384796471652e-05
3.891345689215283958e-05
3.724758791146462602e-05
3.765221998566785675e-05
3.620497399263813715e-05
4.053023517730390730e-05
3.943290309573144827e-05
3.910665213663043764e-05
3.862850700660137876e-05
3.897071788998492678e-05
4.085559940862448878e-05
3.614593793892223591e-05
3.568378536426659799e-05
3.411129741974126638e-05
3.426486226249553804e-05
3.662828986977502248e-05
3.630587129956363196e-05
3.732474564076250311e-05
3.691326904082802446e-05
3.519632033115487806e-05
3.512420577411360734e-05
3.266201300346362841e-05
3.266962347687138999e-05
3.182430596218805210e-05
3.127122765507993341e-05
3.222622322516556503e-05
3.142876100312021832e-05
3.177963909954425027e-05
3.098359039868543030e-05
3.567621094294209797e-05
3.847114319280213679e-05
3.953275408256703310e-05
3.924994294426848064e-05
3.127029798914744691e-05
3.030694787415201289e-05
3.092645040006193412e-05
3.161207257757876158e-05
3.568610099074699833e-05
3.767047140125969216e-05
3.975820319457447582e-05
3.649081184039284229e-05
3.669483607362610775e-05
3.471683693508046141e-05
3.631655118386610916e-05
3.770370271076200379e-05
3.823346860443702409e-05
3.919766721004170305e-05
4.043882244435194931e-05
4.274872592138846184e-05
4.283617243271870564e-05
4.173376866065990425e-05
4.123328732115604005e-05
4.379138104802862165e-05
4.517234690690078228e-05
4.563206000532439181e-05
4.475093791393293076e-05
4.399202389309043613e-05
4.152111905734100997e-05
4.085028640216122726e-05
3.855030268213392969e-05
3.765832191074003913e-05
3.667126811604344078e-05
4.106274345890702129e-05
4.395637432146622234e-05
4.281158679152587219e-05
4.096448975754130121e-05
4.103164944665570207e-05
3.684995092215112003e-05
3.378347252152621831e-05
3.236921620646499796e-05
2.855372869935097479e-05
2.542293814162841238e-05
2.497151664370914618e-05
2.034525476854735955e-05
2.327983448167473830e-05
2.142256193187146960e-05
2.646315210615620290e-05
2.686071970524506693e-05
2.720834534025906901e-05
2.955488897083560239e-05
2.989973726617971294e-05
3.005348142073189773e-05
3.028961081893006053e-05
2.816131434558488122e-05
2.882847570349140516e-05
2.690453539340779854e-05
2.701400547836564105e-05
2.929926030003667100e-05
3.129588088587919106e-05
3.098673041627879532e-05
3.247962637768652712e-05
3.305591470563466912e-05
3.273093951451847000e-05
3.647697674515869981e-05
3.426777480518277693e-05
3.287113666019760754e-05
3.413395539654142774e-05
3.581730025918561741e-05
3.648345016773206002e-05
3.692646610493151884e-05
3.639719120455060287e-05
3.713187802531581157e-05
