2.260896360757999601e-01
2.052372177091958960e-01
2.034746298779019080e-01
1.962167065059004234e-01
1.981559479493773257e-01
1.753522738546219595e-01
1.067678092727391281e-01
4.858349212592607408e-02
1.707620738856360440e-02
1.275401555961648732e-02
1.575376808158941364e-02
1.305429560779956637e-02
1.311654437647547661e-02
1.279399786535146202e-02
1.339630810127449313e-02
9.297125118213811837e-03
1.162748684853192292e-02
1.301672082518955283e-02
2.537332116665726341e-03
2.724521906939083877e-03
2.690600628239518156e-03
1.432219657553023950e-03
1.618499100285132218e-03
2.458084483780377874e-03
1.600773129729466098e-03
1.428329712987477535e-03
1.299951070057271760e-03
1.212546755432460837e-03
1.551793451686739539e-03
1.614697819175099289e-03
1.411185293149459915e-03
1.471430088379655507e-03
1.514753273437237889e-03
1.463437501085066393e-03
1.592395629994933530e-03
1.727945719455447737e-03
1.545377324371483571e-03
1.360342904013899174e-03
1.262786583777723544e-03
1.210993723702848569e-03
1.176973082330567489e-03
1.206377468406243710e-03
1.234004453200052923e-03
1.228894076061387130e-03
1.264619236289190067e-03
1.278673233970973591e-03
1.214113935807830703e-03
1.191890172065235027e-03
1.132920790945468777e-03
1.118181732007341236e-03
1.151237147155316628e-03
1.110646621431689383e-03
1.101464643152905848e-03
1.073208624963244108e-03
1.043099077202149427e-03
1.004654727242176859e-03
9.677951198115866769e-04
9.289409197622941657e-04
9.412858458774103635e-04
9.504303953894933281e-04
9.306787795272248838e-04
9.138123894236229719e-04
9.539933954472252977e-04
9.519496520012181006e-04
9.935850946055915442e-04
9.660616672766282045e-04
9.607188217199234955e-04
9.657953121205640730e-04
9.439959565551468224e-04
9.486607064511815577e-04
9.240321961282067526e-04
8.879893402551491954e-04
8.833337816572425479e-04
8.783836506947443386e-04
8.962284675985806226e-04
8.909333150441238209e-04
8.933188819921749745e-04
8.963090440520272983e-04
8.830403713962297176e-04
8.995841557593892580e-04
8.946141367641709079e-04
9.050617922142738638e-04
9.147324090405112296e-04
9.278561617367664643e-04
9.323295046188905888e-04
9.019478997305510788e-04
8.879534733900792259e-04
8.933289476186748092e-04
9.259150570389819640e-04
9.362189718170645927e-04
9.302961420253879222e-04
9.289616472487583453e-04
9.049364166744846942e-04
8.991080896664711049e-04
9.118960181271775324e-04
9.425394546828037194e-04
9.461829443332309174e-04
9.419579337688009906e-04
9.346917689343731779e-04
9.320204321312175119e-04
9.161248545371321762e-04
8.894969993555439927e-04
8.722629905111141608e-04
8.530498766862415439e-04
8.319899240931228701e-04
8.270099730934817386e-04
8.243493597318004911e-04
8.148613737853908261e-04
7.978119859784663483e-04
7.879339427698604358e-04
7.769082822730987575e-04
7.716536018042967912e-04
7.831852657726802750e-04
7.922786727101539589e-04
7.703904601550806263e-04
7.609136507968041396e-04
7.610560373009521212e-04
7.607949587574894907e-04
7.584668171741127318e-04
7.676902462481825611e-04
7.670693042628654425e-04
7.572027619290442766e-04
7.519077971812419261e-04
7.559512461803281165e-04
7.673990972185829994e-04
7.654688758453547350e-04
7.695090078731353384e-04
7.880080012003222662e-04
7.907520881464348474e-04
7.756509170571687173e-04
7.791287916618912322e-04
7.825478749327250934e-04
7.769527112348791759e-04
7.707414463001726257e-04
7.700511366138931618e-04
7.410143445642411973e-04
7.394320095190703643e-04
7.420064972178863540e-04
7.411132057200830623e-04
7.438197855309073040e-04
7.465129926481665294e-04
7.417387580849484725e-04
7.386717518219272942e-04
7.365082144369919023e-04
7.383703259612371889e-04
7.370098206926125597e-04
7.405041874683554112e-04
7.358310838210530133e-04
7.320231374835737279e-04
7.278649873562196204e-04
7.214036630188104451e-04
7.222352954272668506e-04
7.350628518447016330e-04
7.388035088702015179e-04
7.466499511385374507e-04
7.398922568717627079e-04
7.376807231426887402e-04
7.358953044063797425e-04
7.339153231851330839e-04
7.399415985529505125e-04
7.468896543073768723e-04
7.453893805196746365e-04
7.301381349134777096e-04
7.319723912076517812e-04
7.389923701231476813e-04
7.457458544380204685e-04
7.534156977102730293e-04
7.525400377030599681e-04
7.552263056693535532e-04
7.449571645325969412e-04
7.386107062784251802e-04
7.263057858538985627e-04
7.296582431618925304e-04
7.528500135854477660e-04
7.533992766461927986e-04
7.452563338322199188e-04
7.217780816151615287e-04
7.238782937510038380e-04
7.248074681987827506e-04
7.238089087986536744e-04
7.208906888599426847e-04
7.209246875913652040e-04
7.228178847659006822e-04
7.247996820751162602e-04
7.299154802706115091e-04
7.303251797812080259e-04
7.285437053424498191e-04
7.250918404042116898e-04
7.187827578158356408e-04
7.225300056339942299e-04
7.439436885663465752e-04
7.486497238887248901e-04
7.413821958125396423e-04
7.456273424775428614e-04
7.354967702962856126e-04
7.306284519053736753e-04
7.260151788229651099e-04
7.282241172246013087e-04
7.443373836903228666e-04
7.402195385256776870e-04
7.660398009031879965e-04
7.516524799053914737e-04
7.297173889170226711e-04
7.319610959071898987e-04
7.323008899425439934e-04
7.328071819677783351e-04
7.296321511808188639e-04
7.283632682224318875e-04
7.197665337301075751e-04
7.251009103482314831e-04
7.209942978073706444e-04
7.237629422942260188e-04
7.250179955854537056e-04
7.134870532377680973e-04
7.114910516858816711e-04
7.122625603363563805e-04
7.138876940090449659e-04
7.065159403727860497e-04
7.025857231875304049e-04
6.996839901865858176e-04
6.972167325561776791e-04
6.963368531319329190e-04
6.966326797219401720e-04
7.044153440103893046e-04
7.149467716206568506e-04
7.064705584045881436e-04
7.003860633107691696e-04
6.862157190794906155e-04
6.890984826331292843e-04
6.928437484666176297e-04
7.043065301072300600e-04
7.146537145447766359e-04
7.153568413451121769e-04
6.893725458208750960e-04
6.738208143806748715e-04
6.898136590210388617e-04
6.872882143773591636e-04
6.827197734006715561e-04
6.937116254592943414e-04
6.828986577258595956e-04
6.823071143809739288e-04
6.741605666847312953e-04
6.500608963131592659e-04
6.400612395886177541e-04
6.358124121647239311e-04
6.406131770785063184e-04
6.534683228337244193e-04
6.483936884981835250e-04
6.400129626425663789e-04
6.294010443493485481e-04
