2.429963778810753927e-01
2.335510093153974343e-01
2.302606484990631919e-01
2.255275020274589148e-01
2.113379741993085537e-01
1.911362062129635941e-01
1.759783504913380314e-01
1.712792665268944303e-01
1.388599418532829310e-01
1.305089313557631081e-01
1.241144097388647838e-01
1.020199456447026948e-01
7.908362256597371853e-02
6.472330908516925330e-02
5.471769861486453640e-02
5.428292074659744199e-02
4.355214910725794392e-02
3.971813175616506486e-02
4.172303409277963032e-02
3.880378848131233599e-02
3.689303277319846280e-02
3.724468930654181720e-02
3.659282611329124635e-02
3.417180255438138914e-02
3.227276482478862174e-02
3.057907601986272622e-02
2.571754262984450590e-02
2.194412261513805501e-02
2.225462796868444421e-02
2.142458421648531577e-02
1.917415033006659997e-02
1.681661563740277296e-02
1.690073507169539968e-02
1.613103563655109499e-02
1.654142037415015642e-02
1.692763569071165444e-02
1.788127246004001317e-02
1.783375145137685094e-02
1.718720955344664805e-02
1.572475401698943814e-02
1.484107551693958707e-02
1.337145413686175247e-02
1.297032053303991822e-02
1.130494371660320171e-02
1.049480004887083477e-02
9.682704484246070636e-03
8.801010298672504867e-03
8.625579061298930747e-03
8.310335516438893677e-03
7.472685245936480994e-03
6.754517395458353377e-03
7.276405593530443222e-03
7.367641276788329530e-03
7.236914926982894632e-03
7.051679784836149996e-03
6.939080301925382513e-03
6.243216344253517402e-03
5.649524577423009099e-03
5.280585048605377502e-03
5.011108327558038214e-03
4.288372194565031117e-03
4.220415793216339764e-03
4.531111009533713221e-03
4.845704747558672240e-03
5.109885164287768927e-03
5.162877780906576994e-03
5.403651476355757557e-03
5.558060598184724928e-03
5.062497800421445274e-03
4.986010597501725969e-03
5.192615456306389626e-03
5.219026914938400957e-03
4.926335477971030379e-03
4.615613572616949697e-03
4.223949643237185150e-03
3.229472393938919838e-03
3.096583007162045671e-03
2.691767116727899773e-03
1.934900127123307355e-03
1.619219941574269375e-03
1.520887357161039522e-03
1.789560229536195759e-03
2.072851549410482941e-03
2.453342847126025860e-03
2.747640258318702778e-03
2.809908057449833803e-03
2.512387685017571353e-03
2.133505438589537902e-03
2.158540875563421269e-03
2.174964933424573463e-03
2.043398483845996344e-03
1.962510394305856838e-03
1.955114269128621716e-03
1.984688180781356975e-03
1.991493411635918923e-03
1.979551548372599466e-03
1.887464125249866407e-03
1.809298289843576206e-03
1.738472713817746903e-03
1.724980459105197308e-03
1.672782795628467234e-03
1.606973308083971350e-03
1.514893905245033243e-03
1.468154506148318297e-03
1.496614096326474201e-03
1.558778142777207838e-03
1.606512205981811730e-03
1.726339341278724810e-03
1.904406201470346680e-03
1.718075882219702571e-03
1.560400784571828060e-03
1.476293488064192409e-03
1.468311882663016384e-03
1.497209848400864315e-03
1.466396247723260760e-03
1.426547266643349776e-03
1.413828501292344010e-03
1.429531673125422099e-03
1.460043209466348841e-03
1.464935995306020653e-03
1.493209963784479640e-03
1.421533628140573191e-03
1.320167524655171650e-03
1.203309402746052499e-03
1.084393443981338141e-03
9.261261011440583956e-04
9.061818816242530293e-04
9.104702538017137243e-04
9.279535412609067786e-04
9.866061697111705789e-04
1.021311899033162593e-03
1.021991833881009037e-03
1.012812949845871531e-03
9.829349989110491240e-04
9.822859651835399216e-04
1.015021936247311731e-03
9.935616674905869018e-04
1.016387171805768937e-03
9.097614887680962334e-04
8.694493708833994075e-04
8.333617172154207534e-04
7.325511317625602948e-04
6.735994532791594186e-04
6.747977616710548786e-04
7.043032937666286264e-04
7.962757480991160090e-04
8.215243234177514731e-04
7.599882052102744073e-04
7.416853959058074437e-04
7.409081244351019540e-04
7.532663224996419488e-04
7.550232990955042887e-04
7.442591506690847836e-04
6.933264372288788302e-04
6.717508944574651641e-04
6.705694247885827641e-04
6.954604604159299493e-04
6.857252334987451719e-04
6.775486648867151684e-04
6.745263617288825781e-04
6.665960552746545221e-04
6.379548001179216089e-04
6.163206797293408010e-04
5.881073901456950869e-04
5.564191132614945299e-04
5.433084623952998344e-04
5.515991922093571023e-04
5.574071609271672063e-04
5.740184230730004935e-04
5.674800657506782120e-04
5.425262254241819144e-04
5.433751541399100583e-04
5.752145870893060967e-04
5.847258766001949080e-04
5.933223681788538009e-04
5.753302706611991644e-04
5.509876115307001717e-04
5.503702808467434348e-04
5.457106622864656099e-04
5.368814142738048342e-04
5.255027583776426510e-04
5.108864297647160027e-04
5.045964255223202386e-04
5.009423619873036191e-04
5.001999724126610265e-04
4.963075418533480828e-04
5.019646345374472515e-04
5.119882712553935856e-04
5.198767669789796297e-04
5.257874543141183342e-04
5.412966894129178424e-04
5.403275818846699566e-04
5.146137967780698742e-04
5.030132646462230845e-04
5.043063065683284956e-04
4.826037521118629295e-04
4.515676320234537498e-04
4.279506689659094351e-04
4.174761609262648936e-04
4.055988442748622224e-04
4.028409110242360969e-04
4.266911395458844892e-04
4.553671845189806401e-04
4.491245716201139999e-04
4.541009460116469812e-04
4.442401075267332199e-04
4.296479866625515349e-04
4.242801565689171975e-04
4.230756951759824503e-04
4.159141931568851019e-04
4.075660458356625705e-04
4.063458596087746373e-04
4.094619123083453665e-04
4.095164154745851428e-04
4.323450773856345165e-04
4.208865559393385456e-04
4.457611437002389132e-04
4.443564893402234244e-04
4.521190017747240436e-04
4.233976090764395646e-04
4.118270456763246739e-04
4.096571291026158165e-04
4.151440806342486761e-04
4.168148915019352055e-04
4.120187363245878887e-04
4.082181649867665588e-04
4.096093394508661936e-04
4.085113962980838867e-04
4.042244798096352853e-04
4.023393367813633066e-04
3.976867882269749153e-04
3.927950231246440547e-04
3.798715359413135681e-04
3.678048321455323899e-04
3.657075875567501072e-04
3.714560647623773616e-04
3.731137230518071792e-04
3.750700463333128632e-04
3.743787457115338902e-04
3.764136851301466019e-04
3.818534009745649981e-04
3.896094523020266322e-04
3.963222097114461298e-04
4.207734085182243395e-04
4.060052175816717280e-04
4.123148043246204126e-04
4.095420401429319371e-04
4.059928830475050573e-04
4.009438838499071217e-04
3.928649494684104538e-04
3.853051055827141870e-04
3.740026950091577705e-04
3.716111511340076425e-04
3.690015990578888387e-04
3.671859509794435372e-04
3.560901260828286809e-04
3.515390350180455344e-04
3.507957889164733186e-04
3.504658266962436871e-04
3.548864220581029886e-04
3.593133037763331832e-04
3.656152520198021239e-04
3.620055180015100543e-04
3.610850475709292138e-04
3.635383430237015671e-04
3.658930515810515519e-04
3.660753494442632334e-04
3.665555014367808946e-04
3.672759874003133371e-04
3.616975195484340225e-04
3.486798874806896456e-04
3.435662623715232808e-04
3.455398123720403647e-04
3.487461764852506059e-04
3.519862055152399587e-04
3.523175558375357154e-04
3.529685840837326594e-04
3.576165624112800901e-04
3.536965353169224321e-04
3.454066409015154855e-04
3.382656916849604753e-04
3.399562235314588414e-04
3.385704562134601902e-04
3.331676391028042515e-04
3.303468628809278136e-04
3.282821387843901204e-04
3.185898417323755681e-04
3.085492140025907436e-04
3.104847236241294528e-04
3.195536651853884687e-04
3.221067246248901028e-04
3.272269780308295151e-04
3.194812279505448191e-04
3.159349412178778620e-04
3.101826909310214818e-04
3.156586617935029388e-04
3.169794948547334729e-04
3.259618790612943428e-04
3.383444326130831317e-04
3.555453224041718531e-04
3.694429708994700239e-04
3.550123267161034804e-04
3.326854279583156939e-04
3.264134247011625371e-04
3.078585599593567615e-04
3.008421621097651772e-04
2.962420758973218480e-04
2.943524605560518493e-04
2.916657253556495478e-04
2.935395219498258585e-04
3.076364103183825359e-04
3.273873460372783142e-04
3.326807720857281078e-04
3.557272959716969302e-04
3.820031874850307639e-04
3.527914703943826565e-04
3.258292791188319702e-04
3.030876583869787861e-04
2.927748843743040261e-04
2.925054715017629046e-04
2.874533972218882628e-04
2.775397148676181044e-04
2.578321552807661581e-04
2.244471909448400593e-04
2.138835754348211834e-04
2.163084008856210212e-04
2.280499292425062097e-04
2.332694525107434542e-04
2.554959738979128417e-04
2.400380574937227085e-04
2.394374046362931184e-04
2.412822923124758451e-04
2.485443708723494437e-04
2.439447983455635203e-04
2.397819023819272653e-04
2.310346334108792459e-04
2.194933163617870215e-04
2.164315082968818274e-04
2.168569346157810335e-04
2.235222302744137464e-04
2.204371161266198800e-04
2.134760231396509896e-04
2.063199594118329122e-04
2.017836954583970095e-04
1.953397384348426729e-04
1.870420397422442745e-04
1.829904454311415780e-04
1.858925732808138539e-04
1.894233735085134576e-04
1.882383465941225929e-04
1.847314974049296535e-04
1.854287182217555750e-04
1.845996968097950576e-04
1.828440123714042344e-04
1.804802745541419606e-04
1.776099004737360899e-04
1.747127007010852793e-04
1.702307530745324226e-04
1.642160252021188896e-04
1.664441288370931149e-04
1.667765453674107811e-04
1.726648516810591724e-04
1.734643187007748276e-04
1.788751247376498129e-04
1.814594993915842364e-04
1.884404853251939649e-04
1.925936705576029786e-04
1.818330660506220628e-04
1.740599518502977542e-04
1.633690111211223207e-04
1.608512522952139313e-04
1.571508760143272381e-04
1.531024682622188346e-04
1.562757120113502328e-04
1.575227400217362459e-04
1.574414686303130483e-04
1.596058288497876330e-04
1.641369362501835839e-04
1.689274386742479724e-04
1.694138249524616336e-04
1.678605983404065814e-04
1.651751423457091842e-04
1.631153236243352829e-04
1.604548933468126005e-04
1.569431082735523873e-04
1.570291907941770242e-04
1.606337964713207864e-04
1.647748240405832109e-04
1.694760842151217214e-04
1.702161266756980595e-04
1.750854576051114996e-04
1.765109876885146908e-04
1.823931161077515736e-04
1.777231714316759490e-04
1.738487242892556531e-04
1.679986917196409166e-04
1.651332938824345885e-04
1.675951055801539510e-04
1.703215527905371925e-04
1.751734043204065667e-04
