1.108817821485018253e-03
1.162353398246630121e-04
5.246122796314839001e-05
2.800744533392817250e-05
1.939096580466749539e-05
6.383130470263690716e-05
3.681816781490508482e-05
3.977790758619903424e-05
2.386010509101455667e-05
2.165220773911039401e-05
2.527354951693016921e-05
2.800766523080994288e-05
1.595619734691661767e-05
2.255474261580887107e-05
2.300463430024170028e-05
2.001000540094298140e-05
1.586693815164849571e-05
2.250176313722709702e-05
2.457800276997371453e-05
1.466334977217258507e-05
1.705565544187243680e-05
1.257261881482664187e-05
1.833268488569561136e-05
1.060702556827804348e-05
1.423633802373959099e-05
9.549769408053549865e-06
1.410980759610973907e-05
1.382553803136926276e-05
8.370398638033691449e-06
1.124960090642234539e-05
9.420427460998151805e-06
1.090372080673115352e-05
8.499872297144792148e-06
1.171599736382324572e-05
1.064475478366780089e-05
9.098894745361792472e-06
8.977552911514071279e-06
9.041428558453180409e-06
8.024122114546528879e-06
8.902084840935209849e-06
8.046085823924080608e-06
7.392697270202993153e-06
8.275735375887072532e-06
8.901424102327371875e-06
8.307901571829262607e-06
9.599067215824890132e-06
7.414150213056322416e-06
7.107568090567990235e-06
7.246948461366991796e-06
7.170492294770493777e-06
5.609008267980060766e-06
4.840070011151458169e-06
5.660379275095157737e-06
6.362827175149750650e-06
8.983841226338254676e-06
5.635923333461274183e-06
6.666896111970301272e-06
1.036869229609728972e-05
2.199188809418792834e-05
5.462469659865944942e-05
2.526731525847385095e-05
3.020622775486804046e-04
3.670385656760105143e-04
1.132004073422610479e-03
2.920953809637387086e-03
4.839607207068854686e-04
3.868625134514412867e-05
5.679973026951506862e-06
8.170832516682139751e-06
7.512939114028857462e-06
1.497419599356888586e-05
2.095593179217301717e-05
3.341213249103101586e-05
5.622821595892491453e-05
1.765012276696487276e-04
1.729070122343408426e-05
1.899411123100577413e-04
1.266025288724242264e-03
3.855609518356496040e-03
6.217046199484456241e-03
2.987534485621864359e-04
2.791388288560419978e-05
8.540799539390875797e-06
2.017678001688729075e-05
8.452634598926580891e-06
1.120514947553331364e-05
5.901894668943923262e-06
2.504879687973645110e-05
1.815388748659618295e-05
2.386896064125524272e-05
3.858627874377345104e-05
4.440829547841762493e-05
4.640442209377057162e-05
7.100830648007331637e-05
8.470990183942969111e-05
1.432745967725273747e-04
1.694652805872053167e-04
3.127389420240471061e-04
3.377185515150918772e-04
4.117944680772045408e-04
3.852020486077577547e-04
2.880849272780105358e-04
2.488417481255786020e-04
2.358773347187950579e-04
2.337799085608058670e-04
2.250135997201692590e-04
1.450608704450052694e-04
1.302509007633873223e-04
1.149843586427822157e-04
1.086339684638588330e-04
1.166021816835292977e-04
1.201551809835205598e-04
1.069956806232158562e-04
1.062011598184448501e-04
1.220880737991655775e-04
1.337092076293616239e-04
1.214196401077982798e-04
1.177030662089795368e-04
1.247292489591925538e-04
1.435589570818449664e-04
1.460961572106282691e-04
1.512834430108595993e-04
1.575771132368453825e-04
1.638507289780853865e-04
1.633097649298627147e-04
1.584442773589519299e-04
1.694343476579331944e-04
1.668946363490719114e-04
1.685938404107537145e-04
1.942093700369358362e-04
1.885443919252326813e-04
1.934688354970836796e-04
1.893897962327734932e-04
2.070201405266988183e-04
1.981810046306959109e-04
2.132914753445248651e-04
1.984147719592312402e-04
2.076777177021681738e-04
1.912068275423121813e-04
1.777772833502413031e-04
2.407402988920358527e-04
2.368910424570060699e-04
2.273679799847567486e-04
2.430139992302313937e-04
2.862745301055630060e-04
2.831335451371970761e-04
2.959388511203533251e-04
2.922773854707495789e-04
2.821134283415246448e-04
2.896694826363149680e-04
3.011341848998315505e-04
2.842148527540827065e-04
2.943976880519103218e-04
3.024557763259966281e-04
3.069970717323793562e-04
3.099680279357498345e-04
3.166901463466120260e-04
3.164879835893195372e-04
3.268554393662290820e-04
3.306000367012056724e-04
3.343692106223056172e-04
3.354345865107295375e-04
3.415891825873757729e-04
3.445357773869710738e-04
3.298423354592020873e-04
3.231203694676736148e-04
3.211572913236554949e-04
2.949143298957243608e-04
3.047377939272939359e-04
3.190187068407227943e-04
2.824330054900211009e-04
3.002857954527677980e-04
3.009206488056192412e-04
3.077902970991838023e-04
2.919950964404248450e-04
2.787245514269794328e-04
2.985020873400336117e-04
2.991716455521618422e-04
3.169919118169676076e-04
3.248934335339326925e-04
3.531699013331227413e-04
3.551474318953469532e-04
3.571184360934240320e-04
3.562672448269425828e-04
3.488780450309127579e-04
3.392517255090863422e-04
3.514608772597326296e-04
3.538769567004920323e-04
3.638422949398094635e-04
3.490553892672926869e-04
3.732917297552943749e-04
3.834810704756850446e-04
3.845904216387075391e-04
3.947276344386841415e-04
3.944280782096114745e-04
3.352238625821986470e-04
3.331371310840983884e-04
3.480801195040720717e-04
3.507298705079792134e-04
3.530699116969799180e-04
3.737256317311443829e-04
3.563035771461849901e-04
3.604774297959946363e-04
3.876990345121693023e-04
4.044461722984235043e-04
4.331147647784302146e-04
4.487508518447823054e-04
4.429042968039586213e-04
4.025657074752914230e-04
4.047383058232154117e-04
3.966637241098053810e-04
4.009839621899374189e-04
4.136064505320557376e-04
4.249228837660938844e-04
4.436380212422894455e-04
4.442205489694423860e-04
4.487243011189486863e-04
4.387236181691270189e-04
4.469483635264761374e-04
4.758522936104778059e-04
4.505411719340035419e-04
4.638738711904656425e-04
4.801581211241665839e-04
4.993064870844467033e-04
5.097999182775616450e-04
5.068117389472910758e-04
5.043423944039323280e-04
4.964975149191690846e-04
4.980040510681327118e-04
5.028803128760108354e-04
5.032745624248371238e-04
5.167232933979067381e-04
5.253275801785494293e-04
5.254471863931166114e-04
5.495093539841915684e-04
5.589326106684144304e-04
5.596891823625952268e-04
5.700189901854732641e-04
5.640926278169925995e-04
5.676229351137990512e-04
5.755801134925390581e-04
5.775542766761751143e-04
5.890466767155066270e-04
6.048223629595136583e-04
6.093786387253925015e-04
5.892441285344181875e-04
5.847706469407651462e-04
5.824329324585173244e-04
5.825184213793742870e-04
5.777365013695199289e-04
