2.587508534618215839e-01
2.492505863108205322e-01
2.448114473301407079e-01
2.425542841106417546e-01
2.283189434076323132e-01
2.023975921836621561e-01
2.008928037677587819e-01
1.820552932554377334e-01
1.635187857470898898e-01
1.451515987582011891e-01
1.080612679055449610e-01
1.044131130212005987e-01
1.005159014356278857e-01
7.957861074015620817e-02
6.602014101905578913e-02
4.604813029890707232e-02
4.039921695690391196e-02
3.350641286911704153e-02
3.380261859058564244e-02
3.330659151897337467e-02
3.146452637350670434e-02
2.973481458991788368e-02
2.888179906384682680e-02
2.822162891171875465e-02
2.780329675298139416e-02
2.808211939274989424e-02
2.754108686794775815e-02
2.477676187540510042e-02
1.971656733397583044e-02
1.762166284878712019e-02
1.313364510648474051e-02
1.051628863741133069e-02
9.571471973293400534e-03
8.795154709187976913e-03
9.385195550192128658e-03
1.180531107643475672e-02
1.134392037501187785e-02
9.765091922999380100e-03
9.584328429906285515e-03
9.354770244757887668e-03
9.112337681709468257e-03
9.025197978306127508e-03
8.389888217843265855e-03
8.437054951865977787e-03
8.456125429986851780e-03
8.665364735680077674e-03
9.245623195904752178e-03
9.368103769817741691e-03
9.664320801516995685e-03
1.038789498573101586e-02
1.025226058647905718e-02
9.861197830501926276e-03
9.423793411952203006e-03
9.111545791790968268e-03
8.821949695809983352e-03
8.731141066780348167e-03
8.680502653163913243e-03
8.613538651252283448e-03
8.627875187352054137e-03
8.698367199199216401e-03
8.748486266652937340e-03
9.115531122161157560e-03
9.036357652623467490e-03
8.592549926826623802e-03
8.216435115044684948e-03
8.067136745115090213e-03
8.042357032497820385e-03
8.003465936115072149e-03
8.149862394631854010e-03
8.506931359154201733e-03
8.625661006131336503e-03
7.954857163342765602e-03
7.955270741201973458e-03
7.865561693336820329e-03
7.425767014766747505e-03
7.225360135106105239e-03
7.084747455548805022e-03
7.002793844525337895e-03
6.781909790989818811e-03
6.711948936023530952e-03
6.697813497181757947e-03
6.450005962962192599e-03
6.425688539311878722e-03
6.417003212144993529e-03
6.420281782281792200e-03
6.434946807005074293e-03
6.446967909267304307e-03
6.696211114225967750e-03
6.603870468364434441e-03
6.513159163778121409e-03
6.296929608652646233e-03
6.198560581061504128e-03
6.135516926038560651e-03
6.090943683415326639e-03
6.105076776348115214e-03
5.917548379917622441e-03
5.671654326032715514e-03
5.542689460305080459e-03
5.494078273277277005e-03
5.450834337348008790e-03
5.477011088209454877e-03
5.540679345071486753e-03
5.526036753558222561e-03
5.617417100351442850e-03
5.622685618224530259e-03
5.625779244084029053e-03
5.560263859922424251e-03
5.513084833884884448e-03
5.441286343562465842e-03
5.339846673476299557e-03
5.341297468781214426e-03
5.376195579375403835e-03
5.540151816711390460e-03
5.495951421355936908e-03
5.406980110674036374e-03
5.258430139256428139e-03
5.260238263572970287e-03
5.214413940940799443e-03
5.109116984730545721e-03
5.017737506862001567e-03
4.960404374121164459e-03
5.016881722011207710e-03
5.158128070946980601e-03
5.231440373728004668e-03
5.069640271001667545e-03
4.759609948039156442e-03
4.642131750245717843e-03
4.647471949863954226e-03
4.602774141745579264e-03
4.775399455548380752e-03
4.828844795388092734e-03
4.877018585749536006e-03
4.849603430950978969e-03
4.688671924269133609e-03
4.727620363528496454e-03
4.655706921566266782e-03
4.578575263566622179e-03
4.422274905970979136e-03
4.353719928611402001e-03
4.325758783491306415e-03
4.338607084669918179e-03
4.308231733888035452e-03
4.256045701491516751e-03
4.163449608602084150e-03
4.159447831021911152e-03
4.108262306754238875e-03
4.003294419807695674e-03
3.942317812815307985e-03
3.977028348879656575e-03
4.056707455110189660e-03
4.001955634504551079e-03
3.825354210145189438e-03
3.693074675085954335e-03
3.536424085355128599e-03
3.517741418517240405e-03
3.498961532457371681e-03
3.490576327791689200e-03
3.457473545548559422e-03
3.414765673455352410e-03
3.391460864283626659e-03
3.384521455740738694e-03
3.395110037660361169e-03
3.409985924315568889e-03
3.474042126913545747e-03
3.462976812051076977e-03
3.492975494959466368e-03
3.461210151766158389e-03
3.283591263955123150e-03
3.236052601197338119e-03
3.139584900273431275e-03
3.142947598075136826e-03
3.123040901254625721e-03
3.111539646488860247e-03
3.151179417983762231e-03
3.195928337999685755e-03
3.216261390640203985e-03
3.113281828853224197e-03
3.043313067373744352e-03
2.973892235120945398e-03
2.935854422314397322e-03
2.927009692292568705e-03
2.982829100859788179e-03
3.089207612459730565e-03
2.970344358168839401e-03
2.895126915020790077e-03
2.879674134913938564e-03
2.857671980243935931e-03
2.878862663356607319e-03
3.039831729505571619e-03
3.085437910899546231e-03
2.993881853420375053e-03
2.966686676015379154e-03
2.961564439852900927e-03
2.956075564690921042e-03
2.954182419012024371e-03
2.963037979062029762e-03
2.936602640932777300e-03
2.901411568849181742e-03
2.891089526581802367e-03
2.971502204758225563e-03
2.928818173590811563e-03
2.921974999020102246e-03
2.873315931520903799e-03
2.839030353957168028e-03
2.817766903826349027e-03
2.854368515982058218e-03
2.897198510596060358e-03
2.832112705274899590e-03
2.920074507628102681e-03
2.896481333371876774e-03
2.879976013995176349e-03
2.825561218756552240e-03
2.824421716732833810e-03
2.864512805413961700e-03
2.891421509475503374e-03
2.910529292704400021e-03
2.970311251201059738e-03
2.973041103158611913e-03
2.899945173630832061e-03
2.815772568770875256e-03
2.801183286673901689e-03
2.775316528897881982e-03
2.791852880099233124e-03
2.785927696105739565e-03
2.866430220496644487e-03
2.906691179234689466e-03
2.840966066425565026e-03
2.797766529360425861e-03
2.740913344904123694e-03
2.671783737122873214e-03
2.558451555271589774e-03
2.501293935468507697e-03
2.392324467942067833e-03
2.300371984999537503e-03
2.289525728848509911e-03
2.287107814348354404e-03
2.312087431734866170e-03
2.317994732748937352e-03
2.314081413907340210e-03
2.287486355836700416e-03
2.234944885124135871e-03
2.177984510231402264e-03
2.171095665740105461e-03
2.220857867007822433e-03
2.230546949587767711e-03
2.216917670396787669e-03
2.180928932176466606e-03
2.145127658342263228e-03
2.119286530554088249e-03
2.082864233641157012e-03
2.080097223579531127e-03
2.037160568244325391e-03
2.033093659079279140e-03
2.022450157912392219e-03
2.001168480042237081e-03
1.985498642316315190e-03
1.965804165401124903e-03
1.969231672490223337e-03
1.968443101602792428e-03
1.997366873919173991e-03
1.981148059195317335e-03
1.927278640210753052e-03
1.829725728592838767e-03
1.800391563730324718e-03
1.787981173116604070e-03
1.762024130699873289e-03
1.703059912576979952e-03
1.668774894874866738e-03
1.663520911587013052e-03
1.678957145928226770e-03
1.715206392769260410e-03
1.748838317021009225e-03
1.714141409844488397e-03
1.692397541668636159e-03
1.695478639090001668e-03
1.688407787165238432e-03
1.664700156891531961e-03
1.640610497082017503e-03
1.636009349003937846e-03
1.663087097140510421e-03
1.646981286231371123e-03
1.654167441493626604e-03
1.655095615433789091e-03
1.633037574639051564e-03
1.607971644407401712e-03
1.570438520274639732e-03
1.539124165062901502e-03
1.522194647140267740e-03
1.519200899963368649e-03
1.491994662765093417e-03
1.485165960303139404e-03
1.460867221807161205e-03
1.437121081069286672e-03
1.432982071439238819e-03
1.427422164189693548e-03
1.420543858663938369e-03
1.419471042009734724e-03
1.420355551997857678e-03
1.417097643536965879e-03
1.444561404494212236e-03
1.448288846106940203e-03
1.450710151837212311e-03
1.457130602432014921e-03
1.446328716681278105e-03
1.438854129418908794e-03
1.438900330864148697e-03
1.459046864992467711e-03
1.464056981721198730e-03
1.445374659265646119e-03
1.442343531389234925e-03
1.455516632135097320e-03
1.444952286783699217e-03
1.451027944730706775e-03
1.448891072496019715e-03
1.451599048552553286e-03
1.463418279991045507e-03
1.459748354520527813e-03
1.448662530584398983e-03
1.438639572914968525e-03
1.421564221168866368e-03
1.414670302508403560e-03
1.414423296493472508e-03
1.409002361246609793e-03
1.419466091186264572e-03
1.419522921970545149e-03
1.405757839003430850e-03
1.405883831831428957e-03
1.413223571532674612e-03
1.411872298019942054e-03
1.394271328534365173e-03
1.394378997500794358e-03
1.411628546837503722e-03
1.408607516620464595e-03
1.396545684312632506e-03
1.401264361826191560e-03
1.429077878727075214e-03
1.446017496020859548e-03
1.407548183858741819e-03
1.419888684417568419e-03
1.430136182387626740e-03
1.423522443448978474e-03
1.443654387594428719e-03
1.450883550838521531e-03
1.435503060041169818e-03
1.402593072729613286e-03
1.378443290717437783e-03
1.361933555251905502e-03
1.325369694456734158e-03
1.288942834644118095e-03
1.279492152591544564e-03
1.276569032103777286e-03
1.246268879210517787e-03
1.210539695992490263e-03
1.200493783089834690e-03
1.192185725373624784e-03
1.189262127977824693e-03
1.174922072326082742e-03
1.164410022676015850e-03
1.151551536282196175e-03
1.152548535817318450e-03
1.145768540710434677e-03
1.144579864538459437e-03
1.120850849149669041e-03
1.091815272103600389e-03
1.077316900179944295e-03
1.053489153197994773e-03
1.044120922744258117e-03
1.031460886152611245e-03
1.008041232974206652e-03
9.893715483722609685e-04
9.739455505925264734e-04
9.715726065835334846e-04
9.754505084633628784e-04
9.899443433401429720e-04
9.895662620571339056e-04
1.005715438316109661e-03
1.035639292563698619e-03
1.054164475157381769e-03
1.068926388138626048e-03
1.054119186351897518e-03
1.038223826284666350e-03
1.011592450475841702e-03
1.001798567299997918e-03
9.785739620289319370e-04
9.623357953265721052e-04
9.551546907328719921e-04
9.564203955017414180e-04
9.723184756029559003e-04
9.681635207603055040e-04
9.684569344296734212e-04
9.756999560952290401e-04
9.843344779072082853e-04
9.942575504367377661e-04
1.002990339009742632e-03
9.639783815893336908e-04
9.373167940226318200e-04
9.377052827623614259e-04
9.158328526776392123e-04
9.099922922570215190e-04
9.126450289175304939e-04
