2.445049905471085860e-01
2.311843175845549048e-01
2.291067461267647376e-01
2.245630041673648547e-01
2.129262652407691581e-01
1.883398924265374530e-01
1.756353952698473941e-01
1.643614819242455727e-01
1.501602435565369820e-01
1.188952898692714755e-01
1.078134337081918387e-01
1.019156868307382335e-01
9.348374791558494712e-02
8.298246618319879420e-02
6.981744448299294359e-02
5.918874132926617293e-02
5.398792870689153589e-02
4.640250640884391320e-02
4.492973781514204151e-02
4.241420548938367591e-02
4.208315533560810090e-02
4.225096036626248969e-02
4.329281817968790719e-02
4.313059870739319179e-02
4.206088672216846958e-02
3.918505941451071173e-02
3.853921622228963922e-02
3.408816743185654613e-02
3.149743802612787330e-02
2.862748397335827463e-02
2.548722157420496917e-02
2.297920928713777927e-02
2.153448836164744556e-02
1.903504228136190454e-02
1.774220359038293157e-02
1.677763591774356772e-02
1.561703423908251433e-02
1.359069656144900121e-02
1.181773645076303857e-02
1.134863578718375843e-02
9.362277789444478984e-03
8.040185452450346326e-03
8.346008301037505933e-03
8.642541462585003401e-03
8.491441066734023435e-03
8.758022039583816115e-03
9.233751133090998403e-03
9.055966116742581243e-03
8.910723291700431772e-03
9.093045036900693559e-03
9.750200153738156419e-03
1.007712537853725637e-02
8.838604546624212813e-03
7.861823673280445707e-03
6.841383183277532400e-03
6.104383926926272401e-03
5.512892029965024525e-03
5.250366442884032633e-03
4.901977108838041948e-03
4.980830509272631337e-03
5.090463177445422004e-03
5.036047067476947733e-03
4.973579381301427606e-03
5.081714419821080873e-03
5.172658902431541937e-03
5.102025398054340841e-03
5.415844576405991033e-03
6.093044156849845329e-03
5.712881892657117010e-03
4.805426862209661969e-03
4.661276250450425811e-03
4.711153335161827153e-03
4.039410549269743626e-03
3.012910368387142126e-03
2.837819804593601919e-03
2.854296043865701526e-03
3.006182437938883113e-03
3.275338951932250942e-03
3.517220719617146409e-03
3.074685460084453353e-03
2.970221346235804236e-03
2.891305003299704957e-03
2.798457818672292138e-03
2.774646943765303291e-03
2.811009044986701594e-03
2.675767171526965710e-03
2.433739860066097636e-03
2.268482357676888592e-03
2.188911806596791510e-03
2.212229568535619209e-03
2.170357767365788462e-03
2.111354594383617594e-03
2.097351462777614743e-03
2.086392917252475211e-03
2.054600930647390924e-03
2.104089264623692276e-03
2.128243139514650415e-03
2.103690279780927666e-03
2.122469647393549017e-03
2.109663970297220078e-03
2.116052714916479525e-03
2.095280470051217279e-03
2.036416970379355956e-03
1.945418355514852990e-03
1.966302131622009799e-03
1.981746742848307114e-03
2.002132394564939966e-03
2.000948733240313741e-03
2.019808527829959968e-03
2.029658874225467782e-03
2.060484987140393746e-03
2.077597491548134698e-03
2.090022183607858491e-03
2.086124423498752524e-03
2.059975504205240407e-03
1.983491813840988077e-03
1.950376033457813969e-03
1.903235526075083752e-03
1.830947271925849546e-03
1.797385506155998493e-03
1.790854359103695491e-03
1.835582394922041132e-03
1.858297965943077985e-03
1.896923063379200337e-03
1.966180908725357647e-03
2.016202838422785984e-03
2.062718292065896485e-03
2.103806721770865029e-03
2.021816219475300845e-03
1.992309735221684149e-03
1.954165334003764645e-03
1.840269862062319595e-03
1.853487027320524765e-03
1.859871138954952499e-03
1.853553726134738464e-03
1.880086326226832437e-03
1.912104808691654631e-03
1.920857491684771013e-03
1.908059913824703335e-03
1.986605104187383775e-03
2.011669515956182944e-03
2.088925119944147653e-03
2.036615379034388378e-03
2.036097298042478885e-03
1.918149966441926556e-03
1.855772529489485350e-03
1.809873071536994898e-03
1.760031979581995172e-03
1.727479365217695576e-03
1.726605409903072836e-03
1.741993919928751505e-03
1.729782986390609404e-03
1.703941911922296406e-03
1.699546901744658891e-03
1.735216817215735766e-03
1.765008266815144182e-03
1.755438209476638516e-03
1.750426443588081219e-03
1.731188276418111748e-03
1.672698295066506408e-03
1.663832410255362956e-03
1.649416881639773026e-03
1.621284598469863907e-03
1.613030863846428740e-03
1.572470257048413879e-03
1.565539692952557004e-03
1.537991613846628964e-03
1.499410572719975894e-03
1.475755788194683385e-03
1.460408656420150936e-03
1.439823971005391775e-03
1.415787383308875474e-03
1.389967472139547059e-03
1.374747608028619372e-03
1.368366402083625059e-03
1.346871205447778934e-03
1.333663316090756990e-03
1.327533130070440845e-03
1.328599855585349716e-03
1.333526906872190649e-03
1.339911316894708661e-03
1.376576316475903224e-03
1.394342569384011314e-03
1.415655909994845574e-03
1.403349851783398505e-03
1.397383464820814523e-03
1.402268892713739003e-03
1.395375942977968194e-03
1.355448581383393884e-03
1.343236190620104159e-03
1.335345142610602515e-03
1.325146635769840122e-03
1.323492039794753545e-03
1.321475741472770025e-03
1.308834609695739681e-03
1.301671123844274150e-03
1.298676382391087455e-03
1.297525751390906854e-03
1.303360984564911089e-03
1.304629847568552744e-03
1.304063240829896660e-03
1.306474509590892447e-03
1.305468159844437549e-03
1.307589950890609802e-03
1.296877762306497973e-03
1.297946355761393994e-03
1.294987462232353136e-03
1.288869124289401900e-03
1.282629784473153945e-03
1.265333389286137176e-03
1.257335178478181503e-03
1.254996035526513348e-03
1.253932870135288178e-03
1.255606093227481981e-03
1.258324510096624346e-03
1.272435707237001314e-03
1.279759467858422465e-03
1.280627967124756041e-03
1.272245386974620507e-03
1.259945720601490749e-03
1.257514980486629328e-03
1.261157536880199966e-03
1.268467552943239925e-03
1.268034612378497652e-03
1.281871803492531589e-03
1.283886442995928927e-03
1.268105766303134502e-03
1.263721055265542778e-03
1.257580938106761873e-03
1.249044098135358933e-03
1.255242067100670669e-03
1.264031001771663857e-03
1.270372308581674834e-03
1.272457750725076563e-03
1.256943696588572797e-03
1.246609425480216683e-03
1.241449979441318135e-03
1.226051321862875465e-03
1.231912441090979434e-03
1.238597599586587763e-03
1.233391485323508726e-03
1.222223715281962062e-03
1.219609698586158510e-03
1.207849084898517675e-03
1.195888884372424237e-03
1.180809548601157886e-03
1.171660302409964190e-03
1.170884734354521277e-03
1.171932526990335796e-03
1.167501538555030909e-03
1.162519725551507859e-03
1.156842873830604603e-03
1.144933479462478506e-03
1.136822747461835705e-03
1.130081261588298342e-03
1.123919319191648506e-03
1.120338218255553624e-03
1.118899537980389425e-03
1.128443130071003038e-03
1.137947568474004462e-03
1.134543791954039900e-03
1.137860528114523337e-03
1.145584653677488495e-03
1.150170707778698335e-03
1.158116993559653220e-03
1.154309519564890958e-03
1.159878410778178871e-03
1.169021136786171488e-03
1.164027883197604014e-03
1.123970779118921032e-03
1.102004303024702080e-03
1.106781596230060373e-03
1.103369860799188968e-03
1.100255895835087821e-03
1.097775824440292780e-03
1.093745440820850442e-03
1.093889914873553883e-03
1.106245377365284912e-03
1.116486959031168149e-03
1.116978567253058136e-03
1.110992670632013129e-03
1.111350058200413988e-03
1.113024655976889996e-03
1.116399818616093222e-03
1.126799869279384095e-03
1.135255158786485641e-03
1.132337054896361732e-03
1.124548139238870387e-03
1.121111503093207007e-03
1.118512127593724323e-03
1.122444171398012756e-03
1.119765032168609136e-03
1.096587111496293530e-03
1.087740746177020580e-03
1.087079191407858223e-03
1.085009910714224797e-03
1.081438778895671589e-03
1.085680220069232694e-03
1.087550374067211079e-03
1.088434006322267899e-03
1.087860359774043412e-03
1.084742714047159809e-03
1.081480433782042519e-03
1.075397629744403614e-03
1.063437284272720790e-03
1.058731273809217742e-03
1.056246052192389567e-03
1.056226431256456497e-03
1.052789435114079471e-03
1.052679664649814944e-03
1.059145737641496547e-03
1.066927370275738956e-03
1.069994544927883526e-03
1.060955802945259038e-03
1.043691876649466147e-03
1.049744266851697664e-03
1.053289780525932086e-03
1.050193317821260675e-03
1.045405452586680058e-03
1.049719356615002675e-03
1.064076558099046098e-03
1.055201854900104236e-03
1.045393919031527893e-03
1.007917600044809297e-03
9.972394532696141414e-04
9.947034102473831501e-04
9.953868110416385934e-04
9.968139982976379539e-04
9.901519603587277500e-04
9.856235798604161182e-04
9.862720239146875647e-04
9.898278080344592028e-04
9.871864252799210111e-04
9.875240150606062316e-04
9.889281716532103382e-04
9.943145229173095453e-04
1.003770830052117284e-03
1.019403191251212022e-03
1.023821001801129837e-03
1.014059839637447341e-03
1.007735222973639173e-03
9.999482083746177603e-04
9.946679899796762210e-04
9.865280549513299156e-04
9.818872509404735598e-04
9.834365126492811745e-04
9.815405602852727510e-04
9.801515136245309966e-04
9.775780603047635672e-04
9.745761265832738121e-04
9.728279920181536053e-04
9.748633631776332242e-04
9.741431086733421492e-04
9.741529126466170726e-04
9.767406209743173529e-04
9.784288986337741009e-04
9.855139147204353915e-04
9.934691789257865929e-04
9.954165215735892754e-04
9.955189541399843932e-04
9.944814774452770748e-04
9.945084062535718659e-04
9.947374308315601928e-04
9.904671755512615451e-04
9.768988934728791481e-04
9.650732874157743344e-04
9.657617530298010433e-04
9.675522424841824683e-04
9.707193864603664082e-04
9.693551343527157796e-04
9.681693570665382900e-04
9.711832909005700459e-04
9.771787254868244659e-04
9.786645289307541965e-04
9.740205370781471758e-04
9.742369413165328194e-04
9.748130587322921883e-04
9.729291901261218588e-04
9.734251934077531223e-04
9.805848856755004436e-04
9.805284817149041189e-04
9.822188963292972225e-04
9.784372445451737944e-04
9.752327332639549023e-04
9.687767092206123285e-04
9.651849611652210973e-04
9.644711728148078764e-04
9.635901993010308197e-04
9.533043769983948288e-04
9.441034888950641454e-04
9.434937791382529398e-04
9.439244561572848616e-04
9.444860467705998948e-04
9.426690609273957614e-04
9.418589898326897242e-04
9.486468565523771329e-04
9.663329517749921294e-04
9.678023767315156950e-04
9.746759282714956285e-04
9.713232217947980873e-04
