2.430389017509770322e-01
2.347235357649669896e-01
2.294704937231824282e-01
2.236911542189684854e-01
2.111263772107564440e-01
1.758673547886532851e-01
1.727137798639236110e-01
1.646872333371292019e-01
1.406693386117279509e-01
1.230658297828775283e-01
1.024582561168269901e-01
8.290824818689176978e-02
7.061989197337999180e-02
6.734006716754278865e-02
4.877674620247444276e-02
4.524557953169688201e-02
3.889701318889100118e-02
3.691851296947216282e-02
3.578220530571835090e-02
3.431318043281515739e-02
3.437570616045713956e-02
3.304176053420303238e-02
3.285859245378749266e-02
3.273251106439838132e-02
3.157884351576736859e-02
3.008094676064416995e-02
2.815579905507676131e-02
2.633464600288598981e-02
2.277606895122030045e-02
1.839954417976125481e-02
1.677713681312390306e-02
1.606373269693674860e-02
1.496864503898576865e-02
1.332212783002113300e-02
1.309767153134813386e-02
1.193630609006138960e-02
1.099624542383881992e-02
1.062900094760163214e-02
1.042402193151117235e-02
1.035346732268231477e-02
1.040966277274458021e-02
1.109994727287169462e-02
1.178447111233695346e-02
1.194211550371596618e-02
1.211170291548291540e-02
1.141733764542279296e-02
1.043465804435120096e-02
1.043241954983147556e-02
1.071579955981739364e-02
1.047104076802201841e-02
9.490690517240404564e-03
9.593959349678472803e-03
9.520202729000925776e-03
8.087363679015670270e-03
6.816584432883533370e-03
5.988710563810954908e-03
5.684548994139199986e-03
4.582108847694756071e-03
4.828611397711899886e-03
5.715916653272835705e-03
6.015529645971277699e-03
6.422725967207543012e-03
7.060635419018887297e-03
5.327746658095570617e-03
4.449708605404681383e-03
3.932320811045601772e-03
3.718347205987682091e-03
3.731973856386028906e-03
3.693976430326801393e-03
3.543137224289505394e-03
3.541556361362072167e-03
3.791756297109338727e-03
3.862572150348199482e-03
4.264239730334708905e-03
4.416562547506252753e-03
4.508517960114867898e-03
4.454053086915125623e-03
4.166596131897937726e-03
3.653515775942201092e-03
2.618130911698191097e-03
2.363379264830657925e-03
2.174390792673266438e-03
2.007537680997610510e-03
1.888866329390334782e-03
1.775541928169664012e-03
1.750208395966902988e-03
1.680994710543687581e-03
1.667454299033448899e-03
1.613281793459579120e-03
1.565361154695256093e-03
1.393341959043915444e-03
1.333549852175553710e-03
1.276446739289062351e-03
1.296957964465746691e-03
1.315447368415114575e-03
1.313634684920543614e-03
1.350932187473151370e-03
1.380003229756160150e-03
1.357094855462746526e-03
1.302700841877823916e-03
1.290491384339079606e-03
1.306441357986885777e-03
1.340248885764967713e-03
1.348400019351539934e-03
1.348303260765766750e-03
1.342344588972805512e-03
1.321785938911480048e-03
1.317360453375123093e-03
1.279585157265591359e-03
1.251940242933572561e-03
1.237535713470344330e-03
1.231926401128537445e-03
1.232319268919656674e-03
1.239369927307964504e-03
1.237192140242207410e-03
1.227253370531622943e-03
1.231331867497834423e-03
1.233678264025722714e-03
1.224620278653113436e-03
1.207786463965198915e-03
1.186695464702105119e-03
1.149038981057099503e-03
1.117030142716894268e-03
1.114048848085373924e-03
1.113036314583624531e-03
1.102074770203285894e-03
1.117891932432729966e-03
1.143555566619086812e-03
1.150619024618454054e-03
1.113790536746616690e-03
1.090313144918085867e-03
1.028927730533396806e-03
1.036581276783452238e-03
1.024374539524837988e-03
1.003110549505675320e-03
9.822630324636731722e-04
9.449282796747890140e-04
9.127709780601898351e-04
8.918019276736089459e-04
8.581669112062784502e-04
8.579466334542898377e-04
8.636461840293845364e-04
8.641804226528153983e-04
8.764268483903848821e-04
8.867979221996312618e-04
9.633991799942973359e-04
9.613077918098129242e-04
9.455611164211741694e-04
9.190849570360270582e-04
9.071596822514571990e-04
8.795313148946032507e-04
8.655678527236907328e-04
8.684315940444503699e-04
8.813207188631210463e-04
8.830355094178244432e-04
9.423486120256792387e-04
1.011683299052286173e-03
1.034821574448505479e-03
1.036337766871049540e-03
1.008453655909409552e-03
1.000533976444252992e-03
1.017615883787781166e-03
1.011027071881785309e-03
1.019285448143976988e-03
9.998668201818721509e-04
9.543955032063331824e-04
9.339034714533582656e-04
9.284347681470431603e-04
9.249719041558414692e-04
8.858655266754042468e-04
8.380655025489995190e-04
8.119983757950066314e-04
8.112719200692125685e-04
8.238488750945658929e-04
8.187147031897042820e-04
8.281430478285319767e-04
8.385624990318902997e-04
8.559537867182303921e-04
8.803608735705572078e-04
9.077559740600408492e-04
9.450573908695059392e-04
9.917899737566235937e-04
1.015682350104352800e-03
9.542181274230960046e-04
8.981762221169589276e-04
7.791979472748470237e-04
7.007167186667440529e-04
6.944388259585664285e-04
6.871910986567203537e-04
6.809936515623001702e-04
6.635374745203128678e-04
6.347894187442326176e-04
6.306121973951495010e-04
6.360407407828908011e-04
6.532656693045040593e-04
6.630455087968055959e-04
6.603166476533484704e-04
6.694388018289365366e-04
6.824216407407726181e-04
6.789156571591552052e-04
6.246989823442421121e-04
5.955587889819349530e-04
5.405860762552756578e-04
5.070835050085136008e-04
5.039828570629572126e-04
5.001197331036482492e-04
4.950173959081266431e-04
5.194642126868661376e-04
5.500058223191240389e-04
4.939969075141892492e-04
4.313868053631662045e-04
4.253227677494650816e-04
4.327930140157079750e-04
4.374618726936736648e-04
4.434457154439640485e-04
4.617899571367408969e-04
4.775574137415100552e-04
4.887380366076959958e-04
5.195086604114047216e-04
5.026144195187700605e-04
4.889819331084396771e-04
4.670781410584868339e-04
4.228528136011484037e-04
4.107791388414228475e-04
3.715806843797835740e-04
3.668638768723485365e-04
3.558585049242395386e-04
3.643823452715749573e-04
3.825645498763462844e-04
3.933402087612100856e-04
4.077939946285789787e-04
4.223572742207576955e-04
4.282465811481008531e-04
4.429794594583240635e-04
4.531881360624299710e-04
4.375105949620861122e-04
4.264891909542005335e-04
4.096340651803947477e-04
4.030785373266726501e-04
3.895535715997412826e-04
3.764011820879195613e-04
3.674319726870348525e-04
3.570464983610208230e-04
3.495570454355568612e-04
3.474386117027869914e-04
3.485962027548858053e-04
3.573474533648789966e-04
3.646623576716059552e-04
3.829466040881291853e-04
3.873647834442574527e-04
