2.429782555230211583e-01
2.336721089514220695e-01
2.287441691814989519e-01
2.264154456259421244e-01
2.139388555166753803e-01
2.011568236052936054e-01
1.685263104729292083e-01
1.634296639670907159e-01
1.466471405064534161e-01
1.318171157671189642e-01
9.318123407952329240e-02
8.639085501958707058e-02
8.246694220966364897e-02
7.222010208297514888e-02
6.020790900586804606e-02
5.649137422293330768e-02
5.291544389561811390e-02
5.135125811685607722e-02
5.167894590992691550e-02
4.747665346132980135e-02
4.020746441867877746e-02
3.592755214931838553e-02
3.017954437841461821e-02
2.705264748594329166e-02
2.267251534347412140e-02
2.000609057112150493e-02
1.646692549879381212e-02
1.477853840448374069e-02
1.484472775822438459e-02
1.530231699433196903e-02
1.588674952387233996e-02
1.941248193653547643e-02
2.193691060398095943e-02
1.831093615961594187e-02
1.807711363943629093e-02
1.747255809526097187e-02
1.777386148638937166e-02
1.564441681193848299e-02
1.189110408261087430e-02
1.034068827881406277e-02
9.291944355543764467e-03
8.920208971551660954e-03
7.083109951095682005e-03
6.886575383012312652e-03
6.725865866589342094e-03
7.016902094854180275e-03
8.048492408336299642e-03
7.171857523837779809e-03
6.802839966247968551e-03
6.891504300140901401e-03
7.254250060289652892e-03
7.827998870133063766e-03
7.973110046500787862e-03
8.138703762523952570e-03
6.887894808912848471e-03
6.021712310352918957e-03
5.125329968257562319e-03
5.155609660912905366e-03
5.160956487204735287e-03
5.009333669543559846e-03
4.631166132526802828e-03
4.332941844693070574e-03
4.109923304912107417e-03
3.930554607360302842e-03
3.909926711107851623e-03
4.012019609131069718e-03
4.073084531299481226e-03
3.997209971757382727e-03
4.050797827303973669e-03
3.563815899409232980e-03
2.932724761924611779e-03
2.867475396419893411e-03
2.665227808668714938e-03
2.453864533424543731e-03
2.304964345060742624e-03
2.167628601170641482e-03
2.172012676891474370e-03
2.158645119679501387e-03
2.253568534355258890e-03
2.344858779921730509e-03
2.443282909960717200e-03
2.230257306037917477e-03
1.929793105174274197e-03
1.843010574274902332e-03
1.796177166264278967e-03
1.804849301469626469e-03
1.616405831960351317e-03
1.531323685159765094e-03
1.521699943571737075e-03
1.548110061389914313e-03
1.637917540435459857e-03
1.768735410483666818e-03
1.761999534358628080e-03
1.715526613408718554e-03
1.635905382267202916e-03
1.622577511902497218e-03
1.600299318194626803e-03
1.568610162778974991e-03
1.547502851797508691e-03
1.490110986786940357e-03
1.330982406949404598e-03
1.323519020960014321e-03
1.260252392684999001e-03
1.235992133086665379e-03
1.277286277632862319e-03
1.340041558111005693e-03
1.371491840833821045e-03
1.387475520043197300e-03
1.425940784148586882e-03
1.442304786011161912e-03
1.418502977687127525e-03
1.379631793073396104e-03
1.330820690590528259e-03
1.267146883148635630e-03
1.253846352571700651e-03
1.270165814342989492e-03
1.219011566563612311e-03
1.203704229361180975e-03
1.185232746912960990e-03
1.191591979423221002e-03
1.164778002024391282e-03
1.159523624904427877e-03
1.159421467597370218e-03
1.193898980153354624e-03
1.181940755106776183e-03
1.234346606540192735e-03
1.075194442448394565e-03
9.505996659663648422e-04
9.437073513148985142e-04
9.406096920119783392e-04
9.373235030540147828e-04
9.288718963313336496e-04
9.185024913191274952e-04
9.158279164444140885e-04
9.292578740989684014e-04
9.292873999069480462e-04
9.352048392744559489e-04
9.075806142715385364e-04
8.921182162367546431e-04
8.505668989862166058e-04
8.459599424676823159e-04
8.331744038900391457e-04
8.135817987398833318e-04
8.117278157274734592e-04
7.755896790538354367e-04
7.239188798126243831e-04
7.061394450671450813e-04
7.094289980630399950e-04
7.236689326580100778e-04
7.328765503782571104e-04
7.501945786057313955e-04
7.715172418509960370e-04
7.790546445701656327e-04
8.120096878528118567e-04
8.468235887019379127e-04
8.328211207555687124e-04
8.587037467970524149e-04
8.354139786890409612e-04
8.209781295318724099e-04
8.214621351708734261e-04
8.308958503594021487e-04
8.330313182164999445e-04
8.242928109937281344e-04
8.073151887882487783e-04
7.635145303427213126e-04
7.591201750995523259e-04
7.493343680197041669e-04
7.489063418173114639e-04
7.620853009997649542e-04
8.225806928623056709e-04
8.342404012154856210e-04
8.669512463688049423e-04
8.201013733454461932e-04
7.865717109800894873e-04
7.259972578858004235e-04
7.133809924002304645e-04
6.946717568670770452e-04
6.682604773357917177e-04
6.550557866963968101e-04
6.281297714451912050e-04
6.221272190652731796e-04
6.248818207459742044e-04
6.258325338818854179e-04
6.403028292484712510e-04
6.571625453187148608e-04
6.159814982313241817e-04
5.973655054947472811e-04
5.731984154596888106e-04
5.764716592392217552e-04
5.762593507891068277e-04
5.738590585791402592e-04
5.679924029382989572e-04
5.539647111866100341e-04
5.428743600374671182e-04
5.607514504578932748e-04
5.613847164218474690e-04
5.968687889481898374e-04
6.021130215011254649e-04
5.913393816342198562e-04
5.687005237626468600e-04
5.331507062225448838e-04
5.269051571627201593e-04
5.110736893549381677e-04
5.205179246135139713e-04
5.158964421396256472e-04
4.592157767348822102e-04
4.470596266395735407e-04
4.410971317626501565e-04
4.198568570579269341e-04
4.036255282842491493e-04
3.878325768534657747e-04
3.784194237652820981e-04
3.676037940718030871e-04
3.759239087027521089e-04
3.766170473676581790e-04
3.458168994372603318e-04
3.213468691013971010e-04
3.191928568592605092e-04
3.107027532852093231e-04
2.744066924616736015e-04
2.440530394606254573e-04
2.284695061592731836e-04
2.321292761651865845e-04
2.329313549705792398e-04
2.643402032450347413e-04
2.872836668508036285e-04
2.771649514577660266e-04
2.885517899797634717e-04
2.988806612209347880e-04
3.339692169431301679e-04
3.663694119947970176e-04
3.313314489421253129e-04
2.953711916833119113e-04
2.946499945318088666e-04
2.903431901187801295e-04
2.703728705730758198e-04
2.531079240195660226e-04
2.192596418696852198e-04
2.157202269736936391e-04
2.112131592605423339e-04
2.067845705056867774e-04
2.077688578532563876e-04
2.173882503838348674e-04
2.227659681745802062e-04
2.275072462892771422e-04
2.244583866059060595e-04
2.429036434803933612e-04
2.427774943430007892e-04
2.366074631890027302e-04
2.236247802173211554e-04
