2.551083863312893496e-01
2.065024662765301000e-01
1.049894663839225084e-01
4.214084210148489468e-02
2.991460973399824239e-02
2.323154996071627107e-02
2.025226244753731975e-02
1.734700538136839387e-02
1.681177927994707832e-02
1.614854884909367599e-02
1.595712020875810280e-02
1.576342018413550566e-02
1.542814372436434114e-02
1.529183500033239745e-02
1.526710898206268437e-02
1.530470113815057473e-02
1.501351606476276739e-02
1.493236554654110704e-02
1.503798353411909747e-02
1.500200162224823650e-02
1.501473030379655779e-02
1.481374604635963405e-02
1.507819789294876159e-02
1.554828108327922613e-02
1.517133993187298226e-02
1.552803065757617750e-02
1.513145572571669532e-02
1.420736203288487480e-02
1.248715766498327030e-02
1.164091226958223133e-02
1.098384604042166625e-02
9.900576432565205351e-03
9.864718195902386078e-03
9.950052451702214723e-03
8.757080559951932464e-03
8.678024388102237308e-03
8.505720211780250922e-03
7.577527356284749667e-03
7.670336880928459340e-03
7.180164489458824330e-03
6.344647777720405571e-03
5.576520032544370585e-03
4.972165434379228512e-03
4.833429623955973024e-03
4.326984617286434506e-03
3.859145224976045629e-03
3.710108674126250637e-03
3.613556424565160779e-03
3.671154447041106213e-03
3.140859845743026145e-03
2.735290406093619266e-03
2.651145367986038927e-03
2.295220611753971424e-03
2.220838136505713569e-03
1.819906967859275188e-03
1.475644767524407009e-03
1.410968782455839779e-03
1.514566891873875059e-03
1.419757580858897012e-03
1.275439902969167493e-03
1.046965897393300690e-03
9.895478295918894510e-04
9.318107647756501818e-04
8.999005799508707744e-04
8.604737062458544953e-04
8.824263125197106964e-04
8.245245585184208387e-04
7.127514183586281969e-04
6.257105406136366727e-04
5.872939302475399309e-04
5.540375652641597610e-04
5.328235058574629915e-04
5.879244914857821710e-04
5.474153733204223079e-04
4.866339179327613647e-04
4.339896829095693021e-04
4.019190133922503471e-04
4.111941538259892529e-04
4.429296564487438881e-04
3.993301215264131055e-04
3.645187467391427247e-04
4.118672834437888991e-04
3.204837486732629664e-04
3.017382139553024937e-04
2.869545418557930541e-04
2.617116989945632148e-04
2.805100686518694365e-04
2.787391476897749221e-04
2.761116901563979054e-04
2.716403495400268272e-04
2.519045521640652903e-04
2.799098195663130418e-04
2.454924547361034682e-04
2.374610216301567946e-04
2.402154916628579178e-04
2.290732315716100800e-04
2.136106768314788664e-04
2.037911896938325964e-04
1.993187585416536208e-04
1.879470105913627154e-04
1.980567515437688976e-04
1.968718648323216345e-04
1.978032830792699891e-04
1.813194071287235732e-04
1.716755930566130268e-04
1.817509924479409668e-04
1.761389691622795904e-04
1.751467233495094069e-04
1.942336337535903055e-04
1.890203236916799623e-04
1.598372520119876615e-04
1.630371132849644351e-04
1.441536199479075716e-04
1.446932253163574959e-04
1.511098780462738109e-04
1.506181285289753726e-04
1.423776178459270714e-04
1.419505306603977934e-04
1.478172588019459224e-04
1.458475921761538717e-04
1.491678348207023299e-04
1.563613551972431893e-04
1.541429186803835723e-04
1.407352546765507767e-04
1.340636771705390376e-04
1.325711511775773757e-04
1.316289661043153973e-04
1.270376544132069570e-04
1.327349756729157980e-04
1.331921103829583565e-04
1.245435321568317199e-04
1.279946880105653571e-04
1.283841476978623457e-04
1.183523444470249876e-04
1.212211108862105296e-04
1.226310506769431364e-04
1.154026106222084134e-04
1.096302592283331410e-04
1.111267860418602019e-04
1.196241816951280917e-04
1.284373585717331139e-04
1.171999358961978887e-04
1.120127733593646500e-04
1.074587946032550749e-04
1.141508475558449751e-04
1.074418795382143312e-04
1.099860673669583527e-04
1.073910021895834236e-04
1.100292651675862797e-04
1.093812888904396890e-04
1.101074499933323589e-04
1.044118853431760097e-04
1.041816459871528866e-04
1.016891466067074411e-04
1.040460465041556691e-04
1.004828988527566480e-04
9.749971527930306856e-05
1.027374217838316727e-04
1.062629075412280201e-04
1.090692749732257978e-04
1.057934604615838012e-04
1.057156709281510763e-04
1.026052535175312521e-04
9.799380252776109185e-05
1.072025723618906111e-04
1.074615714620788499e-04
1.006638308366925033e-04
1.048942731394072531e-04
1.016408460033065762e-04
9.558313242245861476e-05
9.224735113585030833e-05
9.654015980516411773e-05
9.848615391039803582e-05
9.532163804797792771e-05
9.062493950079598569e-05
9.071671285248795243e-05
9.150230715012649214e-05
9.326779050590388643e-05
9.529475588666303507e-05
9.342417224339267699e-05
9.209454013970161835e-05
9.281826731482967316e-05
9.464343799682946063e-05
9.340642092400799001e-05
8.980905499475209963e-05
9.109959105205314234e-05
8.974587648164429100e-05
8.983052041767393306e-05
8.789300184327406202e-05
9.071430986757861683e-05
8.761038718439783431e-05
8.799488191609631540e-05
8.878938467801760935e-05
9.065078006637230384e-05
8.873358060982710878e-05
8.517889016506439829e-05
8.938676238345203762e-05
8.942720108389654596e-05
8.730838310773727758e-05
8.370715757089059719e-05
8.612394347084618258e-05
9.333313896030687997e-05
8.538434095154456599e-05
8.492221314628955640e-05
8.670064812991661843e-05
8.556932751918281549e-05
8.396985459747520583e-05
8.155312249510171866e-05
8.345634128381180736e-05
8.223206667167457776e-05
8.006341969404246806e-05
8.335574053587526018e-05
8.597117116037188036e-05
8.541092077357575010e-05
8.157963527736453993e-05
8.078741586751056448e-05
8.300175217974700920e-05
7.957187438772737171e-05
7.724316360486937669e-05
7.924168992669971005e-05
7.899088761833537354e-05
8.044891881310163822e-05
7.849107133956235451e-05
8.208314688887951161e-05
8.163807228424882446e-05
8.197518736331151155e-05
7.802383558982004159e-05
8.096662838373833756e-05
8.216497249941166954e-05
8.357901864009998250e-05
7.758909734101504172e-05
7.669959004643695432e-05
7.662836435104676861e-05
7.914871492136899402e-05
7.133822308684890749e-05
6.869774152145683680e-05
7.191781181425810636e-05
7.062523696622665227e-05
7.012148454962790806e-05
7.111881886474503305e-05
7.313933045222224566e-05
6.864474797531864734e-05
7.169640310168104869e-05
7.313518276280246103e-05
7.069908568373186046e-05
7.107883759619278890e-05
6.862336145498005213e-05
7.152308859859101472e-05
7.489945983508549798e-05
7.221217112415602966e-05
