2.418867529975913810e-01
1.016974614949385791e-01
5.439924512746179691e-02
2.670173989263528724e-02
1.036010658132599689e-02
1.122358101802981706e-02
9.893732291872413959e-03
7.111181392808846487e-03
4.584755326122942273e-03
2.741074392735238889e-03
2.553955724743641516e-03
2.236883255202514343e-03
1.538158042000742267e-03
1.050887476047482815e-03
6.367002986992698803e-04
6.407508190285168175e-04
5.158724454594672834e-04
4.909427034192974902e-04
5.664897771925154124e-04
5.431345953471502890e-04
5.373116231883816015e-04
5.062908645578349971e-04
4.095091596771449453e-04
4.118534206629836697e-04
3.955791176451521531e-04
3.821400549663567670e-04
3.328215421388073885e-04
3.457705608282764698e-04
3.324205669464158045e-04
3.188948657206700779e-04
3.324707543205794895e-04
3.334461662733906101e-04
3.146616545401814831e-04
3.056953817825535215e-04
3.263920191490540888e-04
3.206217811690121179e-04
2.971915971568888596e-04
3.016382718317337864e-04
2.879883742096598764e-04
2.852022557828798733e-04
2.885342212910837231e-04
2.824979611228118606e-04
2.763843074576458926e-04
2.795299489146318614e-04
2.872735614250726630e-04
2.823308943315652004e-04
2.653496987723191519e-04
2.717077517477413059e-04
2.654956094754052894e-04
2.796767694227451592e-04
1.839376108015821211e-04
1.691126565013302573e-04
1.692038054647150124e-04
1.548464751621892051e-04
1.526495598858135282e-04
1.516823176826945653e-04
1.339427528500920946e-04
1.307528811105314445e-04
1.436642886148704185e-04
1.218057698581969978e-04
1.211818355438805888e-04
1.019134130886299104e-04
1.308633919780690866e-04
2.463871041875544555e-04
3.614154644795812836e-04
4.428025705794650844e-04
5.394124519147292353e-04
7.644161905391894281e-04
1.101856730069927055e-03
1.489055983331455304e-03
1.661658907243359316e-03
1.528180604906053492e-03
2.115110690340291349e-03
2.561689375014712233e-03
3.201044785445840424e-03
3.979094894334465719e-03
2.111651171036127948e-03
1.687591914756291769e-03
1.619046656372963213e-03
1.525159083842433320e-03
1.439244299782742580e-03
1.170344498948722211e-03
1.086521836446736325e-03
1.061690571967235626e-03
1.177684450119498337e-03
1.192527927104613215e-03
1.159399176324762059e-03
1.057809321065517755e-03
1.093957239985207056e-03
1.190398319843445196e-03
1.202210580908821477e-03
1.171918436721523403e-03
1.208088946532766836e-03
1.255781848821576913e-03
1.273722037770578684e-03
1.270372982715420622e-03
1.296835562927697817e-03
1.314622266494440764e-03
1.391822050742154426e-03
1.447334858543020738e-03
1.453108702571235828e-03
1.455755173916118035e-03
1.517092602548049700e-03
1.487351802502493532e-03
1.505099396331695738e-03
1.522696285786496930e-03
1.554609578169107624e-03
1.730684279074323675e-03
1.817222986706621204e-03
1.885131672991022462e-03
1.807735300307968798e-03
1.853981714485774786e-03
2.002835962121702739e-03
2.201874809051956438e-03
2.244421319174316233e-03
2.258308209537919671e-03
2.300636340786639360e-03
2.350706194629311949e-03
2.406419950446005672e-03
2.500947473685997003e-03
2.475282840213336930e-03
2.456903614948047210e-03
2.519653675280524377e-03
2.567500634433625330e-03
2.634014953724348688e-03
2.570879254069900408e-03
2.529340344418256215e-03
2.537048439919922620e-03
2.643174493795139197e-03
2.782269759492983670e-03
2.739706025236541762e-03
2.730001297636039208e-03
2.802016954954586817e-03
2.873621845376719830e-03
2.985120249396412337e-03
2.904620006184777635e-03
2.890075772763153143e-03
2.888308541847143564e-03
2.990812867603476720e-03
3.112207217444552029e-03
3.053741281316428059e-03
3.080260862711407550e-03
3.171336695272492217e-03
3.268804555449639129e-03
3.494397790626116874e-03
3.374957546415971975e-03
3.344815813414463070e-03
3.369352327674164649e-03
3.465549613035680439e-03
3.566624677965373955e-03
3.554929910135265405e-03
3.568427306092653278e-03
3.616368401214813556e-03
3.740577356190689495e-03
3.941566662834060722e-03
4.008067500781531400e-03
3.952530223558355094e-03
3.958589645395211437e-03
3.948474784527359303e-03
4.040552051273847353e-03
4.216815877537201385e-03
4.224226086732786947e-03
4.314398867249942537e-03
4.475308081570384018e-03
4.621527049319533974e-03
4.615378497923617977e-03
4.563469438084609940e-03
4.663119582882627005e-03
4.709653731889206635e-03
4.953778470985668696e-03
5.011356641486970111e-03
4.975753050922232870e-03
4.997197416645868077e-03
5.024763848460146558e-03
5.070524849349504655e-03
5.032673813399537489e-03
5.012418957441400723e-03
5.080170589276788995e-03
5.068160120123388172e-03
5.162510927482970129e-03
5.247007236098799078e-03
5.271740038492375539e-03
5.292507567008276383e-03
5.319811460802701363e-03
5.487279712599955027e-03
5.682619080583837211e-03
5.638366609537610180e-03
5.641606363955812935e-03
5.701514883709485337e-03
5.825097235530115811e-03
5.898595301254546883e-03
5.787995829149230817e-03
5.775761512083296689e-03
5.816374050839726549e-03
5.768455598506746357e-03
5.840310651665852823e-03
5.884258985736511363e-03
5.893658323685723593e-03
5.937582817213058785e-03
6.024478780798169820e-03
