2.429805291083851904e-01
2.336855677729230141e-01
2.287278338309031711e-01
2.281149602759695860e-01
2.137269240003348558e-01
1.825513491197519600e-01
1.650325798110074405e-01
1.598669820464583835e-01
1.457803312953297459e-01
1.048144918597135045e-01
8.398659234802112461e-02
8.198511983526909908e-02
7.718393421211065808e-02
5.994412693640557843e-02
5.110932247867627787e-02
4.268118698660755550e-02
4.043515636905990751e-02
3.405499818909522164e-02
3.249699152211323050e-02
2.845539193139084988e-02
2.796656767871428736e-02
2.674989596670039951e-02
2.630666204642661057e-02
2.599253630261002049e-02
2.544027189436581793e-02
2.469115256606188233e-02
2.290339054559669893e-02
2.183558882362657966e-02
2.113492673310831543e-02
1.925291052582897219e-02
1.682012982326068842e-02
1.411652304902744418e-02
1.398262335506084315e-02
1.350402508831259618e-02
1.311857697836252105e-02
1.295983105907635644e-02
1.309359541260711121e-02
1.329996798522754993e-02
1.346412440380948851e-02
1.375918295554303707e-02
1.427379311706622640e-02
1.434187141111366824e-02
1.423918593738099370e-02
1.289360898744671032e-02
1.160236616312152608e-02
1.083368719031122321e-02
1.116732675441180732e-02
1.040036574164602060e-02
9.473341966123836888e-03
7.808487222842032394e-03
7.130666582006284226e-03
7.340714059427441186e-03
7.484764665839384150e-03
7.000272863463857798e-03
6.370817167166926108e-03
5.964855478368547709e-03
5.698789895086458189e-03
5.761762310479462586e-03
5.673638936158329621e-03
5.425246049951431768e-03
5.235808265489179034e-03
5.381419687002963331e-03
5.529965024523140864e-03
5.217036016156008371e-03
4.789586564058374851e-03
4.294101115239847000e-03
4.087456708621432962e-03
3.712579804972436937e-03
3.740055239550442792e-03
4.015065580862148265e-03
4.245792329034814121e-03
4.416713744766097814e-03
3.814671250985399078e-03
3.701452117590229261e-03
3.606469754723270159e-03
3.612629756101248465e-03
3.535213847586472086e-03
3.491554210916801397e-03
3.451472495020853435e-03
3.340995384704367136e-03
2.963988438246233439e-03
2.689241091777905789e-03
2.293857766945111426e-03
2.294307063546160725e-03
2.294550553691568524e-03
2.392274587220426154e-03
2.349264295036037481e-03
2.098275071221350138e-03
2.013958552378917067e-03
2.010157536097179932e-03
1.962503991629085259e-03
1.812171777116233784e-03
1.803582752335634734e-03
1.799965051906704137e-03
1.855368323666290635e-03
1.866831715360784284e-03
1.933100238483838459e-03
1.887604383918475327e-03
1.727032943517546951e-03
1.583251914511593769e-03
1.600208334776290122e-03
1.591735111253323766e-03
1.548980594666985724e-03
1.557524756445941277e-03
1.608862551767582978e-03
1.691366598032228042e-03
1.754762306961742688e-03
1.703934778739539264e-03
1.670348974160025535e-03
1.693361539127820727e-03
1.693283274587559359e-03
1.720380052218817464e-03
1.721850986927735529e-03
1.650403340737260829e-03
1.616611512637157770e-03
1.557266328446085075e-03
1.534608919483008635e-03
1.518202257916131340e-03
1.494188700301379629e-03
1.461908019353525120e-03
1.484354612481463128e-03
1.581308150957099704e-03
1.598361175138297277e-03
1.585854818946918566e-03
1.433544994740169930e-03
1.354261212317231337e-03
1.366582580726440760e-03
1.392821832604354201e-03
1.436895930064412521e-03
1.479768250281959015e-03
1.555135040800890468e-03
1.786251858469019597e-03
1.857324216015882306e-03
1.407124679372364186e-03
1.233592637483239092e-03
1.180016314806771240e-03
1.152072683231020883e-03
1.099755027506145585e-03
1.072729259895824393e-03
1.090191268055949085e-03
1.077204363498552447e-03
1.043074886899976374e-03
1.007152573848262619e-03
9.875758882976726997e-04
9.784038847220244590e-04
9.611063028354491916e-04
9.548579895062338230e-04
9.549685644087124161e-04
9.526289383753124181e-04
9.573939321026932745e-04
9.726883518133045987e-04
9.694901910924707752e-04
9.561533350476832333e-04
9.379782262853030060e-04
9.288037483253133546e-04
9.307791405119213938e-04
9.423415897031701613e-04
9.594688400136803554e-04
9.770300291629711257e-04
9.914610486168133879e-04
1.033915705370006812e-03
1.048770754386469826e-03
1.039944303287942831e-03
1.026465081861087196e-03
1.031645369556311639e-03
1.033456262612280534e-03
1.014349758847380659e-03
1.013114290447591831e-03
1.026911854631731413e-03
1.012008671479048367e-03
9.892951716659985351e-04
9.605989042571976650e-04
9.476573938730781113e-04
9.464705766331624800e-04
9.401389103246399724e-04
9.423153447443481873e-04
9.225398244977930625e-04
9.044365977707716827e-04
8.946894343031966488e-04
8.873482427260750679e-04
8.379895645876393653e-04
7.792224106559523730e-04
7.535511099799322614e-04
7.455247295805784730e-04
7.285760102778018150e-04
7.223549784555616119e-04
6.859028723646753501e-04
6.590366514745973556e-04
6.618656292880165321e-04
6.798297631451665933e-04
6.603609701824730144e-04
6.319000603651109315e-04
6.289814689932715468e-04
6.727540377995796725e-04
6.825291615533938963e-04
6.805259219716654293e-04
7.504245537311765493e-04
7.757696539504933039e-04
7.805914479797780234e-04
6.825527632612338452e-04
6.495180048773092473e-04
6.348849602704396099e-04
6.106618025898797285e-04
5.798815831398764203e-04
5.359469676926005653e-04
5.332652118745388531e-04
5.207295851583993232e-04
4.965457236502618214e-04
4.866181945107740463e-04
5.223617794291116881e-04
5.101363661704104088e-04
5.235072113293323844e-04
5.758777338457416904e-04
5.597643616288003939e-04
5.540728392037077904e-04
5.370803892230547206e-04
5.143940299576438367e-04
4.829526664447043069e-04
4.383798555248040745e-04
4.313537462798376653e-04
4.050519177304147422e-04
3.854953538970738313e-04
3.571214748529671803e-04
3.661087058640645443e-04
3.699591832778157210e-04
3.746424708625464991e-04
3.693949444515565064e-04
3.562514161785027673e-04
3.413003735623990065e-04
3.354061716703813679e-04
3.253442029551662710e-04
3.225411801770778752e-04
3.266946713475711627e-04
3.324085235371011153e-04
3.391595598076616622e-04
3.462401757259273992e-04
3.506163976712095391e-04
3.602070089045162054e-04
3.676465370695622273e-04
3.750697518262582149e-04
3.770503776127425376e-04
3.799540613074729885e-04
3.746693301689233975e-04
3.524235718797805476e-04
3.434419612808226768e-04
3.326814826289775087e-04
3.227889490609714808e-04
3.200055786564958717e-04
3.198057069768833315e-04
3.230498505276570417e-04
