8.517438751466578362e-01
8.442018928495216290e-01
8.014454768751158031e-01
8.014040196466574173e-01
7.896090676955921372e-01
7.574437225392203210e-01
7.574510035812381803e-01
5.500885111351432322e-01
1.613545227354207523e-01
1.202931333347496551e-01
8.018252123387659136e-02
4.645933269048373865e-02
6.226058109506774074e-02
5.145465802472214134e-02
2.188406187962285698e-02
2.869037632682826938e-02
2.743804984672583436e-02
3.088600238635939160e-02
2.190566722103017352e-02
1.070407780178564069e-02
1.249226634347633778e-02
1.101028418077104262e-02
1.040778739113196703e-02
1.270540947899716742e-02
1.505408553113347751e-02
1.224575400801696835e-02
1.111438071909022322e-02
1.527142623265846134e-02
1.389556939769068071e-02
8.301436471038529941e-03
3.580023574514375195e-03
3.125587020535049339e-03
1.531888530792512937e-03
9.944374609055144174e-04
1.632073127762552435e-03
8.936048774601806780e-04
9.590815520738900498e-04
1.047594463903220958e-03
1.153421998178625653e-03
1.210406000536846851e-03
1.312026241020050697e-03
1.078886732070567615e-03
5.846728321040458795e-04
7.310944823162451606e-04
5.073344722549348292e-04
3.184610881176558848e-04
3.334883186250278404e-04
3.526918507174256240e-04
3.088098557555324125e-04
3.158779550362615521e-04
2.946318929899500029e-04
2.433485907677325596e-04
2.126346585207459193e-04
2.164398731686251241e-04
2.498756317083864896e-04
2.586795188098082055e-04
2.707744910842073633e-04
2.616706009511075956e-04
2.700571319324763706e-04
3.132046760562495888e-04
2.964296967143772348e-04
1.896018923582615463e-04
1.787833584132730586e-04
1.947579397295399442e-04
2.302704470071638171e-04
2.420943339951054068e-04
2.271951832725281444e-04
2.248220835570333728e-04
1.953370162697536008e-04
2.005678730355711561e-04
2.147744991080439980e-04
2.264503473507611388e-04
2.162001869580209743e-04
2.292178849762850005e-04
2.243471254196955289e-04
2.180991893243627736e-04
1.969649849300038954e-04
1.729813870966081342e-04
1.913830995521113127e-04
2.068288622988730856e-04
2.011609075517229329e-04
1.978299212058923088e-04
2.277740060067408453e-04
2.500281498709010751e-04
2.238429749782438669e-04
2.021961231400528963e-04
2.052459736447752141e-04
2.062628263155875670e-04
2.349017782338337732e-04
2.568116772986662804e-04
2.557563618696418861e-04
2.313653275224982224e-04
2.164744986310608403e-04
2.374644848760558663e-04
2.473017754123647523e-04
2.679483588641080839e-04
2.559505007779453302e-04
2.206823283515326080e-04
2.069736861384534798e-04
2.212567873923520546e-04
2.202488371769915042e-04
2.120206353502363634e-04
2.252930181962350183e-04
2.342837033074463048e-04
2.411124806338846120e-04
2.442870107219982006e-04
2.389622554548714015e-04
2.365255272819370962e-04
2.328947247373925320e-04
2.289903760722370601e-04
2.092672567379753488e-04
1.933034201101114689e-04
1.970758259779200998e-04
2.016540671497724546e-04
2.118130523562031535e-04
2.080666294285807587e-04
2.139116944868533121e-04
2.151092463474311457e-04
1.930010526458108243e-04
1.821444266642649500e-04
1.692738164796459140e-04
1.830780435428649088e-04
1.952205407944229872e-04
2.154710851024330598e-04
2.286842418090105535e-04
2.078202525959373299e-04
1.951989614774249360e-04
1.874341526767116272e-04
1.844292331128007968e-04
1.829887899030929711e-04
1.754362380055194055e-04
1.958983631449578305e-04
2.030669352138676212e-04
2.039724725986039868e-04
1.951081907655339469e-04
1.719419350026586842e-04
1.689547298229256676e-04
1.711084295681026082e-04
1.864954419478373037e-04
1.794428088953050747e-04
1.793195018743165418e-04
1.936836451572406957e-04
1.960081903836776384e-04
1.977474110334447098e-04
1.823287277588757252e-04
1.715256200552812439e-04
1.778588147917063852e-04
1.753256013443606925e-04
1.613102354411175151e-04
1.382430027568936422e-04
1.349003610580634649e-04
1.197217664646377038e-04
1.399714307325321803e-04
1.763229743458962797e-04
1.942846081678455638e-04
1.823715495317323673e-04
1.677304057110421765e-04
1.741035098845737140e-04
1.515683767600153940e-04
1.450359152281061753e-04
1.477417968675490861e-04
1.656898762183855328e-04
1.900906567437229532e-04
1.632383200261834893e-04
1.414068092667626598e-04
1.465794123409241620e-04
1.511775306498852047e-04
1.540432860133126994e-04
1.441463093503973206e-04
1.491861658644856028e-04
1.530008237981375131e-04
1.355407447071834456e-04
1.264791900381532163e-04
1.550341770999657891e-04
1.877202224252962515e-04
1.671700759598664218e-04
1.549983910165723066e-04
1.595672509637564482e-04
1.549868586090801794e-04
1.606708946440096907e-04
1.570218600160029111e-04
1.820146537336186801e-04
1.760935294561958957e-04
1.705982171772375063e-04
1.641784009525031182e-04
1.659101099020496891e-04
1.608201409558068632e-04
1.647106415489977508e-04
1.628918391538912273e-04
1.664051040422613820e-04
1.669910496965031120e-04
1.751317981129898961e-04
1.786105815066724850e-04
1.859439372645020855e-04
1.712080712558633835e-04
1.746430247034008796e-04
1.739479655378343981e-04
1.754069539005618053e-04
1.726868816951088702e-04
1.652560798413076288e-04
