1.108810189340311662e-03
1.042124214288012504e-04
5.066367434381087963e-05
2.316477413139316472e-05
1.855251476588520271e-05
6.496236121856985887e-05
3.810446667541654488e-05
4.046634759811070387e-05
2.543649110358389785e-05
2.290838284772643330e-05
2.432152793872631498e-05
3.347079035831541195e-05
1.817926342946881745e-05
2.146312998971120593e-05
1.915199304462683185e-05
2.115649466173090030e-05
1.662370229048626999e-05
2.637884721537364871e-05
2.332945469124131637e-05
1.500073274825687715e-05
1.924537704944443106e-05
1.319512862097228809e-05
1.735660300135690343e-05
1.091775027943899224e-05
1.139375265554446088e-05
9.776840900883443359e-06
1.353311372145623839e-05
1.114463429117200356e-05
9.588520141818680084e-06
1.393837120589336975e-05
9.277231247898438783e-06
1.025857670373282771e-05
9.012204477269522410e-06
1.248871120219614079e-05
9.545039000207039526e-06
8.990667452977353459e-06
9.471807088331093296e-06
8.906176897699184095e-06
7.890085371971362603e-06
9.915872663775679576e-06
8.261931349725122614e-06
7.495284308629884494e-06
7.965275660498770274e-06
8.679267781004463837e-06
7.656969055816067752e-06
9.225273213226123627e-06
7.751662025253067647e-06
7.372322593758101924e-06
7.258563544703577912e-06
6.555971982572245934e-06
5.294022041737086654e-06
5.113651211394147300e-06
6.509574938129436628e-06
5.146085295586765422e-06
9.332506770760998755e-06
4.523175610642555374e-06
6.069127657775631354e-06
6.373507374549116965e-06
7.478357591344951045e-06
9.206134089599324230e-06
4.093814977762417847e-06
4.683261377534097990e-06
4.812823894667853679e-06
5.685817432801102980e-06
5.542732986994679586e-06
7.869393897180006976e-06
7.999199066859776771e-06
1.178592555368624740e-05
1.400567957283503602e-05
1.087139845938328434e-05
9.032020463589103933e-05
6.531595620920360550e-04
1.485553376687701347e-03
2.437442659814955444e-03
2.956828077130519306e-03
3.035297015910388193e-04
1.344688057874186046e-03
3.030002654179080220e-03
4.409701575373597103e-03
6.729130683186341534e-03
1.145585779430759345e-04
1.679224131543675388e-05
8.843324468808885045e-06
6.856638987848804726e-06
6.976876045880081939e-06
4.716736343318134879e-06
4.266350905632036958e-06
5.085198923495895907e-06
4.172391459699360906e-06
6.786623931083293036e-06
9.802328977638870918e-06
2.620736514550277429e-05
2.437546573931988214e-05
2.089439885151401810e-05
4.109173938222993120e-05
6.661549740786155095e-06
4.325091745680628576e-06
4.574978410508102518e-06
5.850868359268031992e-06
6.211742005582530792e-06
2.687741263279662477e-05
5.798918351988031921e-05
8.019064365095306861e-05
7.487583985866925443e-05
8.252534383229690341e-05
5.027306069614493960e-05
6.844929408707158425e-05
7.096791867756091726e-05
8.150739027890704230e-05
9.906856927746537163e-05
6.187259098842008709e-05
6.513072764687284481e-05
6.851518487694960931e-05
7.323637438950019753e-05
7.538905382477581929e-05
5.036606249350638069e-05
5.669916303378857758e-05
6.318264469370521918e-05
8.288116543336929588e-05
8.609930744199853936e-05
7.115519213884063726e-05
7.633707582973612410e-05
8.123975134762280296e-05
9.485862725014904356e-05
9.636786215791178867e-05
7.685022228057130701e-05
7.314205350548107741e-05
9.246574423784783929e-05
9.903205298220598058e-05
1.246945818354938294e-04
9.927710317428201634e-05
1.759091568434158312e-04
1.960879088372740285e-04
3.569416452817593378e-04
6.008832086544295360e-04
1.395968167870548172e-04
7.065014244787206233e-04
2.528042909498307705e-03
5.112619044954355881e-03
6.547444046026668074e-03
6.017966138693177196e-04
1.228760685889414728e-04
1.857455901629582074e-04
2.523329168061447508e-04
2.500030026707112524e-04
2.245568723098770509e-04
1.981100590012246812e-04
2.726129736724301018e-04
3.496609885776897709e-04
4.329285701651272556e-04
4.750283529854601493e-04
4.942375455690104511e-04
4.827727916200279571e-04
4.546054065982428833e-04
4.546846684185140730e-04
4.460133876289705209e-04
4.228927594135166250e-04
4.288695953815009534e-04
4.752189800853621679e-04
5.735688943658090542e-04
5.087262787223068797e-04
5.160982309465320713e-04
5.548375399628966342e-04
6.030958085389488991e-04
6.775017456760445153e-04
5.633397228190533583e-04
5.635242768589742574e-04
5.785446758356789336e-04
6.041567145877082406e-04
6.131885172898646685e-04
3.707365563517773469e-04
3.764905850574390683e-04
4.224478488037292372e-04
5.460234761996525998e-04
7.431613616935160618e-04
6.706169674109116506e-04
7.033910917778959807e-04
8.047562501894038123e-04
9.555094590022294564e-04
1.244072479917805729e-03
1.202389536923404280e-03
1.123176953039702530e-03
1.124730903452884337e-03
1.126097940798442571e-03
1.119206654073279239e-03
1.066070432277543747e-03
1.120785546192903633e-03
1.097355171331739539e-03
1.038189512028075230e-03
1.085501738300573889e-03
1.040703277337354498e-03
1.058649119578622226e-03
1.033344053779557689e-03
1.067778484444020185e-03
1.113416530914941886e-03
1.081035479442449005e-03
1.097949904632420162e-03
1.074535384136307559e-03
1.088925221828594908e-03
1.151642220775412522e-03
1.168336193796622267e-03
1.178900413022550709e-03
1.203218613609707355e-03
1.244984968200124652e-03
1.323964101040431838e-03
1.293225076562698733e-03
1.342492377334430446e-03
1.413517669053158130e-03
1.601305632830912372e-03
1.885424160633532645e-03
1.931823282960741690e-03
1.950331949304381658e-03
2.101323094438175589e-03
2.375352245888198970e-03
2.684918974234894694e-03
2.712915115344625983e-03
2.805357131747754276e-03
2.976586836621961628e-03
3.328104348928682520e-03
3.634453652344940382e-03
3.699313703720866382e-03
3.720984528844830004e-03
3.850647369412168401e-03
4.015518933442211585e-03
4.274500318119442768e-03
4.360437460335750415e-03
4.387896950395525804e-03
4.548254024404303070e-03
4.868977077995936993e-03
5.210080636068477149e-03
5.321698176473114474e-03
5.363996682111214082e-03
5.512762228351346556e-03
5.699849978333756777e-03
5.932525599426431359e-03
6.021809106324961351e-03
6.170611912767569318e-03
6.359050046958130732e-03
6.534787423567436568e-03
6.938394155993813858e-03
7.055745221993146507e-03
7.124844534404435603e-03
7.268686836607271204e-03
7.367727625655169296e-03
7.488691845447956880e-03
7.571609578243143450e-03
7.728009322248478863e-03
7.881314913474062392e-03
7.979146296317563697e-03
8.128748999747048912e-03
