2.429903503813826138e-01
8.429070283068378078e-02
1.765495648284118313e-02
6.458455605431925178e-03
3.177455470193394239e-03
1.631857266781529172e-03
1.166904219898974755e-03
8.560122493368180815e-04
6.950992827742034875e-04
6.097307725889694217e-04
4.192864495969473421e-04
3.420385249481105007e-04
1.832605069110434723e-04
9.259012229855117528e-05
9.568746692309719904e-05
5.530766853702831926e-05
6.372596018655249123e-05
5.467544097286619452e-05
7.137480419385100895e-05
6.346587776206626802e-05
5.712597546550867393e-05
4.651868127879204515e-05
5.666137022269994813e-05
4.205809170718853113e-05
3.468771628496705766e-05
4.205068952381011820e-05
4.049788620598981269e-05
4.182256000595877405e-05
3.723473742970188666e-05
3.076758641687626558e-05
4.009677707752545194e-05
3.179838292445705879e-05
3.521946099567148256e-05
3.525785368812827015e-05
3.721207198153784535e-05
3.426408325277407557e-05
3.638238034757319817e-05
2.733016668627220096e-05
3.391380771671822895e-05
2.450174294420806803e-05
3.328130666279534528e-05
2.800810653305000063e-05
2.940700137240407383e-05
3.035430380127312385e-05
3.388290049410117293e-05
2.317278988471238056e-05
2.915947882655403592e-05
2.366530050798433239e-05
3.106333230822637745e-05
2.935182492006038212e-05
2.732478038961576035e-05
2.851850275141446097e-05
2.958644958443052360e-05
2.304575822657713982e-05
2.806008428397056584e-05
3.058124067492344920e-05
3.603277038823472187e-05
2.356705964815055779e-05
2.655701716315075970e-05
2.812491318179703950e-05
2.663656203401366284e-05
2.868707612038793171e-05
2.676988427691852872e-05
3.152914808395581935e-05
3.165906265560431353e-05
2.233758301571409210e-05
2.594898631708102409e-05
2.290697855138166292e-05
2.482070881738320228e-05
2.831304563696578926e-05
2.392818153216171406e-05
2.315842133393086999e-05
3.060446272278416181e-05
2.728232001406334160e-05
2.305374272973514786e-05
2.074386375272959643e-05
2.884774205404332768e-05
2.497259450883646152e-05
1.868502314285578716e-05
2.178915085685935403e-05
2.145376660213316552e-05
2.358760628371839251e-05
2.297896914311567263e-05
2.062939581064441086e-05
2.723422734928294465e-05
2.552123943782289963e-05
1.726762500844145805e-05
2.143013504972835135e-05
2.007299314840366207e-05
2.089346396763772792e-05
2.556602869004247721e-05
2.029364161826588953e-05
1.743851885473976298e-05
1.618826416200672702e-05
1.577499723038246424e-05
1.610590898212470697e-05
1.592234059773820932e-05
1.592965494625755304e-05
1.340370661549611149e-05
1.407770846468926725e-05
1.554503166888571559e-05
1.656852601984503342e-05
1.666903826236155355e-05
1.442377507351205892e-05
1.426957402547129574e-05
1.541736350767612017e-05
1.554345724304408334e-05
1.840304557356542908e-05
1.630942091845147358e-05
1.559981546539896671e-05
1.525436367299098318e-05
1.716479738167528272e-05
1.689684173158898311e-05
1.580969978770514284e-05
1.521062254566173479e-05
1.429978218686911620e-05
1.629470700311038377e-05
1.806143376188453655e-05
1.879706550975388148e-05
1.512838476694078158e-05
1.870867034777060371e-05
1.592769560352378169e-05
1.703088311150764898e-05
1.497839996207860137e-05
1.796538304870587437e-05
1.756683268510779677e-05
1.578526729352155051e-05
2.193915088046559332e-05
1.796963729389626795e-05
1.887793188023966347e-05
1.928951867796089325e-05
1.805931391772662258e-05
1.589050171326874441e-05
2.056120835916569077e-05
1.510526821108323964e-05
1.512544728772563975e-05
1.662689900600963669e-05
1.319884159175280090e-05
1.629205396553969130e-05
1.533967607762620151e-05
2.215234071485331090e-05
3.009647623499118836e-05
3.090594099386068875e-05
2.970798769936190283e-05
4.503629396449724219e-05
3.557011275053847921e-05
3.249663739624568317e-05
3.668302913388454871e-05
3.658956681385340613e-05
3.880821603632934744e-05
5.015834019384825363e-05
6.094176435915429706e-05
4.652123379120682987e-05
5.033832636374067747e-05
6.184920530062405916e-05
7.724080912473873942e-05
8.246667285254911494e-05
6.301680631004605542e-05
7.188748691911139290e-05
1.156879548802028135e-04
9.727836447415819684e-05
1.168232200084266408e-04
1.395545235982527941e-04
1.433498423600607996e-04
2.756023432984340137e-04
3.752496809918490369e-04
3.368042419540920795e-04
8.556110285570198582e-04
7.539058907660364794e-04
1.795199236616131563e-03
1.856744103128126497e-03
3.088902689321069549e-03
4.618555725830413017e-03
5.488803257519328342e-03
7.041678466477839862e-03
6.378922571041218195e-03
8.085546953807360229e-03
1.055599835712781216e-02
1.317495853964498718e-02
1.732333228294757194e-02
2.142343026979359050e-02
2.373509459341034342e-02
3.084505895288256611e-02
3.671830414513360674e-02
4.534476475529156114e-02
5.459097017437414961e-02
5.475504759997892879e-02
5.724789530759892553e-02
5.841561761632618754e-02
5.880406993633333079e-02
6.001728505653692453e-02
6.284885536247217241e-02
6.675623138892031183e-02
7.339852433937490983e-02
8.052335816035346983e-02
8.329835785693932848e-02
9.026840296122276563e-02
9.421249379743612540e-02
9.635484719389425523e-02
1.033352202932800029e-01
1.094074502846383440e-01
1.154648937651665819e-01
1.237669911783362275e-01
1.358778886756020765e-01
1.354816187945372952e-01
1.556943624660834247e-01
1.742034049855917810e-01
2.030237329693289350e-01
2.225819519413183289e-01
2.384323460955600216e-01
2.562347875362150362e-01
2.713090080878939325e-01
2.709938443193342650e-01
2.877357004208910829e-01
3.010942417088117162e-01
3.149387037232747044e-01
3.347284374336570445e-01
3.551041199847475571e-01
3.717429520816410426e-01
3.773040843733567185e-01
3.868317393314987807e-01
3.802294678237977399e-01
3.789621543554052008e-01
3.785605506847502522e-01
3.825216032859863891e-01
3.897375638098969364e-01
3.944007230657459173e-01
3.996239783885949803e-01
4.089201245553212294e-01
4.134760336732847819e-01
4.161803231519056734e-01
4.175246857593699068e-01
4.193983384974883100e-01
4.244660534067399293e-01
4.261929654142620483e-01
4.336716821085083717e-01
4.359294384386058208e-01
4.405235071572334293e-01
4.469332199288607033e-01
4.549148374472971046e-01
4.593730320604410000e-01
4.691731347501756910e-01
4.803071029110078105e-01
4.850688759789777982e-01
4.854983255640511475e-01
4.915553634520382631e-01
4.980087741111677846e-01
5.009292454801791417e-01
5.048620236704263187e-01
5.087571133213559804e-01
