2.162036645052200501e-01
2.036563748500014870e-01
2.004012203382733726e-01
1.979387334214776639e-01
1.956256668317624126e-01
1.819353719270164205e-01
1.747889627415151748e-01
1.881409774088957654e-01
1.045243688623620215e-01
3.972438074180591194e-02
3.198419321591299685e-02
1.557918849627414407e-02
8.696332205206387667e-03
9.369180288945854612e-03
9.141855963307226468e-03
9.862965500497035756e-03
8.620121202476559510e-03
6.192047380420804235e-03
6.753823568921618961e-03
6.795780957519571841e-03
5.989993637179776703e-03
4.283916690947606881e-03
2.348110915623515850e-03
2.034162080113341257e-03
2.460897757502225960e-03
2.084867287082506435e-03
1.878839022831484953e-03
2.045788349104864581e-03
1.261835821156262341e-03
1.349619221501528743e-03
1.107889166035681003e-03
1.066864385584927319e-03
1.055182047921666847e-03
1.145562867503885709e-03
1.029430814924324217e-03
9.884851670774179744e-04
8.429846592264519283e-04
7.619881570888076836e-04
8.486856496131675760e-04
7.743300524698212882e-04
7.355325248815671423e-04
7.289909211269215896e-04
7.084429922742872506e-04
7.031772902039292806e-04
7.124846212252392095e-04
6.778602235816063182e-04
6.665356404541806839e-04
7.097693390788468830e-04
8.485124364049246182e-04
7.923195169539666008e-04
5.193274508308194908e-04
3.223167225698470636e-04
3.682982980055638325e-04
2.752157903954214626e-04
3.977935434684805771e-04
4.714422722817675302e-04
4.704651510516450852e-04
3.573030135105176330e-04
2.363815495059426192e-04
2.200257042704317355e-04
1.890671058151218126e-04
1.962016771818843666e-04
2.108479784839198748e-04
2.239947745327229079e-04
1.931272376028570089e-04
1.700652745804297694e-04
1.446611073906665663e-04
1.604148166011984443e-04
1.766981989541084044e-04
2.491545353255932818e-04
2.474280921117325786e-04
1.667947096728536070e-04
1.166141219396685187e-04
1.238766709123290339e-04
9.929139625349318844e-05
1.121488643436891082e-04
1.374545297046487580e-04
1.755114307568421633e-04
1.513497891598103657e-04
9.708174299693828101e-05
7.744182920232479744e-05
7.679480252857957150e-05
9.620605037700956407e-05
1.001212654649484167e-04
8.703815259399652312e-05
5.158048489902097145e-05
5.942112406763529452e-05
9.575366201137703529e-05
1.022322980456742746e-04
7.709482414887466482e-05
1.070497467460884244e-04
1.113596761201159785e-04
1.017312190965785591e-04
7.394542546700084821e-05
6.138355658358628588e-05
7.141068593133474446e-05
6.771988981555436213e-05
7.465675883300664233e-05
7.323688297355813548e-05
6.828877460125411800e-05
6.762763560158898790e-05
7.907174984554317680e-05
7.992756449106475428e-05
7.163828861826807308e-05
6.374580924668632486e-05
6.407497855901999890e-05
6.119843786447698225e-05
6.205125873972671226e-05
6.270442410067004319e-05
6.493038903103168983e-05
6.458231293003393562e-05
6.198262159666383423e-05
6.121065245482011641e-05
5.716998479744622166e-05
5.807320228389083454e-05
6.018095062231163200e-05
6.357735183206743171e-05
6.573541248452421850e-05
6.479965904639787308e-05
7.294031459107193209e-05
7.211678620905270733e-05
6.800367872336810946e-05
6.762924620324061451e-05
6.838755525837426734e-05
7.685744031793014723e-05
7.413696926788009239e-05
7.218270052410003955e-05
6.665460790485346564e-05
6.437670635238811469e-05
6.319108567683324811e-05
6.147134996188521709e-05
6.152470122587344462e-05
7.009356957934954077e-05
7.421550840889726405e-05
8.009247337246469891e-05
7.165201688782648921e-05
6.362701876004762556e-05
6.413042931850583279e-05
6.413836274255024577e-05
6.600992327519364139e-05
6.865906972798539710e-05
6.677570615298556974e-05
6.126322434989099988e-05
5.817960467146672613e-05
5.819403671735629317e-05
6.920114602911997938e-05
7.129002727290220187e-05
7.041156579762373276e-05
6.577921039309626383e-05
6.102064268722839587e-05
6.082782180788726340e-05
5.969087315863761669e-05
5.850883362050366359e-05
5.569435447176753005e-05
4.722020123505173947e-05
4.373154226328413314e-05
4.818639759713273731e-05
5.508505402596395152e-05
5.098926235506349167e-05
4.959022850344043737e-05
4.669953096926503054e-05
4.378048632148944463e-05
4.235529442848839552e-05
4.287514154575077267e-05
4.449190835537100122e-05
4.540565936402165105e-05
4.455591227143966082e-05
4.390402166176219902e-05
4.721210511728013632e-05
4.657276091860257562e-05
4.507555854436907217e-05
4.495159264419879529e-05
4.898015019812598585e-05
4.900562392962601197e-05
4.968303869216398000e-05
5.036040031555576141e-05
4.796553364129392685e-05
4.303205107010119566e-05
4.083309250499772130e-05
4.116313317438591253e-05
4.013961630788952538e-05
4.063291192253198078e-05
4.577425048104557891e-05
4.870308520842468470e-05
4.896634367704685517e-05
4.257981163468438124e-05
4.486474407463328384e-05
4.196761722093287180e-05
4.026275670891960018e-05
4.399347704121865806e-05
4.667720081869800882e-05
4.714734515132029962e-05
4.763429545005681983e-05
4.759256975511353918e-05
4.941848182355956630e-05
4.702354925078698275e-05
4.310158153872495064e-05
4.127800042575079765e-05
4.111981568663310979e-05
4.266251416516709995e-05
4.385140532080056112e-05
4.525411635947902239e-05
4.660911001766560534e-05
4.891138086048942691e-05
4.612664314318204022e-05
4.534134202608839856e-05
4.510946267063808702e-05
4.432315049589016635e-05
4.586905025516639265e-05
4.635352327346087926e-05
4.642650358643308475e-05
4.735776084413679903e-05
4.691676589453950370e-05
4.602879740715318008e-05
4.462959803007275107e-05
4.409926686180633357e-05
4.425471657851365580e-05
4.855727729306139951e-05
4.869868492247864420e-05
4.877696716324653262e-05
4.583832695961868517e-05
4.325412602833412037e-05
4.487956424461642487e-05
4.567559645110341103e-05
4.534417454208674176e-05
4.461288693033881660e-05
4.383972978108982538e-05
4.646470903385972241e-05
4.669669444520753042e-05
4.513416395518208456e-05
4.476970915204582648e-05
4.482585631047395034e-05
4.656201367279512714e-05
4.646641244977923059e-05
4.711652901021163399e-05
4.585000834841308271e-05
4.192390803979659833e-05
4.212248746616795684e-05
4.019857752940998014e-05
4.013426177500708581e-05
4.139988740692413590e-05
4.144021182347949549e-05
4.221113576128916625e-05
3.885204760849357705e-05
3.772346498692516877e-05
3.938829330054653205e-05
4.035360801346092688e-05
4.085774098008569872e-05
4.243912455495128479e-05
4.150862952033470811e-05
