3.655173333750522113e-01
9.570804274862206376e-03
1.858938543234623601e-03
3.874483202825641770e-04
2.175408910385765891e-04
9.469162897683806618e-05
1.420588730806521282e-04
9.431637573158902649e-05
5.637633724186836632e-05
8.890635757474514187e-05
7.883549970622366555e-05
6.884211642525714652e-05
6.008548062784917703e-05
5.468580931829707402e-05
7.160833062109439519e-05
6.049777948450560166e-05
4.294740297883615983e-05
5.574773009370988106e-05
5.948215814240075615e-05
4.990073049220716974e-05
4.319535027180476129e-05
5.306916200002910347e-05
6.908394341475086373e-05
5.145458506824717853e-05
4.615714564029211556e-05
4.468707843176824245e-05
3.799086400168635174e-05
5.140992654069576539e-05
3.351422785780673770e-05
3.036489628172118330e-05
2.434292221197519634e-05
4.237010007044637779e-05
4.070019447715879639e-05
3.794467188231315371e-05
4.767178791220319224e-05
6.036033426926366114e-05
5.473461611146342349e-05
6.937206124210065045e-05
1.351373807545844816e-04
1.390239902380028701e-04
2.155586830331649925e-04
2.193577566798136631e-04
7.064400937843899955e-04
7.634999311954310426e-04
2.975009578135539255e-03
8.112245393921850567e-03
1.840476149447456758e-02
3.113598581838468091e-02
4.688634942322844612e-02
7.519578516881476882e-02
9.785008196784966694e-02
1.576905354454865016e-01
2.000684864487475012e-01
2.453406815244648653e-01
2.889720361285195160e-01
3.256498914327391470e-01
3.666630468094131401e-01
4.360296516355174901e-01
5.412983863708101806e-01
6.919652091783305980e-01
7.261163228903755318e-01
7.571046842620834383e-01
7.818729583465811039e-01
7.929556173633727223e-01
8.183827045515927878e-01
8.487266612221409101e-01
8.917942591557354026e-01
9.324623413311913245e-01
9.464977628268536058e-01
9.530577763215432041e-01
1.013582583416861027e+00
1.072986072006131053e+00
1.126538939769118786e+00
1.162922356438147897e+00
1.205460148834767153e+00
1.270844390608990349e+00
1.316029641059560218e+00
1.348291291754598831e+00
1.379937544447909170e+00
1.442764213515481675e+00
1.546139133224383011e+00
1.659908977254898721e+00
1.749070461610955141e+00
1.869062478280931305e+00
1.947599406673310662e+00
2.019749495460986921e+00
2.060709973078734158e+00
2.248599669186652328e+00
2.381605200175926473e+00
2.473373429571303461e+00
2.643059564623110091e+00
2.771414683256614886e+00
2.886947370704473492e+00
2.955896426206872540e+00
3.044792945028424569e+00
3.187685984686690510e+00
3.301819473808162098e+00
3.392415476849640399e+00
3.503674249948142361e+00
3.613379782085990310e+00
3.636518752882111905e+00
3.610674176985802397e+00
3.600212584436724317e+00
3.602010066369738972e+00
3.614716139510728343e+00
3.641982125434754192e+00
3.646066473698663657e+00
3.669648749576096325e+00
3.705344486306171969e+00
3.727456154408817390e+00
3.731249539218923328e+00
3.728901611982974096e+00
3.737645396094280148e+00
3.761417948935517952e+00
3.797494470599730221e+00
3.835499346080191163e+00
3.853670466941644168e+00
3.883636630661641664e+00
3.926486854299376716e+00
3.971928774539065010e+00
4.012485509521023452e+00
4.063804944443129230e+00
4.140708225430953071e+00
4.188620821757180757e+00
4.206963202407979274e+00
4.244847526051580999e+00
4.303517883498887642e+00
4.413558354520142224e+00
4.500312914754443838e+00
4.603554113772622358e+00
4.689428947315486873e+00
4.808665917288893255e+00
4.868551272773790295e+00
4.902929534824151503e+00
4.947576593124709099e+00
5.006555326022861685e+00
5.100782798653347605e+00
5.218422770220809248e+00
5.341539039620140095e+00
5.469121442356826179e+00
5.666761935133978412e+00
5.895753421332670996e+00
6.030282389271407695e+00
6.080695966319212609e+00
6.204608919358281405e+00
6.349843920313535506e+00
6.408198456972632684e+00
6.513203935247315002e+00
6.642691754584750363e+00
6.790557378462128035e+00
6.841234039007261458e+00
6.942491369441008864e+00
7.055761661804717200e+00
7.175004220514258790e+00
7.221985431142166512e+00
7.265661431762841183e+00
7.319133030359988190e+00
7.333618901365649201e+00
7.386146882461285479e+00
7.419754139826075345e+00
7.441673081325775208e+00
7.468688168583641485e+00
7.506942949118319497e+00
7.580198405931321659e+00
7.735314283232610499e+00
7.790370630717710299e+00
7.910472793760567889e+00
8.007314880907056676e+00
8.199458802247809430e+00
8.471609384544247945e+00
8.587415184462383166e+00
8.820730936719405335e+00
9.064458017567373460e+00
9.090679067941110247e+00
9.338421471174775945e+00
9.425163600601580427e+00
9.518697475066810298e+00
9.682630891000281181e+00
9.883871979812639097e+00
1.005441532238348579e+01
1.022593717235881883e+01
1.040540059398944095e+01
1.065079110707324084e+01
1.088548695850018078e+01
1.099207781227881142e+01
1.107541900481046504e+01
1.119103875848868590e+01
1.131531179277471466e+01
1.133384966274332051e+01
1.142495667131329817e+01
1.152092110415363102e+01
1.158448018186818196e+01
1.164288171137658878e+01
1.171966137444380607e+01
1.182361895427859011e+01
1.191773481474593233e+01
1.200744281184156215e+01
1.210574107333317606e+01
1.216257718637282359e+01
1.222653426577563351e+01
