5.181245798609466352e-02
2.854417190979546999e-03
1.158773756454890792e-03
1.011919018407874847e-03
9.764432684456078810e-04
9.783007956792942432e-04
9.731333339505970426e-04
9.710504038553995293e-04
9.831718045607276343e-04
9.719746979386441766e-04
9.788162426067664647e-04
9.903065794704657941e-04
9.931725813894425135e-04
9.738327623702355135e-04
9.709416459882687497e-04
9.343231593892188701e-04
9.693676165587493182e-04
8.703672213900406690e-04
8.839307246108067976e-04
8.091493038640966461e-04
7.925887361686120673e-04
7.195512206568959899e-04
6.791734527615107212e-04
6.326749836007043108e-04
5.483836870913881773e-04
5.304938002161108676e-04
5.235787802480829610e-04
3.157348209336829806e-04
2.709499471078143052e-04
2.042757520736946265e-04
1.718104407174090968e-04
1.627878949664582407e-04
1.410185836719274376e-04
1.302007399262209006e-04
1.220803351117472676e-04
1.180664986663251424e-04
1.063378605008081498e-04
1.018282201037059063e-04
9.608510768612463779e-05
9.418412381354955999e-05
9.379690139415099246e-05
8.765437037219421556e-05
9.048215542067740490e-05
9.038812671248637205e-05
9.752632714890165197e-05
8.211483484989454465e-05
7.375595619209829334e-05
7.591043487664605647e-05
6.848522660793394782e-05
6.420661341299326670e-05
5.843695129496149956e-05
5.690714532273214907e-05
5.908320014557778106e-05
5.869799474698864208e-05
5.935726727419451064e-05
5.553861512314669634e-05
5.107188155117034533e-05
5.072929398796736765e-05
5.311128942822896932e-05
5.092720494574580118e-05
4.595779470162696784e-05
4.661711484210409259e-05
4.377437376282643905e-05
4.100109622115913555e-05
4.126937685959019983e-05
4.092987143410706539e-05
4.131483053824648490e-05
3.978113594768581146e-05
4.184687135792221655e-05
4.369199614817769763e-05
3.920626421773187149e-05
3.671376556424008633e-05
3.323998794771463558e-05
3.240605837195931259e-05
3.536192801538043200e-05
3.891712243118616111e-05
3.700301946359733061e-05
3.551772740727075539e-05
3.264422882754894470e-05
3.401467359571891988e-05
3.329249349398622095e-05
3.512158419813005491e-05
3.510710609381309793e-05
3.485150100495478973e-05
3.395544159274554091e-05
3.168659150299032708e-05
3.129357522938209184e-05
3.260609925663576693e-05
3.315588952603448606e-05
3.454978275669644624e-05
3.128095441731731902e-05
2.970519029979917756e-05
3.038972608951548123e-05
2.876515811703434455e-05
2.915301910646647701e-05
3.012976260995789190e-05
2.946433692925049869e-05
2.956922249424007732e-05
2.956589479980725670e-05
3.420810076443648299e-05
3.646605890885893053e-05
3.505623384526852527e-05
3.265019754447437059e-05
3.350251771877144367e-05
3.346324996856968223e-05
3.116447764521526544e-05
2.922664808589063533e-05
2.894522148400165582e-05
2.966769142803692171e-05
3.141379883724297622e-05
3.113601899379860076e-05
3.098114286256834003e-05
2.868347894455913890e-05
2.950388867015421368e-05
2.882277669050063747e-05
2.945773356440283471e-05
2.773758371226044101e-05
2.852607302900483130e-05
2.985155459465528419e-05
3.052369384561693993e-05
3.166263887090243871e-05
3.118167767490507512e-05
3.316817174494419220e-05
3.208245131667447782e-05
3.016109977844980646e-05
2.865660267038691104e-05
2.688978628001375054e-05
2.806971609766388176e-05
2.831741215363101801e-05
2.893102496210254285e-05
2.914132070533627126e-05
3.008804537075525248e-05
2.933219224492311891e-05
2.676317530732708023e-05
2.648164622305633481e-05
2.825567303957020869e-05
2.664699233743550924e-05
2.600655516296263001e-05
2.547491562483499889e-05
2.739690681384294882e-05
2.813518829189269859e-05
2.776939525739369720e-05
2.947400132585981111e-05
2.938307070460563573e-05
3.013294235989857233e-05
2.793962853467118348e-05
2.773482506585833211e-05
2.955539986692332617e-05
2.913076808141225812e-05
2.753140978081650912e-05
2.496063421848498541e-05
2.564731085340365985e-05
2.620072748294459853e-05
3.077312460483506106e-05
3.014426964969537580e-05
2.929874334226553493e-05
2.690418110203432104e-05
2.628830608564675740e-05
2.803849640863829759e-05
2.741630699403134800e-05
2.650244364018254455e-05
2.578035932538449732e-05
2.703630285597017767e-05
2.787046802779248527e-05
2.854045043941416952e-05
2.791436093360689612e-05
2.618471966404525397e-05
2.688706985163782560e-05
2.716222055281720867e-05
2.733542663116770552e-05
2.671120881432630266e-05
2.699931360186816440e-05
2.662921712824487322e-05
2.626822091688022772e-05
2.544764682592176160e-05
2.468007448928408927e-05
2.439418602935711098e-05
2.456579033475923566e-05
2.457045843605230688e-05
2.507372681474774907e-05
2.522769095191521803e-05
2.436377811081610607e-05
2.530945948352031135e-05
2.636609229136067166e-05
2.671659867431122552e-05
2.646292899995369746e-05
2.593036248354417496e-05
2.608142421932966749e-05
2.555439060201438270e-05
2.599750400665069668e-05
2.537739798049220766e-05
2.531194523054957173e-05
2.566579316648413435e-05
2.720626723244753877e-05
2.709580357399473007e-05
2.677526089108487589e-05
2.600584896817730927e-05
2.735256458123205804e-05
2.651061110331134820e-05
2.649733310152752882e-05
