2.060878200798389737e-01
1.387174745721030111e-01
3.705648146650314390e-02
8.488872857138989730e-03
2.417733225986244509e-03
2.094792811715335407e-03
1.827071766532392021e-03
1.547029201765225733e-03
1.174721461565984750e-03
1.136312145129813765e-03
1.085666709705124418e-03
1.062491997449128761e-03
1.065453271672366304e-03
1.039876899667104612e-03
1.064158937757163966e-03
1.045701013473439387e-03
1.045598046913493720e-03
1.049259088252583062e-03
1.035434689577797432e-03
1.036248570167308579e-03
1.030066477604134464e-03
1.037290756872164509e-03
1.034660644497119916e-03
1.022805433311634732e-03
1.031225550072667300e-03
1.035343475168347578e-03
1.025374434485514311e-03
1.030029415743381792e-03
1.030884809652246646e-03
1.028554786251872520e-03
1.018882859160470233e-03
1.025266521880883932e-03
1.021767257647323863e-03
1.017055278972239405e-03
1.013109027054288165e-03
1.017178871174759160e-03
1.023290251396195144e-03
1.026018358310909224e-03
1.018986530739143977e-03
1.015617729964534473e-03
1.019540117412988172e-03
1.007877201777396562e-03
1.007132120650188400e-03
1.012768509954044532e-03
1.009359617407158205e-03
1.009440277400879297e-03
1.011703168559702952e-03
1.014271610900599604e-03
1.008498122410177297e-03
1.007797687417660067e-03
1.008748386348664499e-03
1.008551336763630762e-03
1.007451992356034071e-03
1.007038460999834907e-03
1.006341397834879846e-03
1.004685557512482313e-03
1.003434250933347115e-03
1.009447381907242931e-03
1.006335650893970144e-03
1.003755209913245478e-03
1.000139752613672488e-03
1.002312898837172004e-03
1.000762387822974782e-03
1.001797738807884896e-03
1.001199984535294362e-03
9.935110846785333728e-04
1.002044196058892540e-03
9.944074890792153811e-04
9.950767748325146760e-04
9.979771092128567923e-04
9.891833295111326051e-04
1.000793173393410129e-03
9.937545603281175768e-04
9.918947052509773012e-04
9.921987476761591745e-04
9.897148419271181285e-04
9.949357946879625308e-04
9.917677512603436003e-04
9.907501476899573632e-04
9.895589655247269845e-04
9.904737584725620617e-04
9.831123410447657404e-04
9.882706326513562931e-04
9.900841850590694302e-04
9.862470877861125723e-04
9.876539978968957700e-04
9.830737908965950667e-04
9.837646094943905406e-04
9.847897795621110648e-04
9.855284634407300744e-04
9.816210947567796923e-04
9.795199034839229685e-04
9.877816261346439915e-04
9.813690985594522142e-04
9.817849111444345092e-04
9.799124770150874700e-04
9.816559753642155068e-04
9.795230428619201152e-04
9.767969940341653546e-04
9.781691360543870277e-04
9.829143372159206485e-04
9.820563848220685566e-04
9.801420800482597232e-04
9.781226181869735053e-04
9.824753338607682563e-04
9.768629228347675865e-04
9.769575288586936860e-04
9.757085558470644923e-04
9.802709939854023329e-04
9.758229651285981300e-04
9.779791583838369929e-04
9.774343914689452659e-04
9.738065134007509692e-04
9.755548818765532324e-04
9.748923382875480286e-04
9.742016625898178165e-04
9.740726383156723261e-04
9.772683677616834062e-04
9.726794073416672893e-04
9.723951782133296489e-04
9.759825719367303106e-04
9.736099974645414734e-04
9.723667209403889919e-04
9.735521330403170770e-04
9.756900347436186583e-04
9.736853534306459277e-04
9.726507208115153270e-04
9.768484441723841987e-04
9.709237866440634203e-04
9.714869255864415050e-04
9.709987505000542904e-04
9.718722347152419609e-04
9.718653980413952337e-04
9.744648432711950324e-04
9.758842464337739910e-04
9.767997668844333268e-04
9.820843818147519458e-04
9.759435208409363016e-04
9.769699273711885800e-04
9.735407697927728806e-04
9.826669704441229423e-04
9.697597456208379091e-04
9.697154567303767261e-04
9.714255496532345387e-04
9.721686381278733845e-04
9.708686654265535421e-04
9.751585353581894780e-04
9.720354573037057536e-04
9.698878815989721075e-04
9.692570035953072729e-04
9.708409245828857797e-04
9.756652251393715730e-04
9.677462064058627933e-04
9.753869572264619019e-04
9.762444763037050541e-04
9.706077124613017191e-04
9.682608725310164893e-04
9.727328250910549645e-04
9.670200996997316192e-04
9.723742102779657460e-04
9.682085972584560411e-04
9.721530108237854588e-04
9.767076046764474207e-04
9.800374092127860613e-04
9.717440486836716488e-04
9.739112352349718485e-04
9.718124796868479265e-04
9.766585957700039001e-04
9.810424943836287652e-04
9.871410384485550769e-04
1.001465669987252737e-03
1.021582149425511506e-03
1.009087991438564584e-03
1.036436194900878811e-03
1.065406497459693742e-03
1.089223064192380852e-03
1.206559489054743377e-03
1.672910027945211141e-03
2.219836257213098681e-03
3.904590408905393804e-03
5.812016309085427102e-03
7.585333708170334532e-03
1.052167735012265494e-02
1.422517862065444082e-02
1.631825010308099455e-02
1.881015712847642143e-02
1.870066602252805008e-02
2.059037121151478106e-02
2.144103949058957445e-02
2.183421258698337378e-02
2.316057621970457267e-02
2.530050408456449226e-02
2.792771946356860033e-02
2.852027017679271970e-02
3.006832222199717214e-02
3.159366869495821434e-02
3.360611743428910947e-02
3.435680505321830197e-02
3.501638263868360468e-02
3.578105760398696961e-02
3.602500172103315079e-02
3.633850037072789557e-02
3.702687631645138616e-02
3.679030916791917183e-02
3.730529912715290636e-02
3.697773048579172661e-02
3.734035837202134833e-02
3.745436008340909811e-02
3.821608344786545791e-02
3.788982972314374614e-02
3.804376591998452628e-02
3.797026660436741974e-02
3.814704451273562280e-02
3.815747898908408015e-02
3.723373339077458433e-02
3.779297856383755094e-02
3.784246938286466022e-02
3.774723461837790200e-02
4.025590029344272569e-02
4.282683898371963949e-02
4.343892211430219752e-02
4.638765690996334012e-02
5.059021205074291927e-02
5.570971773285640638e-02
5.879475991661328727e-02
6.206636616860772282e-02
6.712784269423290040e-02
7.011615981200419734e-02
7.453360106766371285e-02
8.398422016353887520e-02
8.773044221550491129e-02
9.247454695386976564e-02
1.011125814054185390e-01
1.087878810781475886e-01
1.177739370200119179e-01
1.268524106833985587e-01
1.414797935630877634e-01
1.481929733541614835e-01
1.569810994954372596e-01
1.678755579037106427e-01
1.731706153246143076e-01
1.792629884339143054e-01
1.926066574372536089e-01
1.992468378953524133e-01
2.055376792895884097e-01
2.093601332147817240e-01
2.172087123589112601e-01
2.300459019501599478e-01
2.399888953495319388e-01
2.612905831683256519e-01
