3.013184777749465248e-01
2.212207539720907334e-01
1.316154953252051951e-01
7.304772860685192215e-02
5.024866681077840708e-02
3.657438114971631182e-02
2.519586014129442803e-02
1.794343878690026622e-02
1.567766157013279066e-02
1.080740574021322488e-02
7.974219228218700287e-03
6.087953777370752953e-03
4.240564366339875588e-03
3.925569964799627623e-03
2.672355675036286807e-03
1.798678889419791675e-03
1.466827441175857106e-03
1.194293516076729879e-03
1.170704880384152357e-03
9.030534770368205425e-04
7.933138080462723892e-04
6.714868325521193690e-04
6.646190834188380001e-04
5.757442275840674722e-04
5.838300568227185400e-04
6.038518484144811144e-04
5.012998950940006273e-04
4.317364466430748484e-04
3.764023069390570351e-04
3.331656805519538338e-04
3.139981113109689172e-04
3.103379569687279957e-04
2.602620801055833362e-04
2.662925424782906455e-04
2.711793749426332834e-04
2.710388982855466166e-04
2.616844029147992728e-04
2.730297349973551243e-04
2.446878764981104707e-04
2.086419226547047779e-04
2.038817289679017704e-04
2.028281691690793018e-04
1.945957794688876448e-04
2.031750975027213563e-04
1.826711287470202333e-04
1.782391038812785103e-04
1.804194773882660387e-04
1.710864425679777163e-04
1.700045928527909147e-04
1.788581632197204009e-04
1.719001195071968402e-04
1.613767190543664723e-04
1.613542174007656302e-04
1.538628290337856297e-04
1.538194155337281664e-04
1.520934547821791555e-04
1.381877061804623699e-04
1.556087747741972233e-04
1.412043728798138571e-04
1.466487775257297366e-04
1.498590988301211054e-04
1.405502320906056870e-04
1.398968463425724444e-04
1.339745938682263796e-04
1.454410795285630213e-04
1.491913520668910369e-04
1.429361682813230414e-04
1.416190886271913340e-04
1.371812604773290777e-04
1.276991280375292805e-04
1.210988939440372147e-04
1.204431138925442929e-04
1.178205440651196643e-04
1.198463738398597211e-04
1.190305352272316659e-04
1.300040314749686791e-04
1.272570136691313157e-04
1.185601789009949059e-04
1.230909885523764208e-04
1.186809872660013411e-04
1.185263908829461109e-04
1.187743123344164935e-04
1.206401484702349368e-04
1.133244377652434763e-04
1.172154159296823060e-04
1.156639372704316570e-04
1.237217132499253793e-04
1.172925056666030737e-04
1.187401126491535193e-04
1.081809464802549947e-04
1.037032910729312807e-04
1.107132327788066693e-04
1.138203868248491209e-04
1.095368616118848831e-04
1.098859053478411387e-04
1.059757722205381528e-04
1.054065641924486737e-04
1.030819392154518559e-04
1.106457476928287886e-04
1.064374204385214249e-04
1.135641319367290648e-04
1.117558590459323602e-04
1.060877707730011993e-04
1.038021394585459143e-04
1.061537985658734466e-04
1.048573353816925673e-04
1.064910124007138455e-04
1.073654222715548129e-04
1.121356609985630639e-04
1.052959192893263983e-04
1.059340262562111733e-04
1.074423438042525968e-04
1.020950029279375462e-04
9.880334119394314370e-05
1.080963244036070077e-04
1.078756782942617203e-04
9.583042730698048512e-05
9.963936872009774778e-05
9.513348863070718385e-05
9.652279420089169225e-05
1.024162736550438192e-04
1.026926099127537369e-04
1.027914700469823879e-04
9.396374233421279844e-05
9.593397750736345575e-05
1.080008073752819557e-04
9.092311510402182381e-05
9.495186143070842848e-05
1.000636663543091138e-04
1.044471328980696087e-04
9.548544024401750866e-05
9.164869388645091608e-05
9.322719560850833422e-05
9.525724824733600377e-05
8.822848358542942783e-05
9.239861746033841187e-05
9.951345202776513412e-05
1.005134660173172560e-04
9.331165362609872239e-05
9.748974418093642538e-05
9.602241185124009296e-05
8.655439120725815535e-05
9.369236435127524857e-05
9.763965247707546632e-05
8.899954486491042560e-05
9.157415108357062276e-05
8.788092229316918325e-05
8.529705575760796951e-05
8.110378840221383365e-05
8.892673312522867855e-05
8.614267151889530246e-05
9.667978725141138628e-05
8.381036242599519269e-05
7.695830525159281913e-05
7.868878333272410098e-05
8.130229403627384655e-05
8.696402310862577428e-05
8.993860434834048765e-05
8.620376790340457483e-05
8.667049272239284305e-05
8.009835156692794516e-05
7.347836525268552237e-05
7.208220718175232329e-05
7.929349141569231956e-05
8.594964663265474304e-05
8.478947003774214473e-05
7.309198021024498480e-05
7.541131007751651985e-05
7.303302649061104573e-05
8.139740181905203754e-05
8.163602031810890565e-05
7.684298638153705765e-05
7.491903749036896913e-05
6.744597987662271537e-05
8.011310758339604602e-05
7.508775891430323468e-05
8.182558740417701312e-05
7.685270091212466142e-05
7.142758186617428082e-05
6.619264552868986135e-05
7.274219803924254595e-05
6.999653327219213688e-05
7.364141072228038646e-05
6.928588688755750577e-05
6.873743218676656131e-05
6.815364498279506060e-05
6.944394615765892703e-05
6.718532169326237534e-05
6.729161788341369449e-05
7.242885367238490282e-05
6.487954582209405185e-05
6.867484680841630287e-05
6.370918114929097101e-05
6.281822928365902873e-05
7.003068221421153319e-05
7.658716744154778634e-05
6.884365265986706005e-05
6.382755941700270870e-05
6.652389940889686022e-05
5.945196066491877980e-05
6.910433011503489789e-05
6.382144613382554515e-05
5.902225931676651069e-05
5.824287303450974567e-05
5.798665284646648585e-05
5.501508344783079968e-05
6.390375348497512537e-05
6.029719483479409320e-05
5.969179280102558844e-05
5.758786710887546804e-05
5.287492920713814326e-05
5.401071106754419396e-05
6.263348073140526692e-05
5.860923619309465831e-05
6.262469643668942094e-05
5.221941121341160472e-05
5.592231619210773853e-05
5.554150234684605538e-05
6.133313548878164265e-05
5.590922589469210139e-05
5.441799939264825895e-05
5.591901620941490479e-05
5.650425945616186364e-05
5.977204090046144003e-05
5.508213107920341205e-05
5.214016720351276649e-05
5.295699501147210683e-05
5.090220244855252538e-05
5.165825873477780341e-05
5.598939022150404437e-05
5.360544846301681639e-05
5.121827740269973189e-05
5.011556029591098958e-05
5.066144131809263338e-05
5.046405777890606621e-05
5.378358517055370600e-05
5.109566944476485204e-05
4.774441057567148594e-05
4.986193694313482153e-05
5.258010586814902660e-05
4.837998721887726283e-05
4.752147278804351861e-05
4.755216662927495467e-05
5.015990348644854371e-05
4.995655984989441081e-05
4.962905254554595324e-05
4.690065868106198596e-05
4.685019234498528326e-05
4.912319923490146204e-05
4.776246137505667737e-05
