9.375789388668007108e-04
1.897223204317943497e-04
9.122533079068990557e-05
3.232481264614710210e-05
2.874285215624888560e-05
1.315432341961209626e-04
9.838613933151694872e-05
2.969534903573111331e-05
2.349219302884002783e-05
3.153292779159354796e-05
3.020815541589323482e-05
2.820845257403833620e-05
1.823762247974835488e-05
2.807060215858742138e-05
2.436293439166712320e-05
2.325307661084319403e-05
2.102856274100467984e-05
2.057562957026002164e-05
2.114432031771415555e-05
2.119153105478633847e-05
2.215204239415359089e-05
2.139035835027914152e-05
1.999641442325303839e-05
2.491060247297148205e-05
1.891287870643586225e-05
2.200783062601554426e-05
2.012837218830690520e-05
1.972890708067499501e-05
1.693947926298587322e-05
1.972208444905303469e-05
2.094939653749864337e-05
1.855826616066074913e-05
2.036192960387834833e-05
2.004445339286863866e-05
1.810211965046944747e-05
1.969864814072203491e-05
1.923074221374036194e-05
1.800333364674251113e-05
1.726221407891448569e-05
1.764867705053582169e-05
1.863038067788055815e-05
1.723118537091797826e-05
1.942038019114568654e-05
1.692055665639506521e-05
1.519336214186184234e-05
1.810500666939280796e-05
1.715069991238626107e-05
1.915453512639471724e-05
1.656078136274469258e-05
1.476162799694953893e-05
1.190006086456494569e-05
1.385410013990855192e-05
8.282940758828259914e-06
7.792040893696201051e-06
1.165823830175055119e-05
7.303133699480208350e-06
8.334570847271366084e-06
7.481075102642252500e-06
6.177708995273110390e-06
6.523697983123115279e-06
6.718745155361031006e-06
4.942170270473703841e-06
5.278137865485699648e-06
5.551100884690075539e-06
6.185278876178412159e-06
5.371982756258023286e-06
4.358482414438640052e-06
4.769968328672486938e-06
6.058959692966726995e-06
6.630530158154914497e-06
5.829212272916864534e-06
5.525201588248191129e-06
4.791335016340107599e-06
6.397936500884823353e-06
6.466279189241534019e-06
5.521145312775216840e-06
5.961382542395776772e-06
5.583274679985360759e-06
5.552632189478288778e-06
6.396945513214945555e-06
6.525955200464921963e-06
8.141597229993363937e-06
8.810306604407194128e-06
1.678437339774441632e-05
3.079066484911105586e-05
1.979877697282498889e-05
1.192429913969454655e-05
1.938743557572823579e-05
2.049508208622237421e-05
2.336093090224330079e-05
3.654318062218390230e-05
5.745860332986454748e-05
7.455044636222804555e-05
1.085661670438995362e-04
1.064467165930883520e-04
1.170977121487273454e-05
3.593485025863502931e-05
2.205190577560737347e-04
3.290163012605091153e-04
4.868037576153584232e-04
4.233488061183631824e-04
5.014231131642056267e-04
7.269608131110369626e-04
9.542428646867811637e-04
1.110683241592375341e-03
9.106341211814188586e-04
7.794077098527619389e-04
8.571290156929099562e-04
9.750695060651425484e-04
1.059443454644834340e-03
1.032603541823400375e-03
8.522050443018945945e-04
8.791028461677500043e-04
9.503559903016095458e-04
1.060831609552009488e-03
1.045565826504590715e-03
8.772179896310166886e-04
8.573088480248854332e-04
8.290931589072477511e-04
8.747966132169223948e-04
8.951236646034486108e-04
8.628091217343958645e-04
8.823948358852078339e-04
9.836922457315032745e-04
1.122945083038959799e-03
8.451398655123087012e-04
8.203281732528987322e-04
1.209459526256264879e-03
1.543120500982424854e-03
1.592429828660445624e-03
1.470306276926298516e-03
1.417146393614118283e-03
1.621901109326920375e-03
1.919012269276969317e-03
2.202651527534806551e-03
1.797324246591395407e-03
1.593703928899035732e-03
1.596517090597911106e-03
1.661896722476637056e-03
1.651895465812223225e-03
1.560710189498745347e-03
1.577577099841555091e-03
1.673415842217832730e-03
1.715824357221789167e-03
1.866170771143853963e-03
1.809175869556082410e-03
1.911240955712957589e-03
2.028497034870973496e-03
2.232436514914295199e-03
2.297856833972398982e-03
2.581388082926603950e-03
2.911791207245943876e-03
3.302005457776520034e-03
3.819265952235458960e-03
4.242458546546406389e-03
4.186744111867905620e-03
4.013651469768743894e-03
3.988031898711669708e-03
4.145772084529116171e-03
4.357406607859879918e-03
4.273331452877527151e-03
4.292652134222640047e-03
4.368311783905429874e-03
4.493679702935936444e-03
4.662812532787869065e-03
4.561991068677235389e-03
4.599048293714918384e-03
4.687856541183134558e-03
4.873567199478080411e-03
5.094684927584949320e-03
5.126405261591050581e-03
5.081399161532849929e-03
5.147621955316768194e-03
5.165484148761495878e-03
5.278788426119216705e-03
5.239692418084802676e-03
5.204728034434833069e-03
5.113141122250774474e-03
5.118915003930477395e-03
5.144515735469772436e-03
5.148586735730272847e-03
5.139189498240968185e-03
5.191455984234698284e-03
5.352871114464254412e-03
5.599383464029232885e-03
5.619750920839769633e-03
5.411796838568869693e-03
5.404980287125534487e-03
5.285840082024318744e-03
5.125788076504921367e-03
5.097487305942374237e-03
5.134076077533099303e-03
5.180885745272498753e-03
5.324404713316815800e-03
5.432722069961449032e-03
5.605023698577629547e-03
5.464513693872984079e-03
5.408308394225981412e-03
5.352354553690268253e-03
5.422282706824723374e-03
5.320510526332498935e-03
5.436318250766626094e-03
5.532929070349071853e-03
5.978447842343927697e-03
6.409715349039364109e-03
6.375990205187716427e-03
6.398038022439874600e-03
6.569010702026382466e-03
6.738988269753396279e-03
6.837142501048144860e-03
6.770904565713640327e-03
6.667195585551387652e-03
6.530345088333852285e-03
6.537393990499253647e-03
6.622350015349076115e-03
6.582653602226607933e-03
6.716153768391131852e-03
6.799035463415247296e-03
7.039162964573315168e-03
7.308109076763285097e-03
7.238510375597707533e-03
7.293130181475735579e-03
7.422178234445003971e-03
7.579999230411782994e-03
7.922023161905858771e-03
7.837132674319383444e-03
7.894084011428900358e-03
8.059996736426112626e-03
8.220197271434801986e-03
8.349892576782787582e-03
8.228893680320963772e-03
8.337939137525240269e-03
8.468972937883121818e-03
8.595060514339178739e-03
8.693619287425968095e-03
8.572822706522474981e-03
8.656004522605433016e-03
8.778704308184736432e-03
8.820816328005428794e-03
8.883331309374383269e-03
8.786492313819165012e-03
8.898508856892292651e-03
8.976428738969676954e-03
9.086615837642980295e-03
9.290123211242042045e-03
9.271754961287421298e-03
9.290860140634120412e-03
9.384592753173756630e-03
9.456902349349413650e-03
9.498551602797722371e-03
