9.986818461770148592e-02
2.228931531357550982e-02
8.372381528810340923e-03
4.409537858962535480e-03
3.129596044818429464e-03
2.903656743503762148e-03
2.239588472080640460e-03
2.065957622105870500e-03
1.537218568565388481e-03
1.513644181621671882e-03
1.410868768732566770e-03
1.308556526547704092e-03
1.347986747456567363e-03
1.269055215978967619e-03
1.109513239747651325e-03
1.099410110967177171e-03
1.100453188949403367e-03
1.138164988278758628e-03
1.161216744840700690e-03
1.187665686080295515e-03
1.195969627732650217e-03
1.145059063100268421e-03
1.068926425443665531e-03
1.066959693850140023e-03
1.088869928432849602e-03
1.114946363271061358e-03
1.057790465371982345e-03
1.090620545119004884e-03
1.165128511701660945e-03
1.201285098017580884e-03
1.315620010352983212e-03
1.217219041583805696e-03
1.128590330410300744e-03
1.069909945615810229e-03
1.017153649353250231e-03
1.067916226130255714e-03
1.065491792085878015e-03
1.082781057183604531e-03
1.126012242765708597e-03
1.108028364093892023e-03
1.165902039581481666e-03
1.101389006407728008e-03
1.024723837226865480e-03
9.430771645535332990e-04
8.576228488764944292e-04
8.948073711519935382e-04
9.416916350749732212e-04
9.640700945749656201e-04
9.914916633448277953e-04
9.452758864811578810e-04
9.872890074337948175e-04
1.003358245321586163e-03
9.393741602008153771e-04
9.008299817845960220e-04
8.508013212502013416e-04
8.746262723868103569e-04
9.006077074532001800e-04
9.062317122919720047e-04
9.106223367067912836e-04
8.834336608092832523e-04
9.105563229374191844e-04
9.189094941429819382e-04
8.914608529579880463e-04
8.649881237886777874e-04
8.613910087297123536e-04
8.692762115739689462e-04
8.724376369697113467e-04
8.644043740992251625e-04
8.815849814069363303e-04
8.368706915603872729e-04
8.941090506916873123e-04
8.866117763585223228e-04
8.563065124043207259e-04
8.420837004168408267e-04
8.484794202399716925e-04
8.554066193761304237e-04
8.599444549871871051e-04
8.479541204873459505e-04
8.588367454130862652e-04
8.221683058907411964e-04
8.618756685588722282e-04
8.646912321898797419e-04
8.398809211602777103e-04
8.294863530218343599e-04
8.271570303119119656e-04
8.497082142891430878e-04
8.469495737279458467e-04
8.349143533841741054e-04
8.303830627610674694e-04
8.222104827961489561e-04
8.437727984065728545e-04
8.351896915928319013e-04
8.142670142963100415e-04
8.187488535383785409e-04
8.111261837369478696e-04
8.366932009356546239e-04
8.274854335002496770e-04
8.211374981694207495e-04
8.059277885111032101e-04
8.139755363875230331e-04
7.117204293751067546e-04
6.027989658424046278e-04
5.685886145622056752e-04
5.437493440038189754e-04
6.082010438398272219e-04
5.289867586248802071e-04
4.510213787808350027e-04
3.813077233907291542e-04
3.792630536434073879e-04
3.543456080229248108e-04
3.556344619452042740e-04
3.033811732089531765e-04
2.582087404812979199e-04
2.514581390177408177e-04
2.010784753022500744e-04
2.225390991749056518e-04
2.068153434803302287e-04
2.112302255866581270e-04
2.049586740520713051e-04
2.110491623288219252e-04
2.068166513673694318e-04
1.802251918774873992e-04
1.590330550724132301e-04
1.488854175980125342e-04
1.415151827301145034e-04
1.512669183024145767e-04
1.498150445712310389e-04
1.621688439405262374e-04
1.695672793623765999e-04
1.624717258093198149e-04
1.654039663923278169e-04
1.525744365410541120e-04
1.383097037298938639e-04
1.294993485732586782e-04
1.319612021298034743e-04
1.321215148219256679e-04
1.311423469024953895e-04
1.395778560303797958e-04
1.425699791899046390e-04
1.419341882684584403e-04
1.399404995601554683e-04
1.344000122220662282e-04
1.307743229372313506e-04
1.202807509307906740e-04
1.189230865017329816e-04
1.187656957177591515e-04
1.222482806806718327e-04
1.295245564233681848e-04
1.319707918843452050e-04
1.288129736178205201e-04
1.281445933690387030e-04
1.241294499074785992e-04
1.243383532450124929e-04
1.168404024017033347e-04
1.129570912163441936e-04
1.149366307971914707e-04
1.157119901733141137e-04
1.197768814448800842e-04
1.264676463168061798e-04
1.231970786176015168e-04
1.219391490603490783e-04
1.197775806869741069e-04
1.188876570524979967e-04
1.120264766374632097e-04
1.107941810191063580e-04
1.105331594965150557e-04
1.114090862986766636e-04
1.165540548158042352e-04
1.175769487894060233e-04
1.173537094156945230e-04
1.149851892124786906e-04
1.146248101631973582e-04
1.142457693301969344e-04
1.103931012231893069e-04
1.075814459962804603e-04
1.087474317960519652e-04
1.083935404389777804e-04
1.145304473065287881e-04
1.150045724666932430e-04
1.103969476127079522e-04
1.097605522289711756e-04
1.109837769531205921e-04
1.089646540197162009e-04
1.039819987217920273e-04
1.050816920347914026e-04
1.029725212599733660e-04
1.038495638231832114e-04
1.066809505049784516e-04
1.080579255504272331e-04
1.081640876767382957e-04
1.069790955838804036e-04
1.052895689297898092e-04
1.044946512624910856e-04
1.028023329974796706e-04
9.953388034042612395e-05
1.006459158486952451e-04
1.005389970894366022e-04
1.042189787214146740e-04
1.050020071138309632e-04
9.971235666594994486e-05
1.057991530472526137e-04
9.312057760808225713e-05
8.152311277463515572e-05
7.533503255043153034e-05
6.955522982192556298e-05
6.835925315824778351e-05
6.843347525662530056e-05
6.847208655273561838e-05
6.962847550266166436e-05
6.300089449883395764e-05
6.393961473538893462e-05
6.024840874332269321e-05
5.738511782924680748e-05
5.473031977802777386e-05
5.397590030399920932e-05
5.520863092359684556e-05
5.636988492598552528e-05
5.654609526068081704e-05
5.573019823332506955e-05
5.135975951185029755e-05
5.373853296770393222e-05
5.258702300526159866e-05
5.320961315341191908e-05
5.318760454324009118e-05
5.076073965395106532e-05
5.208863927912271426e-05
5.157374397000924428e-05
5.113305639249812002e-05
4.902132407672645686e-05
4.962158848766089626e-05
4.840595544276153715e-05
4.932371352558714112e-05
4.876022540206290058e-05
4.937790417198782879e-05
4.747620035076411369e-05
4.877817775468529238e-05
4.771730248842516757e-05
4.809476237161366421e-05
4.532125311326056400e-05
4.538993220173013051e-05
4.360670254821630759e-05
4.493736925362117626e-05
4.520455905927194906e-05
4.473689391534612335e-05
4.370257271280468037e-05
4.436759746835170664e-05
4.442357817437670012e-05
4.490848246611054469e-05
4.284386644750995431e-05
4.184069357657631814e-05
4.292408381219063124e-05
4.324712396218013510e-05
4.353102939251758831e-05
4.272866847279917696e-05
4.245835680421429969e-05
4.205032967790385144e-05
4.287437783590930513e-05
4.279369513945199051e-05
4.164172049314968967e-05
4.087553831671025649e-05
4.179947681730238171e-05
4.207212153393709541e-05
4.178820139588418895e-05
4.070004091727527813e-05
4.009846229103486767e-05
4.062651394195287248e-05
4.094241484002818926e-05
4.149413419623832931e-05
4.224882056870194841e-05
3.961909733570653309e-05
3.993742831362763484e-05
3.942299986552900509e-05
3.811806130734780580e-05
3.785380438555968478e-05
3.722912612302695161e-05
3.785284836282267590e-05
3.791181678317708718e-05
3.652215269804066780e-05
3.681710150511561586e-05
3.936482493917638144e-05
3.840252625376044731e-05
3.693715070941061107e-05
3.691605867824264095e-05
3.659620749312367564e-05
3.547191985199344354e-05
3.631049589067703514e-05
3.759902311924615204e-05
3.646390607578322266e-05
3.692028405337638674e-05
3.666259380253418434e-05
3.788149968057730914e-05
3.753150772519693145e-05
3.551522857075652085e-05
3.505325109906327934e-05
3.440353293178246733e-05
3.523630273202714934e-05
3.529755971957062991e-05
3.655251653920774016e-05
3.610219313131815604e-05
3.475873949848322267e-05
3.433712097661710430e-05
3.066633505064886078e-05
2.926114620779309187e-05
2.936595158104540027e-05
2.909598666460689115e-05
2.917674786544603737e-05
2.721035912303676761e-05
2.471740473989341246e-05
2.474514944667352296e-05
2.780054156062875429e-05
2.451078702302156298e-05
2.344688499335293577e-05
2.411679342572299793e-05
2.537544870892379387e-05
2.648353357580290267e-05
2.556279756961881203e-05
2.403391642729530190e-05
2.373387814943468050e-05
2.468233239415015647e-05
2.562251023706784361e-05
2.442357165328475026e-05
2.367350292782679027e-05
2.354420086072475779e-05
2.426624776391728036e-05
2.537381402674017880e-05
2.396311460912001621e-05
2.337126192111143777e-05
2.301133976810170205e-05
2.409330785533793354e-05
2.510107669756050602e-05
2.469962400389410400e-05
2.305316617222347725e-05
2.256076387325903006e-05
2.354105232880576856e-05
2.492280650616809977e-05
2.393611331259553219e-05
2.269013344233435927e-05
2.239972829006259906e-05
2.285020114220201175e-05
2.464914994781761132e-05
2.336718725396148732e-05
2.259627104015146215e-05
2.295704214121343880e-05
2.397015921157917150e-05
2.738345514941921386e-05
2.596637701995561820e-05
2.381013541788150903e-05
2.268015163463297737e-05
2.313188609474348416e-05
2.477101167525013961e-05
2.445549387609988309e-05
2.344502200431548735e-05
2.346168386781797316e-05
2.429623590456816704e-05
2.781663937163380551e-05
2.779629702254881525e-05
2.557759236866329961e-05
2.543045714154815244e-05
2.681916290672883938e-05
2.891027941232622231e-05
2.769190787241754289e-05
2.740740110530466128e-05
2.849594146131383983e-05
3.075681277644968110e-05
3.785706796843608929e-05
3.604348704919912863e-05
3.542834394895871071e-05
3.630918265360873724e-05
4.450516917446951264e-05
4.902350062565443122e-05
5.252012186014880821e-05
5.080538153965952512e-05
5.164803428085412669e-05
5.459587195229440672e-05
6.608868865715501837e-05
6.513292936925716976e-05
6.890831292165448829e-05
7.430363463650053405e-05
8.418903244564103928e-05
8.823849526021318879e-05
9.061214220478202696e-05
9.089470490751930568e-05
9.992862596456697380e-05
1.077118519518485045e-04
1.188759186086631381e-04
1.191184645440120836e-04
1.259462884616009226e-04
1.319416178596448245e-04
1.531907423193092273e-04
1.692155721074027239e-04
1.770134709887905922e-04
1.776391397871276989e-04
1.805932454067138546e-04
1.920633615886751470e-04
2.164125845135863235e-04
2.206783940626420317e-04
2.333033536451441735e-04
2.350496901066708973e-04
2.415636040080570079e-04
2.468698169690934337e-04
