8.443016321978753513e-01
2.921609221120598510e-01
7.304556930730889130e-02
1.578217823828221775e-02
7.622976839403306469e-03
3.407502309992085140e-03
1.405350726608569842e-03
9.646514666220168139e-04
7.747413080808577147e-04
5.945028176873395041e-04
4.799346858681098138e-04
5.098473721849344689e-04
3.778740905924464618e-04
3.589863962290294535e-04
2.706749061713099630e-04
3.019114306574981915e-04
3.123436579277331557e-04
3.139402749098680018e-04
3.089418565200567797e-04
3.165301940354918095e-04
2.561566785569402969e-04
2.691700108580354989e-04
2.234077499060136806e-04
2.662487726290185060e-04
2.577077706272440155e-04
2.309702131090186244e-04
2.419778653271581720e-04
2.740957285449538818e-04
2.364742671727490661e-04
2.350999425150377027e-04
2.156265313614923347e-04
2.171282386474272309e-04
2.378932141873572837e-04
2.286145788735730760e-04
2.474000155354339923e-04
2.133640617641807235e-04
1.882742894679414450e-04
2.033076217670741709e-04
1.789313008625988165e-04
1.806033848062931315e-04
1.604069930358860061e-04
1.981958927824711294e-04
1.376824702661269030e-04
1.793959643227909981e-04
1.675225078275572135e-04
1.628169116949062362e-04
1.567100582826875773e-04
1.532185791778677435e-04
1.514010684311049761e-04
1.495876761409153542e-04
1.620287915483381472e-04
1.370013655998764482e-04
1.636625508172657876e-04
1.446292456949081176e-04
1.517928477199109911e-04
1.248935146826365419e-04
1.588829606602212136e-04
1.356771926755529574e-04
1.349451683272724254e-04
1.270918709268375319e-04
1.317689236058120460e-04
1.223999442537334226e-04
1.229086226761215981e-04
1.220803867656640343e-04
1.262647020914214413e-04
1.143074653929954782e-04
1.421021887584653087e-04
1.087661287507400042e-04
1.007649625591534225e-04
1.065779684358397468e-04
9.616321004325827939e-05
1.065176200084725380e-04
1.028047330090704612e-04
9.182294698388956879e-05
8.143335217612144043e-05
8.168075436658515291e-05
8.586701964478874881e-05
8.421396913774089861e-05
7.669497318282339775e-05
8.242685579405363723e-05
1.046124142519468532e-04
7.460852033029618505e-05
7.957185022024156941e-05
7.272843576892367074e-05
7.425261949091249984e-05
7.068607147805964380e-05
8.103767128182059315e-05
7.471427059139548505e-05
7.288411656533354602e-05
8.679763496878133318e-05
7.330161561066045209e-05
8.089638007226510258e-05
6.413929252080779173e-05
7.576006228673554956e-05
7.653161518899229371e-05
6.724681181796467188e-05
7.863280832185334205e-05
7.601864000933216889e-05
9.956259256750150293e-05
1.192166257635756326e-04
2.490969607721203651e-04
2.785183741200518382e-04
6.185057069592207529e-04
1.037636028148134631e-03
2.014406207152361940e-03
3.251067506171844736e-03
7.832564344307445595e-03
1.411658344534504755e-02
2.002149693442126926e-02
2.617527960268233034e-02
3.585745918218994494e-02
3.496439630948910277e-02
4.065592067722236663e-02
4.798435175752912424e-02
5.683129605857590444e-02
5.827396484890854517e-02
6.431702711463652133e-02
7.210377146501038836e-02
7.399609402044145245e-02
7.798077943237466392e-02
8.471249924414253618e-02
8.918988409217415425e-02
9.450335198985289342e-02
1.078376251760855137e-01
1.178537816955504414e-01
1.253389049944224065e-01
1.232458557659626558e-01
1.256903435168715832e-01
1.301515343026344029e-01
1.444291225418819213e-01
1.672434685566048518e-01
1.753997509661368026e-01
1.825985365868263155e-01
1.952363328253880204e-01
2.110091463355419084e-01
2.222537485473756180e-01
2.391718856161774986e-01
2.455949107263602216e-01
2.671025138545889965e-01
2.806443833071396998e-01
2.879422049555388496e-01
2.983520305087470348e-01
3.081532361461243319e-01
3.175763839956765033e-01
3.227394527273628744e-01
3.346173433711978618e-01
3.526386805776555167e-01
3.637884086899080271e-01
3.824795450798080254e-01
4.124184045441258717e-01
4.251888031720309491e-01
4.454779989509871085e-01
4.657915882470993196e-01
4.963186232099523476e-01
5.262733797564922433e-01
5.664530105874440169e-01
5.870337136272167911e-01
6.258505770435714988e-01
6.840211949898610255e-01
7.316541441820447744e-01
8.056128016548037563e-01
8.531045071159324422e-01
9.149869375235313296e-01
9.806449226389868379e-01
1.037049000682068955e+00
1.094534224611444673e+00
1.164584647468915435e+00
1.233423836578981803e+00
1.285585544183059259e+00
1.323256141502503258e+00
1.372854261068368720e+00
1.436185339204710809e+00
1.467194305451578140e+00
1.489295458590963683e+00
1.508511975769543101e+00
1.544531588119994137e+00
1.587083654789365195e+00
1.639076689990720981e+00
1.704786812507524285e+00
1.766860391694218935e+00
1.824764936078514976e+00
1.863604205587543694e+00
1.889268998898416596e+00
1.926728655104022803e+00
1.972760162289296071e+00
2.000726269301329463e+00
2.021514978729353373e+00
2.050313616496899805e+00
2.068977523286689824e+00
2.103950033386488894e+00
2.139859087075024036e+00
2.217207200200128181e+00
2.277324101544711876e+00
2.309232112491078404e+00
2.352146077314826389e+00
2.411667100958539756e+00
2.478381884069621677e+00
2.509272950776811673e+00
2.541968345694340048e+00
2.591548926535362618e+00
