2.431999884453891481e-01
1.971159389531742245e-01
8.985106047122681794e-02
3.181687698805901743e-02
2.214319529877676121e-02
1.128622186657701060e-02
7.700823305291477731e-03
6.595650237781017743e-03
5.607327953315190301e-03
4.956186445661868965e-03
4.561763007698130257e-03
4.586242052674411630e-03
4.412939657280857617e-03
4.239119834700096762e-03
4.081107840495978856e-03
4.097345019338830517e-03
4.028274421578841372e-03
4.006616138114001309e-03
4.036991871301461726e-03
4.033300771853380769e-03
3.995777361450449268e-03
3.982337536511775834e-03
3.968223191751259725e-03
3.967450828434069578e-03
3.981863984919714779e-03
3.964004654859186981e-03
3.975063209021681074e-03
3.973773837873441524e-03
3.950066170204402996e-03
3.972798597798808326e-03
3.966866563411324854e-03
3.963557619719590246e-03
3.961196050740422442e-03
3.950496043425073822e-03
3.947854876110071416e-03
3.936411201073470277e-03
3.935355327275408786e-03
3.941695893247281965e-03
3.937283868846876145e-03
3.932138961559742373e-03
3.932405488412457975e-03
3.932937861460861044e-03
3.928676577376816366e-03
3.934664825922806752e-03
3.929726020647451336e-03
3.931191996941761461e-03
3.933737625902421556e-03
3.926397317265937353e-03
3.925288821962356553e-03
3.915892682298987952e-03
3.926164178795697214e-03
3.929251612238900127e-03
3.911119337342100662e-03
3.911172491086465849e-03
3.917904184824939039e-03
3.908129868568283906e-03
3.924940430665751351e-03
3.923056686894803476e-03
3.914447785748086973e-03
3.912715879386782780e-03
3.920375001090777890e-03
3.916215547803490737e-03
3.912585494656505535e-03
3.918582183422268141e-03
3.924431403845449196e-03
3.934911325811292146e-03
3.931303761504301164e-03
3.927598508632040158e-03
3.930699146784191744e-03
3.923206150845292249e-03
3.930424482968306911e-03
3.924983387208895967e-03
3.922739101648771605e-03
3.913146509591460334e-03
3.913632657237946580e-03
3.922529948632748863e-03
3.928546179822061529e-03
3.926523105575974518e-03
3.912109385973031733e-03
3.917319982600015946e-03
3.917484619932994419e-03
3.908245789591121080e-03
3.914125060890858397e-03
3.914173939364038769e-03
3.911643073143723087e-03
3.921689754388778780e-03
3.910928831839445563e-03
3.905488593600583112e-03
3.910434267948800259e-03
3.901065948143841652e-03
3.914739677637545448e-03
3.905238388080253375e-03
3.905047922114320263e-03
3.900906479212366829e-03
3.904707249121565273e-03
3.915687287151480706e-03
3.911587402439993012e-03
3.926364109170754797e-03
3.921089903702843459e-03
3.915080182037696151e-03
3.902283182655421918e-03
3.894241277407979943e-03
3.905343382442629570e-03
3.898367633627834901e-03
3.896775773391833540e-03
3.907744018067195631e-03
3.897288974850328554e-03
3.908737486082375541e-03
3.913093213124159246e-03
3.908066452827802136e-03
3.908250503484803594e-03
3.921157182025863767e-03
3.902882960032780148e-03
3.897663886680819475e-03
3.906024063200422454e-03
3.893648209394155214e-03
3.913685811566287344e-03
3.902985935016618693e-03
3.901937478810790349e-03
3.904291862673313698e-03
3.901492331686849321e-03
3.919119201817083432e-03
3.910901736383505002e-03
3.902588088410437629e-03
3.905404179295173233e-03
3.888225590458852746e-03
3.891151161059140228e-03
3.892224672623874684e-03
3.901879219216392459e-03
3.919536926988708390e-03
3.902973692801762692e-03
3.914681528617823709e-03
3.892676261749396325e-03
3.872523060852668501e-03
3.895145021813107775e-03
3.880536063892663264e-03
3.875622226050556753e-03
3.875388812289077157e-03
3.890775686614434542e-03
3.899755850660276569e-03
3.888471301934140999e-03
3.913859175713988066e-03
3.921273136854957347e-03
3.953591806144950496e-03
3.914161975099188229e-03
3.993994874969399728e-03
3.954738989927550699e-03
3.999188723002537922e-03
3.953404689167615109e-03
3.929902916537102164e-03
3.921550104279462011e-03
3.990569999890739884e-03
3.943977289074442755e-03
4.013469646237297593e-03
4.053436037347904822e-03
3.941134634582233766e-03
4.009304401424737194e-03
4.051475939210880638e-03
4.056014299837765007e-03
4.078491072637429986e-03
3.992965002795952935e-03
3.978314590329175456e-03
3.979453341914926910e-03
4.014815637772070102e-03
4.132625233121449242e-03
4.015126527979913200e-03
3.924802172687334723e-03
3.918890912391248017e-03
3.877107031577958860e-03
3.783371632810855149e-03
3.876531907967916465e-03
3.908357725452971457e-03
3.767145293884250658e-03
3.798703305139748167e-03
3.845542969419018988e-03
3.798997494943555028e-03
3.715221110988718104e-03
3.824315076527539520e-03
3.792424397226290891e-03
3.680533389748573414e-03
3.648876619883325342e-03
3.633384151902239404e-03
3.611700285778587233e-03
3.602385572402631853e-03
3.574364115553673414e-03
3.564070094314687482e-03
3.531218756554418102e-03
3.554614988703287855e-03
3.609804025814125020e-03
3.588921598474709151e-03
3.573660126261840597e-03
3.547811721889581205e-03
3.589911927864527716e-03
3.618091816565284936e-03
3.710090677626209574e-03
3.607020804678768341e-03
3.595279482742697649e-03
3.630482315817014447e-03
3.576043473671878734e-03
3.534265791061617229e-03
3.517198876630857340e-03
3.524840133047664470e-03
3.542348756511844339e-03
3.496725396627852530e-03
3.445808505923542066e-03
3.460592040723300348e-03
3.442912761335315333e-03
3.452230222004382468e-03
3.376909569794889644e-03
3.374022441014087187e-03
3.324882770017187090e-03
3.376531657009019562e-03
3.280972387910308097e-03
3.296946411208113818e-03
3.291465737551641218e-03
3.272914971652873643e-03
3.319230650515734432e-03
3.244249608016874526e-03
3.218156621249078884e-03
3.254583817204639590e-03
3.259439173469035403e-03
3.261070939990307841e-03
3.289531019287380339e-03
3.332167935896330948e-03
3.224107055730942358e-03
3.203953482749046303e-03
3.205869584428939351e-03
3.204318559602228975e-03
3.214807597528986875e-03
3.227338482799012309e-03
3.160376479783531811e-03
3.052675478093000005e-03
2.998086691636957409e-03
2.999366118796205349e-03
2.887860770594805754e-03
2.970587456406378196e-03
3.013729918965959900e-03
3.000581145006118652e-03
2.994408255777865520e-03
3.023197163745403124e-03
2.961346503169056451e-03
3.024390684801071816e-03
2.946439960813262201e-03
2.906976523648353763e-03
2.796618094464235326e-03
2.840140263723733936e-03
2.861956238301549202e-03
2.846706479320886864e-03
2.806940064956158463e-03
2.859044250254664903e-03
