2.289257837333230627e-01
1.181604449300088649e-01
2.024677938950647169e-02
1.512038866556474938e-02
1.431806211318801224e-02
1.422345116206733678e-02
1.424601009795161029e-02
1.361754743648409607e-02
1.277087089559682601e-02
1.249221628334349667e-02
1.225306133671739961e-02
1.061641646197378566e-02
7.943031153160560326e-03
6.134362786605967836e-03
4.603463310339132343e-03
3.329040985852111875e-03
2.528229854601707870e-03
1.558308402781800103e-03
1.208706022898534127e-03
1.021269064601228660e-03
8.689912532966644065e-04
7.228941960815603524e-04
5.982960584887294904e-04
5.757925987617428703e-04
5.241793145142204912e-04
4.430971904146802694e-04
3.393464962865307241e-04
3.449227532122976564e-04
2.822421764681066602e-04
2.512147808519844014e-04
2.619953656801852983e-04
2.219019479826810852e-04
1.394890669797436294e-04
1.344540874198862685e-04
1.334247517537588408e-04
1.173560596169670765e-04
1.156297334089345630e-04
5.681663477937524915e-05
9.761221503219791242e-05
5.396743729255890065e-05
5.417074634300792874e-05
5.892939901201223760e-05
6.069356270762249868e-05
5.159128070952085537e-05
4.773594036929625572e-05
5.659721019705210652e-05
3.790644707215925385e-05
4.317439329737559397e-05
4.364410928885183741e-05
3.253218834453782787e-05
3.925887043181111060e-05
3.635628469450632761e-05
3.819571602431196791e-05
3.697656899046099569e-05
3.710653269333109616e-05
3.466951235728253259e-05
3.215383681778797144e-05
3.825503020936251006e-05
3.618650428066058676e-05
3.687546403734901429e-05
3.323685053610231431e-05
3.853867059628349564e-05
3.222246547322098648e-05
3.597963776968272329e-05
3.311877376927843799e-05
3.506456243849131045e-05
3.532125407321731546e-05
3.070270275359954698e-05
3.592582132201416922e-05
2.753114123204704780e-05
3.027628056185518418e-05
2.664618046995973166e-05
3.230442260886831813e-05
2.635242523343688334e-05
3.283604358818777586e-05
3.165726282429811065e-05
2.950699417921444237e-05
3.083292134769170876e-05
3.264927886992832821e-05
3.063066163184999154e-05
2.675716783911588102e-05
2.812507173958803775e-05
2.663255623941887976e-05
2.829576559655614185e-05
2.386389532709384787e-05
2.568289649944816968e-05
2.617178032580057867e-05
2.742584180477549644e-05
2.537880925202792764e-05
2.643702229331917618e-05
2.381596972913210591e-05
2.588429525605991511e-05
2.198602418882007796e-05
2.536097906462526555e-05
2.477626131720303933e-05
2.376722557523514839e-05
2.300206852318020353e-05
2.649233902330196493e-05
2.682743813072460115e-05
2.643841302062339868e-05
2.375091107260879925e-05
2.473162483227673325e-05
2.377733832160717584e-05
2.383945103132144912e-05
2.373135025761288148e-05
2.092839480556983879e-05
2.279148259260996683e-05
2.271990652170420306e-05
2.204817237078915732e-05
2.486458224633497538e-05
2.266746403379551100e-05
2.142897848990766901e-05
2.365055900481055900e-05
1.992516753206672735e-05
2.300559100966344397e-05
2.121973255553189511e-05
2.585036004371763329e-05
1.952740553089381961e-05
2.508205009328315387e-05
2.421521035887943570e-05
1.984170298042551412e-05
1.993901872458392224e-05
1.998390044361102608e-05
2.098893951076724867e-05
2.124503257854343696e-05
2.238409177750465783e-05
1.907893685058352951e-05
2.199201578251849974e-05
2.038825057174170572e-05
1.946159804048349385e-05
1.781146361438350602e-05
1.872630701257455959e-05
2.212674548740881515e-05
1.797460558542303627e-05
1.827948034149418593e-05
1.816382431074322476e-05
1.951136667592957250e-05
2.046098982858803844e-05
1.784471657501316384e-05
1.821501158303845728e-05
1.850800713306947451e-05
1.750902438561026885e-05
1.826092223546311465e-05
1.901136620111520273e-05
1.877376941474779366e-05
1.849756487360156078e-05
1.671601634337859261e-05
1.671517675113288307e-05
1.867965981880411865e-05
1.749508653669449828e-05
1.892730753594134408e-05
1.602214157498287725e-05
1.689917987648709326e-05
1.624080065442217355e-05
1.856192008584715917e-05
1.647357681252804910e-05
1.662400001395450400e-05
1.644513890387190065e-05
1.502972975963328622e-05
1.647921005707965336e-05
1.670206411898719594e-05
1.596502359827767676e-05
1.624568620227840435e-05
1.599364547549203335e-05
1.770088818945359169e-05
1.569761423012604995e-05
1.533791433986689054e-05
1.477971560298601049e-05
1.685524658997232216e-05
1.589662106758722238e-05
1.562750668735444188e-05
1.509370371171434907e-05
1.619647839974960293e-05
1.435896062206629532e-05
1.641692990701995743e-05
1.607474590127814696e-05
1.547116936790038897e-05
1.563280147077411198e-05
1.483166917775099986e-05
1.570287261747928864e-05
1.494139177909797348e-05
1.443205609316493863e-05
1.618389933641538442e-05
1.433707955792594146e-05
1.407945944506844174e-05
1.282928543091473038e-05
1.453325956464040742e-05
1.531425691761784230e-05
1.374251332559470615e-05
1.367967789729977623e-05
1.398561978661442835e-05
1.400952393152980806e-05
1.383813584794837941e-05
1.356829205880841837e-05
1.473466046801835679e-05
1.443424745811575532e-05
1.413993522902602056e-05
1.397485650924292176e-05
1.387721545622471788e-05
1.327549017738710469e-05
1.365848114120491999e-05
1.381673844985172405e-05
1.354216500116204768e-05
1.449934975847153531e-05
1.557768753617179739e-05
1.447704657345159467e-05
1.308347406626606058e-05
1.432141369318984319e-05
1.358502904440937215e-05
1.460602035227989328e-05
1.486124302815953773e-05
1.358059048906278437e-05
1.380469330801410481e-05
1.293417628080482880e-05
1.404518620663125549e-05
1.441584490466044128e-05
1.332659857040513260e-05
1.471961275367226427e-05
1.408972469777051462e-05
1.403780591263769716e-05
1.333053481997056496e-05
1.361008371165403673e-05
1.480746003565352327e-05
1.439748232099702473e-05
1.330182878460014283e-05
1.389690722035414217e-05
1.403530512790106494e-05
1.528960729878077137e-05
1.475398125076191129e-05
1.370765274483928742e-05
1.450644052790604561e-05
1.398646539055478103e-05
1.466910878505224147e-05
1.405802754413200912e-05
1.383641188102318202e-05
1.300983205652613342e-05
1.321289268712416190e-05
1.320878129696804302e-05
1.371260011219868195e-05
1.287626042019961079e-05
1.296612755782615967e-05
1.229827790541565458e-05
1.236720856638598941e-05
1.220191698434296597e-05
1.222476177329270703e-05
1.266250470057791703e-05
1.204501477159237692e-05
1.201321350325506024e-05
1.159453540694984540e-05
1.187155091793112269e-05
