9.671562341838893517e-02
2.027994042667752989e-02
8.906700475040852175e-03
4.041600058606514834e-03
2.191862342346703654e-03
2.472077185122064421e-03
1.237473045185582491e-03
8.548142439396341904e-04
5.802537044680606843e-04
4.833112891687220566e-04
4.362811788727760263e-04
3.892385116511054653e-04
4.100445997867217872e-04
3.305295601676222278e-04
2.660160862186295079e-04
2.840824141546355623e-04
2.808002480240748516e-04
2.339095818390253372e-04
2.105523150849505888e-04
2.081186632161038908e-04
2.476811988661028140e-04
2.315673676398656946e-04
1.876845008792383954e-04
1.877406703152201750e-04
1.599601342745699309e-04
2.167460759220884959e-04
2.052110727016601599e-04
1.837409631605795035e-04
1.792621702644293924e-04
1.785920028649335106e-04
2.257798704790529691e-04
2.029318008514714819e-04
1.738924930450798151e-04
1.776300863866959383e-04
1.601208482660662809e-04
1.989411565654960058e-04
1.846649263548953994e-04
1.742555123695846170e-04
1.725995253609720705e-04
1.716473967207060147e-04
2.118891527092305049e-04
1.932195428231405030e-04
1.660934194231481734e-04
1.580237518431869661e-04
1.550260514829172702e-04
1.604583617707644287e-04
1.654470553415864737e-04
1.716129677813594688e-04
1.757462191405870591e-04
1.546919242943555850e-04
1.904986791476368554e-04
1.741233721228614283e-04
1.621528297129946417e-04
1.541936628668318240e-04
1.367893239557935138e-04
1.509757470315583000e-04
1.469000019653607825e-04
1.590640759291079111e-04
1.635555509013601088e-04
1.566228584024998577e-04
1.811410719061156164e-04
1.624721501146876741e-04
1.579223073512195450e-04
1.404061363717206215e-04
1.188501653035726037e-04
1.439181110517805237e-04
1.391806596849999372e-04
1.472849579770862971e-04
1.558087811233519100e-04
1.514010284972135503e-04
1.679886148283877374e-04
1.510317568059609016e-04
1.453851553587118077e-04
1.319746410988272716e-04
1.165005655370771694e-04
1.306766543108278027e-04
1.294438449341498278e-04
1.351007388467380811e-04
1.453488365536148238e-04
1.418354949928226499e-04
1.556984913331723212e-04
1.367845725457451727e-04
1.286956632670525956e-04
1.229244329530580933e-04
1.122246018815348885e-04
1.288019762054606540e-04
1.188744374077200844e-04
1.238127808059620409e-04
1.330529675996263035e-04
1.297579983677230855e-04
1.446453953073295899e-04
1.293780070195244003e-04
1.245112171295775295e-04
1.186421049658562855e-04
1.134548481096999973e-04
1.261186608412483558e-04
1.163249612987520324e-04
1.197479903405443977e-04
1.262590474721672954e-04
1.265133841315878934e-04
7.956938257853940174e-05
9.362918355534550498e-05
7.721702735700282860e-05
8.433049722530842635e-05
9.286179898617560554e-05
8.071285441813273070e-05
6.777134653993291088e-05
7.080086365999112557e-05
6.771536918774376929e-05
8.204580246814680076e-05
6.975632521127864334e-05
6.935103925403537299e-05
6.540383782891069772e-05
6.464530481131522822e-05
7.480775174270926412e-05
6.343884320501519468e-05
6.424889012957013534e-05
6.254284009927222384e-05
6.568457366294326940e-05
6.992594156340122685e-05
6.505638787932483205e-05
6.210736938685726329e-05
6.078094768955756360e-05
6.119287404283502239e-05
6.573623680814174902e-05
6.342579148986087184e-05
5.826851269563340993e-05
6.088714774520442554e-05
6.197185411508968306e-05
6.539351391134455278e-05
6.087116559047963575e-05
6.108038598485316089e-05
5.769062487799049566e-05
6.170530182678340796e-05
6.471282433639646565e-05
6.224920897802136343e-05
5.805697471095156689e-05
6.034540716040737168e-05
5.755931779582071470e-05
6.002914553824657883e-05
5.878856950611899458e-05
5.903631205035294628e-05
5.735722354832495211e-05
5.688643470864621310e-05
5.739846978587786433e-05
5.658298160437138916e-05
5.703526314125611829e-05
5.836741984803092643e-05
5.516376763324239212e-05
5.597803274912854842e-05
5.380656922181425533e-05
5.735605416887078228e-05
5.585060274973172034e-05
5.587321515102890184e-05
5.504549328879768002e-05
5.506772777159274571e-05
5.575505127489358259e-05
5.624838730397126413e-05
5.256118620056808712e-05
5.628959080189398879e-05
5.147553294909330189e-05
5.574923130971692930e-05
5.527326217864127558e-05
5.360595717309033956e-05
5.287529324098879421e-05
5.347933753361020024e-05
5.428696572344025037e-05
5.445184217381220522e-05
5.550136050150973003e-05
5.385900919481820650e-05
5.031395391688344251e-05
5.200618787202067127e-05
5.280905366006322489e-05
5.167202108443076023e-05
5.331691052655620724e-05
5.170830653527734545e-05
5.283493543045834944e-05
5.161043923133252083e-05
5.073227477527644710e-05
4.923845355228532696e-05
4.951937924279001539e-05
5.071332815631749542e-05
5.159609845620115765e-05
5.064679353578140580e-05
5.359789805996395442e-05
5.119766742503174356e-05
5.092759609715274695e-05
5.157992663363692316e-05
4.896323454296778939e-05
5.132147786509150359e-05
4.831775033971478448e-05
5.139106769512576681e-05
5.041165252511690254e-05
4.986903716492266907e-05
5.358334607506159823e-05
5.062494821565984850e-05
5.018729415279041527e-05
5.008356595458242848e-05
4.868359734779458876e-05
5.076740493530975415e-05
3.974428232270989914e-05
4.655651530466861833e-05
3.896138133046094350e-05
4.087615142800945421e-05
3.874176566606983319e-05
3.626985993706841364e-05
3.328122237655419820e-05
3.404155881313499491e-05
3.294662109159823582e-05
4.028754630230503152e-05
3.346803808241344215e-05
2.953305356332010687e-05
3.044626813366743963e-05
2.823709197257188649e-05
2.860887507244848786e-05
2.769042361292761430e-05
2.911583665029240651e-05
2.920435465709128603e-05
3.117331213397102845e-05
3.653711088245202999e-05
3.069898675934225579e-05
2.667587569566868622e-05
2.850123006709505476e-05
2.519031073620701995e-05
2.636470515514374269e-05
2.473053237529766350e-05
2.640936219488217360e-05
2.753232298408180153e-05
2.668520989548262996e-05
3.136808851912431729e-05
2.703173092934417295e-05
2.555812511046027597e-05
2.664937512397108244e-05
2.426669988797497919e-05
2.391937701201661974e-05
2.325494514632903077e-05
2.580066709006152169e-05
2.622712347975045017e-05
2.872336735965432618e-05
3.595103939039434989e-05
2.756949191281144522e-05
2.563023228168048970e-05
2.390055821351346995e-05
2.178107071940646984e-05
2.666070189401503553e-05
2.343565928537791343e-05
2.444746852146095510e-05
2.357971255888156455e-05
2.949817596606545719e-05
4.522271598550873026e-05
3.266890040695837700e-05
2.818920982615662327e-05
2.896569935276721333e-05
3.267717789311001819e-05
3.439242416772456351e-05
3.613791387411536269e-05
3.684430692776519432e-05
5.473458015182443656e-05
7.650927302095448612e-05
8.402685822492578943e-05
7.736495382115046661e-05
8.736229637205163720e-05
7.628569816525433396e-05
8.514784330554978423e-05
1.280220324322259198e-04
1.753534182549107672e-04
1.924502168021209765e-04
2.824503298024234432e-04
2.944032068765285422e-04
4.184888481289634988e-04
4.718157726206836803e-04
4.104705645294306538e-04
5.480995463626330043e-04
5.773971575319483164e-04
6.539320937877532523e-04
7.074634261730822563e-04
6.564307594109882512e-04
8.058946202518299648e-04
8.694138961462879057e-04
9.650813334225668031e-04
1.074332693474509695e-03
1.256778586497620063e-03
1.369089384843648468e-03
1.318612648288595588e-03
1.579752701367104174e-03
1.389791805340070052e-03
1.538276955528349249e-03
1.615862682381878678e-03
1.658031148552331809e-03
1.721355737271563395e-03
1.724421210073416848e-03
1.757327652031302799e-03
1.849226958745602478e-03
1.854096803003415454e-03
1.989778929467445057e-03
1.977720823486167796e-03
1.948371788749560197e-03
1.994935078428515616e-03
1.963940052051959054e-03
2.140846134156415212e-03
2.121011340788014031e-03
2.278085016495753120e-03
2.442084127447447742e-03
2.815947112647159464e-03
3.495429959911971942e-03
3.337163505950567228e-03
3.493519258586898473e-03
3.701756876392746625e-03
4.352876735536686560e-03
5.209351593001911550e-03
5.232797732299236844e-03
5.494457999483294205e-03
5.635019076213006184e-03
5.616265154491153870e-03
5.731109060346566142e-03
5.823043086720614166e-03
5.504904941024889656e-03
5.446249102376033227e-03
5.306364599314842591e-03
5.137757846012660709e-03
5.196899479276556426e-03
5.123463561135378590e-03
5.401634871345158129e-03
5.513411359630450599e-03
5.649098149627706893e-03
5.419322294296676293e-03
5.530811380189743463e-03
5.534093831776437135e-03
5.653559724452024253e-03
5.865177703207102855e-03
5.986482298370367910e-03
6.306824634040916928e-03
6.632830815004406126e-03
6.786194312687969001e-03
7.056284918363403026e-03
7.018872372179620241e-03
7.192145412573533979e-03
7.525142641957058114e-03
7.845931796147008128e-03
8.287092653254855834e-03
8.354127776589972271e-03
8.561953376956133593e-03
8.937617339013249895e-03
9.388422126481927796e-03
9.898843844064123335e-03
9.869168926677059084e-03
9.975673594740558023e-03
1.013120878815800853e-02
1.045993637367344936e-02
1.090790456968269637e-02
1.083831558124304963e-02
1.089627864864532031e-02
1.107158594307312838e-02
1.137811427164954481e-02
1.160603233959632725e-02
1.155261183216791873e-02
1.165094913741977767e-02
1.170863645028316982e-02
1.185786913764740394e-02
1.214792542233737380e-02
1.212650219660778815e-02
1.216629356897241943e-02
1.223095884465763387e-02
1.237412951880276051e-02
1.263594128603265192e-02
1.258656890096657849e-02
1.268148364565940822e-02
1.275482314592192579e-02
1.290807637660044277e-02
1.309171726059235076e-02
1.307006801316768288e-02
1.313775858770108856e-02
1.316905640003169543e-02
1.326434919937598093e-02
1.342698297157297882e-02
1.340338596812870771e-02
1.349183894693245511e-02
1.356903279641629920e-02
1.368128685476208313e-02
1.383993194599722129e-02
1.379195374988943963e-02
1.385293487869444611e-02
1.392991230706270601e-02
1.396436420470345899e-02
1.402058295232826157e-02
1.399013613692944892e-02
1.406679893644454185e-02
1.418364495189056856e-02
1.421003028183059382e-02
1.432686857551801300e-02
1.424866432521843841e-02
1.432594537988379768e-02
1.440296188759160843e-02
1.442622307719399095e-02
1.449907524196032346e-02
1.444613482510810100e-02
1.452790055837682205e-02
1.467047914393376090e-02
1.471430008874177395e-02
1.469517251634498527e-02
