2.129247025803414628e-01
2.034956158784690661e-01
1.970008999972522601e-01
1.953387654946127372e-01
1.902259927577289456e-01
1.786689996632306043e-01
1.740662337125472303e-01
1.659950843495690553e-01
1.057441423525832258e-01
2.700964062351854031e-02
1.137360857153081259e-02
1.015693198392214440e-02
5.474281896026494433e-03
3.216126154165808732e-03
6.688633776279929478e-03
7.614389584894176548e-03
5.603267378279632761e-03
3.064098126974846778e-03
2.587327641709201344e-03
2.994347859429248755e-03
5.007354516380043211e-03
1.491661835458593611e-03
1.511942421649969340e-03
1.408769152634048449e-03
1.131101277075036550e-03
1.103461360306289387e-03
1.245937150792337947e-03
1.031072940743001792e-03
1.024189185767007898e-03
1.225120813630412725e-03
1.196932221830448052e-03
6.325409050623788951e-04
5.407966940568440786e-04
5.162621956087015164e-04
3.389468923998727656e-04
2.936740241314832233e-04
3.795570076352874607e-04
3.001001769550130645e-04
2.720528788374830423e-04
3.986863458200944413e-04
4.138993671655977463e-04
3.423334125087459153e-04
2.468105197948632155e-04
2.338464232303918782e-04
1.890305708012962008e-04
1.751215255676220352e-04
1.503328223417707522e-04
1.257446687956320283e-04
1.236107548673256204e-04
1.298894364884764963e-04
1.558247312221464087e-04
1.530086856715649323e-04
1.471317070188103032e-04
1.431186019990603772e-04
1.418498236930138239e-04
1.461054561463879934e-04
1.174008347519329894e-04
1.214591808675882984e-04
1.386749397691244791e-04
1.301863815505245635e-04
1.239472951356565664e-04
1.055380947652131512e-04
1.084505968650190317e-04
1.173939277128921492e-04
1.122572747258604480e-04
1.056202469104818150e-04
1.108196843496591190e-04
1.173179755341665107e-04
1.308090601873774757e-04
1.300093041274611382e-04
1.195270253796887707e-04
1.113464931250125045e-04
1.118827552990553115e-04
1.096779775043081021e-04
1.062566525241992455e-04
1.079476944794546312e-04
1.180322576257444113e-04
1.265489966302610749e-04
1.367929786335678470e-04
1.218963248650299506e-04
1.148675467366691452e-04
1.119326348419714165e-04
1.184509895407429719e-04
1.179735775106408616e-04
1.150822776074707910e-04
1.182593547987156695e-04
1.164122384387715307e-04
1.185527957961420904e-04
1.125824909182701470e-04
1.193702868728222676e-04
1.174232672296293657e-04
1.209595100150521281e-04
1.224696715672113963e-04
1.181857851561764243e-04
1.158293207742956536e-04
1.215465091234686627e-04
1.273068250264506305e-04
1.324535638985976981e-04
1.280467569715746832e-04
1.162308523514329813e-04
1.156887232030897342e-04
1.175598444775349284e-04
1.251788662903979095e-04
1.242833592285842324e-04
1.223225172890353223e-04
1.204931143107826412e-04
1.208887934479718610e-04
1.201463145699025137e-04
1.180813995548129380e-04
1.147412362006208346e-04
1.114796964253194798e-04
1.121401639308409819e-04
1.136135343236995281e-04
1.138905557160819928e-04
1.182240131723947732e-04
1.157100666987984907e-04
1.103239276631853979e-04
1.115469514047945793e-04
1.121321228075810699e-04
1.139838201084060541e-04
1.178488239659529767e-04
1.202052651884403584e-04
1.194763213251257608e-04
1.050418698895818346e-04
1.024117351490854523e-04
1.055730590303116721e-04
1.102187680646025947e-04
1.120037786162804774e-04
1.075611359503890170e-04
1.073844690673641475e-04
1.028855924869505079e-04
1.061790600778320874e-04
1.092942047323535349e-04
1.083530589471435099e-04
1.036153012640360192e-04
1.014230238862136394e-04
1.023846883250037259e-04
1.035797823942011492e-04
1.077795713350296195e-04
1.038786828547183104e-04
9.997270090168784218e-05
9.859829548636357449e-05
9.565512252375606551e-05
1.007509862558545144e-04
9.357053752294329746e-05
9.227545714483714192e-05
9.212610925441776038e-05
9.292112670584464201e-05
9.820253519162004490e-05
9.624046257218579639e-05
9.697957706364855547e-05
9.776443234093445045e-05
9.717396351949213749e-05
9.939670519046818931e-05
9.969656443031809235e-05
9.865279323866438677e-05
9.593452330249349440e-05
9.386831539654399504e-05
9.257253703389038755e-05
9.574311499290976085e-05
9.720903948800925444e-05
1.013709576832646543e-04
1.001974469095174392e-04
1.000130710821302597e-04
9.749814152932052423e-05
9.730074335407421144e-05
1.025280762959693303e-04
1.047621247178095907e-04
1.063915252998880656e-04
1.043710301164450576e-04
1.007466441373307552e-04
9.980244472458040829e-05
9.739032699827084201e-05
9.940634491164095890e-05
1.025147943500023757e-04
1.032063266384671566e-04
1.050581093229901097e-04
1.030438238562548462e-04
1.024934711384416241e-04
1.044140264354209843e-04
1.030657538126809804e-04
1.013618931086120026e-04
1.003954366524577524e-04
9.972449771882022855e-05
1.007669028670715695e-04
1.007361122377961165e-04
1.014729055926185471e-04
1.022728954916816068e-04
1.042057661445936991e-04
1.029244659121217824e-04
1.014526904657354667e-04
1.016600025975515403e-04
9.889563084625077431e-05
9.909763436782350612e-05
1.003228257906198646e-04
1.014074220878664353e-04
1.026623686837349636e-04
1.017936489331917074e-04
9.702806256873111395e-05
9.796156398982420923e-05
9.864546624442964917e-05
9.876114330522906427e-05
9.514534998840343662e-05
9.692024568594118279e-05
1.007599634100323898e-04
1.025369126205897717e-04
1.004566622730696115e-04
1.016010923311579426e-04
1.049279705195173653e-04
1.060067078277627530e-04
1.018347895321581453e-04
9.888808855541182945e-05
9.795059405477742477e-05
9.824882201084453618e-05
9.664975834512191683e-05
1.002749081826442504e-04
9.822267695328362682e-05
1.011928857680913235e-04
1.020374953341308076e-04
1.024639745696027374e-04
1.038301896886474802e-04
1.016484850549330545e-04
1.007553318484782012e-04
9.748866816111732142e-05
9.861172205340977429e-05
9.999406589576778366e-05
9.580024589593937718e-05
9.843804474983923231e-05
1.001327055737528758e-04
1.029882766807266531e-04
1.015909402446255879e-04
1.026484428102734855e-04
1.011062980103065808e-04
1.010182069010215306e-04
9.856668612501916389e-05
9.858618359669518705e-05
9.944622382732536332e-05
1.009533674121733653e-04
1.008186105749412563e-04
1.000871276145134042e-04
9.988539673941045874e-05
1.008969742135124373e-04
1.025017813276165788e-04
1.041535543565481778e-04
1.031390088358687530e-04
1.024304518629656172e-04
1.008325454494560957e-04
9.870803494110314284e-05
1.010516730527086509e-04
9.956683091134312308e-05
