2.430903286722406187e-01
2.360375351618745066e-01
2.307230407757838997e-01
2.248795490014936227e-01
2.119291348393480545e-01
2.078051152495589415e-01
1.997713045156904732e-01
1.962380331435516212e-01
1.802867943473272783e-01
1.185801040685078855e-01
9.490829028234959441e-02
8.161635573461736848e-02
9.514663896152589229e-02
8.471587092062439484e-02
6.743719818817467404e-02
4.739653415987121060e-02
3.987457888882833118e-02
3.951139752602083471e-02
3.388787032846637265e-02
3.308278693911931301e-02
2.862931961969499353e-02
2.517856693532051493e-02
2.334243547081484363e-02
2.185519854648595994e-02
2.086694283335317410e-02
1.726345791199921167e-02
1.428830863298208124e-02
1.329101589856223307e-02
1.407236143505088966e-02
1.378165693738151419e-02
1.277717127950965016e-02
1.294584575218904986e-02
1.311933598068802144e-02
1.386900542070212093e-02
1.467078269751165287e-02
1.479223870534976913e-02
1.407678070015897474e-02
1.586861478559577210e-02
1.541176212325241941e-02
1.509809700196675097e-02
1.414906139493765994e-02
1.195802827014012630e-02
9.688702929998658370e-03
9.352669109767354147e-03
8.876944400384828918e-03
8.538263128535067067e-03
8.732263877640906655e-03
8.698052934973249384e-03
8.773519603840528383e-03
8.217337835922371159e-03
7.140700678809594297e-03
6.669625013264658675e-03
6.528640694114232722e-03
6.180952087357705245e-03
5.558191420032246484e-03
4.858179501948747987e-03
4.256786528147092283e-03
3.854592416919209227e-03
3.480583709378805898e-03
3.194670641593557511e-03
3.096431286323162845e-03
3.046998413484802801e-03
3.188314135607286069e-03
3.596297116159800997e-03
3.482051871283415537e-03
3.550947308343856135e-03
3.497331973842504691e-03
3.256372784598027606e-03
2.847861766682318035e-03
2.579045604011469175e-03
2.610527709922116392e-03
2.425016160914237121e-03
2.157840174403005771e-03
1.934042039889753359e-03
1.899721367256100796e-03
1.960355757760171447e-03
1.924523732895318685e-03
1.808684300944859817e-03
1.742526513798530732e-03
1.689957765503897428e-03
1.662420220087551439e-03
1.668139644236581306e-03
1.702466800213604716e-03
1.739999078329688975e-03
1.735821702998599676e-03
1.734027157780673473e-03
1.780605417704918172e-03
1.701753264821773528e-03
1.637126388907554197e-03
1.614385012293262844e-03
1.602428613019764867e-03
1.578445271320046443e-03
1.540744944587766436e-03
1.521313095775839565e-03
1.495941627288273606e-03
1.497120194984747320e-03
1.479473313311881677e-03
1.455455883931286269e-03
1.441801723029905846e-03
1.449785407788604843e-03
1.454846909560594901e-03
1.463871743254727131e-03
1.496156238355824883e-03
1.496044653079236066e-03
1.505943015363720968e-03
1.455333691381130575e-03
1.417622889450577319e-03
1.359631546372062861e-03
1.329981841843192207e-03
1.287738338266283767e-03
1.243653022931011419e-03
1.222783402411402884e-03
1.174359016725715901e-03
1.159327184629783177e-03
1.141948190910654741e-03
1.124979054254728657e-03
1.098746796201935600e-03
1.085511363002971590e-03
1.111989541075341075e-03
1.151025891990353506e-03
1.189206050620892187e-03
1.211392845037651770e-03
1.206656675531525211e-03
1.157372946544236699e-03
1.100339858502263944e-03
1.025479452958124498e-03
9.839451776268623960e-04
9.583189633370373063e-04
9.404258895706642512e-04
9.277411081631658629e-04
8.832071047080285999e-04
8.852689880613990106e-04
8.505438521046359201e-04
8.404521525832382494e-04
8.087780614064376747e-04
7.951531076179201582e-04
7.815054077756219096e-04
7.677771092487044617e-04
7.575653926015417459e-04
7.406615569064195145e-04
7.440619627234190681e-04
7.627124003102780068e-04
7.970438138996308432e-04
8.060591081439335073e-04
8.427247448605596153e-04
8.037742432475041086e-04
7.977905492361261333e-04
8.070796790627419526e-04
7.969639165104728000e-04
7.984689752600927217e-04
7.895925296160653979e-04
7.937059946844211107e-04
7.958393388872998494e-04
8.283645084121082566e-04
8.413076680249117686e-04
8.563531619974433648e-04
9.075221107808848072e-04
9.320402616798263273e-04
9.500701206006232540e-04
9.358392359879126382e-04
9.218345923116195214e-04
9.198771169102762076e-04
9.100079737901974617e-04
9.004320295163608734e-04
8.497483086365249707e-04
7.929170620051564054e-04
7.796145286685970521e-04
7.814654060757387491e-04
7.848365295242589867e-04
8.043897759313205784e-04
8.028353130640616606e-04
7.593654713245699944e-04
7.489102776227741457e-04
7.589849084078438297e-04
7.558004390702236950e-04
7.369222200653971011e-04
7.235370901480370470e-04
7.091783901682368902e-04
6.866225651231324398e-04
6.023175361210891463e-04
6.183484066224992446e-04
6.247270272606301111e-04
6.297375871494080915e-04
6.384027081816244986e-04
6.495414998039559335e-04
6.588764528819602033e-04
6.693295893809522203e-04
6.852704044027665671e-04
6.756676460074238994e-04
6.607056549613485406e-04
6.094957781328553962e-04
6.073671935464253473e-04
6.121398907870238305e-04
6.196086400031432630e-04
6.202319516774559751e-04
6.155825345474550628e-04
6.161186439306659763e-04
6.205914318401763380e-04
6.558890992670303541e-04
6.321146197075200269e-04
6.170696710210119050e-04
5.965827830383325404e-04
5.824640723547066298e-04
5.821916065726644076e-04
5.718885275824842074e-04
5.216386529641499218e-04
5.007139074449272129e-04
4.995129077318859927e-04
4.677472200877033442e-04
4.326096996823275702e-04
4.194292282152636614e-04
4.346570172567564309e-04
4.623668849132698557e-04
4.585320834728588810e-04
4.590114862109935588e-04
4.671700287298486201e-04
4.599888347310136273e-04
4.477051882176632538e-04
4.443473956048787639e-04
4.504897041764852864e-04
4.497663143083836714e-04
4.496086918322894231e-04
4.510831853332911579e-04
4.541336888019102138e-04
4.519068842986723937e-04
4.557915326542965250e-04
4.591992196313185903e-04
4.630906198886906031e-04
4.660739386721189908e-04
4.571447336480718581e-04
4.390949619739833889e-04
4.269901744822003653e-04
4.196901462848521397e-04
4.193125968497039098e-04
4.186763784476605125e-04
4.250075386729591353e-04
4.251657039719302549e-04
4.253311605709642236e-04
4.272333855171152545e-04
4.272839713864777468e-04
4.325991382816133019e-04
4.337735464826231874e-04
4.410263031206063762e-04
4.417683704991167814e-04
4.431111857442856139e-04
4.349664823836088155e-04
4.351277057527891596e-04
4.414295604760349592e-04
4.414558660968968861e-04
4.442717418203600112e-04
4.310605997470927375e-04
4.249472889819615792e-04
4.233342396399074553e-04
4.099980643412211669e-04
3.946939980884949331e-04
3.849623796993474623e-04
3.792817324215065579e-04
3.686987281410240781e-04
3.635373591287114551e-04
3.593670612120381815e-04
3.591760941457757613e-04
3.608887945074720381e-04
3.636122897270239757e-04
3.630579772938721480e-04
3.620135407984965384e-04
3.664804209652062442e-04
3.767972442054247123e-04
3.799684755905977790e-04
3.873525210935951273e-04
3.918372778739458271e-04
3.864483533956385012e-04
3.784255905109485123e-04
3.760751622649709030e-04
3.771103597219972519e-04
3.685714149605729480e-04
3.563508983256961265e-04
3.527463951759893983e-04
3.481139382150948538e-04
3.455583499300334503e-04
3.438346482061040827e-04
3.408858729676089261e-04
3.395707666840390936e-04
3.358884654439969904e-04
3.358376640744130978e-04
3.257251116094742288e-04
3.168393354430893956e-04
3.148421967579903991e-04
3.161211641332223581e-04
3.237599429285376203e-04
3.221448032421306978e-04
3.178093632335694764e-04
3.130477405914309000e-04
3.152248438542285891e-04
3.145337550723218117e-04
2.992460878406296007e-04
2.966664256684587689e-04
3.005740735688426537e-04
3.028232032419828925e-04
3.091413101896104071e-04
3.055274141759297085e-04
3.086037254317781377e-04
3.136336934235462413e-04
3.127759870204464398e-04
3.004388797826789315e-04
2.826186979104663944e-04
2.604846245406002882e-04
2.408433214522814848e-04
2.331491809767583868e-04
2.410558252503736273e-04
2.412145442338815783e-04
2.461743697989248717e-04
2.462911211047109938e-04
2.475816589950938186e-04
2.446095388051195145e-04
2.406290545921578507e-04
2.378151579296005757e-04
2.384573796690675853e-04
2.424720201782811706e-04
2.486137540174454996e-04
2.499663965705920779e-04
2.591962379329633740e-04
2.807752686545659138e-04
2.777496498449732835e-04
2.701670805349666929e-04
2.722898505942235228e-04
2.681161532319697484e-04
2.639391051621419425e-04
2.610020541442825692e-04
2.569746564163375552e-04
2.507677599780675035e-04
2.420280609697844588e-04
2.470559029383383957e-04
2.481615322527349937e-04
2.499912262755090439e-04
2.471503897005975468e-04
2.540568256403716719e-04
2.588909519506278731e-04
2.596370785217835386e-04
2.610789790605456181e-04
2.632047545446913319e-04
2.646160237859266945e-04
2.557495159506218470e-04
2.528298568353126502e-04
2.494171247875493131e-04
2.451868048442546583e-04
2.413262632481091971e-04
2.354557356705802552e-04
2.334718236103041581e-04
2.322154289467877016e-04
2.292211309477062032e-04
2.270912879011288384e-04
2.264303856778107182e-04
2.221080164384651675e-04
2.224196973289894054e-04
2.237489221143623382e-04
2.236442903806780554e-04
2.251342427595422484e-04
2.270516468101442954e-04
2.316236880964168152e-04
2.321036744298515353e-04
2.300523550730675863e-04
2.321127032264623893e-04
2.379264416604478908e-04
2.355822764478869027e-04
2.327299827672112934e-04
2.335448462142555674e-04
2.336897454593598819e-04
2.327159924338913981e-04
2.321938811651786695e-04
2.320284193476058294e-04
2.299460798766968337e-04
2.262754155684134597e-04
2.258378184934034516e-04
2.272139683976835299e-04
2.253545003423682968e-04
2.240489605395299343e-04
2.230843421661350462e-04
2.232106075832335885e-04
2.231610114250707285e-04
2.257214416968604997e-04
2.262751404092757431e-04
2.312156499231446546e-04
2.306561047427198503e-04
2.372508760103624688e-04
2.341560478210703584e-04
2.269163655650152374e-04
2.162005727663745278e-04
2.129650880056463272e-04
2.157281580051068743e-04
2.170500545052336230e-04
2.131122320092340109e-04
2.126321800938141629e-04
2.154126764703542644e-04
2.164350500355720233e-04
2.132967047636301578e-04
2.077845961131633359e-04
2.089299335665691613e-04
2.094886281614794811e-04
2.093945616000636076e-04
2.112408179528349841e-04
