4.554557011224802388e-02
2.033620271910967572e-03
4.330165366240350732e-04
2.959305321108007553e-04
2.608650403488839463e-04
2.510573954001895920e-04
2.482182932289429995e-04
2.525859026413712562e-04
2.517264302394441912e-04
2.493058217174280548e-04
2.480351686830590771e-04
2.499474329630285317e-04
2.463355005125020822e-04
2.469840973647966778e-04
2.471864198125369892e-04
2.483796428915410162e-04
2.478723628426472052e-04
2.460394383395680192e-04
2.465823945163837187e-04
2.489343232012836333e-04
2.458427043878742770e-04
2.449066913370866205e-04
2.438547132844794683e-04
2.437302126026487555e-04
2.444950099700807060e-04
2.433945398046774599e-04
2.432534195813828453e-04
2.429941475539264999e-04
2.442237595406124891e-04
2.435106416461249633e-04
2.432298058550704163e-04
2.434806979651771026e-04
2.438327919608039357e-04
2.447579759231451545e-04
2.432958522775847498e-04
2.470554606850000612e-04
2.457430568527173937e-04
2.466938787807844468e-04
2.483962603141098521e-04
2.468825286982912815e-04
2.521908307764486211e-04
2.495833138141262679e-04
2.537236577640529381e-04
2.518980192031572050e-04
2.553076825472589198e-04
2.538119893558435066e-04
2.592243609392038284e-04
2.565817235319820238e-04
2.619277681343119770e-04
2.580842295198866620e-04
2.637366842969591954e-04
2.600862474613953724e-04
2.763863766738777370e-04
3.242112770421833328e-04
3.944182354054241615e-04
7.699934848940220280e-04
3.183948822043042391e-03
4.858099002254169345e-03
1.122060551485067406e-02
1.497808296444283829e-02
1.914032734499822308e-02
2.900060258993316167e-02
3.207300695845587829e-02
3.310089459862315675e-02
3.855218020035716675e-02
4.647969449721778973e-02
5.334570864638757404e-02
5.787516624926481584e-02
7.124247487853505034e-02
8.761057301066731140e-02
1.034698735988151402e-01
1.149400819543106023e-01
1.197925248568067202e-01
1.278618987259074746e-01
1.329194563101702142e-01
1.382452257904847603e-01
1.566011132948873230e-01
1.696983392850092420e-01
1.832620589754890839e-01
1.933709305396787981e-01
2.032715806911753742e-01
2.157598972275117932e-01
2.398501229006189395e-01
2.497864448996892639e-01
2.695132468862446729e-01
2.875984927382372880e-01
3.053606304505687152e-01
3.202903708395933857e-01
3.238713866351886073e-01
3.294473135618220527e-01
3.424182367117704073e-01
3.556025161741337426e-01
3.732529836214836805e-01
3.893862172965801838e-01
3.927289845249243294e-01
4.106750390019344166e-01
4.265021638697694684e-01
4.411713547721367035e-01
4.555097196952944127e-01
4.665828658669148865e-01
4.768987529939223702e-01
4.908238296430231240e-01
5.053722744312236781e-01
5.212176660056926369e-01
5.363535135980989077e-01
5.392461997558914977e-01
5.466287751190798128e-01
5.496549236568455399e-01
5.570823646119272832e-01
5.700770361083540294e-01
5.807847082941195449e-01
5.937856013693378898e-01
6.054413153154770688e-01
6.199806208564269117e-01
6.270279194052236216e-01
6.349123141657633251e-01
6.401933822619044756e-01
6.491683209831095036e-01
6.552638799422677574e-01
6.595177085850757459e-01
6.663649017889988757e-01
6.696942649489825428e-01
6.730048757441258189e-01
6.782023340695827462e-01
6.899121057391511824e-01
6.979900355112166332e-01
7.046325870210160547e-01
7.108704108689787304e-01
7.192863381147044377e-01
7.272175868779225949e-01
7.322976350534620149e-01
7.388360759711566361e-01
7.523508824650227966e-01
7.630892979863309611e-01
7.739236685896756507e-01
7.793734366363247457e-01
7.836270498001672857e-01
7.924570759218232396e-01
7.996051051282782041e-01
8.146935907375971730e-01
8.166008331239028584e-01
8.122856388044853437e-01
8.109484219604428112e-01
8.151415782979899438e-01
8.187628949017873303e-01
8.245530464634177603e-01
8.327039919821892511e-01
8.429426917497351290e-01
8.501602081980331738e-01
8.561680414676180462e-01
8.595046156732767395e-01
8.655653713473769884e-01
8.753338146529121566e-01
8.793373675447763160e-01
8.807553015297113763e-01
8.822526335248206397e-01
8.863500977562915883e-01
8.920937402162278929e-01
8.976245396964704915e-01
9.071965879704149138e-01
9.151123373946629114e-01
9.237105604788673485e-01
9.245940479137312318e-01
9.258025928671645977e-01
9.308945204729066614e-01
9.423206855764199030e-01
9.470880129204151121e-01
9.517761855701721840e-01
9.544262034465740285e-01
9.609937462733778579e-01
9.653906173524459122e-01
9.699595529970611585e-01
9.701249792656783111e-01
9.674653237245688375e-01
9.676712203143418289e-01
9.738950886235372417e-01
9.817222865157536615e-01
9.841865545609714827e-01
9.858658868560232769e-01
9.824162495204966650e-01
9.822317459557982078e-01
9.886083540075538689e-01
9.964045867216260177e-01
9.974890713530505382e-01
9.991283667052525130e-01
9.999626768875036209e-01
1.007430374358360359e+00
1.014373441167334189e+00
1.019285386437694507e+00
1.021104955095234024e+00
1.026986612890782746e+00
1.033166187399765956e+00
1.038861098932897908e+00
1.048877502051900779e+00
1.048938313417693724e+00
1.049682442095758228e+00
1.052288982202558065e+00
1.056208851982246122e+00
1.060461792813494730e+00
1.066366668500210668e+00
