1.101311546394670828e-03
1.695043545273340396e-04
9.733367487895763434e-05
7.946839580886739022e-05
7.225605734867587805e-05
1.180493950713501538e-04
9.904697272173204668e-05
1.000173623609471442e-04
8.093078387294787410e-05
8.143663213602994708e-05
8.620558972397370694e-05
8.928719677165497396e-05
7.546986775757042203e-05
7.206240904909772373e-05
9.016472136337540472e-05
7.715887242668160626e-05
7.128235921628850945e-05
7.724577715132728312e-05
6.662368716908589081e-05
6.615488683978066557e-05
7.384117723742414569e-05
6.703123572323973112e-05
6.570118817174692885e-05
6.932128259518044715e-05
6.798740705120120173e-05
7.141648103640238379e-05
6.293207618179371559e-05
6.655807235603046425e-05
6.408755465385324002e-05
5.877193196529524382e-05
6.634692718437194099e-05
6.161249829651699653e-05
6.529771389880200739e-05
6.197405599259008099e-05
5.770151924004080418e-05
6.720753634877830638e-05
6.137388931202435443e-05
6.475190720933044896e-05
6.238962102477358653e-05
5.979539064983054416e-05
6.482515339151422929e-05
6.060566462566201439e-05
6.492871708308866740e-05
5.744242556161816108e-05
5.785145489049159975e-05
6.624653628550731036e-05
5.846682770531422621e-05
6.134938402532417979e-05
5.738908744032315931e-05
5.748877146557905055e-05
4.242262528320348496e-05
3.072862764605845262e-05
2.103944473335664074e-05
1.732824833611058392e-05
1.462527957162666894e-05
1.325833506530875135e-05
1.240944381907158780e-05
1.254335092065298097e-05
1.113343306376319804e-05
1.030868886934736000e-05
1.279473603939039627e-05
1.177552670796087985e-05
1.121764833554847551e-05
1.243302942462700875e-05
1.405127300724434578e-05
1.399800436645251085e-05
1.163016149606420778e-05
1.226407907703509961e-05
1.376907146310762607e-05
1.242832925976579955e-05
1.767200913944097019e-05
1.749268029816612914e-05
2.257769082412851058e-05
2.921290171696015774e-05
3.352089276210290281e-05
1.243372753322521917e-05
1.197027031185518221e-05
1.427301095155173862e-05
1.254908929495782080e-05
1.733216446512199816e-05
1.362639587464635601e-04
8.160422127586085869e-04
1.595720521457192438e-03
1.985444692203494881e-03
2.474286768428841411e-03
2.937429351738510361e-03
2.933885799291517313e-03
3.582790952968208879e-03
3.943124345720973659e-03
4.425253187753025452e-03
4.656243877012395012e-03
4.553960836986320655e-03
4.490011191836710928e-03
4.623705266948528909e-03
4.799276286066566158e-03
4.883779701255118628e-03
4.907236144599164823e-03
4.999575863959917522e-03
5.171165299823332097e-03
5.234422300633601206e-03
5.281445999472806664e-03
5.329128907231908338e-03
5.527101688446146854e-03
5.632384837313220323e-03
5.737644826142908501e-03
5.828769271792192189e-03
5.949270801530477833e-03
6.022396576658962941e-03
6.540514588287980706e-03
7.084982737657821196e-03
6.982282965728835687e-03
6.959810987596125841e-03
6.814081083058231778e-03
6.793729796736026200e-03
6.875151582902827054e-03
7.129434826174787902e-03
6.966814934385593197e-03
6.688019199611410642e-03
6.535689631181674543e-03
6.560185293024370021e-03
7.641662391954177035e-03
7.177864810416772698e-03
6.132448870269101120e-03
6.353534499701448714e-03
6.406857899019864806e-03
6.509263204251246500e-03
5.455201478573429817e-03
4.737020173256801907e-03
4.668211125256073978e-03
4.721134383402878117e-03
1.559189699356052015e-04
1.953076647039260822e-05
1.155537675169078881e-05
8.198658288013479099e-06
2.873286922005382932e-05
1.122294203492735153e-05
7.343389181165497851e-06
7.267042949484067357e-06
7.693179624623388381e-06
7.789553871117248828e-06
7.530517086860550409e-06
8.338107206348725092e-06
9.375190313014151750e-06
1.626313655323831793e-05
2.911597598066092128e-05
2.620614559193291829e-05
1.359601993168976417e-04
2.720726284191738419e-04
4.843779423966863232e-04
7.414265647908685865e-04
6.567472897843163945e-04
7.365871276228553449e-04
8.459067846570626336e-04
1.015095480401120506e-03
1.221366782139898409e-03
1.033899242194156022e-03
8.933613117145280643e-04
9.483569715846206167e-04
1.023920562692078691e-03
1.165163727776335817e-03
1.133987656393447554e-03
1.126555072428367344e-03
1.230748959166137616e-03
1.332525163597375216e-03
1.452023690887339945e-03
1.377555898769199615e-03
1.356141113900883460e-03
1.314708337233473721e-03
1.348087967966160551e-03
1.391281551934899765e-03
1.352177368055407745e-03
1.249390189364142818e-03
1.259762625374374456e-03
1.299572156666455123e-03
1.364775642625994231e-03
1.348308378515466251e-03
1.247049753688759047e-03
1.255252888100021795e-03
1.300979574127120479e-03
1.340632879511173331e-03
1.317264922324957576e-03
1.248557862091422086e-03
1.252082904044072523e-03
1.282377942530630059e-03
1.349328335069951501e-03
1.317091437056906560e-03
1.250455175102126084e-03
1.268071976694256893e-03
1.312109531304051424e-03
1.378714499831053134e-03
1.341428580997391018e-03
1.278349742574891573e-03
1.301960893958755121e-03
1.344705105289352616e-03
1.453640521636055932e-03
1.413851371722933941e-03
1.318249432193229192e-03
1.331724836997806626e-03
1.363586509591360393e-03
1.477631298497490914e-03
1.527891803813568629e-03
1.536045928715808239e-03
1.588416212212392454e-03
1.704630137024701645e-03
1.767840584011153146e-03
1.715943751953848519e-03
1.732228701535248449e-03
1.844172510951586422e-03
1.949428332042959112e-03
2.057361053402588947e-03
2.040481475837703680e-03
1.984367155158468874e-03
1.950992765208148932e-03
1.910360123705801948e-03
1.886455028053654224e-03
1.895481313974620684e-03
1.899227545941057412e-03
1.899528678841400781e-03
1.923790659183220687e-03
1.956924005001017906e-03
1.970251585554794009e-03
1.995169112150817041e-03
2.038156084647267229e-03
2.065751828825771255e-03
2.133659372831607590e-03
2.122814216128747055e-03
2.132489461099286356e-03
2.131025363063687120e-03
2.134013887598200376e-03
2.110294731842248233e-03
2.161817941485020926e-03
2.235566826118863884e-03
2.347944722460136233e-03
2.471409132661302448e-03
2.614056017348856745e-03
2.613420860487486366e-03
2.640827174238841776e-03
2.672306800023180242e-03
2.727619816424739583e-03
2.812692722773740047e-03
2.829394269202088839e-03
2.852645300570944443e-03
2.942230583168644123e-03
3.109588283591589817e-03
3.306951120099653127e-03
3.301964929261946152e-03
3.309024504380871090e-03
3.348669657623195781e-03
3.435158221574077450e-03
3.683844833018777142e-03
