1.817448553045256229e-03
8.908372957145913864e-04
4.601552238478722194e-04
2.030139981439846092e-04
1.141276568666463217e-04
2.718689686148094875e-04
1.623517897814619952e-04
1.417584266898739111e-04
6.887755650673427481e-05
4.857554760534218350e-05
5.873066237594405333e-05
5.281373946509174301e-05
5.106966157916708194e-05
3.961776257423143264e-05
2.302080794872634804e-05
4.324566668034533220e-05
3.714499590767252106e-05
2.605538469621157950e-05
2.563648505063017121e-05
3.292965721521408368e-05
2.797793783964330625e-05
2.261224252554466685e-05
1.780973451596939435e-05
2.246276046124940794e-05
1.910777771526229560e-05
2.606893053033637031e-05
1.765811194046132133e-05
1.475971903779825637e-05
1.633088488497833873e-05
1.832037706814319282e-05
2.274142079607792885e-05
1.652990407278516848e-05
1.510386301919617721e-05
1.352956678920331982e-05
1.791548511539937957e-05
1.990091727956606790e-05
1.630544063397219487e-05
1.446382942424590417e-05
1.372535209501468532e-05
1.597120160300411707e-05
1.798082657297837484e-05
1.521972131781673657e-05
1.328030331640832779e-05
1.316690205710168401e-05
1.709231760688176844e-05
1.730957992373693429e-05
1.385053310565227542e-05
1.222162667229991593e-05
1.350475183181255207e-05
1.491374685540033685e-05
7.343548735209561398e-06
9.581854371274418640e-06
9.978336842173997779e-06
8.896017773818963998e-06
6.381859626352357784e-06
6.762736483792963400e-06
5.496453188921353138e-06
4.653595071953353602e-06
4.934525090159371048e-06
4.962901039378607225e-06
4.074329838684692442e-06
3.839335520013637993e-06
4.099483956618839859e-06
4.227297943016987257e-06
5.376066494641565496e-06
4.637455501023774846e-06
4.288994785540830504e-06
4.061934581040180700e-06
4.204051699730082609e-06
5.447437105195636613e-06
4.455831817203572805e-06
4.140243869434788339e-06
5.024531169880958112e-06
5.194580771056087996e-06
5.877472105127615658e-06
5.114557925895617768e-06
5.514639941734349234e-06
5.158417569622211047e-06
6.425496015656131396e-06
6.842780919477017482e-06
5.955427794178392342e-06
6.875238883465852410e-06
6.813704219305610161e-06
7.996758114834477088e-06
1.023514614636079194e-05
1.072372215037320400e-05
1.028266558338242099e-05
1.199961216878971460e-05
1.277021701464931114e-05
1.313011843619863795e-05
9.091499467427730104e-05
8.753287307873542202e-05
4.152196009978653896e-04
6.969462757150160764e-04
1.339634095811833648e-03
1.649531842246980146e-04
3.115207407436335855e-05
1.205251712468791535e-05
9.332356783698401786e-06
1.032554387775863605e-05
4.113495549360774555e-06
4.270606417729317512e-06
3.612068245725775956e-06
4.845367896957279183e-06
4.570816037556216864e-06
4.000176560317371319e-06
4.256998303360462019e-06
4.605531827517627483e-06
4.274370258113778126e-06
4.433454811189663878e-06
4.503807922564146515e-06
5.654129195353049181e-06
6.920970383922444423e-06
7.812525092726533321e-06
7.164413658416687439e-06
6.020383824966132313e-06
6.755361599345293701e-06
8.199824369054839904e-06
1.253249412104629123e-05
1.876717513288710996e-05
1.398093004430252245e-05
1.986475188398889572e-05
2.701935219262903401e-05
3.265070374987604271e-05
3.526183595989837053e-05
3.039052422983063898e-05
3.731627946752893207e-05
4.273968357216393244e-05
4.957255376424458916e-05
4.922677666493733200e-05
5.228026692124208841e-05
5.544882527029274525e-05
6.559415668067576709e-05
6.600724138168576440e-05
7.054308992152465889e-05
6.302649802075870901e-05
6.761284356380907207e-05
7.866971620252041460e-05
8.980276222631733342e-05
8.927248987006339981e-05
8.274807191478478381e-05
1.092938291063247456e-04
1.081245591553528756e-04
1.295871315102127585e-04
1.726972972981974841e-04
1.248485743733100575e-04
1.111020657494851015e-04
1.310203980394764359e-04
1.479862361750539763e-04
1.481509357278115561e-04
1.933410403150025885e-04
3.161529877164994014e-04
3.872350381677648894e-04
4.263612056713891462e-04
4.424583710179750889e-04
4.704525210652451520e-04
5.924903169069560679e-04
8.516260754792226656e-04
1.177125655565221252e-03
1.356951883591854102e-03
1.288807187153550140e-03
1.341214340041338698e-03
1.443163487591714962e-03
1.527727753747239094e-03
1.641103245209765563e-03
1.501687203795051178e-03
1.550752611294455236e-03
1.603415038914105407e-03
1.694102139824248598e-03
2.031936243596030311e-03
1.922079597207144346e-03
2.167324354524275375e-03
2.969650677448244097e-03
4.143394234213886029e-03
4.825042125693992413e-03
4.511758642665761147e-03
4.505043091574434909e-03
4.673542236802439784e-03
4.948705133422622200e-03
5.314480741556038695e-03
5.131559914771541449e-03
5.483236421673685392e-03
5.889326423185329076e-03
6.411013182857937254e-03
6.927337652749070498e-03
6.444242387189023230e-03
6.574644898081390652e-03
6.727507318951919321e-03
6.888506912482329249e-03
7.056663423890689388e-03
6.461006146759575887e-03
6.566860438306018968e-03
6.874767500682494974e-03
7.152765130986196013e-03
7.204697103817296264e-03
6.587146385656600725e-03
6.681100990736101378e-03
7.052029876640751767e-03
7.316771255206106807e-03
7.453126598658639176e-03
7.257077447225230606e-03
7.487374930029261702e-03
7.794167150764330990e-03
8.413262763860293939e-03
8.850841843284456070e-03
8.727248571967303331e-03
8.613619093389868198e-03
8.796149923137194793e-03
9.328362803865617933e-03
1.010342121373926545e-02
1.000328113054948370e-02
9.962107163735066731e-03
1.010804808900411106e-02
1.040161527438820781e-02
1.097079399410787366e-02
1.094604004427288113e-02
1.090937003383083206e-02
1.099211882224883884e-02
1.128711594743643173e-02
1.202740459177300061e-02
1.194747749372730705e-02
1.195240249723128131e-02
1.208870199449634322e-02
1.266833896282372127e-02
1.318621862819201011e-02
1.312143152398566673e-02
1.332658875896993236e-02
1.401621360327348458e-02
1.489359738303964314e-02
1.559694482022075737e-02
1.565051504525657999e-02
1.582296330800226497e-02
1.615694545911935953e-02
1.651255724314128898e-02
1.679559935252921549e-02
1.636209082058205991e-02
1.653962045872520159e-02
1.687270665758375601e-02
1.727853233471643435e-02
1.766859816303776448e-02
1.741493169926313159e-02
1.751869668195249821e-02
1.778127781394214443e-02
1.801807156585578246e-02
1.872079920670242231e-02
1.857297399652054620e-02
1.878613581332224183e-02
1.904410791621693674e-02
1.930111627938335336e-02
2.022677668764610512e-02
