9.750422920991254072e-01
9.340229045607604252e-01
8.776371493632293408e-01
6.652596754305987181e-01
5.741867108162150846e-01
5.247783247880636326e-01
3.793448276169598121e-01
2.601373103340902659e-01
2.016302481345972897e-01
2.000064904616681016e-01
1.884733511873747380e-01
1.667724016866360404e-01
1.307980633973628848e-01
1.262755367709441356e-01
1.171119873103889514e-01
9.662746578512504403e-02
9.024898613928959701e-02
8.322444780620029403e-02
6.962999439740420737e-02
5.846178227188115334e-02
5.415148658202197790e-02
5.031946534809017546e-02
4.989583844750491992e-02
5.307000140804331995e-02
5.372019755761500703e-02
5.395340309926850014e-02
5.472662017920128241e-02
5.467656196472939212e-02
5.211151601588324273e-02
4.894764885854083203e-02
4.167605399126882160e-02
3.798530785992800668e-02
3.665559985558321243e-02
3.483390272571556395e-02
3.244859326306815533e-02
3.101664862298582001e-02
3.020203701911141486e-02
2.978294607073623049e-02
2.757931871208455996e-02
2.611129730378900296e-02
2.360621597316773027e-02
2.220577010827584977e-02
1.967915040530613877e-02
1.887612244505366965e-02
1.835348924199952172e-02
1.631535629986119104e-02
1.552102219988933662e-02
1.560018681386991096e-02
1.613236658929205133e-02
1.647801153279090589e-02
1.743464942026217573e-02
1.620597934786792080e-02
1.458430673129208939e-02
1.311988362306545398e-02
1.209548452246357424e-02
1.096594995238494782e-02
9.791542596516109379e-03
9.311645849363612767e-03
9.130802437609013625e-03
8.969863156309315980e-03
8.516138830174671548e-03
8.084053675473780107e-03
7.952652054642270901e-03
7.874017879128586417e-03
7.504981808906900642e-03
7.147543700966490707e-03
6.985783005931930044e-03
6.898461864932929795e-03
6.779686016573359050e-03
6.768747961837413840e-03
6.979888469001283187e-03
7.016699956617986587e-03
6.919771822832908488e-03
6.743628482400893312e-03
6.475897906190423471e-03
6.122831738668542585e-03
5.817002559043297702e-03
5.282043001835040955e-03
5.027937443711816105e-03
4.892315365512873819e-03
4.824262814704922617e-03
4.945442563736332335e-03
4.919569708677081800e-03
4.974176373734567891e-03
4.975286321461662616e-03
4.947269808636758914e-03
4.843399121592238850e-03
4.767281949196945819e-03
4.715965206910139977e-03
4.687594610135431550e-03
4.591966923416236981e-03
4.420340986493744365e-03
3.947327220922972231e-03
3.727491932018645732e-03
3.662052133409351550e-03
3.500624911199473437e-03
3.474827162536198253e-03
3.570532780152232705e-03
3.646686068889855737e-03
3.693434938918783213e-03
3.706276067442429781e-03
3.774795012062920167e-03
3.804930772386300956e-03
3.823524493215527467e-03
3.785135683807844351e-03
3.767120375318129110e-03
3.703740400085605775e-03
3.515143458802412815e-03
3.477944683366120376e-03
3.427479958706235695e-03
3.365083347272595712e-03
3.647668510325192438e-03
3.412140579340857544e-03
2.659415818785173385e-03
2.410265895016100272e-03
2.333463621917395651e-03
2.266723051356536213e-03
2.107379981152317748e-03
1.972183450567056504e-03
1.879852683792812085e-03
1.842741529521222396e-03
1.758136558496771387e-03
1.715112354355484382e-03
1.701877700400065280e-03
1.651160207749971997e-03
1.597623933731929938e-03
1.620183714969971982e-03
1.784967496916189771e-03
1.745579155996543081e-03
1.758424852396841447e-03
1.702665663342499761e-03
1.776393009064208177e-03
1.838753114996277737e-03
1.773842593964508304e-03
1.695759604524007050e-03
1.603235078228116206e-03
1.488610098511178835e-03
1.488142153718614901e-03
1.478455148618717423e-03
1.503015424908511928e-03
1.573937367786434850e-03
1.675013112212552120e-03
1.873305862869065934e-03
1.960315571873164509e-03
2.010413568465035418e-03
1.715698271624165961e-03
1.630404278937819251e-03
1.604311365967793588e-03
1.548209080534695709e-03
1.496349887813735405e-03
1.443735797612600560e-03
1.396995362450556815e-03
1.392135868583740379e-03
1.352269957060642886e-03
1.377543545783697703e-03
1.383897728556485575e-03
1.392850964640884696e-03
1.368557586247245040e-03
1.446543662522893105e-03
1.438487845917149925e-03
1.377345797504541877e-03
1.388390477093772021e-03
1.401079089866994875e-03
1.370949847423568162e-03
1.342847071028748732e-03
1.289739112941753856e-03
1.202108546698413879e-03
1.161772952569764972e-03
1.104989095645386808e-03
1.066753884933520054e-03
1.061193594830347510e-03
1.062212185824703376e-03
1.102947623694090036e-03
1.176479176292822594e-03
1.177681370215569439e-03
1.302492326835432779e-03
1.366641302796497764e-03
1.361236454261551161e-03
1.300281228737161943e-03
1.242317598865748168e-03
1.203682186262784249e-03
1.129037360368427860e-03
1.070887068918937148e-03
1.050209037870392667e-03
1.037550287783330950e-03
1.068899723137544961e-03
1.100988848598357175e-03
1.099395688547114046e-03
1.140061222767340754e-03
1.146775987198135789e-03
1.154364710137303950e-03
1.164250895082776047e-03
1.126662377393207026e-03
1.132978892025147954e-03
1.127407552827883273e-03
1.091270859986369314e-03
1.073632599614652346e-03
1.038056686188289224e-03
1.018266291690447930e-03
9.821321458477526387e-04
