9.674308972071475610e-02
2.056278827845977458e-02
9.337927594900114620e-03
4.125972234333033332e-03
2.452024713822007710e-03
2.629615833338556658e-03
1.191623454113720096e-03
7.411225312859690863e-04
5.505350473446244232e-04
4.841898578075466155e-04
4.523329084552086339e-04
3.759918223923933872e-04
3.724393200115289570e-04
3.089126936897037688e-04
2.777429916796313549e-04
2.970421628395951809e-04
2.944160110567972232e-04
2.343959672417262013e-04
2.125416360383059096e-04
1.955942616453673708e-04
2.431917731198828610e-04
2.122243324722818624e-04
1.883359668009671969e-04
1.869689295374694330e-04
1.753727489523552129e-04
2.301248959778603260e-04
2.110859201784364748e-04
1.750191145190128699e-04
1.765371813582661807e-04
1.804718405680871948e-04
2.167628559791405236e-04
1.929635411003090522e-04
1.759614377053351705e-04
1.732755905254670643e-04
1.456668873764352965e-04
1.888861390343007896e-04
1.889334834743065577e-04
1.665118016197512018e-04
1.653326304488747685e-04
1.620222166546103507e-04
1.875589633024590634e-04
1.746612250726765881e-04
1.654457865146937996e-04
1.645171975469075538e-04
1.582576236331043854e-04
1.727965908376009213e-04
1.649725527826541153e-04
1.595591674510047850e-04
1.536159508211610756e-04
1.560943398329640288e-04
9.634484519257834393e-05
1.077564722654297824e-04
9.780064153683018882e-05
8.334089851659609897e-05
9.970694661497146445e-05
8.794549780417660917e-05
7.892120165718327380e-05
7.790809813702427751e-05
8.154023212668058392e-05
8.380862430674309682e-05
7.849933130347636079e-05
7.141959358148836621e-05
7.350363237907818394e-05
7.081202865641292137e-05
8.071260806852192178e-05
6.753834048931084833e-05
6.903469504552952989e-05
6.706188056402695528e-05
7.010454441655455374e-05
6.767376947221560054e-05
7.186749607938156122e-05
6.489776768689961724e-05
6.934872384191570125e-05
6.387927094505801843e-05
7.472942141290970402e-05
6.142318542172483359e-05
6.452844472447986067e-05
6.247230768128236953e-05
6.666005486937239411e-05
6.310022845588509840e-05
6.653558195076406643e-05
6.132674509987936715e-05
6.252952718586020321e-05
6.193636017915650385e-05
6.288247993097636091e-05
5.994448452462862410e-05
6.438181445224520785e-05
5.959401579766013539e-05
6.156809290634813266e-05
6.071891290145830237e-05
6.317484998557942714e-05
5.887558039145797861e-05
6.139630440955549831e-05
5.719916689635984975e-05
6.185479529478962648e-05
5.717139616868439076e-05
6.114091003643031452e-05
5.759805249814680718e-05
5.963993974397197321e-05
5.954941398149863312e-05
4.861548878948834384e-05
4.944187004263775104e-05
4.749563373651527655e-05
4.182327885992758360e-05
4.243470345687182845e-05
4.060207984782820750e-05
3.396578356122541590e-05
3.568066014250438530e-05
3.788695514764950655e-05
4.114913893070305768e-05
4.169322993368599852e-05
3.344284948228418034e-05
3.280126797394925062e-05
3.135166028965763159e-05
3.252515855820888480e-05
3.255031195064048843e-05
2.956631748873340439e-05
3.097752707179771099e-05
3.626063525848039680e-05
3.570225508009095867e-05
3.700737934617608733e-05
3.219595006756409595e-05
2.908987048385331593e-05
2.906068466470989548e-05
3.039779909147180575e-05
2.838127588205316236e-05
2.958402766236453563e-05
2.734229954482013115e-05
3.190332150540042334e-05
3.097633415332380874e-05
3.371843825509977723e-05
2.898734958313648521e-05
2.809955675836203577e-05
2.648644664960410594e-05
2.773990849467231022e-05
2.686259001761115184e-05
2.791754856443066663e-05
2.462609056202680167e-05
2.747673897601006593e-05
3.004442871108952581e-05
2.930935454562567347e-05
2.723270732643137340e-05
2.475825439912706855e-05
2.432835396991956954e-05
2.660083443514108011e-05
2.473264640888713737e-05
2.567863839107867847e-05
2.406849429865477627e-05
2.636646814428167610e-05
2.809943711554063902e-05
2.370490083525787875e-05
2.562964462101436164e-05
2.430576407301251733e-05
4.518243202149160143e-05
9.038075464127698366e-05
7.875450592764443581e-05
1.010668246194283622e-04
1.151786297647952449e-04
1.903482901652055442e-04
2.718348061722470547e-04
3.542724683244041447e-04
3.787063549680821928e-04
4.642025025302245035e-04
5.220440905198154300e-04
8.039329124283518813e-04
1.237608868971313810e-03
1.140492888793084164e-03
1.226808752223582924e-03
1.549621927036621888e-03
1.867755848180359087e-03
1.661660952037304810e-03
1.671993286699548524e-03
1.870852190205844886e-03
2.259647656712346873e-03
2.438754149595562509e-03
2.424114457556641230e-03
2.443423862256345874e-03
2.656992672654567844e-03
2.919373729674314740e-03
3.098869384860632268e-03
3.151499309181749094e-03
3.105672941574989711e-03
3.171984192453249606e-03
3.372107204478878763e-03
3.488312927618847977e-03
3.479977934062167006e-03
3.494355592187043530e-03
3.510445224335441341e-03
3.713337013015075710e-03
3.863233690425342103e-03
3.813083033451820404e-03
3.897414958026975979e-03
3.873007138912506857e-03
4.103805735030155964e-03
4.302883920484588259e-03
4.238170387121782852e-03
4.191025836414810808e-03
4.338974693735335453e-03
4.371003790004756098e-03
4.757443870337210376e-03
4.911793460605381328e-03
4.772450023906095982e-03
4.872620562926359422e-03
5.005066365095440714e-03
5.344365606731621768e-03
5.508714148106506718e-03
5.576657850091794322e-03
5.776287499439378484e-03
5.903347719144671525e-03
6.084086603156515886e-03
5.770130460778202970e-03
5.833990538872935692e-03
5.792343830091409816e-03
5.834887743592970591e-03
5.973738416577516544e-03
6.073997371168165030e-03
6.102797974630911650e-03
6.184831461882135846e-03
6.335011517463965541e-03
6.514676022370944133e-03
6.541777254171150628e-03
6.503047684075506825e-03
6.541333280399989555e-03
6.620640931874604944e-03
6.744027976882453930e-03
6.801315752311117534e-03
6.807845614225097736e-03
6.866003666161619653e-03
6.956741727105169269e-03
7.066584652991147152e-03
7.101019863443156464e-03
7.133521358645442643e-03
7.173403752995989417e-03
7.243545182873087872e-03
7.339701912190760118e-03
7.372628081557052772e-03
7.410063752169388993e-03
7.486658956010268547e-03
7.616370291259163400e-03
7.757226184829877844e-03
7.792840176955820319e-03
7.804901959263619432e-03
7.850294598748861971e-03
7.913015970837936758e-03
8.037920169895960629e-03
8.071803204581182514e-03
8.090744730849541017e-03
8.138810698679149053e-03
8.193920023273314202e-03
8.321103876552729539e-03
