9.660939588152123170e-02
2.042636615509737727e-02
7.598956623101981930e-03
3.517681155340336013e-03
2.387083016498998261e-03
2.813277745653113785e-03
1.388539094185709194e-03
9.064806172755588819e-04
5.764433632774888707e-04
4.888552617721378824e-04
4.593978763020414619e-04
4.182348102629550052e-04
4.279529035279922228e-04
3.570130455338316883e-04
2.339250843536981334e-04
2.785236722976260201e-04
2.964239482688668355e-04
2.390033237830549483e-04
2.247133300388258329e-04
2.213125300863003054e-04
2.633895756018602785e-04
2.236679676931510455e-04
1.916288927643766693e-04
1.919058783272976389e-04
1.693728861821265858e-04
2.368783598423681875e-04
2.166082789394276509e-04
1.754524511751961752e-04
1.861005810578150331e-04
1.771754532125737358e-04
2.141200098931570568e-04
1.974396211519449749e-04
1.738433154470056161e-04
1.750959793114681309e-04
1.588290318651341276e-04
1.955717354043377560e-04
1.869710862650030036e-04
1.605528864464637352e-04
1.781823177881417311e-04
1.705581313665710660e-04
1.969765579802959933e-04
1.816901060288640777e-04
1.680240234032760781e-04
1.611306559110241678e-04
1.559274673867189133e-04
1.701327410129983343e-04
1.693913847728417265e-04
1.611038896362367815e-04
1.623486155152309180e-04
1.733348540386220262e-04
1.043408723421875066e-04
9.782414273783555253e-05
1.015760675870935870e-04
8.410634733511209891e-05
9.941937435922129369e-05
8.481473023460236473e-05
7.688236741307019661e-05
7.509335017778445503e-05
7.739592476724959367e-05
7.956782757813315760e-05
7.427979436688445739e-05
6.702934627119518714e-05
7.285363181349501112e-05
7.089624040724740682e-05
7.158531464508540397e-05
7.060984024686539997e-05
6.621377007817041841e-05
6.386845605142660906e-05
7.040022251439971817e-05
6.806922757090094094e-05
6.774901989657327174e-05
6.041426996551402918e-05
6.598508206149145822e-05
6.132342182972780038e-05
6.941153206862679095e-05
5.960962604474462768e-05
6.257457936714144850e-05
5.895155608684430888e-05
6.241551622208712201e-05
6.175219955625928128e-05
6.213538928763404350e-05
5.891189549877271555e-05
6.010181036225800238e-05
5.917783754538660069e-05
6.317695789924566150e-05
5.856824996404766913e-05
5.973682422530122912e-05
5.671026451273060469e-05
6.097232250164605322e-05
5.992448701360799399e-05
6.125429761421825653e-05
5.684014022470168721e-05
5.737857681739367286e-05
5.701313343478317899e-05
6.221014754073173666e-05
5.558266755685257364e-05
5.808908268364471321e-05
5.590216348916742271e-05
5.523149985361710233e-05
5.895879937343615813e-05
4.521439412236181261e-05
4.580920377496069251e-05
4.774795618844187672e-05
3.706178201824826324e-05
3.853277921807508395e-05
3.797446142159810023e-05
3.741147350336491295e-05
3.311691742340251840e-05
3.766073756401226122e-05
3.650860219141551091e-05
3.786520687584417767e-05
3.261644301559641691e-05
2.868225144188502084e-05
3.012255335659880064e-05
2.917337182665655148e-05
3.058239403931675276e-05
2.747547828943509298e-05
3.118243295597516958e-05
3.174581859180808933e-05
2.935029860707798351e-05
3.211271743719718892e-05
2.954205784184584148e-05
2.636954487487221232e-05
2.586156544509565520e-05
2.737954463269742775e-05
2.583328965129062495e-05
2.653588300373080540e-05
2.765074558946406766e-05
2.785313143837702039e-05
2.620747218439154703e-05
2.742948559815563402e-05
2.729012416393682386e-05
2.525331061139397002e-05
2.403072479563420449e-05
2.548664678056735615e-05
2.406885130614816495e-05
2.511223695257101804e-05
2.429840613692455379e-05
2.435977336560506777e-05
2.504696948730525546e-05
2.399184382091701790e-05
2.530814585548365157e-05
2.287228740147600784e-05
2.478323331639780425e-05
2.184684164787437070e-05
2.406389920443299327e-05
2.354162880884058909e-05
2.268648039532561016e-05
2.195637597071975464e-05
2.293704368180962829e-05
2.061184423196387076e-05
2.479677424653069269e-05
2.016989366979280633e-05
3.221669920817724916e-05
5.779915996739616813e-05
5.023080507224740479e-05
5.424465882826341983e-05
7.748139166639717620e-05
1.393413742498697755e-04
1.940001928092947609e-04
2.654164458429041345e-04
3.060943572501817760e-04
4.569583769284254679e-04
6.441368781060570654e-04
9.050399161420983338e-04
1.167168694133259880e-03
1.110615382629180203e-03
1.308839053283423039e-03
1.344866894454388494e-03
1.711208757921665402e-03
2.014031999495903037e-03
2.074741157594383895e-03
2.264217907385413561e-03
2.447793269822556416e-03
2.682245488935960497e-03
2.601797364817637348e-03
2.699628054684140820e-03
2.811652094516903840e-03
2.847517458473441867e-03
2.985327053393157810e-03
2.899388236744683892e-03
3.160391320040192506e-03
3.306545150400612247e-03
3.304788826164897254e-03
3.353027255238905709e-03
3.269102041803929968e-03
3.298985180554371306e-03
3.309721267490987537e-03
3.379068412886196849e-03
3.491632149694616667e-03
3.233704291551533355e-03
3.341000191997984137e-03
3.448423770040320510e-03
3.522496699618722724e-03
3.637780794694219898e-03
3.480106103893019359e-03
3.658513417539642140e-03
3.782291383822005987e-03
4.028877615842328674e-03
4.254959529660326881e-03
3.781811041553843206e-03
3.893619818429759367e-03
4.155956254744404971e-03
4.812265791245851423e-03
5.160958396499919047e-03
5.057120692116323472e-03
5.244756254744889837e-03
5.654451417181904048e-03
5.964616370690476420e-03
6.410073139925192599e-03
6.353861147731018101e-03
6.456469360399336513e-03
6.840625219855651397e-03
7.498844721732394504e-03
8.307410294143995066e-03
7.984875365386397139e-03
8.117157019300708445e-03
8.751982125483235078e-03
9.460592987542428348e-03
1.005713902410123282e-02
9.886748395173786813e-03
9.887954518134433810e-03
1.023985647482803830e-02
1.087509155365862755e-02
1.146234832886554485e-02
1.092279483708142804e-02
1.110575187583578115e-02
1.154554894949931000e-02
1.167053433366848844e-02
1.200697776790240687e-02
1.210076451651018702e-02
1.226918082274826814e-02
1.281181936498738440e-02
1.356873384014747538e-02
1.443176825693696756e-02
1.429886372342565118e-02
1.437410680752901002e-02
1.467340556047616595e-02
1.523286178579315135e-02
1.616995030255228075e-02
1.627277770837305335e-02
1.637766902928046095e-02
1.672992655287748251e-02
1.744119628052113666e-02
1.786224871127036276e-02
1.818376808779692891e-02
1.825828769731224765e-02
1.866872522345920313e-02
1.923714475623965539e-02
2.012416762627045747e-02
