1.980016951719019425e-01
5.800142965388448146e-02
6.109446570572459219e-03
4.342003863818943987e-03
4.044553959409129609e-03
4.010114474243946583e-03
3.954105535972596459e-03
3.917739103725538519e-03
3.897847078666473366e-03
3.917950221346261537e-03
3.860384675052214339e-03
3.881619296523703810e-03
3.880855551104021254e-03
3.840681079909723239e-03
3.861574276680946379e-03
3.840963641237657347e-03
3.876781320499975234e-03
3.853425367945118984e-03
3.842014444201816755e-03
3.835438965280101985e-03
3.858135881151330670e-03
3.836060631505243141e-03
3.829487308569875289e-03
3.843809364022605143e-03
3.825898331162253321e-03
3.847865131437790132e-03
3.823601128715679864e-03
3.810780116656915621e-03
3.814779806080111860e-03
3.803435520224311087e-03
3.791858942722090876e-03
3.798352143126227948e-03
3.804996432932751006e-03
3.794744912836134007e-03
3.798488541047169344e-03
3.788632984173859707e-03
3.810530416198737273e-03
3.813252137680847673e-03
3.823510226743541927e-03
3.788554630317848664e-03
3.718438063377493916e-03
3.734631966468604340e-03
3.670115108011243014e-03
3.674434565583431511e-03
3.651570240797480729e-03
3.643528742805518961e-03
3.626362562279250232e-03
3.596380090655643298e-03
3.569773738927111383e-03
3.563424559096872030e-03
3.574451666010397197e-03
3.547464236216536521e-03
3.500909548211356484e-03
3.458359718793088244e-03
3.458345760956615684e-03
3.474425379826463420e-03
3.450177362569188666e-03
3.510838523067265782e-03
3.394138703189440807e-03
3.442421149582503698e-03
3.355283894934890220e-03
3.214300354903672219e-03
3.270398765335257724e-03
3.091913367662425631e-03
3.014215499109017347e-03
2.905702412500674268e-03
3.020046644587394066e-03
2.982378773309505779e-03
2.662046334081550562e-03
2.613106594506536904e-03
2.531703486203690755e-03
2.464012193936885881e-03
2.349901316128221850e-03
2.309460693956304905e-03
2.302985595024662369e-03
2.236391413068911441e-03
2.214807372280937908e-03
2.297990663788299689e-03
2.261244202623047608e-03
2.204023290737686797e-03
2.154042972189833087e-03
2.136950816318029973e-03
2.080763236050280247e-03
2.035167333884629632e-03
2.050410898110460907e-03
2.019676221915685244e-03
2.023312733207912120e-03
1.953296372705587078e-03
1.925479377810008445e-03
1.920599376820447722e-03
1.922481622775861236e-03
1.891440659189616612e-03
1.856169761203715690e-03
1.870373118598434069e-03
1.950423499435606977e-03
1.773003116283919768e-03
1.737164694324779988e-03
1.731126825585116479e-03
1.831732254018827652e-03
1.689940095177321338e-03
1.613450901708179475e-03
1.580380633002818501e-03
1.517884854076399391e-03
1.494911881731866799e-03
1.487354830575673970e-03
1.400826762367991850e-03
1.391281617112559259e-03
1.407644579502527124e-03
1.386787341026793829e-03
1.377398990187338104e-03
1.339207985732743505e-03
1.335808551065925925e-03
1.356326724868296392e-03
1.373510614180575634e-03
1.351699999970725841e-03
1.287172350246757867e-03
1.240354461081655865e-03
1.227813817502843106e-03
1.186931002560987023e-03
1.169607731674095034e-03
1.182367279305042559e-03
1.165822616507717875e-03
1.123106616228669238e-03
1.069194120191313156e-03
1.058306978433197054e-03
1.021761265942897198e-03
1.008708023532159381e-03
9.957579471362599383e-04
9.726923390221761537e-04
9.411321202136066618e-04
9.099242605353234561e-04
8.550221719971030703e-04
8.558813178146154046e-04
8.375422704439106861e-04
8.114666268740081600e-04
7.835922010962386754e-04
7.768872991976899295e-04
7.665745987985708504e-04
7.657200896509630929e-04
7.336971670691168476e-04
7.640141513138458190e-04
7.097288251261485784e-04
7.283971564496407713e-04
6.913508989408481643e-04
7.014580607047730954e-04
6.706317013538661345e-04
6.633391495314768134e-04
6.372348930269212692e-04
6.199487347495276530e-04
6.070279450777837189e-04
6.053557534207480110e-04
5.967786177331606962e-04
5.856258965260699532e-04
5.913300644621320755e-04
5.847612401944851180e-04
5.662461410366289487e-04
5.626917810780056968e-04
5.518864033011417446e-04
5.431092161828999848e-04
5.376619686872401637e-04
5.460032732896368890e-04
5.302020018821704348e-04
5.300231622469127541e-04
5.184076613981635851e-04
5.159951907474420339e-04
5.126928833284952322e-04
4.994672856038243026e-04
4.985467849673582514e-04
4.993550970293274358e-04
4.922498793431291783e-04
4.885082447146208741e-04
4.937569427340253187e-04
4.861967677735725205e-04
4.824826959426881958e-04
4.802019462829071003e-04
4.783284786877234438e-04
4.755729477226708010e-04
4.652806715059743512e-04
4.632669990120746634e-04
4.603753972278030147e-04
4.534181196892949077e-04
4.503033516760727452e-04
4.528661420206217818e-04
4.417545461562641341e-04
4.358840287340998328e-04
4.304403809625026250e-04
4.257940256054840514e-04
4.238919816277387544e-04
4.220533488509431745e-04
4.249295005537191846e-04
4.094940999242751190e-04
4.061112785666958760e-04
4.003289471910483391e-04
3.996153916898164608e-04
3.989686591768609692e-04
3.939157965907223117e-04
3.941128747796286279e-04
3.931025364761342867e-04
3.888853523283617992e-04
3.851449149210177153e-04
3.835796685720374620e-04
3.807854752099446038e-04
3.760684307058691006e-04
3.731420615878156574e-04
3.667925486817688097e-04
3.664210653132071206e-04
3.602111628751035249e-04
3.592987286653668427e-04
3.593545003305159387e-04
3.545876886881591384e-04
3.545030420561380764e-04
3.470522212423244658e-04
3.367999072719206626e-04
3.371137520604770951e-04
3.269510508041847193e-04
3.241452250992294792e-04
3.160079259978887042e-04
3.109376249695232439e-04
3.076352630273253481e-04
3.028342183819417968e-04
2.955673369912697936e-04
2.860139958117384625e-04
2.784293620077836267e-04
2.656910664486787275e-04
2.614196964322910532e-04
2.569920105049424515e-04
2.484114187008102195e-04
2.464392822581682168e-04
2.451704089702200066e-04
2.351559247265828988e-04
2.131526663495126315e-04
2.123111137854491015e-04
2.081653970538416114e-04
1.979345534620571964e-04
1.952668825241464642e-04
1.913335362599555961e-04
1.941411485481892355e-04
1.927320097690040843e-04
2.059533864823672258e-04
1.898783488245971238e-04
1.755497490274035739e-04
1.751844673222801522e-04
1.695831939676880815e-04
1.614895031209618421e-04
1.534045784783508843e-04
1.488765919478762302e-04
1.462574685420780260e-04
1.378088477562138675e-04
1.435964975496192202e-04
1.312883725129664579e-04
