2.351258800478410182e-01
2.154689779968510799e-01
2.175160116328736515e-01
2.113636987344953422e-01
2.041893980997781799e-01
1.927601283341021376e-01
2.024200248551331904e-01
1.529088935199645061e-01
7.327272757233158074e-02
6.624250950975399399e-02
2.035242835410153855e-02
1.595268173213310048e-02
9.980724360021312955e-03
7.460891616052792857e-03
5.986977506290760281e-03
6.032155241924524666e-03
5.859260584923566863e-03
4.599364645704834102e-03
4.974491467706127455e-03
6.843493761851430005e-03
6.277002626831759517e-03
5.742153673207284897e-03
3.941753452346342772e-03
3.887552916199638574e-03
4.540782155067475505e-03
4.696703917221374362e-03
4.015112417348303854e-03
3.477207649030488162e-03
3.980121473053545647e-03
3.735723394164451334e-03
3.872137731118491157e-03
4.023826762914032608e-03
3.839529444659817159e-03
3.830184336719716278e-03
3.829713532011122870e-03
3.754280804152175001e-03
3.788832844600722484e-03
4.055903951220996527e-03
4.219360800534080989e-03
4.309046009412532789e-03
4.032433750232544689e-03
3.957087961398660959e-03
3.908733234075633181e-03
3.931071731093792668e-03
3.845919681766382225e-03
3.683460927134488052e-03
3.535135011544294180e-03
3.340612508747456671e-03
3.389179480392242021e-03
3.290545840452406643e-03
3.382375465896807643e-03
3.402103351282817576e-03
3.373040639532785129e-03
3.180142364054035133e-03
2.845038826916499938e-03
2.626688704912373551e-03
2.608670193718245437e-03
2.621996871370270779e-03
2.658451693748034323e-03
2.645695546344156539e-03
2.609584518167235544e-03
2.401154354831985804e-03
2.373889510777188027e-03
2.497174788569956304e-03
2.642717100389442575e-03
2.668249295092905114e-03
2.948078749958698251e-03
3.092732338387579188e-03
2.979058155317282179e-03
3.106497302907441915e-03
3.126113822552001580e-03
3.260452387521317608e-03
3.307321908987159199e-03
3.255672158284749710e-03
3.109459891277972614e-03
2.938461507016783443e-03
2.914798227390301595e-03
2.856112157922122054e-03
2.746150494026864709e-03
2.761430337208710655e-03
2.738101339138564617e-03
2.692816767124243688e-03
2.659360808842463429e-03
2.528110805145611286e-03
2.484891795976627415e-03
2.513888325980223430e-03
2.613470228330967531e-03
2.482346689921646147e-03
2.249483275156558167e-03
2.268151760567328236e-03
2.006151452373289290e-03
1.917146418898765066e-03
1.993687109603427092e-03
1.980152323114793816e-03
1.769099054071387881e-03
1.691654129695698743e-03
1.675280078960439878e-03
1.641366364037641834e-03
1.418276940574264523e-03
1.386291197873770753e-03
1.407863770139665882e-03
1.449400804212862314e-03
1.523186614567391276e-03
1.452225344017012707e-03
1.500429103514673134e-03
1.407990526490238148e-03
1.388740832850945180e-03
1.448037715508576975e-03
1.488574448275300230e-03
1.518076677154374604e-03
1.569187564841229877e-03
1.625001516513629443e-03
1.531582457119103936e-03
1.515353234945003656e-03
1.470506032323044745e-03
1.372948181762166219e-03
1.366562829799828011e-03
1.334148408274741333e-03
1.345962885635733613e-03
1.326880283056044649e-03
1.325975365047602243e-03
1.318418471456087515e-03
1.324964464649547443e-03
1.314971217629724420e-03
1.320652751140942915e-03
1.311442171997635004e-03
1.343424424034552443e-03
1.369509599503290634e-03
1.404773004396446751e-03
1.403541252924777162e-03
1.409001346433555240e-03
1.380415739386716203e-03
1.372744386957779365e-03
1.367103913075563880e-03
1.390276332437506528e-03
1.407647027382972127e-03
1.390705046409782594e-03
1.368200097407441026e-03
1.350914118110622562e-03
1.348607278644923255e-03
1.354566841589861141e-03
1.346006902162687723e-03
1.321275522232883901e-03
1.332564307811379307e-03
1.327330362979304212e-03
1.301928876155223182e-03
1.293953386912612439e-03
1.308266829581784547e-03
1.342768576720635050e-03
1.356560906703571309e-03
1.424111832521256834e-03
1.383579696428027025e-03
1.328145177081716238e-03
1.329348186871639635e-03
1.332617031026416161e-03
1.344805288031887536e-03
1.329348100384464574e-03
1.305737781177233317e-03
1.298941492754059198e-03
1.300537206634662119e-03
1.315593023521937320e-03
1.329097524446473015e-03
1.311988132741132365e-03
1.314489043320788428e-03
1.306581453827033914e-03
1.313286349016771094e-03
1.330300176352842458e-03
1.365574106645911544e-03
1.372500952217737625e-03
1.397707986360743719e-03
1.329581096270844197e-03
1.288572904579128381e-03
1.231266822153142615e-03
1.187344959822612999e-03
1.189743994394188787e-03
1.151029337887519424e-03
1.175177606703714950e-03
1.202580572266885757e-03
1.128491665390442093e-03
1.064227926090910610e-03
1.125993211644860537e-03
9.456853263351422140e-04
9.056305328994670003e-04
8.406615958887089617e-04
7.926712313291253437e-04
7.295375548729676057e-04
7.314543719200482328e-04
7.651583343383038362e-04
7.504665682753760636e-04
7.346050742425471597e-04
6.813815816233708854e-04
6.909394554814152862e-04
6.817301003134876259e-04
7.151480605790265814e-04
7.364986928603958283e-04
8.119343360055656517e-04
7.971551893762927714e-04
7.690679391137229988e-04
7.019215055317474215e-04
7.249537266259942605e-04
7.649096727553878882e-04
7.696806184476769844e-04
7.174583541982352229e-04
6.750741825772947624e-04
6.355582779425767662e-04
6.444359825910075338e-04
5.661970826149274319e-04
5.549796762211681861e-04
4.867765149507036226e-04
4.243545844220664013e-04
3.886317153280011648e-04
4.256827127282755761e-04
3.573218553321346716e-04
3.282678791948803981e-04
3.177121773305240679e-04
3.021047264740824760e-04
3.489363726600688679e-04
4.043188332651089585e-04
3.236086636209225599e-04
2.848866906720178243e-04
3.046452155474349164e-04
3.006698562826834757e-04
2.914390547744142245e-04
2.773216668846163464e-04
2.656644085576822427e-04
2.592922164861637363e-04
2.747678101423769916e-04
3.056069837604926515e-04
3.083115257674090169e-04
2.782864820796565608e-04
2.611601765775862388e-04
2.382815687112277870e-04
2.322811194194525245e-04
2.273285806340463256e-04
2.899953341888781536e-04
2.927878433291817976e-04
2.828128646360107538e-04
2.178574845586231368e-04
2.246925751456296317e-04
2.063006710736346228e-04
2.152655145281136306e-04
2.235617447285305221e-04
2.247859887669991007e-04
2.333471375945316755e-04
2.190031230764360635e-04
1.888484942823485631e-04
1.755938253861092431e-04
1.697957605051493438e-04
1.458387494779348143e-04
1.514899633741881616e-04
