1.383691405007192010e+00
1.293848623264393982e+00
1.074237492530458304e+00
1.030375342608606637e+00
9.897964233562164260e-01
1.962131247807182621e+00
1.907361752145718903e+00
1.909508874254836286e+00
1.711698596313082410e+00
1.893175824766782256e+00
1.623526350122357353e+00
1.344494823408046269e+00
1.301240557609595117e+00
1.045233819357435756e+00
1.118971066821077276e+00
1.034415215158250856e+00
1.087513119804703887e+00
1.102826111342680049e+00
1.101747951008384074e+00
1.101789567945030246e+00
1.101141653293904898e+00
1.101040858620979002e+00
1.100491173629946307e+00
1.100390881471973170e+00
1.099928286674722422e+00
