3.996766746923741493e+02
4.045000031719893059e+02
4.044140050949084184e+02
4.044010568982695304e+02
4.137511453779336534e+02
4.137192957468258214e+02
4.138824382461893379e+02
4.137413809620244933e+02
4.139029212460937970e+02
4.137637558304519985e+02
4.139235038279224455e+02
4.137853359556786472e+02
4.139434819848887628e+02
4.138059852182787495e+02
4.139627832628618762e+02
4.138257977783878232e+02
4.139814821104710632e+02
4.138449095696528843e+02
4.139996757833642960e+02
4.138634486882423289e+02
4.140174545032645028e+02
4.138815239839698279e+02
4.140348942874771865e+02
4.138992241707337030e+02
4.140520567816042785e+02
4.139166201413970612e+02
4.140689913439468910e+02
4.139337679773295235e+02
4.140857371069254214e+02
4.139507118399822616e+02
4.141023249103124613e+02
4.139674863964302176e+02
4.141187790358766279e+02
4.139852173666909039e+02
4.141359576500851745e+02
4.140022111410901289e+02
4.141526135885524695e+02
4.140190163521984914e+02
4.141691281919700032e+02
4.140357492611035468e+02
4.141855848548549375e+02
4.140524463132039727e+02
4.142020110145654144e+02
4.140691305399997191e+02
4.142184251552780552e+02
4.141153641812975366e+02
4.142648265132585266e+02
4.141211036415413673e+02
4.142693719233226943e+02
4.141651308445370887e+02
4.143145387311494687e+02
4.141712810114713079e+02
4.143189995319107197e+02
4.142156263251094970e+02
4.143647118964372567e+02
4.142218957195234452e+02
4.143690192350358075e+02
4.142665047631018069e+02
4.144152068285848713e+02
4.142728733768535676e+02
4.144193797787511357e+02
4.143177353554501110e+02
4.144660254301660416e+02
4.143242231268384330e+02
4.144700987003251385e+02
4.143693360759885991e+02
4.145171966161387331e+02
4.143759788707825464e+02
4.145212118201284852e+02
4.144213421940729631e+02
4.145687570134699058e+02
4.144281808482709266e+02
4.145727591442654898e+02
4.144737926967339945e+02
4.146207458298937354e+02
4.144808703748477683e+02
4.146247808072549788e+02
4.145267261083490666e+02
4.146731991420322174e+02
4.145340862833573965e+02
4.146773142775372207e+02
4.145801784793573574e+02
4.147261468304677692e+02
4.145878631400622112e+02
4.147303927562539911e+02
4.146341819923444518e+02
4.147796156086289443e+02
4.146422318978048338e+02
4.147840457205728626e+02
4.146887649972496206e+02
4.148336308923805973e+02
4.146972208216448053e+02
4.148382998195601203e+02
4.147439527235472951e+02
4.148882129103934631e+02
4.147528543179242888e+02
4.148931778100561587e+02
4.147997668425485358e+02
4.149433799604723845e+02
4.148091540222215485e+02
4.149486996050442826e+02
4.148562260400951800e+02
4.149612143391891550e+02
4.149005395901575639e+02
4.150472034555846790e+02
4.149090576021743004e+02
4.150469064246211133e+02
4.149549044267792510e+02
4.150674323719458698e+02
4.150046399237363630e+02
4.151514654367917956e+02
4.150146426617605471e+02
4.151508817156118880e+02
4.150604590520787269e+02
4.151816762911578280e+02
4.151163166372462001e+02
4.152628794997758632e+02
4.151280474555683213e+02
4.152624840543404048e+02
4.151737988120430600e+02
4.408238316518660440e+02
4.643263210264657346e+02
4.520052982154065262e+02
4.517164490533387493e+02
4.502967386796024130e+02
4.506105456610810052e+02
4.501127821770389801e+02
4.505813620586281445e+02
4.503459440011030210e+02
4.508371493516311830e+02
4.506577490996449455e+02
4.511502647059297715e+02
4.509813286513845014e+02
4.514748817810220771e+02
4.513036561410960417e+02
4.518027659163288945e+02
4.516234581196052318e+02
4.521354121223136531e+02
4.519436461680178354e+02
4.524792611193022367e+02
4.522703175149335948e+02
4.528454821615101764e+02
4.526133438603861805e+02
4.532502798171504992e+02
4.529873398789271732e+02
4.537125457841592606e+02
4.534112073813735151e+02
4.542437448615669382e+02
4.539018127514473804e+02
4.750890251888745865e+02
4.700119056496515100e+02
4.742382364671271944e+02
4.724103080193912660e+02
4.754119852162342568e+02
5.011511008441518698e+02
4.805033852940027259e+02
4.328994312242707565e+02
4.404716602012921385e+02
4.163412068463769060e+02
4.224104203932651558e+02
3.693630904483200084e+02
3.688598855056541197e+02
3.795656313473820660e+02
3.768800890403708195e+02
3.777680199206482712e+02
3.773679344201534036e+02
3.777702563386145584e+02
3.773789083908604880e+02
3.776765869525903554e+02
3.772973226807984588e+02
3.775728329926037077e+02
3.772037619579259626e+02
3.774691935896089490e+02
3.771100173371955862e+02
3.773701228657486126e+02
3.770197004870517503e+02
3.772765081441216353e+02
3.769333970395114761e+02
3.771880585721780790e+02
3.768507246193513538e+02
3.771040891872812608e+02
3.767710020456369193e+02
3.770238190836481635e+02
3.766934881818243639e+02
3.769464754278546934e+02
3.766174556774097937e+02
3.768713276561891234e+02
3.765422260058737720e+02
3.767976938200428094e+02
3.764671657070655328e+02
3.767249265568291321e+02
3.763916863783514373e+02
3.766524153429575676e+02
3.763152738976486376e+02
3.765795897379604185e+02
3.762375291510330726e+02
3.765059361740072745e+02
3.761582323763847171e+02
3.764310346036767783e+02
3.760774195520007197e+02
3.763546172271892942e+02
3.759954275689171936e+02
3.762766366055238905e+02
3.759129814674412842e+02
3.761973712238404914e+02
3.758312222005415606e+02
3.761175225292521418e+02
3.757516616239661289e+02
3.760382552796594382e+02
3.756760435863618000e+02
3.759611320149996345e+02
3.756060818494914884e+02
3.758878960840576156e+02
3.755430089382160190e+02
3.758200806832247167e+02
3.754871373138086597e+02
3.757585692067810896e+02
3.754378253672147139e+02
3.757033920068231510e+02
3.753939440688972127e+02
3.756539333674096497e+02
3.753543752406325211e+02
3.756093267936743132e+02
3.753182408050784034e+02
3.755687441675430591e+02
3.752849080585956472e+02
3.755315038625981856e+02
3.752539178276447842e+02
3.754970721830255798e+02
3.752249348067834944e+02
3.754650374882143637e+02
3.751977032465193815e+02
3.754350787317137588e+02
3.751720249952628023e+02
3.754069430332259572e+02
3.751477407865173745e+02
3.753804274878876299e+02
3.751247211215980997e+02
3.753553670380971425e+02
3.751028588561260904e+02
3.753316255670000601e+02
3.750820609349644883e+02
3.753090879040060486e+02
3.750622480608134310e+02
3.752876561368428270e+02
3.750433511435286391e+02
3.752672460159470802e+02
3.750253096518957818e+02
3.752477844425792455e+02
3.750080687718905210e+02
3.752292066317525041e+02
3.749915793980670173e+02
3.752114550826568120e+02
3.749757979512295378e+02
3.751944788227909839e+02
3.749606852380285318e+02
3.751782320620844757e+02
3.749462045083479325e+02
3.751626729616656348e+02
3.749323221890357445e+02
3.751477636336327350e+02
3.749190077591055683e+02
3.751334694324859811e+02
3.749062330533848808e+02
3.751197587370517113e+02
3.748939721378094418e+02
3.751066024669928538e+02
3.748822013258688912e+02
3.750939740044979089e+02
3.748708982750680434e+02
3.750818485915792735e+02
3.748600427263570509e+02
3.750702034484427259e+02
3.748496155341373424e+02
3.750590173601966626e+02
3.748395986361344967e+02
3.750482705849260014e+02
3.748299760813446255e+02
3.750379449339512234e+02
3.748207324566940315e+02
3.750280232388330433e+02
3.748118532155131106e+02
3.750184894952366221e+02
3.748033247399831112e+02
3.750093286907921879e+02
3.747951338313406495e+02
3.750005265713367635e+02
3.747872680124391991e+02
3.749920695643885438e+02
3.747797155015097132e+02
3.749839448776473319e+02
3.747724652747834284e+02
3.749761404036789827e+02
3.747655066260374497e+02
3.749686446680831295e+02
3.747588291759595904e+02
3.749614466352968520e+02
3.747524235559314434e+02
3.749545361540770614e+02
3.747462810986120303e+02
3.749479035678235164e+02
3.747403928587079349e+02
3.749415394268648924e+02
3.747347503089895895e+02
3.749354347712910567e+02
3.747293457374472609e+02
3.749295811800952833e+02
3.747241714072416698e+02
3.749239704622515887e+02
3.747192202407351260e+02
3.749185948526400125e+02
3.747144852093105101e+02
3.749134469914249621e+02
3.747099597814504364e+02
3.749085198214309003e+02
3.747056375132953576e+02
3.749038064569724042e+02
3.747015122522298043e+02
3.748993003858637962e+02
3.746975782824929979e+02
3.748949954445151889e+02
3.746938303908212333e+02
3.748908857871187479e+02
3.746902633258655442e+02
3.748869657650789122e+02
3.746868717951311964e+02
3.748832297578134103e+02
3.746836505581624124e+02
3.748796723720440696e+02
3.746805948281396468e+02
3.748762885444317021e+02
3.746777000616956457e+02
3.748730733305165472e+02
3.746749616928391333e+02
3.748700219358193522e+02
3.746723754538908793e+02
3.748671298011964836e+02
3.746699373159097490e+02
3.748643926374458601e+02
3.746676433669954349e+02
3.748618062187363194e+02
3.746654898894339567e+02
3.748593665626517577e+02
3.746634731276968751e+02
3.748570696587696602e+02
3.746615893462914073e+02
3.748549115926830950e+02
3.746598350695340969e+02
3.748528885984148928e+02
3.746582067684512936e+02
3.748509970902869100e+02
3.746567010968703926e+02
3.748492335433112999e+02
3.746553147843412717e+02
3.748475945520242476e+02
3.746540448314204923e+02
3.748460768394109550e+02
3.746528881185368505e+02
3.748446772036613766e+02
3.746518417296979351e+02
3.748433925575931198e+02
3.746509028283282987e+02
3.748422198887793684e+02
3.746500688010530666e+02
3.748411564056719953e+02
3.746493370506711358e+02
3.748401993181870466e+02
3.746487049124089026e+02
3.748393458763981698e+02
3.746481698320582154e+02
3.748385934360410374e+02
3.746477293858388293e+02
3.748379393867649014e+02
3.746473811743328497e+02
3.748373812343642157e+02
3.746471228328247207e+02
3.748369165694173262e+02
3.746469521265748881e+02
3.748365430209586862e+02
3.746468668834883715e+02
3.748362582329365296e+02
3.746468650432914274e+02
3.748360600765446407e+02
3.746469445022738682e+02
3.748359463875290771e+02
3.746471031993913243e+02
3.748359149939284407e+02
3.746473391841225293e+02
3.748359638319992655e+02
3.746476505715555732e+02
3.748360908650512897e+02
3.746480353691900973e+02
3.748362941093162135e+02
3.746484918068472894e+02
3.748365717375006625e+02
3.746490183267591760e+02
3.748369220738730974e+02
3.746496131906902178e+02
3.748373432340859495e+02
3.746502747601257397e+02
3.748378334806424164e+02
3.746510014632473258e+02
3.748383911789193803e+02
3.746517917420382560e+02
3.748390146405230894e+02
3.746526440094265809e+02
3.748397022189107020e+02
3.746535567338706869e+02
3.748404523389871201e+02
3.746545284846441177e+02
3.748412634604871982e+02
3.746555577207545866e+02
3.748421340275681928e+02
3.746566430231168852e+02
3.748430626323390698e+02
3.746577831618703840e+02
3.748440478920291525e+02
3.746589767173315977e+02
3.748450883588654960e+02
3.746602223439519435e+02
3.748461826337174898e+02
3.746615186269983155e+02
3.748473293236087329e+02
3.746628642365907353e+02
3.748485270799257023e+02
3.746642579578920049e+02
3.748497746129777966e+02
3.746656987383061050e+02
3.748510707509897770e+02
3.746671853686488021e+02
3.748524142618474571e+02
3.746687166741534725e+02
3.748538039620743803e+02
3.746702916431537460e+02
3.748552387931585486e+02
3.746719092766505810e+02
3.748567176089768509e+02
3.746735685164120468e+02
3.748582393085692956e+02
3.746752683018929133e+02
3.748598027919658762e+02
3.746770074702147895e+02
3.748614068679905245e+02
3.746787849350023976e+02
3.748630505198915444e+02
3.746805997509313784e+02
3.748647327217713610e+02
3.746824509052048029e+02
3.748664524802007918e+02
3.746843374842834464e+02
3.748682087580039024e+02
3.746862585962987851e+02
3.748700006804679106e+02
3.746882133987330690e+02
3.748718273526803841e+02
3.746902010485247274e+02
3.748736878973797957e+02
3.746922206747173618e+02
3.748755813988032060e+02
3.746942713459618517e+02
3.748775069602150438e+02
3.746963522437935126e+02
3.748794637318525247e+02
3.746984625546840562e+02
3.748814508229039575e+02
3.747006014072229618e+02
3.748834673969942060e+02
3.747027679769470296e+02
3.748855126333825183e+02
3.747049615320019029e+02
3.748875857697366314e+02
3.747071813661755186e+02
3.748896859877756924e+02
3.747094266701913057e+02
3.748918125244665021e+02
3.747116966910709834e+02
3.748939646209186094e+02
3.747139907633049916e+02
3.748961415761649505e+02
3.747163082845055442e+02
3.748983427386796166e+02
3.747186485645620451e+02
3.749005673716486626e+02
3.747210109715398403e+02
3.749028148070589168e+02
3.747233948007004756e+02
3.749050843735062699e+02
3.747257994451988452e+02
3.749073754426057121e+02
3.747282243494147451e+02
3.749096873692467398e+02
3.747306688353559707e+02
3.749120194901926197e+02
3.747331322869534915e+02
3.749143711924735953e+02
3.747356140834795042e+02
3.749167418594614674e+02
3.747381136895127156e+02
3.749191309106361132e+02
3.747406304989231103e+02
