3.640482853462295765e+01
3.637604801881057881e+01
3.636586367790110330e+01
3.636680669595369153e+01
3.636042769189707258e+01
3.637719223317527906e+01
3.636835956671887260e+01
3.636885115062220564e+01
3.636624800198701735e+01
3.636895661060002993e+01
3.637806439659294711e+01
3.637210713245075766e+01
3.637607284857771361e+01
3.636649712540474155e+01
3.636817141227415107e+01
3.637113927020546811e+01
3.637192816106937698e+01
3.636496973798223564e+01
3.637332521041365396e+01
3.636490476853075648e+01
3.636914070286046297e+01
3.637782949567403534e+01
3.637646336754912113e+01
3.637736391275577574e+01
3.637758683396911152e+01
3.638409782202221976e+01
3.638716176038946770e+01
3.637889634560504959e+01
3.638236030425517242e+01
3.637982680127647939e+01
3.638780702937052070e+01
3.639104830536591351e+01
3.639221928281969554e+01
3.639200584250161796e+01
3.639050014494223007e+01
3.639857665646452034e+01
3.639094488404481353e+01
3.639394341907343744e+01
3.639469115989209058e+01
3.639354138133489158e+01
3.640204358687355324e+01
3.639025508957405464e+01
3.639480757176477255e+01
3.639213657879685115e+01
3.639218862575575741e+01
3.640350881595150412e+01
3.639320118473980870e+01
3.639567866442629906e+01
3.639530116197167331e+01
3.639380788478648299e+01
3.640887122463926318e+01
3.640412610983478459e+01
3.640456705849643981e+01
3.640482638863573328e+01
3.640367362681630681e+01
3.640122268562043217e+01
3.640400628122588245e+01
3.640062965628460745e+01
3.640316651385635538e+01
3.640331468602080633e+01
3.640224262132688438e+01
3.640135659705218529e+01
3.640339824007685365e+01
3.640250264587205464e+01
3.640589390392410962e+01
3.640367319586728456e+01
3.640355124763172512e+01
3.640304528534720419e+01
3.640314914937840740e+01
3.640125764891304527e+01
3.640090707568283079e+01
3.640167158833311589e+01
3.640045102173115055e+01
3.640105519300805526e+01
3.639979308670473301e+01
3.639900646036787180e+01
3.639948312530044916e+01
3.639964816628983613e+01
3.640038695031490334e+01
3.639703194899734484e+01
3.639974725018189616e+01
3.639881146647946508e+01
3.640103777833774501e+01
3.640125273464217059e+01
3.640042475693120849e+01
3.639900163046308990e+01
3.640151920303961219e+01
3.639947662178590093e+01
3.640132102635461564e+01
3.640191475214828642e+01
3.640209645779398784e+01
3.640135635907930123e+01
3.640156601520612156e+01
3.640160083479047870e+01
3.640329359636630357e+01
3.640070307385555282e+01
3.640267551673386492e+01
3.640181891077735798e+01
3.640270636587155195e+01
3.640192557515398875e+01
3.641074287254502906e+01
3.642591460394422853e+01
3.643216750266612536e+01
3.644777343635573175e+01
3.646262746256304865e+01
3.646859337443750348e+01
3.648660210923093672e+01
3.649649694182075876e+01
3.651714721519531537e+01
3.652593126614625874e+01
3.653789157379905816e+01
3.653898027304263962e+01
3.655882047278098668e+01
3.656501695875707725e+01
3.657383138130374078e+01
3.657406056822531326e+01
3.657884655313605293e+01
3.658430531754951431e+01
3.658813287385014945e+01
3.659523438888666647e+01
3.659844706465091235e+01
3.660359366839850992e+01
3.660499883073876504e+01
3.660933588256763471e+01
3.661688366053103749e+01
3.661243088429638703e+01
3.662358704647488139e+01
3.661868047999752918e+01
3.663173068886995765e+01
3.662801845314600513e+01
3.663136677934860330e+01
3.663644668881385513e+01
3.664083090523988062e+01
3.664583749608654273e+01
3.664697098559706490e+01
3.664689525626685906e+01
3.665263279145508335e+01
3.665135968319115989e+01
3.666021660321523257e+01
3.665538339895771713e+01
3.665813069034909688e+01
3.666009016975029056e+01
3.666162957715917514e+01
3.666368318295825190e+01
3.666518468145915932e+01
3.666280822505433434e+01
3.666900878276835130e+01
3.666691112611653125e+01
3.667272366392205640e+01
3.666989529964283179e+01
3.666927891598155753e+01
3.667221711503993475e+01
3.667172977283746604e+01
3.667366411356149314e+01
3.667543516874195575e+01
3.667656822971049735e+01
3.667903768092323702e+01
3.667906043237172753e+01
3.668135556707837708e+01
3.668185404999348265e+01
3.668415457048944717e+01
3.668424317091319864e+01
3.668645712165700701e+01
3.668701861547459941e+01
3.668830232015052673e+01
3.668946854846863204e+01
3.669091116413012088e+01
3.669095382947222106e+01
3.669241479798661487e+01
3.669348256553388410e+01
3.669524781172465566e+01
3.669541029937520449e+01
3.669635912058561900e+01
3.669727672917315431e+01
3.669838626614368593e+01
3.669927607631691302e+01
3.670017395408252270e+01
3.670116732735166210e+01
3.670169430702672742e+01
3.670284444033241300e+01
3.670316913295282291e+01
3.670487398804376511e+01
3.670438064841199122e+01
3.670632508366654179e+01
3.670672204870975008e+01
3.670833506583154815e+01
3.670807946876851702e+01
3.670917310880246731e+01
3.670982423280969442e+01
3.671112023242729094e+01
3.671188433297417930e+01
3.671317643224162452e+01
3.671300690536098443e+01
3.671499104737743124e+01
3.671545352643160243e+01
3.671700453447611778e+01
3.671671501218345668e+01
3.671860047646279668e+01
3.671930463238896181e+01
3.672112429149793655e+01
3.671941254170866387e+01
3.673531634259155965e+01
3.673884084508255654e+01
3.675057982064319617e+01
3.675515229659588101e+01
3.675849814434070595e+01
3.676716062177850119e+01
3.677063263009230809e+01
3.677704076907960484e+01
3.677941338319942588e+01
3.678304670155829825e+01
3.678817874672505184e+01
3.679171523738951066e+01
3.679749811509007884e+01
3.680128035635500794e+01
3.680595278058482478e+01
3.680769197050955910e+01
3.681176740108496404e+01
3.681396259008359095e+01
3.681798852642066322e+01
3.681977568062005446e+01
3.682368528870435398e+01
3.682470096105328139e+01
3.682900291294628659e+01
3.682927147880671015e+01
3.683107579095722883e+01
3.683409802697055113e+01
3.683563176247035642e+01
3.683717785731335681e+01
3.683847843219546547e+01
3.684203714975905086e+01
3.684328300134046685e+01
3.684519868919200292e+01
3.684657220180028503e+01
3.684848933381754676e+01
3.685059780503774363e+01
3.685229591311255604e+01
3.685397404615717676e+01
3.685449138519145151e+01
3.685674111430747502e+01
3.685648107652671968e+01
3.685817721919892875e+01
3.685839015890843484e+01
3.685944862529630228e+01
3.686022898896402467e+01
3.686190176980603894e+01
3.686291312331535153e+01
3.686399277955335663e+01
3.686471242202168241e+01
3.686529798559837445e+01
3.686615576141661421e+01
3.686729203336950178e+01
3.686822916563667718e+01
3.686945916920557664e+01
3.686997740147830882e+01
3.687094010549847667e+01
3.687140522657669095e+01
3.687282825447269374e+01
3.687300291373023953e+01
3.687497712561416563e+01
3.687449556650791038e+01
3.687582492630826891e+01
3.687589035843306107e+01
3.687715462464394278e+01
3.687710509217671273e+01
3.687880824208788511e+01
3.687853423671759856e+01
3.688063525387970287e+01
3.688003062833590207e+01
3.688146069085912160e+01
3.688127613742955191e+01
3.688240157932109753e+01
3.688251335338431147e+01
3.688303049361480390e+01
3.688326454317340364e+01
3.688423352105851194e+01
3.688436045930478713e+01
3.688519724693819768e+01
3.688560325538136198e+01
3.688607840520322156e+01
3.688629731233224618e+01
3.688692135990967813e+01
3.688727354112901224e+01
3.688802820866244758e+01
3.688900805830036234e+01
3.688929669787970056e+01
3.688996139763493431e+01
3.689016596345112475e+01
3.689069820900984098e+01
3.689110489017461703e+01
3.689154617795426105e+01
3.689261857250810550e+01
3.689304917774590109e+01
3.689377972747470125e+01
3.689453000181529063e+01
3.689522580453187572e+01
3.689607765808051454e+01
3.689683822181621053e+01
3.689726411941542494e+01
3.689840511287790292e+01
3.689263836022176690e+01
3.689398484200432904e+01
3.689212100559635132e+01
3.689275475433182550e+01
3.689204922255816399e+01
3.689161281645050394e+01
3.689169082121779297e+01
3.689225900748638765e+01
3.689234047067694888e+01
3.689299852807139501e+01
3.689348192562181339e+01
3.689497458063343771e+01
3.689524394589469836e+01
3.689664193203199716e+01
3.689705000593234274e+01
3.689873849451999632e+01
3.689972348684109704e+01
3.690120214295508561e+01
3.690153719344859695e+01
3.690333905013908122e+01
3.690231074292822200e+01
3.690489884303592305e+01
3.690381073556235947e+01
3.690540829281327007e+01
3.690549093701985583e+01
3.690596334831012371e+01
3.690667470364358849e+01
3.690742861194812008e+01
3.690791656148167021e+01
3.690919900673506504e+01
3.690928339056512186e+01
3.691034491167037856e+01
3.691094371445939260e+01
3.691176043174893096e+01
3.691227481169794089e+01
3.691307179480897815e+01
3.691368325008450313e+01
3.691442707876093010e+01
3.691507907243166642e+01
3.691551356204463019e+01
3.691563367883668434e+01
3.691681710521140758e+01
3.691717695451972503e+01
3.691782517101511019e+01
3.691918288229634015e+01
3.691945273775201741e+01
3.692016017257100913e+01
3.692080668869529347e+01
3.692178402846818130e+01
3.692233149199727649e+01
3.692320305993538909e+01
3.692413539818471691e+01
3.692468555169197941e+01
3.692510643579934282e+01
3.692577600361701684e+01
3.692625475948518954e+01
3.692714840557890454e+01
3.692732394270912977e+01
3.692807427320504843e+01
3.692850929877771193e+01
3.692981848338730799e+01
3.693016703281413982e+01
3.693120910172334703e+01
3.693141549795033995e+01
3.693304648304244608e+01
3.693288984873073844e+01
3.693521776415374802e+01
3.693523990096247189e+01
3.693589850726999657e+01
3.693613760558151426e+01
3.693764808298177371e+01
3.693767764497787454e+01
3.693911478331204279e+01
3.693925227630835195e+01
3.694119548715193702e+01
3.694118359860480183e+01
3.694213374044577591e+01
3.694218852894269389e+01
3.694270235616124154e+01
3.694296843944886177e+01
3.694362496412757935e+01
3.694388438993600943e+01
3.694421653337216327e+01
3.694458426094551839e+01
3.694510810825443059e+01
3.694528317389841021e+01
3.694656086056654232e+01
3.694659378310261388e+01
3.694751286666436840e+01
3.694761080841211509e+01
3.694838320136806686e+01
3.694839641865502244e+01
3.694897502220515406e+01
3.694922470360456401e+01
3.694979159756490361e+01
3.694996128131617752e+01
3.694996128131617752e+01
3.694996128131617752e+01
3.694996128131617752e+01
3.694996128131617752e+01
3.694979072806485476e+01
3.695076945297162041e+01
3.695216004000718613e+01
3.695211054307544174e+01
3.695298199127410044e+01
3.695196244712237643e+01
3.695251091757198481e+01
3.695277062193684969e+01
3.695289435083268614e+01
3.695334992610798963e+01
3.695303083828738977e+01
3.695292972212761384e+01
3.695336700361836790e+01
3.695520816719313473e+01
3.695440090592082072e+01
3.695393718015363760e+01
3.695433328498963732e+01
3.695502339922197166e+01
3.695499905654786232e+01
3.695569516455518055e+01
3.695583395521078529e+01
3.695687547231105441e+01
3.695695755280927131e+01
3.695786592678140181e+01
3.695761198240793988e+01
3.695817476208978292e+01
3.695851250452802361e+01
3.695893146950562880e+01
3.695925080432471788e+01
3.695988418839451128e+01
3.695972645202988360e+01
3.696054447301429491e+01
3.696055724663766995e+01
3.696111409138453041e+01
3.696121974740001548e+01
3.696145155611177557e+01
3.696238067177690567e+01
3.696238507949988872e+01
3.696290984559488635e+01
3.696317237048779702e+01
3.696321872736982783e+01
3.696376448137748838e+01
3.696362189953282495e+01
3.696422236888895441e+01
3.696427821688988047e+01
3.696403355204742525e+01
3.696453432671110306e+01
3.696450339411983066e+01
3.696510027602460724e+01
3.696504774055553355e+01
3.696509061827983089e+01
3.696522502152755862e+01
3.696543623821895608e+01
3.696577204406597161e+01
3.696602361281767202e+01
3.696627658316653253e+01
3.696647680877325826e+01
3.696683694509103901e+01
3.696689277791455197e+01
3.696724708524634906e+01
3.696774857106861845e+01
3.696770808597324276e+01
3.696770808597324276e+01
3.696770808597324276e+01
3.696770808597324276e+01
3.696770808597324276e+01
3.696770808597324276e+01
3.696770808597324276e+01
3.696770808597324276e+01
3.696770808597324276e+01
3.696770808597324276e+01
3.696770808597324276e+01
3.696770808597324276e+01
3.696770808597324276e+01
3.696770808597324276e+01
3.696770808597324276e+01
3.696770808597324276e+01
3.696770808597324276e+01
3.696770808597324276e+01
3.696770808597324276e+01
3.696770808597324276e+01
3.696770808597324276e+01
3.696770808597324276e+01
3.696770808597324276e+01
3.696770808597324276e+01
3.696770808597324276e+01
3.696770808597324276e+01
3.696770808597324276e+01
3.696770808597324276e+01
3.696770808597324276e+01
3.696770808597324276e+01
3.696770808597324276e+01
3.696770808597324276e+01
3.696770808597324276e+01
3.696770808597324276e+01
3.696770808597324276e+01
3.696770808597324276e+01
3.696770808597324276e+01
3.696770808597324276e+01
3.696770808597324276e+01
