4.520866995191047266e+01
4.380613225819783452e+01
4.168548551116022338e+01
3.826160973965785672e+01
3.629337572045304228e+01
3.294363496926600732e+01
3.183704618927126972e+01
3.088396164259934551e+01
3.030673119811888938e+01
2.974980768636007156e+01
2.942762843979031473e+01
2.942762843935407346e+01
2.942762843891787483e+01
2.942762843848171883e+01
2.942762843804558059e+01
2.914812130510207311e+01
2.888052034807265045e+01
2.874727982642058777e+01
2.867715731383638911e+01
2.867674073118652345e+01
2.814557139622951354e+01
2.798228851666579686e+01
2.782085828961379192e+01
2.781986767220918821e+01
2.781934884681470166e+01
2.748438359275368370e+01
2.732802367025962553e+01
2.732802367025962553e+01
2.732802367025962553e+01
2.732802367025962553e+01
2.727593529003949868e+01
2.727777468615416012e+01
2.727777468615416012e+01
2.727777468615416012e+01
2.727777468615416012e+01
2.727839844795951763e+01
2.727661471225836465e+01
2.727661471225836465e+01
2.727661471225836465e+01
2.727661471225836465e+01
2.727652419730471678e+01
2.727652419730471678e+01
2.727652419730471678e+01
2.727652419730471678e+01
2.727652419730471678e+01
2.727681319729553877e+01
2.727681319729553877e+01
2.727681319729553877e+01
2.727681319729553877e+01
2.727681319729553877e+01
2.727644829449122454e+01
2.727644829449122454e+01
2.727644829449122454e+01
2.727644829449122454e+01
2.727644829449122454e+01
2.727644829449122454e+01
2.727644829449122454e+01
2.727644829449122454e+01
2.727644829449122454e+01
2.727644829449122454e+01
2.727644829449122454e+01
2.727644829449122454e+01
2.727644829449122454e+01
2.727644829449122454e+01
2.727644829449122454e+01
2.727644829449122454e+01
2.727644829449122454e+01
2.727644829449122454e+01
2.727644829449122454e+01
2.727644829449122454e+01
2.727644829449122454e+01
2.727644829449122454e+01
2.727644829449122454e+01
2.727644829449122454e+01
2.727644829449122454e+01
2.727644829449122454e+01
2.727644829449122454e+01
2.727644829449122454e+01
2.727644829449122454e+01
2.727644829449122454e+01
2.727644829449122454e+01
2.727644829449122454e+01
2.727644829449122454e+01
2.727644829449122454e+01
2.727644829449122454e+01
2.727644829449122454e+01
2.727644829449122454e+01
2.727644829449122454e+01
2.727644829449122454e+01
2.727644829449122454e+01
2.727644829449122454e+01
2.727644829449122454e+01
2.727644829449122454e+01
2.727644829449122454e+01
2.727644829449122454e+01
2.727644829449122454e+01
2.727644829449122454e+01
2.727644829449122454e+01
2.727644829449122454e+01
2.727644829449122454e+01
2.702767670846468206e+01
2.702767670846468206e+01
2.702767670846468206e+01
2.702767670846468206e+01
2.702767670846468206e+01
2.702785687146687366e+01
2.702785687146687366e+01
2.702785687146687366e+01
2.702785687146687366e+01
2.702785687146687366e+01
2.702785687540367832e+01
2.702785687540367832e+01
2.702785687540367832e+01
2.702785687540367832e+01
2.702785687540367832e+01
2.702785687934049719e+01
2.702785687934049719e+01
2.702785687934049719e+01
2.702785687934049719e+01
2.702785687934049719e+01
2.702785688327730895e+01
2.702785688327730895e+01
2.702785688327730895e+01
2.702785688327730895e+01
2.702785688327730895e+01
2.702785688721412427e+01
2.702785688721412427e+01
2.702785688721412427e+01
2.702785688721412427e+01
2.702785688721412427e+01
2.702785689115093959e+01
2.702785689115093959e+01
2.702785689115093959e+01
2.702785689115093959e+01
2.702785689115093959e+01
2.702785689508774780e+01
2.702785689508774780e+01
2.702785689508774780e+01
2.702785689508774780e+01
2.702785689508774780e+01
2.702785689902455601e+01
2.702785689902455601e+01
2.702785689902455601e+01
2.702785689902455601e+01
2.702785689902455601e+01
2.702785690296138199e+01
2.702785690296138199e+01
2.702785690296138199e+01
2.702785690296138199e+01
2.702785690296138199e+01
2.702785690689819020e+01
2.702785690689819020e+01
2.702785690689819020e+01
2.702785690689819020e+01
2.702785690689819020e+01
2.702785690689819020e+01
2.702785690689819020e+01
2.702785690689819020e+01
2.702785690689819020e+01
2.702785690689819020e+01
2.702785690689819020e+01
2.702785690689819020e+01
2.702785690689819020e+01
2.702785690689819020e+01
2.702785690689819020e+01
2.702785690689819020e+01
2.702785690689819020e+01
2.702785690689819020e+01
2.702785690689819020e+01
2.702785690689819020e+01
2.702785690689819020e+01
2.702785690689819020e+01
2.702785690689819020e+01
2.702785690689819020e+01
2.702785690689819020e+01
2.702785690689819020e+01
2.702785690689819020e+01
2.702785690689819020e+01
2.702785690689819020e+01
2.702785690689819020e+01
2.702785690689819020e+01
2.702785690689819020e+01
2.702785690689819020e+01
2.702785690689819020e+01
2.702785690689819020e+01
2.702785690689819020e+01
2.702785690689819020e+01
2.702785690689819020e+01
2.702785690689819020e+01
2.702785690689819020e+01
2.702785690689819020e+01
2.702785690689819020e+01
2.702785690689819020e+01
2.702785690689819020e+01
2.702785690689819020e+01
2.702785690689819020e+01
2.702785690689819020e+01
2.702785690689819020e+01
2.702785690689819020e+01
2.702785690689819020e+01
2.702708255260844439e+01
2.702708255260844439e+01
2.702708255260844439e+01
2.702708255260844439e+01
2.702708255260844439e+01
2.702708255451811681e+01
2.702708255451811681e+01
2.702708255451811681e+01
2.702708255451811681e+01
2.702708255451811681e+01
2.702708255642779278e+01
2.702708255642779278e+01
2.702708255642779278e+01
2.702708255642779278e+01
2.702708255642779278e+01
2.697395638081215097e+01
2.692896008626848570e+01
2.692551576495019816e+01
2.692551576495019816e+01
2.692551576495019816e+01
2.691598596440683622e+01
2.691598596440683622e+01
2.691598596440683622e+01
2.691598596440683622e+01
2.691598596440683622e+01
2.692084193718222451e+01
2.691799971140767056e+01
2.691799971140767056e+01
2.691799971140767056e+01
2.691799971140767056e+01
2.692747424594362826e+01
2.692747424594362826e+01
2.692747424594362826e+01
2.692747424594362826e+01
2.692747424594362826e+01
2.693579870148808908e+01
2.693579870148808908e+01
2.693579870148808908e+01
2.693579870148808908e+01
2.693579870148808908e+01
2.694410567990694716e+01
2.694410567990694716e+01
2.694410567990694716e+01
2.694410567990694716e+01
2.694410567990694716e+01
2.695122416217382266e+01
2.695122416217382266e+01
2.695122416217382266e+01
2.695122416217382266e+01
2.695122416217382266e+01
2.696487595818886263e+01
2.696487595818886263e+01
2.696487595818886263e+01
2.696487595818886263e+01
2.696487595818886263e+01
2.696487595818886263e+01
2.696487595818886263e+01
2.696487595818886263e+01
2.696487595818886263e+01
2.696487595818886263e+01
2.696487595818886263e+01
2.696487595818886263e+01
2.696487595818886263e+01
2.696487595818886263e+01
2.696487595818886263e+01
2.696487595818886263e+01
2.696487595818886263e+01
2.696487595818886263e+01
2.696487595818886263e+01
2.696487595818886263e+01
2.696487595818886263e+01
2.696487595818886263e+01
2.696487595818886263e+01
2.696487595818886263e+01
2.696487595818886263e+01
2.696487595818886263e+01
2.696487595818886263e+01
2.696487595818886263e+01
2.696487595818886263e+01
2.696487595818886263e+01
2.696487595818886263e+01
2.696487595818886263e+01
2.696487595818886263e+01
2.696487595818886263e+01
2.696487595818886263e+01
2.696487595818886263e+01
2.696487595818886263e+01
2.696487595818886263e+01
2.696487595818886263e+01
2.696487595818886263e+01
2.696487595818886263e+01
2.696487595818886263e+01
2.696487595818886263e+01
2.696487595818886263e+01
2.696487595818886263e+01
2.696487595818886263e+01
2.696487595818886263e+01
2.696487595818886263e+01
2.696487595818886263e+01
2.696487595818886263e+01
2.694525032783924345e+01
2.694525032783924345e+01
2.694525032783924345e+01
2.694525032783924345e+01
2.694525032783924345e+01
2.693728964350071209e+01
2.693505445919765151e+01
2.693505445919765151e+01
2.693505445919765151e+01
2.693505445919765151e+01
2.693074487925028393e+01
2.693074487925028393e+01
2.693074487925028393e+01
2.693074487925028393e+01
2.693074487925028393e+01
2.692863225505551128e+01
2.692863225505551128e+01
2.692863225505551128e+01
2.692863225505551128e+01
2.692863225505551128e+01
2.692652027440696827e+01
2.692633978307047471e+01
2.692633978307047471e+01
2.692633978307047471e+01
2.692633978307047471e+01
2.692504228016192513e+01
2.692426280535278948e+01
2.692426280535278948e+01
2.692426280535278948e+01
2.692426280535278948e+01
2.692443900335860718e+01
2.692443900335860718e+01
2.692443900335860718e+01
2.692443900335860718e+01
2.692443900335860718e+01
2.692443900504581578e+01
2.692443900504581578e+01
2.692443900504581578e+01
2.692443900504581578e+01
2.692443900504581578e+01
2.692443900673306345e+01
2.692443900673306345e+01
2.692443900673306345e+01
2.692443900673306345e+01
2.692443900673306345e+01
2.692443900842030047e+01
2.692443900842030047e+01
2.692443900842030047e+01
2.692443900842030047e+01
2.692443900842030047e+01
2.692443901010753748e+01
2.692443901010753748e+01
2.692443901010753748e+01
2.692443901010753748e+01
2.692443901010753748e+01
2.692443901010753748e+01
2.692443901010753748e+01
2.692443901010753748e+01
2.692443901010753748e+01
2.692443901010753748e+01
2.692443901010753748e+01
2.692443901010753748e+01
2.692443901010753748e+01
2.692443901010753748e+01
2.692443901010753748e+01
2.692443901010753748e+01
2.692443901010753748e+01
2.692443901010753748e+01
2.692443901010753748e+01
2.692443901010753748e+01
2.692443901010753748e+01
2.692443901010753748e+01
2.692443901010753748e+01
2.692443901010753748e+01
2.692443901010753748e+01
2.692443901010753748e+01
2.692443901010753748e+01
2.692443901010753748e+01
2.692443901010753748e+01
2.692443901010753748e+01
2.692443901010753748e+01
2.692443901010753748e+01
2.692443901010753748e+01
2.692443901010753748e+01
2.692443901010753748e+01
2.692443901010753748e+01
2.692443901010753748e+01
2.692443901010753748e+01
2.692443901010753748e+01
2.692443901010753748e+01
2.692443901010753748e+01
2.692443901010753748e+01
2.692443901010753748e+01
2.692443901010753748e+01
2.692443901010753748e+01
2.692443901010753748e+01
2.692443901010753748e+01
2.692443901010753748e+01
2.692443901010753748e+01
2.692443901010753748e+01
2.692511971004938687e+01
2.692511971004938687e+01
2.692511971004938687e+01
2.692511971004938687e+01
2.692511971004938687e+01
2.692511971053916398e+01
2.692511971053916398e+01
2.692511971053916398e+01
2.692511971053916398e+01
2.692511971053916398e+01
2.692511971102894108e+01
2.692511971102894108e+01
2.692511971102894108e+01
2.692511971102894108e+01
2.692511971102894108e+01
2.692511971151872530e+01
2.692511971151872530e+01
2.692511971151872530e+01
2.692511971151872530e+01
2.692511971151872530e+01
2.692511971200849530e+01
2.692511971200849530e+01
2.692511971200849530e+01
2.692511971200849530e+01
2.692511971200849530e+01
2.692511971249827951e+01
2.692511971249827951e+01
2.692511971249827951e+01
2.692511971249827951e+01
2.692511971249827951e+01
2.692511971298805662e+01
2.692511971298805662e+01
2.692511971298805662e+01
2.692511971298805662e+01
2.692511971298805662e+01
2.692511971347784083e+01
2.692511971347784083e+01
2.692511971347784083e+01
2.692511971347784083e+01
2.692511971347784083e+01
2.692511971396761083e+01
2.692511971396761083e+01
2.692511971396761083e+01
2.692511971396761083e+01
2.692511971396761083e+01
2.692511971445740571e+01
2.692511971445740571e+01
2.692511971445740571e+01
2.692511971445740571e+01
2.692511971445740571e+01
2.692511971494716860e+01
2.692511971494716860e+01
2.692511971494716860e+01
2.692511971494716860e+01
2.692511971494716860e+01
2.692511971494716860e+01
2.692511971494716860e+01
2.692511971494716860e+01
2.692511971494716860e+01
2.692511971494716860e+01
2.692511971494716860e+01
2.692511971494716860e+01
2.692511971494716860e+01
2.692511971494716860e+01
2.692511971494716860e+01
2.692511971494716860e+01
2.692511971494716860e+01
2.692511971494716860e+01
2.692511971494716860e+01
2.692511971494716860e+01
2.692511971494716860e+01
2.692511971494716860e+01
2.692511971494716860e+01
2.692511971494716860e+01
2.692511971494716860e+01
2.692511971494716860e+01
2.692511971494716860e+01
2.692511971494716860e+01
2.692511971494716860e+01
2.692511971494716860e+01
2.692511971494716860e+01
2.692511971494716860e+01
2.692511971494716860e+01
2.692511971494716860e+01
2.692511971494716860e+01
2.692511971494716860e+01
2.692511971494716860e+01
2.692511971494716860e+01
2.692511971494716860e+01
2.692511971494716860e+01
2.692511971494716860e+01
2.692511971494716860e+01
2.692511971494716860e+01
2.692511971494716860e+01
2.692511971494716860e+01
2.692511971494716860e+01
2.692511971494716860e+01
2.692511971494716860e+01
2.692511971494716860e+01
2.692511971494716860e+01
