6.679706851471053142e+02
6.494506480666702828e+02
6.378356401318565077e+02
6.336531637370749195e+02
6.281970374571436651e+02
6.222192105284417494e+02
6.161767648342877237e+02
6.064570338302895607e+02
6.021052909141519649e+02
5.974172808096186600e+02
6.015886713124274365e+02
5.968625708840480684e+02
5.900769020490837420e+02
5.864337524023505921e+02
5.817904354719639741e+02
5.839309357421445839e+02
5.871817094646373789e+02
5.828077982852245214e+02
5.811051218378783005e+02
5.785192194567212027e+02
5.776715845507991389e+02
5.824399477036928374e+02
5.748443415967401506e+02
5.790157341384260690e+02
5.719409562034184091e+02
5.798291551299842013e+02
5.836551477130592502e+02
5.780159752273959839e+02
5.806085662295513430e+02
5.751921329622105077e+02
5.843882836701188808e+02
5.823840573261609279e+02
5.806053430212228932e+02
5.800304794579401459e+02
5.787076503782395775e+02
5.844041883505794885e+02
5.847047262705325466e+02
5.820550845003066343e+02
5.831358359092207593e+02
5.803753823220930599e+02
5.873018859451578919e+02
5.872760945325424018e+02
5.851516907762995743e+02
5.853497913115161282e+02
5.853723025425072137e+02
5.906500737846500897e+02
5.913763751938030282e+02
5.907165003050472478e+02
5.906988513897989606e+02
5.906308337552476360e+02
5.922416100136268824e+02
5.941483499744258552e+02
5.912379320159886902e+02
5.913902761787887812e+02
5.914388843248822241e+02
5.915283156177218871e+02
5.950058321706922015e+02
5.922291270681359947e+02
5.923691859211207884e+02
5.923733732485929977e+02
5.923696684805751147e+02
5.923843203609831107e+02
5.923573265159338916e+02
5.923748276573882094e+02
5.923717146218191374e+02
5.923710977551962742e+02
5.923855066060134504e+02
5.923834890644898223e+02
5.923823562231855249e+02
5.923810641270424640e+02
5.923787021921841642e+02
5.923578155105262795e+02
5.923822116923157637e+02
5.923834507925159869e+02
5.923929509138338290e+02
5.923582832914507890e+02
5.924425565423912303e+02
5.923441563712626703e+02
5.923945217713965121e+02
5.923949356884730832e+02
5.924026739623875528e+02
5.924144005262487553e+02
5.923980811071662629e+02
5.924047881957927757e+02
5.924093004184935580e+02
5.924363548068024556e+02
5.923669086873205742e+02
5.924039942665199305e+02
5.924164453740781937e+02
5.924195318709680578e+02
5.924301536108324626e+02
5.924149543161784095e+02
5.923982226526709383e+02
5.924123345722439353e+02
5.923972883737924349e+02
5.924060369719311439e+02
5.923972108645868957e+02
5.923942120315826969e+02
5.924073401345646062e+02
5.923929501439090473e+02
5.709056211547581370e+02
5.642893698283698996e+02
5.559811622209422239e+02
5.492536197478184476e+02
5.436962624784059699e+02
5.472920543297302629e+02
5.424733511209690278e+02
5.440709948814452446e+02
5.405281859913427525e+02
5.427204366449617510e+02
5.464452824113155884e+02
5.445354834814279457e+02
5.467579346013143322e+02
5.444367570180843359e+02
5.454157668913617272e+02
5.471938195957218340e+02
5.467635913695410181e+02
5.466772622740797942e+02
5.469466444880372364e+02
5.469855722229863204e+02
5.468828629010163240e+02
5.482514310948852199e+02
5.481942996271725406e+02
5.480632311192032375e+02
5.480192951550037606e+02
5.480601430594510930e+02
5.481302207986161648e+02
5.481537558467491635e+02
5.481620564231398021e+02
5.481695089164803676e+02
5.481824536680696838e+02
5.482083039899911228e+02
5.482248038373438703e+02
5.482374019033670720e+02
5.482495841487273083e+02
5.482521562086601534e+02
5.482729469576469228e+02
5.483164230437258766e+02
5.483199252541646729e+02
5.483323777553737273e+02
5.483158850875363441e+02
5.483504255024480472e+02
5.483570080486226743e+02
5.483697851093556892e+02
5.483998419016531898e+02
5.484134132532414014e+02
5.484179309767514496e+02
5.484273185887291220e+02
5.484408670031249358e+02
5.484661656760290498e+02
5.484700654372710460e+02
5.485003560032375844e+02
5.485229810003992270e+02
5.485331238281601145e+02
5.485720499189771999e+02
5.485813815744686508e+02
5.485967407174697428e+02
5.485971736422822005e+02
5.486179187160796573e+02
5.486557049455307151e+02
5.486345068451018960e+02
5.486450271813857853e+02
5.486462981227326736e+02
5.486629742109257677e+02
5.486786963695209351e+02
5.486779793599193908e+02
5.487139848611122943e+02
5.487042792771753739e+02
5.487059096898024109e+02
5.487117459620887985e+02
5.487339474919143640e+02
5.486714596781159798e+02
5.487750207634575190e+02
5.487276026578742858e+02
5.487890744972671655e+02
5.487645278774039070e+02
5.487624594494936900e+02
5.487708897397826604e+02
5.487655432051629987e+02
5.487440759395256009e+02
5.487722333360854918e+02
5.487964313314611218e+02
5.487822723088717112e+02
5.487845898682122652e+02
5.487908985255446623e+02
5.487590629549310961e+02
5.487708299870400879e+02
5.487851018749984178e+02
5.488018770916322637e+02
5.487998440605761061e+02
5.487859115878841294e+02
5.487860231338506765e+02
5.488069988978661513e+02
5.487629713628706440e+02
5.488268425771184411e+02
5.488174129969531805e+02
5.488178298128583492e+02
5.488473077311177803e+02
5.488104436881009178e+02
5.488407158254385649e+02
5.423992368682269216e+02
5.430329553153001143e+02
5.394745419684295484e+02
5.418798233529373647e+02
5.401483932742302159e+02
5.401802380018370968e+02
5.379628061637290557e+02
5.393639442304771592e+02
5.374975455066764880e+02
5.385929648024359722e+02
5.389326090510845688e+02
5.389302014725629988e+02
5.389213132755104425e+02
5.389261889131635144e+02
5.389301358751506541e+02
5.386835126323255736e+02
5.386001281743084519e+02
5.385178607794589425e+02
5.385432304079694177e+02
5.384828260389432444e+02
5.385521458989567236e+02
5.385288185011730775e+02
5.385235826152007803e+02
5.385345800424406661e+02
5.385297276670728479e+02
5.385362153821665743e+02
5.385412107576538574e+02
5.385432522982798673e+02
5.385697066285816845e+02
5.385488613734262344e+02
5.385903212732246175e+02
5.385903624407678763e+02
5.385832023798525370e+02
5.385895633602908674e+02
5.385844342124054265e+02
5.385731729832912151e+02
5.385919887122402088e+02
5.385806738996113836e+02
5.386055343249604448e+02
5.386035767255982591e+02
5.385972244625708072e+02
5.385914809779393408e+02
5.385846564176812308e+02
5.386007278130684881e+02
5.386028958902140857e+02
5.386209864906377334e+02
5.386230232238749522e+02
5.386346945497084562e+02
5.386198448006769013e+02
5.386235770761281856e+02
5.386438083546150892e+02
5.386292926634332616e+02
5.386450481515419142e+02
5.386506654259426341e+02
5.386397624701785389e+02
5.386546623664723938e+02
5.386466645466421141e+02
5.386351422175559946e+02
5.386385428643224031e+02
5.386389529833172674e+02
5.386186573038128245e+02
5.386412623575231464e+02
5.386180948946889657e+02
5.386366944801891350e+02
5.386171568623019539e+02
5.386363318800117668e+02
5.386451351325467840e+02
5.386348218649900446e+02
5.386219390593252001e+02
5.386206602852163314e+02
5.386403706318202467e+02
5.386233315282877356e+02
5.386277808571835521e+02
5.386220204966409710e+02
5.386295811001754146e+02
5.386186337783371982e+02
5.386207860544982395e+02
5.386121219746507904e+02
5.386334128450289427e+02
5.386160971597590787e+02
5.386111103415769321e+02
5.386197476590882616e+02
5.386129552292304652e+02
5.386155118698143269e+02
5.386139516882112730e+02
5.386287080866522956e+02
5.385936518223984422e+02
5.386030661453671655e+02
5.386210041893230027e+02
5.385998181633515287e+02
5.385981201352669814e+02
5.386088073784451353e+02
5.386004673470874877e+02
5.386083317855744781e+02
5.385991343005809995e+02
5.386109508792162615e+02
5.385968583872640920e+02
5.385976785938610192e+02
5.386084852299336490e+02
5.385858476059963778e+02
5.349957329243001141e+02
5.377737867670317655e+02
5.398794969934861001e+02
5.402105633676658272e+02
5.404733884082804707e+02
5.405791548070596946e+02
5.422357752731016944e+02
5.407728660314462559e+02
5.418547235999069471e+02
5.420818225638793137e+02
5.423185598216214203e+02
5.431696977433362008e+02
5.439369641951583390e+02
5.439114812574903226e+02
5.438525628228084088e+02
5.439063819641976352e+02
5.439320429097467695e+02
5.445165583354123555e+02
5.444582176270777154e+02
5.444601133192618363e+02
5.444182897262010101e+02
5.444493465033926896e+02
5.444669719786807036e+02
5.444647068470746945e+02
5.445029129856407053e+02
5.445061465802252769e+02
5.445147914200896366e+02
5.445098769979339295e+02
5.445216902571876290e+02
5.445329771035894737e+02
5.445335089493299847e+02
5.445390999706154389e+02
5.445494534732160901e+02
5.445617289290637473e+02
5.445616824694454863e+02
5.445772756819851566e+02
5.445666397071506708e+02
5.445686870377414834e+02
5.445898504332712946e+02
5.445842172908149905e+02
5.445935274187357891e+02
5.445937474638215008e+02
5.446075922068116597e+02
5.446114606091339283e+02
5.446240345776241156e+02
5.446368912997473899e+02
5.446272145184518649e+02
5.446365352188846600e+02
5.446409079942677636e+02
5.446493697214209533e+02
5.446558559383686315e+02
5.446515052763295444e+02
5.446742366682576630e+02
5.446775451425744450e+02
5.446840316316393000e+02
5.446865709106787108e+02
5.446948839297787117e+02
5.446920532256363003e+02
5.446971058067982767e+02
5.447104683483170220e+02
5.447140999844406224e+02
5.447158936616781375e+02
5.447178547566677480e+02
5.447220287650234241e+02
5.447160346001182916e+02
5.447233952926706024e+02
5.447258536663168798e+02
5.447164515942438356e+02
5.447606712745704272e+02
5.447684899384196342e+02
5.447740841953526569e+02
5.447951223737557029e+02
5.447828711582944834e+02
5.447930690905643587e+02
5.447936334769674431e+02
5.447930834261167092e+02
5.448391972386611997e+02
5.448182351690095402e+02
5.448105759478648906e+02
5.448165805537123560e+02
5.448240716920028035e+02
5.448251641396221885e+02
5.448242546408262115e+02
5.448496395240756556e+02
5.448388736519398208e+02
5.448511286985144579e+02
5.448525000503545925e+02
5.448579731853269550e+02
5.448613634807281869e+02
5.448573381851092563e+02
5.448647987888643911e+02
5.448615811191120883e+02
5.448807719884523522e+02
5.448712217438841208e+02
5.448769739323865906e+02
5.448702995836576974e+02
5.448781410524649118e+02
5.448789300704454490e+02
5.448844882616679115e+02
5.448789681278336730e+02
5.433436513541961403e+02
5.436635865329349144e+02
5.446086403237025024e+02
5.448072281935952788e+02
5.456221217816478202e+02
5.451353741236667929e+02
5.459973177970864526e+02
5.459701869322786933e+02
5.462131565294366737e+02
5.461981776452198574e+02
5.468544881684895245e+02
5.473597121085640538e+02
5.472951855381860469e+02
5.476914705822498490e+02
5.477462869969119765e+02
5.482478260069124190e+02
5.488427662597216568e+02
5.487761660813139315e+02
5.488123415698837562e+02
5.489960397320610355e+02
5.490114204410674574e+02
5.490224077176164883e+02
5.490093021140417022e+02
5.490210088260428165e+02
5.490222939680974150e+02
5.490392493810692258e+02
5.490556477670344293e+02
5.490606943001805575e+02
5.490649475618529323e+02
5.490695291386500685e+02
5.490589123186204006e+02
5.490591982108323919e+02
5.491041200372335425e+02
5.491136344040580752e+02
5.491260430091713260e+02
5.491243255721187779e+02
5.491708159615874365e+02
5.491928909381090307e+02
5.491921589155722359e+02
5.491902388390190026e+02
5.492348672593443553e+02
5.492299078558773999e+02
5.492529874260890210e+02
5.492493547560966363e+02
5.492500730471435872e+02
5.492573902281453684e+02
5.492890027077521609e+02
5.492906899012357371e+02
5.492953271214646520e+02
5.493015423828312578e+02
5.493544109383408340e+02
5.493321474914944247e+02
5.493388786887489914e+02
5.493471381696276694e+02
5.493465962503403262e+02
5.493631915523517364e+02
5.493510880067370863e+02
5.493607748294779185e+02
5.493623989432394410e+02
5.493625936214283456e+02
5.493631104677913299e+02
5.493697012975651432e+02
5.493692743817844075e+02
5.493677189289126090e+02
5.493741855247091053e+02
5.493762566979896746e+02
5.493762287782742533e+02
5.493799110452732748e+02
5.493822189632643358e+02
5.493856743854213391e+02
5.493870408822517675e+02
5.493970950910679676e+02
5.493949530344107188e+02
5.493960585314280252e+02
5.493954135109037225e+02
5.493964583038148248e+02
5.493977403736920451e+02
5.493976789406251555e+02
5.494014905971166627e+02
5.494001691795890565e+02
5.493991985078491780e+02
5.494095292693392594e+02
5.494081855775771146e+02
5.494116424047865621e+02
5.494133708209734550e+02
5.494120539176667535e+02
5.494154729992503690e+02
5.494176026935776918e+02
5.494180549129187057e+02
5.494178558068707616e+02
5.494187263476999306e+02
5.494246363055908660e+02
5.494310532281256201e+02
5.494225733249813857e+02
5.494307554185149911e+02
5.494301487470945631e+02
5.494330521412273356e+02
5.494238531375630146e+02
5.494310705320397119e+02
5.494452866916028597e+02
