4.872737910988590215e+02
4.015031345257364137e+02
3.593571139465606734e+02
3.445418954384615517e+02
3.231908316321113261e+02
3.526774216053619284e+02
3.235571973880437895e+02
3.135371100943648344e+02
3.065618761719504732e+02
2.966191738087973135e+02
3.860653412092295298e+02
3.753592692371881867e+02
3.786753787001442220e+02
3.734585573477316984e+02
3.749421273862906787e+02
4.679608942288318758e+02
4.644812767138668050e+02
4.582528849098775368e+02
4.572351402861763745e+02
4.560963394980075805e+02
5.275248654102293813e+02
5.313468375973172897e+02
5.517139402382795197e+02
5.428104230856554295e+02
5.603698433368213045e+02
6.035876086189607577e+02
6.408508501148629648e+02
6.290013058103747881e+02
6.290696691411085339e+02
6.290384411952645678e+02
6.587352931845581452e+02
6.572561159095516814e+02
6.574308732924934020e+02
6.575876215092341681e+02
6.572146406951449080e+02
6.624603128951792996e+02
6.625514931152063127e+02
6.634241941027595431e+02
6.636882194625743523e+02
6.638781977885673768e+02
6.667480735725534942e+02
6.665181079033895912e+02
6.679099542699041194e+02
6.673569535049375645e+02
6.674763264271467733e+02
6.697150029422909938e+02
6.696249257038891756e+02
6.696360750735033207e+02
6.697947831181285210e+02
6.699090606968347856e+02
6.710620929779533981e+02
6.712321723833221085e+02
6.717083403973661007e+02
6.715107925861918829e+02
6.718915699845416611e+02
6.716911872156279060e+02
6.719068955856830598e+02
6.716596808713563860e+02
6.723184438197822601e+02
6.718541016691156074e+02
7.128967719371983094e+02
7.115209576443814967e+02
7.108498127789764567e+02
7.105319133223566723e+02
7.093038883932505314e+02
7.094470718918639704e+02
7.092546835013114332e+02
7.093204689352479591e+02
7.091343354695924290e+02
7.091172357728180486e+02
7.089060633328260792e+02
7.035989945974429247e+02
7.036419166355876769e+02
7.031252911032767088e+02
7.032871283937287217e+02
7.004962953089768689e+02
7.003148446267375675e+02
7.001463902528277004e+02
6.997177779494569450e+02
6.998315050429465600e+02
6.995418582845799165e+02
6.997473028798176529e+02
6.992520080432923351e+02
6.995153406410404386e+02
6.978342063981519914e+02
6.974902731483532534e+02
6.975625811127292764e+02
6.973513541169961627e+02
6.971546234542654474e+02
6.970684016515156145e+02
6.973402223560981383e+02
6.971251745749016209e+02
6.964875069461199928e+02
6.962792770442175652e+02
6.961739217534117188e+02
6.960523435747666099e+02
6.962087374162995275e+02
6.959621542577158380e+02
6.960071325245896787e+02
6.957556526035532443e+02
5.926043373042098210e+02
5.113984632436311131e+02
4.781854117172597398e+02
4.770934940482794673e+02
4.765899011684949187e+02
4.768973489988462688e+02
4.767225900986866236e+02
4.764987177310146080e+02
4.763591550938479031e+02
4.759454970621719667e+02
4.755278255893253458e+02
4.752900134624142083e+02
4.748804247745000566e+02
4.747124456553268601e+02
4.741968138903515637e+02
4.741288710480315558e+02
4.739158662684595811e+02
4.739461630479377163e+02
4.739273968331465312e+02
4.737373927068423427e+02
4.737298058549470170e+02
4.733473486208075656e+02
4.737350827145055518e+02
4.733994979525192548e+02
4.732632353083814678e+02
4.730839326056604364e+02
4.731613314993913946e+02
4.731691460488079883e+02
4.311745448858238206e+02
4.293829435545588353e+02
4.283887548209405622e+02
4.273715879086583982e+02
4.262897601567763104e+02
4.255783717827703185e+02
4.249589733129071192e+02
4.247565134435209302e+02
4.249703859286233865e+02
4.250773472646890241e+02
4.250578597227563478e+02
4.251596675979054680e+02
4.249629093355624718e+02
4.240739099381422648e+02
4.244507364956332367e+02
4.240456503179105425e+02
4.240178918208561072e+02
4.244484274359597293e+02
4.238373591111222822e+02
4.240976742505575885e+02
4.237620754864971673e+02
4.239317476002656804e+02
4.246129956000512493e+02
4.239968967146427303e+02
4.232752331930621494e+02
4.237952046813326206e+02
4.238628661123013899e+02
4.237955647661020748e+02
4.238969807503093534e+02
4.238530600897148588e+02
4.240024999281121154e+02
4.240264311667249899e+02
4.239179210468909673e+02
4.238780722302627737e+02
4.239737585164631355e+02
4.238313504560055662e+02
4.241302926539489704e+02
4.239045292620637611e+02
4.238000618898926177e+02
4.238708333505844621e+02
4.237658437114432672e+02
4.238767356540482751e+02
4.237382763234660388e+02
4.238813224398828652e+02
4.237552303426436993e+02
4.061302335119381723e+02
4.050257779485159517e+02
4.052247926365414514e+02
4.050631870647258665e+02
4.050618577979961401e+02
4.053624376510095431e+02
4.050129457407031737e+02
4.048654573504317113e+02
4.049125178167976742e+02
4.047904459771016263e+02
4.049565914073044723e+02
4.048800943643155961e+02
4.047399362982230286e+02
4.045713354614077844e+02
4.046136924076078571e+02
4.045731782748177920e+02
4.044254185419977148e+02
4.046240143718707145e+02
4.044567836183679219e+02
4.040223726609274308e+02
4.040646920334317542e+02
4.046849261797566442e+02
4.044809637246140710e+02
4.041380571399583914e+02
4.042526704715348274e+02
4.040379321211680690e+02
4.027873899743750599e+02
3.911571080305935197e+02
3.923374235497568066e+02
3.926808645895872019e+02
3.928446707201293293e+02
3.930437666443415310e+02
3.929508583760946294e+02
3.939293412877623268e+02
3.930688296572351419e+02
3.932134499279540023e+02
3.930571140221288715e+02
3.933464596962859332e+02
3.924072516447437238e+02
3.927875160570559956e+02
3.922489884120643637e+02
3.923736358464563523e+02
3.922709548445312748e+02
3.922633282678740443e+02
3.916156777743993302e+02
3.920712941073273328e+02
3.921621917789514669e+02
3.919278357442480569e+02
3.920453295837676251e+02
3.912835568659064620e+02
3.916625313841372531e+02
3.918650768758733420e+02
3.919321903818949977e+02
3.910815114435789610e+02
3.912104865549156330e+02
3.736895991857813328e+02
3.737572411224658708e+02
3.736174241922828969e+02
3.736329413626885980e+02
3.737278875832664653e+02
3.735627743499264852e+02
3.699512809674516802e+02
3.702346822074568991e+02
3.705554132831039169e+02
3.702474537899504412e+02
3.704594354727171890e+02
3.704455650817251353e+02
3.696111143124505816e+02
3.698063656653598059e+02
3.699824321040755422e+02
3.696668910100141829e+02
3.696270619377806952e+02
3.695948199446690978e+02
3.684395288407519047e+02
3.688031481497886261e+02
3.692438817556769663e+02
3.688455391282365099e+02
3.691770869864219549e+02
3.686603391155055647e+02
3.688704457411101885e+02
3.683254529170868068e+02
3.685422870919971388e+02
3.677446866488365913e+02
3.682632896600905497e+02
3.677115586500660243e+02
3.679106676887341791e+02
3.676215349349150188e+02
3.675730680675260373e+02
3.666500998748454094e+02
3.668746035176795885e+02
3.674039849813516980e+02
3.667548152942358115e+02
3.660811978981062111e+02
3.665518002176003165e+02
3.653174022740044506e+02
3.657035327424647448e+02
3.658464913823570441e+02
3.658425219984048908e+02
3.658469020222856898e+02
3.658154591448165434e+02
3.654256932062090186e+02
3.656035301808827285e+02
3.645933363996986714e+02
3.649063731018428030e+02
3.650078513424156199e+02
3.650893176868860337e+02
3.651157564075178357e+02
3.651622816367348605e+02
3.650520893208233701e+02
3.647667996688832091e+02
3.649047786330325494e+02
3.647682456639517454e+02
3.646694193089933265e+02
3.647394419821057454e+02
3.642031660218557363e+02
3.644641649178455509e+02
3.636450088693283078e+02
3.639372236143798887e+02
3.642142148846892269e+02
3.640662536673394243e+02
3.640191796087355556e+02
3.631340245555458068e+02
3.633050106907808185e+02
3.635400335719381246e+02
3.635578036503509907e+02
3.636994392653065233e+02
3.636000986890169315e+02
3.641761766611181201e+02
3.633151223892032249e+02
3.632610225282122656e+02
3.632176683411414615e+02
3.631323660782139768e+02
3.630059369944849550e+02
3.632477491564101229e+02
3.630831081869051786e+02
3.627739038242528409e+02
3.600283000017998347e+02
3.600685455060399818e+02
3.595092350514808004e+02
3.596212728113445110e+02
3.599218366062526684e+02
3.593363401355904898e+02
3.594604742679536002e+02
3.590341294428840229e+02
3.591017086632282940e+02
3.590216614120461145e+02
3.592212729200508647e+02
3.582851694856394715e+02
3.595562963980796667e+02
3.593536258169677922e+02
3.584921717388257321e+02
3.595205555204104826e+02
3.592365242253945894e+02
3.593091823945646865e+02
3.587629405372377960e+02
3.591023438781795107e+02
3.586671371040720260e+02
3.583849092741221511e+02
3.587336890914462515e+02
3.583889038996845215e+02
3.585264538145163442e+02
3.581598649591803678e+02
3.582303265092920128e+02
3.579860194631401100e+02
3.580033375669286215e+02
3.575946068616440243e+02
3.578135088332988403e+02
3.578369106844796761e+02
3.574469605892054460e+02
3.581138190090376838e+02
3.578825389683258322e+02
3.576020514859372952e+02
3.571094270852729551e+02
3.572792706714594715e+02
3.566039336850655559e+02
3.573275696608411636e+02
3.569485482228826640e+02
3.567358141964736546e+02
3.568505662062161718e+02
3.572185124475390694e+02
3.570017417846571561e+02
3.565498687605706891e+02
3.570155345602076977e+02
3.568294518803958795e+02
3.569554632916148194e+02
3.565164250600821561e+02
3.567001037549097191e+02
3.569880399582445420e+02
3.567153751114918805e+02
3.568719817288978220e+02
3.560709055677102697e+02
3.562947505855334498e+02
3.569909702121664168e+02
3.567328236081036721e+02
3.560179804083977615e+02
3.565614900638071276e+02
3.565338607808436109e+02
3.566183697829110315e+02
3.562568715747909778e+02
3.564311040434891993e+02
3.556637919613354484e+02
3.562861847821212677e+02
3.562729590823473700e+02
3.564004708004607664e+02
3.561157568503832067e+02
3.555656296918857606e+02
3.559385049202687696e+02
3.559989052095970692e+02
3.560179784437802368e+02
3.557254849113653563e+02
3.563265060227585082e+02
3.558147050463524010e+02
3.556538820545650879e+02
3.557777128132732969e+02
3.552834939885742642e+02
3.556689712653629840e+02
3.557019841317412556e+02
3.550206384252405769e+02
3.555845454706424107e+02
3.548060449780124372e+02
3.551889337611511905e+02
3.554353349241063142e+02
3.554299797239647205e+02
3.550306140522305327e+02
3.551556836547441662e+02
3.552547986948962944e+02
3.552504091861299003e+02
3.530677683235422251e+02
3.533405420015448613e+02
3.525945148747281337e+02
3.526801408033475695e+02
3.526595518722855331e+02
3.527211353981210777e+02
3.530195335525726250e+02
3.527645955240445232e+02
3.529591446955861329e+02
3.525435012689579253e+02
3.522098682883702168e+02
3.525364837819217882e+02
3.525663518542343127e+02
3.526207074909150379e+02
3.526399498740713057e+02
3.526158435061280443e+02
3.529913675160725006e+02
3.524253475267711337e+02
3.530402692803598939e+02
3.518458064832880154e+02
3.519757686531506238e+02
3.521037527560956164e+02
3.517538741728970990e+02
3.517269699191347172e+02
3.520539512953498615e+02
3.520956134168404219e+02
3.515442988409732834e+02
3.516778523491497026e+02
3.517028498091153779e+02
3.517685740146511080e+02
3.517163800258981041e+02
3.517835105379801917e+02
3.517605470703579726e+02
3.517935006562527178e+02
3.515203700248909513e+02
3.515908072774783477e+02
3.506502841124603265e+02
3.512157504037705849e+02
3.517731005225615490e+02
3.511493634694257935e+02
3.505791069445870676e+02
3.513292950945638040e+02
3.508369146944713179e+02
3.510798018673681327e+02
3.511066774172248870e+02
3.511482343283059322e+02
3.506480990308777450e+02
3.508512397229237649e+02
3.510588386138232977e+02
3.511188979474561620e+02
3.512011154911070889e+02
3.508545963777278303e+02
3.509851592825025364e+02
3.511643484871020746e+02
3.509913954224014105e+02
3.510430179655256211e+02
3.510905434668180760e+02
3.504560697549688371e+02
3.511540386833842149e+02
3.505468406153001411e+02
3.506974363265414922e+02
3.507940816671653579e+02
3.505586579782469698e+02
3.505785146115872521e+02
3.502600725133322612e+02
3.503136517672599552e+02
3.502601520992471933e+02
3.503262745147085298e+02
3.499338720265521374e+02
3.499630524966083271e+02
3.501096518314680566e+02
3.499353162471476821e+02
3.499537927459441562e+02
3.498704955846679923e+02
3.498781740590554818e+02
3.493292486144384839e+02
3.494141626686248401e+02
3.497944361740857175e+02
3.492915477031498312e+02
3.493699562834165135e+02
3.493357807066154237e+02
3.493729459012037069e+02
3.493789738807059280e+02
3.490046344851537015e+02
3.490867264602077285e+02
3.490601768839485430e+02
3.486608812992322441e+02
3.486803146570251215e+02
3.490980502686272757e+02
3.485790892755820778e+02
3.485885116712856302e+02
3.485904480194807888e+02
3.486086855847415791e+02
3.481968521983671963e+02
3.483442686341971921e+02
3.483722041499322586e+02
3.480508653213191792e+02
3.482437760034387111e+02
3.481080054781834860e+02
3.481180496705406426e+02
