5.836243298465603857e+00
5.801077409470698498e+00
5.771627274417298281e+00
5.756210945504002474e+00
5.738910220296479459e+00
5.217299969204850285e+00
5.206013041643238637e+00
5.165284505924166325e+00
5.170410535952331799e+00
5.128383146489957412e+00
5.114910883549086407e+00
5.104131545800731473e+00
5.090709184369917040e+00
5.089487805714824731e+00
5.031541261173713586e+00
5.031917042607140900e+00
4.972220940821308943e+00
4.962134755077386217e+00
4.962642827409468715e+00
4.869433532646548102e+00
4.868038966023068959e+00
4.862259670164343461e+00
4.852686841093981407e+00
4.851158118169625943e+00
4.839662438636462838e+00
4.840240610753202333e+00
4.839071433468673966e+00
4.828621496449584605e+00
4.828474038311996175e+00
4.817647124822374671e+00
4.818228174440712053e+00
4.817202045969260382e+00
4.739493280793111829e+00
4.682029267630851699e+00
4.681769792810170472e+00
4.683324572344281123e+00
4.683121488114778685e+00
4.661292263356727972e+00
4.641087408167759776e+00
4.621376428189741148e+00
4.611865144857333121e+00
4.612772888808110316e+00
4.600188810971613584e+00
4.600389374662834818e+00
4.600526596131365942e+00
4.600885148561013160e+00
4.598943325438641594e+00
4.584502215545416703e+00
4.584791865459256321e+00
4.585001343725974898e+00
4.585327698074682878e+00
4.572153000178341031e+00
4.572777491107881787e+00
4.573008058734671977e+00
4.574202237442010599e+00
4.558595171923871092e+00
4.560472594599691121e+00
4.560941292343634323e+00
4.560682303560078310e+00
4.472409258116515574e+00
4.473480755378098195e+00
4.475087978849696668e+00
4.476283506221898634e+00
4.477247373140144759e+00
4.451656191398284612e+00
4.448818422688885832e+00
4.449429184625853573e+00
4.419840716160578609e+00
4.420930654144522798e+00
4.421732495703787791e+00
4.422468211064703780e+00
4.422621863594219604e+00
4.385519599549870584e+00
4.388077292191497669e+00
4.388810461223835446e+00
4.388642385303828775e+00
4.371739896768113809e+00
4.373241272407697444e+00
4.355718174960298228e+00
4.356756312975720746e+00
4.358119611680724148e+00
4.358538043895142877e+00
4.357950105521754658e+00
4.325758200824973976e+00
4.327430198923715388e+00
4.328390533643093896e+00
4.328978032450681468e+00
4.329616756352883122e+00
4.329771058418682372e+00
4.282815435618960720e+00
4.283614291409968189e+00
4.284642955992249647e+00
4.286370975532053151e+00
4.287688819274313445e+00
4.288364650871971051e+00
4.288502353793699484e+00
4.280101594980380675e+00
4.255771039369079745e+00
4.257025448651159394e+00
4.258000774294678159e+00
4.255051132777468936e+00
4.206145004778475638e+00
4.204974874094975057e+00
4.203394543030843700e+00
4.202299151179577308e+00
4.199208407501885176e+00
4.196738547593071189e+00
4.194901943177076653e+00
4.191777259424740443e+00
4.190216280167716967e+00
4.188541787495211111e+00
4.186432295539297854e+00
4.184635009498579805e+00
4.181854707579900854e+00
4.179420698480281970e+00
4.177887675202965667e+00
4.175876640330393741e+00
4.173424661215591414e+00
4.171537339810148737e+00
4.169070247390030737e+00
4.167427291465761741e+00
4.165471994112159848e+00
4.163595448151589551e+00
4.161111089898406945e+00
4.159260862222892818e+00
4.156820724178189153e+00
4.155319384836113628e+00
4.152955474199026220e+00
4.151128397701786099e+00
4.148634554405396635e+00
4.147261578077862332e+00
4.144896029482218580e+00
4.143032109822319953e+00
4.140581654514703835e+00
4.138707755087041029e+00
4.136876268498214770e+00
4.135670855325084716e+00
4.133571889306919545e+00
4.131914742180549105e+00
4.129649185370706022e+00
4.127853717883448681e+00
4.125291024162323517e+00
4.123347284525183731e+00
4.120927464211647795e+00
4.119037843349636852e+00
4.117210487760558202e+00
4.116051974373778677e+00
4.114121812279708301e+00
4.112473327097330156e+00
4.110378958747967992e+00
4.108532528861729816e+00
4.106156906560721964e+00
4.104168513190282752e+00
4.101933428505263102e+00
4.099950155704641830e+00
4.097781999393054875e+00
4.095853047005906689e+00
4.093728517876780160e+00
4.091818698626971340e+00
4.089666558003327346e+00
4.087729467957872842e+00
4.085597399456902146e+00
4.083636758026219837e+00
4.081499137485826267e+00
4.079525523810302090e+00
4.077394643937425123e+00
4.075423182162179359e+00
4.073287489616409296e+00
4.071282154542728904e+00
4.069171897938815619e+00
4.067166505023757317e+00
4.065072733338576327e+00
4.063072248726059321e+00
4.060996441004477653e+00
4.059000240743432464e+00
4.056951034339810747e+00
4.054922828679374369e+00
4.052889944229255192e+00
4.050833111944301734e+00
4.048800836239549561e+00
4.046726222295752962e+00
4.044727880611350912e+00
4.042649813360165822e+00
4.040665874089102161e+00
4.038567232905792892e+00
4.036602991242487448e+00
4.034481619730827973e+00
4.032530881897646857e+00
4.030398360963113547e+00
4.028480015933062042e+00
4.026332125909512172e+00
4.024438497470487874e+00
4.022279848074289177e+00
4.020394684154275033e+00
4.018191779971246547e+00
4.016345367409842382e+00
4.014125851039064941e+00
4.012319284149434395e+00
4.010074166444906218e+00
4.008285951169161976e+00
4.011052550667526972e+00
4.011570064783985146e+00
4.012063779130937036e+00
4.012258793848193505e+00
4.012282056093836147e+00
4.012395304469929869e+00
4.012513495313832834e+00
4.012339643739512240e+00
4.012059863483115940e+00
4.011785833733827467e+00
4.011098984525948374e+00
4.010894964765549631e+00
4.010213095523603499e+00
4.009747477834268103e+00
4.009078727140849452e+00
4.008526814038659403e+00
4.008330091949027896e+00
4.007003296416241866e+00
4.006503809993652077e+00
4.004733266996817420e+00
4.004217730831884481e+00
4.004028996328809598e+00
4.001808526289906354e+00
4.001595131743636458e+00
3.999702800668250902e+00
3.999269564197670768e+00
3.996854626814029920e+00
3.996791463322205473e+00
3.993953057143355245e+00
3.992173772140639176e+00
3.991562181498722772e+00
3.991410893253990899e+00
3.985801457558130423e+00
3.984935483484713714e+00
3.982862119501755060e+00
3.982590265675709063e+00
3.982593246823029176e+00
3.982425457286417725e+00
3.975129964354583656e+00
3.974743239486553392e+00
3.972883803175468742e+00
3.972207600509962244e+00
3.971712456314968165e+00
3.970930925205206297e+00
3.970319261340102823e+00
3.969343109859726049e+00
3.968609927658224734e+00
3.967687942834935200e+00
3.967004352509596821e+00
3.966113411218680440e+00
3.965655878253511624e+00
3.964924322888109032e+00
3.964373149480671543e+00
3.963587818485128089e+00
3.963026703835510034e+00
3.962222961568326873e+00
3.961647165948583904e+00
3.960820391022241260e+00
3.960251366187452327e+00
3.959420184995201097e+00
3.958858037342122049e+00
3.958024484929041797e+00
3.957927695187185346e+00
3.957135920277675023e+00
3.956695579956218456e+00
3.955853835418278841e+00
3.955369969766417526e+00
3.954500375525823230e+00
3.954006744727516676e+00
3.953110067260497296e+00
3.952618519253702889e+00
3.951703885156997664e+00
3.951208464838095402e+00
3.950259162679189195e+00
3.949767811356945657e+00
3.948797342116251663e+00
3.948311421813728295e+00
3.947325813584932064e+00
3.946842662308403860e+00
3.945827298613609813e+00
3.945349559449807142e+00
3.944309273291066287e+00
3.943837745464577438e+00
3.942769407114481872e+00
3.942304514811222127e+00
3.941206384905057813e+00
3.940747401092246527e+00
3.939614904170005705e+00
3.939162184845923065e+00
3.937992528483863275e+00
3.937546669308613190e+00
3.936340529711178426e+00
3.935901888078229938e+00
3.934652280355606102e+00
3.934219032864837651e+00
3.932926169626897561e+00
3.932501995176130194e+00
3.931165477057865232e+00
3.930748195145914892e+00
3.929350602681584093e+00
3.928705229612873495e+00
3.928499096973957272e+00
3.928312490110116073e+00
3.928060586020479139e+00
3.927868153500380544e+00
3.927711232385226570e+00
3.927821995809149591e+00
3.927783195858842280e+00
3.923089522652966288e+00
3.923368431624065789e+00
3.923435455621306467e+00
3.924118805360536477e+00
3.921346989470623878e+00
3.921201259008268991e+00
3.921778433636635697e+00
3.920907318327849111e+00
3.920938522915472291e+00
3.920526647515369500e+00
3.920382937502861154e+00
3.919802829915276732e+00
3.919729881533507765e+00
3.919820039659597910e+00
3.919852792410135400e+00
3.916096723068986485e+00
3.916113620597942546e+00
3.916103411841480586e+00
3.916327374065564193e+00
3.916318763330084884e+00
3.916266836906402204e+00
3.916226432217780218e+00
3.914237633176628428e+00
3.911856488137549714e+00
3.911656929177382835e+00
3.911274610151092901e+00
3.911116660359780450e+00
3.910805061603841004e+00
3.910852504664936724e+00
3.910868193632883294e+00
3.910850279433435439e+00
3.907523813109250010e+00
3.907535622607111403e+00
3.907708188180568865e+00
3.906899504745369178e+00
3.906554556560163149e+00
3.906046819983611140e+00
3.905852069559618833e+00
3.905883616698965000e+00
3.905908807929403981e+00
3.905921192143627430e+00
3.905875884289085498e+00
3.904137214181350402e+00
3.904038940189153095e+00
3.903115752786110448e+00
3.902926125076827901e+00
3.901919488203290154e+00
3.901779347305092571e+00
3.900999817719690732e+00
3.900831568915545500e+00
3.900003728495500255e+00
3.899851641666630897e+00
3.899048666811994135e+00
3.898890546573100302e+00
3.898066838457321381e+00
3.897914258880030403e+00
3.897090849267018875e+00
3.896937568680901798e+00
3.896103628745853698e+00
3.895953293966637254e+00
3.895113067508117588e+00
3.894963059582637221e+00
3.894120711644199595e+00
3.893972185949992504e+00
3.893128425171416218e+00
3.892979668933778115e+00
3.892130518748228241e+00
3.891982636133706652e+00
3.891132949994855039e+00
3.891156274297933315e+00
3.891155017665346438e+00
3.890467534465080313e+00
3.889524640026013280e+00
3.889144472950192721e+00
3.888776951968382356e+00
3.888513576399452276e+00
3.888168318330387230e+00
3.887919399655171748e+00
3.887578646353332612e+00
3.887333990055051647e+00
3.886995278456423009e+00
3.886753402903401877e+00
3.886414286381269179e+00
3.886173348202236255e+00
3.885833605542771352e+00
3.885593689395226313e+00
3.885253452233026650e+00
3.885015743087323337e+00
3.884676251896089560e+00
3.884438740543734170e+00
3.884098650266468056e+00
3.883861426895338642e+00
3.883587979540211066e+00
3.883547089981171041e+00
3.883278244150170977e+00
3.883263869219298225e+00
3.883051973712669191e+00
3.882972944045831376e+00
3.883059338052960552e+00
3.882732190668328975e+00
3.882716953958874395e+00
3.882518140700397247e+00
3.882391273707706869e+00
3.882464119753493037e+00
3.880983516398924582e+00
3.880685473582476064e+00
3.880455421441477704e+00
3.880385358076543056e+00
3.880412304646357669e+00
3.880082919354959969e+00
3.880031178380589196e+00
3.879868287314204522e+00
3.879764706602178315e+00
3.879797963331408361e+00
3.879159695051258350e+00
3.879048745428261391e+00
3.878652324430143850e+00
3.878561883693425028e+00
3.878560758305011902e+00
3.878534721649679717e+00
3.877738839387331105e+00
3.873672222681152633e+00
3.873669954210875233e+00
3.873907198620131442e+00
3.872614524193466412e+00
3.872654609333181064e+00
3.872770773559814028e+00
3.872650968931777626e+00
3.872583827277135793e+00
3.872593834329737472e+00
3.872467848169603766e+00
3.872172958613758098e+00
3.872106380317138274e+00
3.872135078983670375e+00
3.872073827585902794e+00
3.871409373761571349e+00
3.871403957801602846e+00
3.871426845442447640e+00
3.871440359082568783e+00
3.871445870539621303e+00
3.871473865836407402e+00
3.870553204627602106e+00
3.870392519199080450e+00
3.870410040577531241e+00
3.870381066431666017e+00
3.869720053351147548e+00
3.866410171688547504e+00
3.866702921077152411e+00
3.866657192308885271e+00
3.866437307448975957e+00
3.865866371287265402e+00
3.865644784438923232e+00
3.864999272459190394e+00
3.865027502897156353e+00
3.864748259479027226e+00
3.864735805485159936e+00
3.863903754876810925e+00
3.863855278733153931e+00
3.863093450923026140e+00
3.863035607412570016e+00
3.862473516928780715e+00
3.862414768647608021e+00
3.861988140629481592e+00
3.861912844904043851e+00
3.861542155792866637e+00
3.861469045935971955e+00
3.861138041170762314e+00
3.861058196886076654e+00
3.860756675770280921e+00
3.860674364672255443e+00
3.860396254293656959e+00
3.860310004395713701e+00
3.860052339464775883e+00
3.859962992762197675e+00
3.859722354391785792e+00
3.859629626443738637e+00
3.859402214984006818e+00
3.859305169401952451e+00
3.859092391015020329e+00
3.858992826699711109e+00
3.858791139847183249e+00
3.858687681096992783e+00
3.858495901716743504e+00
3.858388925100275202e+00
3.858205969346119257e+00
3.858095533332087435e+00
3.857919508991994206e+00
3.857806059041030355e+00
3.857635619474494071e+00
3.857519421098412060e+00
3.857353865990897024e+00
3.857235001698600119e+00
