2.096918756373194697e+02
1.709761722808376589e+02
1.553086144760864329e+02
1.401973725856339570e+02
1.301346852463373978e+02
1.153056839503074116e+02
1.009770364345616116e+02
9.325099348782691777e+01
8.796144435138870676e+01
8.557160339166792085e+01
1.368935490794368945e+02
1.268878482694118190e+02
1.144427027376670623e+02
1.145072613696025599e+02
1.132464638400527690e+02
2.057382195513351917e+02
2.062644132624108408e+02
2.061634984652407070e+02
2.059488547307016404e+02
2.059572047927367180e+02
2.095939345317050311e+02
2.114234514916289527e+02
2.119708576510892613e+02
2.118383058819887310e+02
2.137241348279964370e+02
2.427690081182431641e+02
2.417977001910508648e+02
2.467790047315048696e+02
2.434849183391493170e+02
2.451926199513541746e+02
2.716074037015105773e+02
2.672184175134696602e+02
2.661344454619169824e+02
2.662155924234982649e+02
2.647991212834963335e+02
2.815138758067406002e+02
2.803434435127207962e+02
2.785639529658137690e+02
2.769325621594950917e+02
2.758963945837480196e+02
2.867223667697979863e+02
2.839539212002940758e+02
2.842223999293647694e+02
2.837740740079035504e+02
2.826182991148477868e+02
2.884242181346613734e+02
2.906550864558079752e+02
2.888565435121691962e+02
2.835444724051651519e+02
2.828969015796145641e+02
2.855611854374100176e+02
2.820994056539483950e+02
2.841364567382865971e+02
2.764048364693574058e+02
2.780540897473063637e+02
2.678528357442248762e+02
2.696554966774408513e+02
2.081648320710870337e+02
2.058305844848458435e+02
2.062735854557354571e+02
2.066424998836631630e+02
2.070395472976926499e+02
2.068498479280416120e+02
2.065515204555229616e+02
2.068482548516231816e+02
2.071866237629082832e+02
2.071751495080790448e+02
2.136542067442173334e+02
2.124968090187408620e+02
2.125339365887002145e+02
2.138481838199039089e+02
2.131044318595557741e+02
2.136263825215892780e+02
2.138585562202019901e+02
2.134793390042156602e+02
2.137544788078625402e+02
2.140677655145410085e+02
2.139198129527592869e+02
2.140991487232319059e+02
2.139278384355578169e+02
2.142706275735163217e+02
2.139325694460180500e+02
2.142241833875497150e+02
2.300885239297310818e+02
2.314270303381441636e+02
2.306855364664574495e+02
2.302630430988162971e+02
2.302213665311019213e+02
2.304347627438054928e+02
2.280657847165260534e+02
2.274987385677259795e+02
2.276466272560170978e+02
2.273417981227136409e+02
2.277448965768340940e+02
2.275070242909440594e+02
2.277455144437610102e+02
2.269908078713039004e+02
2.270470081720349640e+02
2.269081381743748125e+02
2.266702242707818300e+02
1.776505396569901052e+02
1.738114749480504315e+02
1.738795254845876173e+02
1.738839932325294626e+02
1.735340050235536182e+02
1.731710766167330462e+02
1.732302590271838767e+02
1.728666267722734062e+02
1.735679824234974262e+02
1.720538729418345270e+02
1.725841524347736708e+02
1.721300918536128961e+02
1.722125080956002421e+02
1.722705647249485992e+02
1.727741692765417270e+02
1.719742503617549119e+02
1.718220406293515623e+02
1.716846774520992085e+02
1.719775842883260282e+02
1.717857910017945926e+02
1.717316549412954032e+02
1.715412525820736676e+02
1.718700866180936941e+02
1.714553701313641341e+02
1.712288880265710986e+02
1.713161509057244700e+02
1.710745108300556012e+02
1.705941264480355244e+02
1.707771669626181961e+02
1.708764628160904806e+02
1.705457153904177972e+02
1.706017304141574300e+02
1.345849667011973452e+02
1.334227638266343945e+02
1.334652759318401820e+02
1.334868219485529721e+02
1.336296724700303571e+02
1.333409520078444075e+02
1.334664713382501304e+02
1.328412499317823006e+02
1.329402754315805737e+02
1.327288634257663205e+02
1.327409259443808764e+02
1.325928072775214446e+02
1.329054941716530038e+02
1.325898971341474635e+02
1.327868711562383623e+02
1.219476285767043464e+02
1.217673818482842591e+02
1.216266097861176547e+02
1.214229554949908589e+02
1.213530363123439457e+02
1.213555101273443597e+02
1.213583051898759777e+02
1.213609432590418464e+02
1.213635541465796166e+02
1.214552537895820308e+02
1.212858138099972507e+02
1.213594942768592375e+02
1.213491966627811394e+02
1.213390949054312102e+02
1.213291330627651945e+02
1.210556563884289289e+02
1.210613704800829424e+02
1.210663475849200950e+02
1.210707597387657870e+02
1.210748085421046767e+02
1.210788265991209300e+02
1.210825929685886706e+02
1.210860694083260114e+02
1.210894095688319680e+02
1.212698044382401434e+02
1.210999602996928388e+02
1.212081916443292329e+02
1.212005055600475316e+02
1.211921362828470876e+02
1.211835289227130090e+02
1.209183701565692672e+02
1.209227916233050451e+02
1.209267114382161310e+02
1.209302754265887643e+02
1.209334860293254224e+02
1.209367762466149117e+02
1.209398232310152679e+02
1.209427702795520077e+02
1.209455425408106635e+02
1.209487471587566603e+02
1.211101774944650060e+02
1.210815951626803439e+02
1.210690324063111518e+02
1.210589629773003537e+02
1.210557871619083983e+02
1.210530165248847254e+02
1.210508496292902123e+02
1.210486979735268136e+02
1.210105728744093199e+02
1.211127361968044909e+02
1.208083533169539123e+02
1.208117709863572031e+02
1.208151153842633647e+02
1.171557451807732377e+02
1.175452690359025496e+02
1.173995356856608794e+02
1.174082919728409848e+02
1.174050855568989249e+02
1.174003879698654345e+02
1.173973169342221041e+02
1.173905088111060024e+02
1.173836010230763378e+02
1.173829027856224343e+02
1.173750074040896152e+02
1.173446480230882401e+02
1.172686321895940580e+02
1.157920509553461272e+02
1.158433595760203332e+02
1.155912495427943725e+02
1.156713435877712612e+02
1.157238213382972560e+02
1.157223160793734991e+02
1.157212506877784506e+02
1.155029459630844570e+02
1.155478852035109867e+02
1.156005387343807627e+02
1.155908485505684666e+02
1.155853628267053210e+02
1.155827099462991328e+02
1.155830837215781060e+02
1.155867062623627675e+02
1.155904005967506123e+02
1.155948641415668305e+02
1.154836665030508129e+02
1.154791156729744444e+02
1.154771068899149498e+02
1.154761436486849107e+02
1.154802459600781219e+02
1.153431742711105557e+02
1.153442878685924171e+02
1.153451360599689508e+02
1.153463153764018614e+02
1.153482647362289129e+02
1.153223134189935024e+02
1.153211690572491932e+02
1.153369631373728055e+02
1.153387499387098103e+02
1.154532668362729453e+02
1.151058212984585225e+02
1.151080822341139367e+02
1.151309994082656942e+02
1.151461312974084734e+02
1.153070957613689416e+02
1.153024067529684373e+02
1.153020474015785908e+02
1.153016827028946807e+02
1.153013273813896546e+02
1.149937704487787613e+02
1.150308785502572704e+02
1.150379159986468096e+02
1.150427396071024901e+02
1.150511878820525737e+02
1.150611058463503014e+02
1.150756335120051119e+02
1.150804873899768950e+02
1.150889283289588150e+02
1.153594310053793919e+02
1.153410352125796123e+02
1.153254290357882894e+02
1.153117403078159100e+02
1.152995052986182714e+02
1.152883580651678699e+02
1.152780695280056733e+02
1.152684810334296230e+02
1.152594702437926486e+02
1.152508860440026979e+02
1.152426353958331049e+02
1.152346527789555211e+02
1.152268306718971189e+02
1.152191459483675828e+02
1.152115349851859065e+02
1.152039232067841681e+02
1.151962032463145817e+02
1.151883223103216949e+02
1.151820082169333546e+02
1.151734325304040283e+02
1.151663232730580972e+02
1.151583757453407060e+02
1.151477282787985246e+02
1.152524318569098654e+02
1.152388901565644233e+02
1.150232255182965702e+02
1.150251337970982490e+02
1.150385845579654642e+02
1.150653738739525807e+02
1.150236213396685372e+02
1.150463208583550454e+02
1.150003585290488104e+02
1.148469123622668491e+02
1.148922431544935279e+02
1.147276363061398854e+02
1.147304982553270065e+02
1.147347298787043997e+02
1.138536690405835259e+02
1.139199342530658043e+02
1.139060962296175887e+02
1.139514947819204025e+02
1.139531100740796035e+02
1.123507868148286946e+02
1.123894295703118758e+02
1.123950855754781060e+02
1.124023087822041731e+02
1.126705722639150338e+02
1.124862850390028939e+02
1.125242866968247029e+02
1.125248736117216595e+02
1.125253966450672465e+02
1.125616441868264417e+02
1.124914834270747974e+02
1.124200068036908249e+02
1.124425848994295905e+02
1.124886341068418858e+02
1.124984648637832549e+02
1.124944570197847327e+02
1.124303023368189827e+02
1.123794629560586316e+02
1.123917881153172971e+02
1.123973459573729059e+02
1.123994097203868847e+02
1.124007930868159235e+02
1.103832821632461503e+02
1.104517386965849965e+02
1.104551754071915752e+02
1.105042041726473485e+02
1.105380216380293348e+02
1.105355191725121529e+02
1.105397796514473896e+02
1.105474328960117418e+02
1.105824302772545593e+02
1.105816463704972819e+02
1.105813587038746562e+02
1.106606327861639159e+02
1.106770675619359281e+02
1.106984881416304347e+02
1.106974958802159108e+02
1.106965069057852418e+02
1.106955165516362740e+02
1.106945142967534821e+02
1.107008214123372483e+02
1.107011102584653628e+02
1.107043172137258011e+02
1.106971645733219276e+02
1.106900826025978120e+02
1.107065619147454356e+02
1.107060880813352099e+02
1.107056170966644686e+02
1.107051490371719922e+02
1.107046833782013664e+02
1.107042195319679365e+02
1.107037567225981718e+02
1.107033051781773878e+02
1.107028543118929917e+02
1.107024032429425091e+02
1.107019515392869522e+02
1.107014981682119839e+02
1.107010454432066666e+02
1.107005906403571061e+02
1.107001327643839375e+02
1.106996709105267200e+02
1.106992040178104162e+02
1.106987309921703684e+02
1.106982505897735223e+02
1.106977614397406739e+02
1.106972614947907800e+02
1.106967492224099203e+02
1.106962220843720814e+02
1.106956772697145368e+02
1.106951109766033596e+02
1.106945177885154123e+02
1.106938926392545000e+02
1.106932271090157514e+02
1.106925110665241903e+02
1.106917298285994775e+02
1.106908606312298673e+02
1.106898695472191889e+02
1.105577108313814563e+02
1.105913153795899859e+02
1.106118591639139765e+02
1.106094116708159447e+02
1.105654893779685750e+02
1.105654439798601061e+02
1.105677059735386649e+02
1.105712522649855742e+02
1.095015849135754422e+02
1.095634819775524988e+02
1.095672919549698605e+02
1.095696043018185577e+02
1.095785941510690122e+02
1.095785943491101477e+02
1.095785945470897502e+02
1.095785947450078481e+02
1.095785949428643988e+02
1.095785951406610366e+02
1.098323530510536727e+02
1.097942914109956405e+02
1.097343868316186075e+02
1.097349158246146743e+02
1.097360511920876576e+02
1.097014300069047437e+02
1.097026745943339421e+02
1.097042563865466889e+02
1.097058847741286627e+02
1.096906905242367998e+02
1.096864129078988697e+02
1.096323801152839508e+02
1.096329715334987327e+02
1.096342475479641507e+02
1.096343470992008378e+02
1.096385563666691780e+02
1.094545534690496851e+02
1.094640112642774170e+02
1.094630047419744301e+02
1.094620955085616600e+02
1.094614873603987206e+02
1.094584567157604482e+02
1.094600595634225897e+02
1.094549101635288224e+02
1.094541732599082309e+02
1.094482907287739692e+02
1.094441916577074352e+02
1.094329303951336385e+02
1.094298261797098348e+02
1.094293319451503095e+02
1.094260472279198666e+02
1.094247582647113433e+02
1.094247571332799964e+02
1.094247560033404056e+02
1.094247548748882650e+02
1.094247461129768624e+02
1.089400494869960880e+02
1.088256065659014951e+02
1.088121789275122069e+02
1.087994575800885713e+02
1.088044352773766832e+02
1.088037894684904643e+02
1.088031358220263201e+02
1.088024725889199971e+02
1.088017973460080441e+02
1.088005753556768838e+02
1.088168920886166262e+02
1.087929222316039386e+02
1.087929205358644822e+02
1.087929188411367534e+02
1.087930300395676397e+02
1.087929892827633012e+02
1.087929893590661834e+02
1.087929894353643192e+02
1.087929895116577939e+02
1.087929895879465789e+02
1.087929896642306886e+02
1.087929897405101229e+02
1.087929898167848108e+02
1.087929898930548802e+02
1.087929899693202316e+02
1.087929900455809218e+02
1.087929901218369082e+02
1.087929901980882335e+02
1.087929902743348833e+02
1.087929903505768436e+02
1.087929904268141286e+02
1.087929905030467239e+02
1.087929905792746155e+02
1.087929906554979311e+02
1.087929907317164862e+02
1.087929908079303942e+02
1.087929908841395843e+02
1.087929909603440848e+02
1.087929910365439383e+02
1.087929911127391733e+02
1.087929911889297045e+02
1.087929912651155178e+02
1.087929913412967267e+02
1.087929914174732602e+02
1.087929914936450757e+02
1.087929915698122301e+02
1.087929916459747091e+02
1.087929917221325979e+02
1.087929917982856693e+02
1.087929918744341506e+02
1.087929919505779992e+02
1.087929920267171440e+02
1.087929921028515565e+02
1.087929921789813505e+02
1.087929922551064692e+02
1.087929923648474073e+02
1.087929924745781136e+02
1.087929925842985028e+02
1.087929926388086557e+02
1.087929926933164211e+02
1.087929927304336957e+02
1.087929927849371552e+02
1.087929928394382273e+02
1.087929928939368551e+02
