5.378581681637433576e+02
5.732826419007843697e+02
5.732347613475565140e+02
5.727553770598520941e+02
5.727857034435671721e+02
5.726459880121308288e+02
5.726881822541736256e+02
5.702514443818870404e+02
5.703862213681595676e+02
5.709912098341113733e+02
6.309535796144306232e+02
6.325184168211042106e+02
6.320414558517319392e+02
6.315435260209785611e+02
6.323459799524609934e+02
6.316235195867362791e+02
6.326617995283990012e+02
6.331297445910856823e+02
6.329701690753978482e+02
6.335707875202467676e+02
6.332348083854728884e+02
5.885089595397096218e+02
6.319462179092239467e+02
6.319462198843308443e+02
6.319462218594292153e+02
6.319462238345181504e+02
6.319462258095985590e+02
6.319462277846698726e+02
6.319462297597322049e+02
6.319462317347855560e+02
6.319462337098300395e+02
6.319462356848655418e+02
6.319462376598920628e+02
6.319462396349097162e+02
6.319462416099186157e+02
6.319462435849183066e+02
6.319462455599092436e+02
6.319462475348910857e+02
6.319462495098641739e+02
6.319462514848281671e+02
6.319462534597829517e+02
6.319462554347290961e+02
6.319462574096663730e+02
6.319462593845946685e+02
6.319462613595138691e+02
6.319462633344243159e+02
6.319462653093257813e+02
6.319462672842182656e+02
6.319462692591016548e+02
6.319462712339762902e+02
6.319462732088420580e+02
6.319462751836988446e+02
6.319462771585467635e+02
6.319462791333853602e+02
6.319462811082154303e+02
6.319462830830362918e+02
6.319462850578483994e+02
6.319462870326514121e+02
6.319462890074456709e+02
6.319462909822307211e+02
6.319462929570072447e+02
6.319462949317743323e+02
6.319462969065327798e+02
6.319462988812822459e+02
6.319463008560227308e+02
6.319463028307543482e+02
6.319463048054769843e+02
6.319463067801907528e+02
6.319463087548954263e+02
6.319463107295913460e+02
6.319463127042782844e+02
6.319463146789562416e+02
6.319463166536252174e+02
6.319463186282854394e+02
6.319463206029365665e+02
6.319463225775787123e+02
6.319463245522118768e+02
6.319463265268361738e+02
6.319463285014514895e+02
6.319463304760580513e+02
6.319463324506555182e+02
6.319463344252442312e+02
6.319463363998237355e+02
6.319463383743944860e+02
6.319463403489561415e+02
6.319463423235091568e+02
6.319463442980529635e+02
6.319463462725877889e+02
6.319463482471139741e+02
6.319463502216310644e+02
6.319463521961392871e+02
6.319463541706384149e+02
6.319463561451287887e+02
6.319463581196100677e+02
6.319463600940823653e+02
6.319463620685457954e+02
6.319463640430003579e+02
6.319463660174460529e+02
6.319463679918826529e+02
6.319463699663103853e+02
6.319463719407290228e+02
6.319463739151389063e+02
6.319463758895399224e+02
6.319463778639319571e+02
6.319463798383148969e+02
6.319463818126888555e+02
6.319463837870541738e+02
6.319463857614102835e+02
6.319463877357576393e+02
6.319463897100961276e+02
6.319463916844255209e+02
6.319463936587459330e+02
6.319463956330575911e+02
6.319463976073600406e+02
6.319463995816537363e+02
6.319464015559385643e+02
6.319464035302144111e+02
6.319464055044812767e+02
6.319464074787391610e+02
6.319464094529882914e+02
6.319464114272283268e+02
6.319464134014596084e+02
6.319464153756816813e+02
6.319464173498950004e+02
6.319464193240992245e+02
6.319464212982946947e+02
6.319464232724812973e+02
6.319464252466586913e+02
6.319464272208272178e+02
6.319464291949869903e+02
6.319464311691377816e+02
6.319464331432795916e+02
6.319464351174124204e+02
6.319464370915363816e+02
6.319464390656514752e+02
6.319464410397575875e+02
6.319464430138547186e+02
6.319464449879427548e+02
6.319464469620220370e+02
6.319464489360924517e+02
6.319464509101538852e+02
6.319464528842063373e+02
6.319464548582498082e+02
6.319464568322845253e+02
6.319464588063101473e+02
6.319464607803270155e+02
6.319464627543346751e+02
6.319464647283336944e+02
6.319464667023236188e+02
6.319464686763045620e+02
6.319464706502765239e+02
6.319464726242399593e+02
6.319464745981940723e+02
6.319464765721394315e+02
6.319464785460758094e+02
6.319464805200032060e+02
6.319464824939218488e+02
6.319464844678312829e+02
6.319464864417318495e+02
6.319464884156237758e+02
6.319464903895063799e+02
6.319464923633803437e+02
6.319464943372452126e+02
6.319464963111011002e+02
6.319464982849483476e+02
6.319465002587861591e+02
6.319465022326154440e+02
6.319465042064357476e+02
6.319465061802470700e+02
6.319465081540495248e+02
6.319465101278428847e+02
6.319465121016274907e+02
6.319465140754030017e+02
6.319465160491697588e+02
6.319465180229274210e+02
6.319465199966762157e+02
6.319465219704161427e+02
6.319465239441470885e+02
6.319465259178691667e+02
6.319465278915822637e+02
6.319465298652864931e+02
6.319465318389816275e+02
6.319465338126680081e+02
6.319465357863452937e+02
6.319465377600138254e+02
6.319465397336733758e+02
6.319465417073240587e+02
6.319465436809655330e+02
6.319465456545983670e+02
6.319465476282221061e+02
6.319465496018369777e+02
6.319465515754428679e+02
6.319465535490400043e+02
6.319465555226280458e+02
6.319465574962072196e+02
6.319465594697774122e+02
6.319465614433387373e+02
6.319465634168909673e+02
6.319465653904346709e+02
6.319465673639691659e+02
6.319465693374947932e+02
6.319465713110113256e+02
6.319465732845191042e+02
6.319465752580177877e+02
6.319465772315077174e+02
6.319465792049886659e+02
6.319465811784607467e+02
6.319465831519237327e+02
6.319465851253778510e+02
6.319465870988231018e+02
6.319465890722594850e+02
6.319465910456868869e+02
6.319465930191054213e+02
6.319465949925149744e+02
6.319465969659154325e+02
6.319465989393072505e+02
6.319466009126898598e+02
6.319466028860636015e+02
6.319466048594285894e+02
6.319466068327845960e+02
6.319466088061317350e+02
6.319466107794696654e+02
6.319466127527989556e+02
6.319466147261191509e+02
6.319466166994305922e+02
6.319466186727329386e+02
6.319466206460263038e+02
6.319466226193109151e+02
6.319466245925865451e+02
6.319466265658534212e+02
6.319466285391110887e+02
6.319466305123597749e+02
6.319466324855999346e+02
6.319466344588307720e+02
6.319466364320528555e+02
6.319466384052660715e+02
6.319466403784703061e+02
6.319466423516654459e+02
6.319466443248519454e+02
6.319466462980293500e+02
6.319466482711980007e+02
6.319466502443575564e+02
6.319466522175080172e+02
6.319466541906498378e+02
6.319466561637827908e+02
6.319466581369065352e+02
6.319466601100216394e+02
6.319466620831275350e+02
6.319466640562247903e+02
6.319466660293129507e+02
6.319466680023921299e+02
6.319466699754624415e+02
6.319466719485237718e+02
6.319466739215764619e+02
6.319466758946199434e+02
6.319466778676546710e+02
6.319466798406804173e+02
6.319466818136972961e+02
6.319466837867050799e+02
6.319466857597039962e+02
6.319466877326941585e+02
6.319466897056753396e+02
6.319466916786473121e+02
6.319466936516107580e+02
6.319466956245648817e+02
6.319466975975101377e+02
6.319466995704469809e+02
6.319467015433743882e+02
6.319467035162931552e+02
6.319467054892028273e+02
6.319467074621036318e+02
6.319467094349954550e+02
6.319467114078784107e+02
6.319467133807524988e+02
6.319467153536176056e+02
6.319467173264737312e+02
6.319467192993211029e+02
6.319467212721592659e+02
6.319467232449889025e+02
6.319467252178092167e+02
6.319467271906210044e+02
6.319467291634234698e+02
6.319467311362171813e+02
6.319467331090020252e+02
6.319467350817778879e+02
6.319467370545449967e+02
6.319467390273028968e+02
6.319467410000521568e+02
6.319467429727922081e+02
6.319467449455235055e+02
6.319467469182458217e+02
6.319467488909593840e+02
6.319467508636639650e+02
6.319467528363594511e+02
6.319467548090460696e+02
6.319467567817239342e+02
6.319467587543927038e+02
6.319467607270526059e+02
6.319467626997036405e+02
6.319467646723455800e+02
6.319467666449788794e+02
6.319467686176030838e+02
6.319467705902184207e+02
6.319467725628248900e+02
6.319467745354222643e+02
6.319467765080106574e+02
6.319467784805902966e+02
6.319467804531611819e+02
6.319467824257229722e+02
6.319467843982757813e+02
6.319467863708198365e+02
6.319467883433546831e+02
6.319467903158808895e+02
6.319467922883981146e+02
6.319467942609064721e+02
6.319467962334056210e+02
6.319467982058961297e+02
6.319468001783777709e+02
6.319468021508502034e+02
6.319468041233139957e+02
6.319468060957688067e+02
6.319468080682145228e+02
6.319468100406514850e+02
6.319468120130796933e+02
6.319468139854985793e+02
6.319468159579087114e+02
6.319468179303100897e+02
6.319468199027023729e+02
6.319468218750857886e+02
6.319468238474603368e+02
6.319468258198257899e+02
6.319468277921823756e+02
6.319468297645302073e+02
6.319468317368690577e+02
6.319468337091990406e+02
6.319468356815199286e+02
6.319468376538319490e+02
6.319468396261352154e+02
6.319468415984293870e+02
6.319468435707148046e+02
6.319468455429912410e+02
6.319468475152585825e+02
6.319468494875171700e+02
6.319468514597668900e+02
6.319468534320076287e+02
6.319468554042393862e+02
6.319468573764622761e+02
6.319468593486762984e+02
6.319468613208813395e+02
6.319468632930775129e+02
6.319468652652647052e+02
6.319468672374430298e+02
6.319468692096124869e+02
6.319468711817729627e+02
6.319468731539245709e+02
6.319468751260671979e+02
6.319468770982009573e+02
6.319468790703257355e+02
6.319468810424416461e+02
6.319468830145486891e+02
6.319468849866466371e+02
6.319468869587358313e+02
6.319468889308160442e+02
6.319468909028875032e+02
6.319468928749497536e+02
6.319468948470032501e+02
6.319468968190478790e+02
6.319468987910835267e+02
6.319469007631101931e+02
6.319469027351281056e+02
6.319469047071370369e+02
6.319469066791372143e+02
6.319469086511281830e+02
6.319469106231102842e+02
6.319469125950836315e+02
6.319469145670481112e+02
6.319469165390033822e+02
6.319469185109498994e+02
6.319469204828874354e+02
6.319469224548162174e+02
6.319469244267361319e+02
6.319469263986468377e+02
6.319469283705487896e+02
6.319469303424418740e+02
6.319469323143259771e+02
6.319469342862012127e+02
6.319469362580675806e+02
6.319469382299248537e+02
6.319469402017732591e+02
6.319469421736129107e+02
6.319469441454435810e+02
6.319469461172653837e+02
6.319469480890779778e+02
6.319469500608820454e+02
6.319469520326770180e+02
6.319469540044628957e+02
6.319469559762402469e+02
6.319469579480085031e+02
6.319469599197677780e+02
6.319469618915181854e+02
6.319469638632596116e+02
6.319469658349922838e+02
6.319469678067160885e+02
6.319469697784306845e+02
6.319469717501366404e+02
6.319469737218335013e+02
6.319469756935216083e+02
6.319469776652008477e+02
6.319469796368709922e+02
6.319469816085322691e+02
6.319469835801846784e+02
6.319469855518279928e+02
6.319469875234628944e+02
6.319469894950883599e+02
6.319469914667050716e+02
6.319469934383130294e+02
6.319469954099118922e+02
6.319469973815018875e+02
6.319469993530831289e+02
6.319470013246552753e+02
6.319470032962184405e+02
6.319470052677728518e+02
6.319470072393182818e+02
6.319470092108547306e+02
6.319470111823826528e+02
6.319470131539011390e+02
6.319470151254110988e+02
6.319470170969119636e+02
6.319470190684040745e+02
6.319470210398870904e+02
6.319470230113611251e+02
6.319470249828262922e+02
6.319470269542828191e+02
6.319470289257303648e+02
6.319470308971688155e+02
6.319470328685983986e+02
6.319470348400191142e+02
6.319470368114309622e+02
6.319470387828339426e+02
6.319470407542279418e+02
6.319470427256128460e+02
6.319470446969889963e+02
6.319470466683562790e+02
6.319470486397146942e+02
6.319470506110642418e+02
6.319470525824046945e+02
6.319470545537362796e+02
6.319470565250591108e+02
6.319470584963730744e+02
6.319470604676777157e+02
6.319470624389738305e+02
6.319470644102608503e+02
6.319470663815390026e+02
6.319470683528081736e+02
6.319470703240685907e+02
6.319470722953200266e+02
6.319470742665625949e+02
6.319470762377961819e+02
6.319470782090209013e+02
6.319470801802368669e+02
6.319470821514437375e+02
6.319470841226416269e+02
6.319470860938306487e+02
6.319470880650109166e+02
6.319470900361822032e+02
6.319470920073447360e+02
6.319470939784980601e+02
6.319470959496427440e+02
6.319470979207783330e+02
6.319470998919050544e+02
6.319471018630229082e+02
6.319471038341318945e+02
6.319471058052317858e+02
6.319471077763230369e+02
6.319471097474051930e+02
6.319471117184783679e+02
6.319471136895426753e+02
6.319471156605983424e+02
6.319471176316450283e+02
6.319471196026826192e+02
6.319471215737114562e+02
6.319471235447313120e+02
6.319471255157423002e+02
6.319471274867443071e+02
6.319471294577375602e+02
6.319471314287218320e+02
6.319471333996968951e+02
6.319471353706634318e+02
6.319471373416209872e+02
6.319471393125695613e+02
6.319471412835093815e+02
6.319471432544402205e+02
6.319471452253621919e+02
6.319471471962751821e+02
6.319471491671791910e+02
6.319471511380743323e+02
6.319471531089607197e+02
6.319471550798380122e+02
6.319471570507066644e+02
6.319471590215659944e+02
