5.351345246218400007e+02
5.352364460879493890e+02
5.353709691854276116e+02
5.352705128654813507e+02
5.353064626366127641e+02
5.352134180957441458e+02
5.352284196460036583e+02
5.352265207914845178e+02
5.352431705008891640e+02
5.352472228515829329e+02
5.352231940969802508e+02
5.352360913751500675e+02
5.352318591777006986e+02
5.352342481240265215e+02
5.352282711837370925e+02
5.352250448706099633e+02
5.352376912560562232e+02
5.352277543946196374e+02
5.352347113514738339e+02
5.352306050848710584e+02
5.352330922802834721e+02
5.352344309787247312e+02
5.352331216490164252e+02
5.352334517676794121e+02
5.352327255354455247e+02
5.352350694184350459e+02
5.352332112396782122e+02
5.352351078607281352e+02
5.352344478138129489e+02
5.352324192445995550e+02
5.352308299841404278e+02
5.352390620292919721e+02
5.352350372257667459e+02
5.352319649204980578e+02
5.352345486480879799e+02
5.352344920440552869e+02
5.352322068550116683e+02
5.352321043468310791e+02
5.352310864631051572e+02
5.352309266254319482e+02
5.352172735812358724e+02
5.352545639948539247e+02
5.352168351544256666e+02
5.352221844305898912e+02
5.352226339872963763e+02
5.352170554958943285e+02
5.352399751116681728e+02
5.352140498797500641e+02
5.352128344028194533e+02
5.352135049778855773e+02
5.352133701246813189e+02
5.352071071419876489e+02
5.352059772012062240e+02
5.352064350556399859e+02
5.352062924925214702e+02
5.352054805913646760e+02
5.352050993288888776e+02
5.352051605838310024e+02
5.352050215416816172e+02
5.352051140570118832e+02
5.352050342586010174e+02
5.352049943152283049e+02
5.352050351702557691e+02
5.352050188448263270e+02
5.352050276957213555e+02
5.352050276957213555e+02
5.352050276957213555e+02
5.352050276957213555e+02
5.352050276957213555e+02
5.352050276957213555e+02
5.352050276957213555e+02
5.352050276957213555e+02
5.352050276957213555e+02
5.352050276957213555e+02
5.352050276957213555e+02
5.352050276957213555e+02
5.352050276957213555e+02
5.352050276957213555e+02
5.352050276957213555e+02
5.352050276957213555e+02
5.352050276957213555e+02
5.352050276957213555e+02
5.352050276957213555e+02
5.352050276957213555e+02
5.352050276957213555e+02
5.352050276957213555e+02
5.352050276957213555e+02
5.352050276957213555e+02
5.352050276957213555e+02
5.352050276957213555e+02
5.352050276957213555e+02
5.352050276957213555e+02
5.352050276957213555e+02
5.352050276957213555e+02
5.352050276957213555e+02
5.352050276957213555e+02
5.352050276957213555e+02
5.352050276957213555e+02
5.352050276957213555e+02
5.352050276957213555e+02
5.349080213164174893e+02
5.350232649356202046e+02
5.352078316109910929e+02
5.352222763602317173e+02
5.353474136215311319e+02
5.354463897162443118e+02
5.354311139828130308e+02
5.354309986047092025e+02
5.354588737085096000e+02
5.354330518196917410e+02
5.354903549362684316e+02
5.354680236477250901e+02
5.354659310643945673e+02
5.354836135559776267e+02
5.354691829012192557e+02
5.354908231859566285e+02
5.354686336142154914e+02
5.354825442786351459e+02
5.354736045745114552e+02
5.354910016607977923e+02
5.354917285590626079e+02
5.354943610970024110e+02
5.354975959827659153e+02
5.354920230607522171e+02
5.355019309013462134e+02
5.355000040147501750e+02
5.355094521229630118e+02
5.355061466900128835e+02
5.355302157583976168e+02
5.355175831082058266e+02
5.355340876709034319e+02
5.355236234714188868e+02
5.355312320445520982e+02
5.355182351633534381e+02
5.355308261143371737e+02
5.355162505827737505e+02
5.355270017593948069e+02
5.355147165629925894e+02
5.355246353530234273e+02
5.355142112530755867e+02
5.355252357096375135e+02
5.355124128571536630e+02
5.355167277544827584e+02
5.355146771124808538e+02
5.355226396511746998e+02
5.355252186506638736e+02
5.355254308291273446e+02
5.355253677793089082e+02
5.355286757798636472e+02
5.355290922871167822e+02
5.355283511683805955e+02
5.355390066721615767e+02
5.355347441646009656e+02
5.355422849972007953e+02
5.355418749926591317e+02
5.355456361484714307e+02
5.355407823977288899e+02
5.355441645348618067e+02
5.355444489873600560e+02
5.355463580108091719e+02
5.355496310469711716e+02
5.355514424932104021e+02
5.355512435852068620e+02
5.355502841874798605e+02
5.355538647186758681e+02
5.355540525779603058e+02
5.355547577075019490e+02
5.355563884057298765e+02
5.355558847645654623e+02
5.355605800400384169e+02
5.355577519758818426e+02
5.355606457698779650e+02
5.355592327232702701e+02
5.355604141080154932e+02
5.355622987777505841e+02
5.355613068995244248e+02
5.355682851012541050e+02
5.355658347737332861e+02
5.355649294878001001e+02
5.355654527138722187e+02
5.355716129322889856e+02
5.355680245415144327e+02
5.355704487494931527e+02
5.355693046038911689e+02
5.355698691455424978e+02
5.355699149726574433e+02
5.355722134814261608e+02
5.355715173442104060e+02
5.355789328232275466e+02
5.355780046663637677e+02
5.355795463678330179e+02
5.355779995628482766e+02
5.355806310725436106e+02
5.355802100380905131e+02
5.355805887813743311e+02
5.355818043314674242e+02
5.355809453147255681e+02
5.355812502513883828e+02
5.355816754087221625e+02
5.355815126667289405e+02
5.355626626270957331e+02
5.355625631204225101e+02
5.355888778144380922e+02
5.355775036829120381e+02
5.356131615026139343e+02
5.356114461011428602e+02
5.356225297663784204e+02
5.356274986960783053e+02
5.356300703383891459e+02
5.356443502088031892e+02
5.356456306081968251e+02
5.356253566316587467e+02
5.356561471586979906e+02
5.356475922717133926e+02
5.356853464847606574e+02
5.356632298231223785e+02
5.356772141400990677e+02
5.356787152378519750e+02
5.357110889663244961e+02
5.356929523574179939e+02
5.356873997860470809e+02
5.356860143031958614e+02
5.357038650014027326e+02
5.357014124024519788e+02
5.357226550357941051e+02
5.357017480399174474e+02
5.357220869637992564e+02
5.357192264381637870e+02
5.357350372078371947e+02
5.357371056662725550e+02
5.357324579855803677e+02
5.357509174282504318e+02
5.357479892369317440e+02
5.357658194647116261e+02
5.357647783934785366e+02
5.357750128901578819e+02
5.357797855389012511e+02
5.357921306074338190e+02
5.357898301013530045e+02
5.358028100081743332e+02
5.358110129880961949e+02
5.358226539551309315e+02
5.358252053831026842e+02
5.358506608136175373e+02
5.358433738234141401e+02
5.358730030480655842e+02
5.358747146546900240e+02
5.358841608954114690e+02
5.358962854478673989e+02
5.358998942301388979e+02
5.359173245283113829e+02
5.359285315268248269e+02
5.359265681742252809e+02
5.359425891610383133e+02
5.359401717654922095e+02
5.359458662359049868e+02
5.359454728287175840e+02
5.359539187105751807e+02
5.359513015540811693e+02
5.359570899562271507e+02
5.359605515903799642e+02
5.359652974351726016e+02
5.359658699159225534e+02
5.359726408856877242e+02
5.359697199279002007e+02
5.359769924107448560e+02
5.359749753190541242e+02
5.359790616961950036e+02
5.359764638503326069e+02
5.359815530321801589e+02
5.359781318332971978e+02
5.359834841751322756e+02
5.359797337428332185e+02
5.359853152647973502e+02
5.359805984739626865e+02
5.359862165501106119e+02
5.359824046079202162e+02
5.359870562177536613e+02
5.359839090006696551e+02
5.359880826417152093e+02
5.359888291952548798e+02
5.359896887251944690e+02
5.359900281025509230e+02
5.359914248637669516e+02
5.359924935671805315e+02
5.359931429549955055e+02
5.359940966365296617e+02
5.359947904913442471e+02
5.359958596238160453e+02
5.359980595110079094e+02
5.359981471296107429e+02
5.359995926481269635e+02
5.359990327483260444e+02
5.360015845342666125e+02
5.360001579464818633e+02
5.360041684264200512e+02
5.360006511972519547e+02
5.360065175393006029e+02
5.360024421338601996e+02
5.360069180612580340e+02
5.359604812560182836e+02
5.360090124671085050e+02
5.360067283760844248e+02
5.360276926016913421e+02
5.360278554138070604e+02
5.360571657915525066e+02
5.360541075105199980e+02
5.360658522406004067e+02
5.360669862337070981e+02
5.360729225544962446e+02
5.360785257960819763e+02
5.360891660684446833e+02
5.360906324133112548e+02
5.360982728973999656e+02
5.360990168189218821e+02
5.361081122905827669e+02
5.361177512928852593e+02
5.361184240404560342e+02
5.361249793367194343e+02
5.361279268381604197e+02
5.361350009680206767e+02
5.361354834846574704e+02
5.361420385910278128e+02
5.361418466573297792e+02
5.361460803659128942e+02
5.361622804437788545e+02
5.361732126026703327e+02
5.361659510988797592e+02
5.361726199938082118e+02
5.361679587075367408e+02
5.361960831403963539e+02
5.361888707602265640e+02
5.361973276605198180e+02
5.361930484565335746e+02
5.362026566640678311e+02
5.362195962654761843e+02
5.362136177573062241e+02
5.362191397416324889e+02
5.362218043075852165e+02
5.362196219673243149e+02
5.362347383228445779e+02
5.362354252503296266e+02
5.362363639503124659e+02
5.362391359394423489e+02
5.362398819506640848e+02
5.362558060547153218e+02
5.362474244047091361e+02
5.362587975799247033e+02
5.362493500596481226e+02
5.362596675539418811e+02
5.362733728477152226e+02
5.362666424775999303e+02
5.362773582207925074e+02
5.362744566164211619e+02
5.362808451113385217e+02
5.362781667989465859e+02
5.362843061488249532e+02
5.362824323250060843e+02
5.362844435813937025e+02
5.362863937206342371e+02
5.362877070530419132e+02
5.362881989312456881e+02
5.362909655740721746e+02
5.362900491880457139e+02
5.362927129254657075e+02
5.362930519641370211e+02
5.362945026939465833e+02
5.362962745791817269e+02
5.362964262822008550e+02
5.362973806493312168e+02
5.362981553429734731e+02
5.362998858131006727e+02
5.363000800381933004e+02
5.362998998552441208e+02
5.363009205942489643e+02
5.363000403164883210e+02
5.363012125932426670e+02
5.363020252485222272e+02
5.363036237499874233e+02
5.363033552350102582e+02
5.363045305496762012e+02
5.363043645570960507e+02
5.363055013694412310e+02
5.363056404567473692e+02
5.363064020563570011e+02
5.363063671224257405e+02
5.363079146296647650e+02
5.363069009625447734e+02
5.363083976032885403e+02
5.363085438943743384e+02
5.363085030042825565e+02
5.363099556361551095e+02
5.363109698061774679e+02
5.363118340705044602e+02
5.363117900518908527e+02
5.363141040349923969e+02
5.363138451531220880e+02
5.363141179787304509e+02
5.363151373712271379e+02
5.363150114017912529e+02
5.362951740824963736e+02
5.363122310388735059e+02
5.363249308186138933e+02
5.363371549770541833e+02
5.363517355680514811e+02
5.363610510830854992e+02
5.363713212497850691e+02
5.363740550999991683e+02
5.363820333814546757e+02
5.363808838158425942e+02
5.363833368702834150e+02
5.363884796151860428e+02
5.363929469384129334e+02
5.363962756579105644e+02
5.363991141958999833e+02
5.363975669155955757e+02
5.363991501813602554e+02
5.364006458295796165e+02
5.364029857357925266e+02
5.364041797753344554e+02
5.364029349249398138e+02
5.364000500821985042e+02
5.364066827385161105e+02
5.364062835547601935e+02
5.364090223081477689e+02
5.364063911330345036e+02
5.364113510855265758e+02
5.364086144445323043e+02
5.364157330292296137e+02
5.364130973651352861e+02
5.364132511452062317e+02
5.364137920596383537e+02
5.364136476945950562e+02
5.364174450411676389e+02
5.364178377485001192e+02
5.364179970888892512e+02
5.364182813370429130e+02
5.364200599465840469e+02
5.364212894696963758e+02
5.364225642709135400e+02
5.364192364006428306e+02
5.364213398577720682e+02
5.364235567941815361e+02
5.364255233283922735e+02
5.364272482045533934e+02
5.364266460806892383e+02
5.364292022968114679e+02
5.364300174605773464e+02
5.364319445323953914e+02
5.364321258559858734e+02
5.364330817492416372e+02
5.364338447253680897e+02
5.364375624729173069e+02
5.364370126255063269e+02
5.364394030165987033e+02
5.364382821344394188e+02
5.364412354196815613e+02
5.364408713115689125e+02
5.364430092014420097e+02
5.364428348756637206e+02
5.364440295384138153e+02
5.364447139208105000e+02
5.364461853442909387e+02
5.364467166822787476e+02
5.364481961400917953e+02
5.364467324833835846e+02
5.364504390993522520e+02
5.364504204176871553e+02
5.364519459500900211e+02
5.364523379611840710e+02
5.364537681857308371e+02
5.364536444282932734e+02
5.364560075994202180e+02
5.364552519544722600e+02
5.364568996057212189e+02
5.364564530912987266e+02
5.364575104579364506e+02
5.364573707948645733e+02
5.364590316998146591e+02
5.364582810942907827e+02
5.364595139427718777e+02
5.364592309168672273e+02
5.364603922118028549e+02
5.364598958904472283e+02
5.364606955752930162e+02
5.364605332479775370e+02
5.364614198084984764e+02
5.364610226479950370e+02
5.364618824785642346e+02
5.364616351215862551e+02
5.364623074904864097e+02
5.364619506294012581e+02
5.364623948448040665e+02
5.364636969000187037e+02
5.364647285338492111e+02
5.364646461038184952e+02
5.364654717639351702e+02
5.364652401497106666e+02
5.364656321247290407e+02
5.364658492218766241e+02
