1.657174569792687748e+02
1.635619964198211846e+02
1.619944387121834666e+02
1.613848024314851273e+02
1.607141992754270063e+02
1.605173730582271787e+02
1.598856725709200646e+02
1.592051206087289188e+02
1.589424115118935390e+02
1.585394423335565932e+02
1.585373517462319910e+02
1.577061790335235401e+02
1.573093324907817419e+02
1.569301859578978906e+02
1.567677589517156207e+02
1.568908677696449843e+02
1.559358734933176720e+02
1.557701856893135641e+02
1.554158611689830991e+02
1.553431280984676164e+02
1.550342833983006017e+02
1.541750947289959299e+02
1.538954055252758053e+02
1.534097067756447075e+02
1.533297908424858633e+02
1.527059600597011126e+02
1.520134082640417432e+02
1.515903980160764206e+02
1.511381848755789861e+02
1.508285703101731485e+02
1.501659420335061270e+02
1.494884264858952179e+02
1.491940368379139272e+02
1.487850385056075311e+02
1.484392371378855842e+02
1.481899967878944153e+02
1.475076180856702877e+02
1.471866244926041531e+02
1.469442943805854611e+02
1.467213250903554922e+02
1.464002273513086720e+02
1.462224259449551198e+02
1.458944294588230548e+02
1.457826946776636987e+02
1.454887608661131821e+02
1.454776010223213234e+02
1.451773386941259218e+02
1.451309418839385899e+02
1.449112796216456900e+02
1.447911828029175467e+02
1.446448830796001914e+02
1.445575421464012891e+02
1.443388287591956214e+02
1.442662823529324783e+02
1.440439448613572608e+02
1.440020421434636546e+02
1.438223821262668594e+02
1.438111862606669433e+02
1.436763608910288212e+02
1.436117100927299362e+02
1.434610946206792619e+02
1.434272441239379816e+02
1.432956628769783265e+02
1.432471122293914618e+02
1.431220320060804170e+02
1.430603343083838013e+02
1.429636335015447060e+02
1.429262998005974907e+02
1.428735794676690034e+02
1.428155724559611599e+02
1.427591500663107524e+02
1.427101773014669561e+02
1.426675776555225639e+02
1.425784973329972161e+02
1.425364361787380858e+02
1.425374741495534749e+02
1.425286475871166090e+02
1.425321755477557986e+02
1.425284114353872269e+02
1.425273250336687738e+02
1.425276851785757231e+02
1.425267416428216336e+02
1.425267324777307181e+02
1.425261634464420126e+02
1.425260510180507652e+02
1.425257446265384829e+02
1.425253981087394095e+02
1.425252614956256139e+02
1.425253384696829357e+02
1.425252493308997259e+02
1.425248249642730798e+02
1.425250874200218618e+02
1.425247739435199605e+02
1.425250303270106826e+02
1.425247246883770060e+02
1.425246932844319758e+02
1.425242381235740083e+02
1.425245684465131148e+02
1.425235612220230905e+02
1.425243747415591997e+02
1.421115755956466273e+02
1.418138070240439674e+02
1.418631911725267969e+02
1.419861642434514692e+02
1.420088859236232111e+02
1.423867376584703948e+02
1.423840124107230452e+02
1.425428734915086011e+02
1.426238674192956637e+02
1.426679446075298756e+02
1.428481348645176752e+02
1.430416510705086921e+02
1.431516762339729212e+02
1.433026323798484327e+02
1.433664984549427857e+02
1.434737650796154753e+02
1.435882012490926058e+02
1.437357304987626492e+02
1.438204960084901529e+02
1.440121858665748675e+02
1.441175363578145721e+02
1.443783487651832331e+02
1.444307616632292479e+02
1.446076350231600713e+02
1.446864842467967947e+02
1.448237508269817511e+02
1.449282649853647058e+02
1.450406772958255033e+02
1.451037591186833424e+02
1.451032292116058500e+02
1.452517914852782610e+02
1.452392948573096305e+02
1.452360775575512548e+02
1.452368843299418586e+02
1.452378748552651473e+02
1.452553819363309913e+02
1.452492772446140634e+02
1.452512980886690173e+02
1.452516522798526921e+02
1.452522352245302386e+02
1.452662976088001869e+02
1.452663219455495494e+02
1.452638824509047026e+02
1.452615030499798650e+02
1.452616848740769342e+02
1.452636152402650396e+02
1.452608179072842063e+02
1.452621849509200729e+02
1.452585148356522495e+02
1.452611220236260010e+02
1.452596314370690322e+02
1.452616631516666814e+02
1.452607911628625743e+02
1.452620193900131085e+02
1.452605571222957508e+02
1.452613645519932106e+02
1.452606167885484183e+02
1.452618813200867294e+02
1.452612861043936050e+02
1.452616251391427795e+02
1.452613340337853174e+02
1.452621112840453748e+02
1.452613633599991090e+02
1.452625006612587413e+02
1.452615227017018924e+02
1.452617269283741166e+02
1.452626359335719144e+02
1.452618565028689090e+02
1.452619488546650359e+02
1.452620472940956233e+02
1.452624001429388159e+02
1.452633014925806378e+02
1.452626004701300531e+02
1.452629069769960495e+02
1.452618473200417384e+02
1.452631599570192975e+02
1.452627798257972529e+02
1.452626233418717447e+02
1.452632038946937882e+02
1.452633237270741233e+02
1.452639588435312987e+02
1.452632315651722763e+02
1.452628590987536370e+02
1.452646068466225415e+02
1.452641818243234297e+02
1.452647873888763286e+02
1.452640363733767686e+02
1.452650606472025174e+02
1.452646565628296003e+02
1.452650837169971396e+02
1.452647825643518331e+02
1.452649284128503950e+02
1.452645258158151478e+02
1.452651782630402408e+02
1.452648985426657759e+02
1.452652783229571583e+02
1.452645969226068132e+02
1.452653752160378815e+02
1.452650611032397592e+02
1.452655550057878031e+02
1.454318812260243021e+02
1.462944650693378605e+02
1.465922113820489869e+02
1.470960775164808467e+02
1.472327958054589772e+02
1.476483775707339134e+02
1.477157493213529733e+02
1.480756858920788659e+02
1.481258148362908287e+02
1.483863309660384857e+02
1.483850490283821273e+02
1.485742986934570808e+02
1.486059119026364783e+02
1.486216074459275092e+02
1.487526530234227664e+02
1.488026703888533575e+02
1.488136940457133051e+02
1.488779452454652983e+02
1.490403526764946491e+02
1.490338601510388230e+02
1.491750536672464023e+02
1.491412719877001223e+02
1.491505030167650148e+02
1.491466347670797745e+02
1.491495286503929378e+02
1.491487705131307280e+02
1.491521064632423759e+02
1.491531897156127400e+02
1.491785518359235994e+02
1.491763189837741095e+02
1.491674079962130008e+02
1.491705298016113375e+02
1.491722616440247577e+02
1.491723889766633988e+02
1.491730095805426117e+02
1.491698808973660562e+02
1.491713644880647394e+02
1.491710681149453990e+02
1.491724482397958127e+02
1.491734045856571811e+02
1.491687761288424099e+02
1.491703954126100484e+02
1.491764752970707946e+02
1.491747405541891567e+02
1.491754863453290341e+02
1.491733809403627333e+02
1.491744584585634641e+02
1.491764298707467731e+02
1.491761679632377025e+02
1.491762340210527213e+02
1.491746211316146855e+02
1.491742175124326195e+02
1.491754840458183367e+02
1.491757068808736051e+02
1.491758039087363272e+02
1.491762729004145172e+02
1.491761825700888267e+02
1.491779028325257173e+02
1.491768002454477937e+02
1.491774866294537674e+02
1.491797058456012905e+02
1.491780209637881853e+02
1.491795097233903391e+02
1.491794466880356822e+02
1.491801770559243039e+02
1.491802085731947898e+02
1.491820246071598035e+02
1.491815413199536806e+02
1.491832764055736220e+02
1.491821433514928401e+02
1.491826230638941411e+02
1.491830798142452750e+02
1.491843347887765390e+02
1.491859824461707831e+02
1.491842595109468448e+02
1.491853539989389219e+02
1.491848234569089016e+02
1.491850821303711996e+02
1.491865766585586925e+02
1.491868152831352177e+02
1.491860353058978603e+02
1.491864667925718777e+02
1.491857020066294695e+02
1.491869597007602124e+02
1.491864913270658235e+02
1.491872202989963512e+02
1.491871409778922271e+02
1.491876257154135601e+02
1.491882526376882083e+02
1.491881554408867316e+02
1.491879390294117798e+02
1.491890575040388853e+02
1.491888307346187617e+02
1.491880041438224680e+02
1.491890169499732224e+02
1.491885474984603093e+02
1.491892089156509087e+02
1.491871073834404910e+02
1.491893598282727567e+02
1.491899244439562722e+02
1.491849842651702431e+02
1.494784978863589799e+02
1.495553193449825358e+02
1.498136065815707809e+02
1.498248913945718925e+02
1.499849035135389101e+02
1.500035472844754167e+02
1.500995561586265410e+02
1.500713399364157112e+02
1.500739564730072004e+02
1.501057307224228339e+02
1.501187783030827916e+02
1.501154143808737444e+02
1.504607612845651943e+02
1.504423987826131679e+02
1.504382551053913346e+02
1.504376467792851599e+02
1.504617347248080534e+02
1.504619567609777278e+02
1.504610083916192309e+02
1.504588168406767750e+02
1.504563755805087908e+02
1.504565538154496664e+02
1.504570745331937474e+02
1.504654930893429423e+02
1.504615343266632408e+02
1.504629107266113124e+02
1.504647778093046213e+02
1.505387975828240883e+02
1.505618103265081800e+02
1.505869661385928566e+02
1.505845625403433132e+02
1.505857115363355092e+02
1.505882679454055051e+02
1.505872452565817525e+02
1.505867206450879792e+02
1.505879879801741481e+02
1.505896629084312224e+02
1.505863458015105607e+02
1.505885044955634271e+02
1.505895783939618582e+02
1.505909770532371112e+02
1.505913522630560806e+02
1.505906614685997624e+02
1.505916023530647294e+02
1.505916838075543183e+02
1.505918101490437380e+02
1.505925186012887025e+02
1.505923895950851374e+02
1.505936725980974416e+02
1.505927567581619542e+02
1.505948358265821980e+02
1.505933265819045346e+02
1.505937794382605830e+02
1.508266989995680092e+02
1.507922915973072122e+02
1.507877490899033432e+02
1.507904144272999929e+02
1.507897485097618073e+02
1.507898449297509842e+02
1.507913324511746396e+02
1.507900293782663539e+02
1.507921613856605063e+02
1.507923907368565892e+02
1.507977750784303623e+02
1.507985902638028506e+02
1.507996547292597143e+02
1.507984309817867370e+02
1.507995879012351566e+02
1.507986463642053536e+02
1.507997278047091072e+02
1.507992452463147401e+02
1.507995950920753785e+02
1.507991528877224425e+02
1.507998490846729851e+02
1.507994826389900425e+02
1.507999289330244324e+02
1.507991514024322441e+02
1.508001676775825786e+02
1.508032095896238616e+02
1.508007435273243573e+02
1.508013485010051227e+02
1.508025685586921156e+02
1.508011062520131986e+02
1.508016089687764918e+02
1.508015630811509595e+02
1.508041885810725660e+02
1.508028322453390615e+02
1.508039351554451741e+02
1.508034800329862151e+02
1.508031049487393034e+02
1.508032576589664586e+02
1.508029112986802716e+02
1.508045433372968773e+02
1.508032027023892567e+02
1.508038018201844750e+02
1.508037217533779426e+02
1.508037257521345964e+02
1.508032634062852253e+02
1.508039859346939693e+02
1.506286357211614586e+02
1.507374822210868786e+02
1.507050132673503811e+02
1.507819412693255003e+02
1.507587622728926249e+02
1.507629876997414158e+02
1.507885898414645567e+02
1.507907978583595536e+02
1.507940760724999620e+02
1.507949256794012740e+02
1.507938790387033805e+02
1.507948808480016396e+02
1.507972982596043323e+02
1.507978233512220072e+02
1.509347127411322163e+02
1.509316187862200422e+02
1.509331057675842089e+02
1.509316050627820687e+02
1.509316769343257079e+02
1.509301627212951757e+02
1.509306554676862220e+02
1.509304269287850389e+02
1.509308952602453360e+02
1.509304003307570952e+02
1.509315387027485826e+02
1.509311583072138774e+02
1.509325939420509428e+02
1.509341768684588487e+02
1.509348112842070577e+02
1.509348636989841737e+02
1.509348228710417175e+02
1.509355092759459467e+02
1.509358163871426939e+02
1.509358608464274880e+02
1.509376732774272227e+02
1.509373106643597282e+02
1.509376715654940710e+02
1.509381247517773659e+02
1.509376965746866972e+02
1.509379045655664981e+02
1.509384071729722052e+02
1.509395439004322270e+02
1.509384126716217054e+02
1.509395043305414674e+02
1.509409379992227400e+02
1.509409179366835474e+02
1.509407528099109754e+02
1.509410373588333414e+02
1.509418894078719688e+02
1.509411593934465827e+02
1.509415664931197512e+02
1.509419568078337193e+02
1.509418342822506247e+02
1.509421138483436948e+02
1.509425549975268837e+02
1.509428179135744870e+02
1.509427652251096674e+02
1.509429699801302149e+02
1.509431299158587194e+02
1.509432446215707841e+02
1.509442960887067500e+02
1.509446910656621981e+02
1.509453079793102006e+02
1.509449904921783059e+02
1.509458541748519167e+02
1.509455516299921101e+02
1.509454589887097313e+02
1.509460087469605298e+02
1.509458423218797520e+02
1.509523933444926627e+02
1.509535849247857300e+02
1.509596751446846952e+02
1.509567339374162316e+02
1.509582636494146186e+02
1.509573236536315051e+02
1.509583256964138513e+02
1.509595419189292613e+02
1.509596026792158625e+02
1.509579205196428973e+02
1.509598298664880076e+02
1.509626464369160317e+02
1.509620195926697477e+02
1.509620464068244701e+02
1.509636239819777757e+02
1.509638398122947933e+02
1.509634767446936507e+02
1.509638698269633039e+02
1.509628639200506939e+02
1.509643116033383876e+02
1.509633758281330813e+02
1.509647322894962258e+02
1.509640365714919312e+02
1.509649826320969055e+02
1.509643178837977189e+02
1.509650403597374293e+02
1.509649023922867457e+02
1.509661624996368801e+02
1.509658271460916694e+02
1.509652858962068365e+02
1.509664886729188993e+02
