5.613621443159455566e+02
4.937667042192103963e+02
4.360473276557099780e+02
4.164368024892116864e+02
4.066405007135271035e+02
4.001142562762283887e+02
3.919791202054918813e+02
3.807808683669871925e+02
3.761431947566283043e+02
3.725690357637266175e+02
3.872403645962328937e+02
3.805612635844286160e+02
3.741194401895496640e+02
3.733701668234740509e+02
3.700449481780584620e+02
4.119817013148755223e+02
4.121634118011972419e+02
4.130829181575781490e+02
4.166515072903427495e+02
4.139663195621785121e+02
4.747180408344008811e+02
4.803936998858939091e+02
4.834015069485260483e+02
4.814573890893622092e+02
4.872489448347998291e+02
5.394600756337659959e+02
5.462466381433845299e+02
5.430262788749403171e+02
5.433039782769303656e+02
5.433108437684913952e+02
6.081543139572049768e+02
5.887608037611182681e+02
5.902915614057696985e+02
5.907829280788432698e+02
5.896632354119306001e+02
6.647958114668085727e+02
6.630045791445515988e+02
6.713952918576701450e+02
6.688205302192561703e+02
6.690157355110654862e+02
7.312695427855950356e+02
7.326046030098659685e+02
7.307019621067908020e+02
7.305397670385393667e+02
7.304961034222983471e+02
8.028041296826656890e+02
8.142345954696670560e+02
8.027670627230613718e+02
8.025759432845660513e+02
8.034303030118664992e+02
8.552159864825767954e+02
8.338639259866855582e+02
8.350565888850932197e+02
8.350988995186244210e+02
8.364890402058560994e+02
8.362283364596248703e+02
8.377761811804531362e+02
8.372438691309296246e+02
8.370361822262486839e+02
8.369804218146234689e+02
8.374746196039877759e+02
8.374073208579300172e+02
8.433076299925040757e+02
8.429310370175671778e+02
8.423756958919814224e+02
8.414398437997408564e+02
8.408784872938163062e+02
8.404850766810084224e+02
8.401500848038922413e+02
8.399304672253842909e+02
8.395975806780834318e+02
8.395085042898639358e+02
8.391187810501332933e+02
8.391986298707620335e+02
8.389419229154402728e+02
8.387928057396140957e+02
8.386425282918426092e+02
8.384812998742844457e+02
8.382841354331055754e+02
8.379864633975805646e+02
8.379275988464816010e+02
8.377919996589918128e+02
8.376429026675834848e+02
8.376535797622601649e+02
8.374904426938078359e+02
8.374889248627554252e+02
8.372500363008564364e+02
8.373827453484310581e+02
8.372501362321547731e+02
8.370733996288986418e+02
8.372070059091835219e+02
8.370015768653538544e+02
8.370662749308038428e+02
8.369073858099538938e+02
8.369719144374729467e+02
8.368940637060870813e+02
8.369271102177099237e+02
8.368315711708150957e+02
8.368203834533501322e+02
8.367188036602899501e+02
6.390858965855074985e+02
5.637969471319074728e+02
5.295722146036058575e+02
5.170781645014060359e+02
5.155893289668308626e+02
4.803534655744289239e+02
4.770616319043240310e+02
4.772678871390362474e+02
4.779653986692763965e+02
4.785662662388896251e+02
4.786237161475264656e+02
4.782736933590697390e+02
4.793370855372980941e+02
4.799293437324544129e+02
4.796598095535854327e+02
4.770208561523347726e+02
4.785857323926498452e+02
4.787619569923689369e+02
4.788510818173787129e+02
4.787117319394013748e+02
4.789393186876413893e+02
4.791452675784163375e+02
4.789638970907714679e+02
4.790643907737635345e+02
4.789049085422168446e+02
4.789835965041436339e+02
4.651047199302597619e+02
4.577855661475563238e+02
4.576298294968324853e+02
4.584572662536592134e+02
4.573750890038853640e+02
4.579813655947731377e+02
4.581371277448741353e+02
4.585929797564676846e+02
4.589411503366951592e+02
4.590697684558595029e+02
4.599087239463641481e+02
4.596476698224920483e+02
4.593283006994014386e+02
4.593986091817081387e+02
4.591030952146928712e+02
4.592595038582028337e+02
4.590528630224868039e+02
4.591741377239557664e+02
4.491206234221304499e+02
4.490928903382011868e+02
4.492456922735129297e+02
4.492590082494508010e+02
4.497606873741439131e+02
4.496053748296473032e+02
4.494611165572119944e+02
4.497760754577770967e+02
4.495461482047292066e+02
4.496973428243707076e+02
4.497296924343720548e+02
4.498208481602127904e+02
4.499856056618531284e+02
4.498209031287361768e+02
4.499147825949457911e+02
4.498485724822930365e+02
4.501164868231776381e+02
4.499346984165706544e+02
4.500084339638608526e+02
4.499590701618204207e+02
4.500631846055387086e+02
4.498687134799370142e+02
4.499880067323824733e+02
4.498976214162680662e+02
4.499899881510527848e+02
4.500255270617053611e+02
4.500848301242746174e+02
4.500991438924315844e+02
4.500223610024034429e+02
4.500933353649643323e+02
4.500324449958076798e+02
4.500951601077646842e+02
4.499408887896692022e+02
4.500613347330100851e+02
4.499668138176444359e+02
4.500501295520855933e+02
4.499627032606360899e+02
4.500454027367416074e+02
4.500492948157836963e+02
4.500904010769028787e+02
4.499825764345536072e+02
4.500664831073967207e+02
4.499507562857955918e+02
4.500141154506735575e+02
4.499853680240375979e+02
4.500627707563310196e+02
4.498575905050211077e+02
4.499400622364626088e+02
4.499290744699143829e+02
4.500129541432489759e+02
4.499801696991911513e+02
4.500345296173273937e+02
4.499514797881402615e+02
4.500051565860562732e+02
4.500760417178382795e+02
4.500057562047380770e+02
4.351701689564077924e+02
4.373703054660118710e+02
4.371436007902933625e+02
4.371198504793358097e+02
4.368868912641829638e+02
4.203262635535682534e+02
4.191850006210522110e+02
4.193523937602863043e+02
4.197499596074461579e+02
4.195572833539316093e+02
4.189370760997589969e+02
4.188773953986401466e+02
4.191490696962598008e+02
4.192066533017752477e+02
4.193397359155143249e+02
4.195137551229282167e+02
4.197217415825532498e+02
4.193606824874866561e+02
4.193964900021171616e+02
4.195545710149364140e+02
4.195007268368933637e+02
4.197988515259964970e+02
4.194470482364095005e+02
4.196617530624727692e+02
4.193367572960327152e+02
4.192878073629575510e+02
4.196359838348950575e+02
4.193858907490303523e+02
4.194638906404790077e+02
4.196077739950512751e+02
4.194302930954886506e+02
4.195787403538209901e+02
4.195615797885378129e+02
4.195339440223873453e+02
4.195826162292881349e+02
4.194269309190609647e+02
4.195597713414923646e+02
4.195423243779640643e+02
4.196402026372874161e+02
4.194461209212392987e+02
4.192793065415212936e+02
4.193629752287214387e+02
4.193451937706943227e+02
4.193036393746926365e+02
4.193471048963323824e+02
4.191185173044572707e+02
4.192557080175438955e+02
4.192845393185635317e+02
4.192645068591425570e+02
4.139991336314198520e+02
4.142387297141606837e+02
4.139888742802723982e+02
4.142201290944428251e+02
4.140201395169480634e+02
4.141421393469717032e+02
4.139448424844969168e+02
4.140488355597506711e+02
4.141893547986025510e+02
4.140188833997517577e+02
4.141346676737574057e+02
4.138996636489202956e+02
4.140447179744218147e+02
4.141509409664461145e+02
4.140176841637315874e+02
4.141217342897200524e+02
4.139858501065075984e+02
4.140739566262993776e+02
4.141851805241176407e+02
4.140652374315445741e+02
4.141498870168501298e+02
4.139690021065191559e+02
4.140971544433994040e+02
4.142152201943435443e+02
4.140766599392260900e+02
4.141711610151927516e+02
4.139881202438516539e+02
4.141165773649471475e+02
4.141719392349518785e+02
4.140700443537318733e+02
4.141544104645289508e+02
4.140328035811102154e+02
4.141126392950326363e+02
4.142307509020498628e+02
4.140913506968744286e+02
4.141745557242372229e+02
4.142827833816836005e+02
4.141415812536271233e+02
4.142440802072015913e+02
4.141005970647526055e+02
4.141879953286230602e+02
4.143124643766893200e+02
4.141680378113967436e+02
4.142626279156991131e+02
4.140615550215414942e+02
4.141671867252151742e+02
4.142720701903596137e+02
4.141921643904196912e+02
4.142519280667791008e+02
4.141466597973940225e+02
4.142319305879149169e+02
4.032656793255549701e+02
4.036268253173138874e+02
4.034164790745439859e+02
4.038167301824170181e+02
4.035023884647856676e+02
4.046715697789207979e+02
4.054427891835040327e+02
4.051550974223952721e+02
4.052597196174121450e+02
4.052107515868016208e+02
4.050674342239092312e+02
4.051339792871665395e+02
4.052841324183867755e+02
4.053103719568836141e+02
4.054570237490071349e+02
4.051012938229557676e+02
4.052783946996489135e+02
4.048298251598233719e+02
4.049727999065995618e+02
4.045876051769357673e+02
4.045474074055416622e+02
4.049171099450654765e+02
4.043080743711519744e+02
4.044728591660649499e+02
4.045822203576226457e+02
4.044732670664901661e+02
4.047391476724699260e+02
4.046722257977640993e+02
4.049075071194483826e+02
4.047706252529344511e+02
4.044625533449501518e+02
4.048094745355120949e+02
4.048974941989918648e+02
4.049847672044564888e+02
4.048628688784757514e+02
4.046419161301218992e+02
4.047588215644982483e+02
4.047809921098628934e+02
4.047406793543738104e+02
4.047739212331472345e+02
4.045285657140210560e+02
4.046338979394054149e+02
4.046531257188855193e+02
4.046387943407165722e+02
4.046529160965925485e+02
4.044167651329411228e+02
4.045192878963246130e+02
4.045342001790746735e+02
4.045514959291863306e+02
4.045713374102059561e+02
4.043523218732933060e+02
4.044274137995743104e+02
4.044863367676327925e+02
4.044151005642631844e+02
4.044883539394054424e+02
4.043106030014469638e+02
4.043999336664244311e+02
4.044060840037714115e+02
4.044676796662755578e+02
4.043859312960706802e+02
4.042678896491484011e+02
4.043279276069632147e+02
4.043650115449270288e+02
4.044039437074248440e+02
4.044045401234807287e+02
4.043800142187243409e+02
4.042058922923421278e+02
4.043233864956782782e+02
4.043105938032935001e+02
4.042930915289634868e+02
4.043105492302756261e+02
4.043396339338156622e+02
4.043732842661177074e+02
4.041939184601443458e+02
4.042367280209271030e+02
4.042542302811316404e+02
4.043142245518561140e+02
4.042620436479293744e+02
4.042980301821336298e+02
4.040805909375079636e+02
4.042074468695839187e+02
4.041751844728929655e+02
4.041692689531756741e+02
4.041601883372047723e+02
4.042164707151015932e+02
4.042200539675374102e+02
4.042668107316119404e+02
4.042078251629994838e+02
4.042456278263942409e+02
4.040381848784767271e+02
4.041365636883476213e+02
4.041091025569126032e+02
4.041383264864446119e+02
4.041154383277116722e+02
4.041743232797808787e+02
4.041594941196364061e+02
4.041834762859908210e+02
4.039950270299439126e+02
4.040945679143612210e+02
4.041145931586222559e+02
4.084648610026108599e+02
4.090187811186882527e+02
4.086338263788313725e+02
4.077390584989784656e+02
4.083055555527862452e+02
4.105683191233722482e+02
4.106579467421366871e+02
4.106936757757293890e+02
4.109181676897468378e+02
4.106312480962986342e+02
4.110789172461751946e+02
4.124479668449145038e+02
4.125888069718091629e+02
4.124944804454946734e+02
4.124211569930855035e+02
4.132507411505615664e+02
4.133476758473119617e+02
4.153283500818502603e+02
4.153337991888894294e+02
4.151299087531988903e+02
4.157583684844831851e+02
4.158769882763376700e+02
4.157819302799616707e+02
4.160715315790899922e+02
4.159426665956009970e+02
4.163481457912123460e+02
4.163358138307461331e+02
4.164689139114764203e+02
4.163422439664207104e+02
4.181032811299932064e+02
4.186388999110134819e+02
4.187192848896809210e+02
4.186430290295091936e+02
4.187790406427301377e+02
4.186816645937733483e+02
4.189320670001305871e+02
4.189789697117602145e+02
4.191563141180421326e+02
4.191343019420179417e+02
4.191895009363308873e+02
4.193756477964603846e+02
4.194372578828645146e+02
4.186814500345398073e+02
4.190477857802344488e+02
4.193857661059411726e+02
4.195433896806898701e+02
4.196260068540590851e+02
4.197957020856532040e+02
4.196612861362032731e+02
4.198763081799787642e+02
4.198782836937957654e+02
4.199973757240360328e+02
4.198724027402802790e+02
4.203292208848800442e+02
4.202582048595377273e+02
4.207936284427682949e+02
4.200003508524420681e+02
4.202191993748315326e+02
4.202426803364213583e+02
4.203001200866372074e+02
4.203620491961047492e+02
4.203343774303868940e+02
4.203669456367337034e+02
4.204096824862024278e+02
4.203500587155920698e+02
4.204257694888937067e+02
4.204091934141127922e+02
4.204047618030602962e+02
4.204003395940612791e+02
4.204531351797218690e+02
4.204210325464093216e+02
4.204581760198955180e+02
4.204098839089911621e+02
4.204762155592472368e+02
4.204511701363372822e+02
4.204855052505423600e+02
4.204241146820967288e+02
4.204753768867695953e+02
4.204940462972488149e+02
4.204323837302533775e+02
4.204912536550955338e+02
4.204234813434569560e+02
4.204588928710787741e+02
4.205442516344900241e+02
4.204372027036541795e+02
4.204979722301109177e+02
4.204854275819134841e+02
4.204814524021983289e+02
4.205122308419367414e+02
4.204536103897754629e+02
4.204991234300492806e+02
4.205053009015633734e+02
4.204876441001165972e+02
4.204856520044243098e+02
4.205154217147230042e+02
4.204702792200771455e+02
4.205191892143876657e+02
4.204925373381217923e+02
4.205207751968940784e+02
4.204540277686070908e+02
