1.332063817277185649e+02
1.324061656651910539e+02
1.322026249110795106e+02
1.319847522196770626e+02
1.318164693619123966e+02
1.318477500925902746e+02
1.316452967863912704e+02
1.316671396220567942e+02
1.314792804259819832e+02
1.313485029250453806e+02
1.315091487209298009e+02
1.315883484658929490e+02
1.317484240861549267e+02
1.317297957426040682e+02
1.318930323508599542e+02
1.320167173631940045e+02
1.318160920065125481e+02
1.318602150123415981e+02
1.318353763989421736e+02
1.318522187599384097e+02
1.317630337649492276e+02
1.317386265189923620e+02
1.317447146401233624e+02
1.317195909563686200e+02
1.316863247311973169e+02
1.315185021259289044e+02
1.314213290872567939e+02
1.315363726699195865e+02
1.314115086281910010e+02
1.314767042631758045e+02
1.315159247244339724e+02
1.315260068739338806e+02
1.315221833286268236e+02
1.315679642487264118e+02
1.315318760658541919e+02
1.316289999117257423e+02
1.314992364321695959e+02
1.316187869531392494e+02
1.314471612122695205e+02
1.315596430754109178e+02
1.317581346555436994e+02
1.316759418248106215e+02
1.317808903892238845e+02
1.317040405652305992e+02
1.317584203981774635e+02
1.319843060115726132e+02
1.318806089767721232e+02
1.320221051731569446e+02
1.319862368927024932e+02
1.320161606963342535e+02
1.322115379686424035e+02
1.321341296380266499e+02
1.321601499752606230e+02
1.321035314191143186e+02
1.321033118389547667e+02
1.321047097872531708e+02
1.321027358031351753e+02
1.321058655399321822e+02
1.321046426334355601e+02
1.321062217589060879e+02
1.321059694119684877e+02
1.321065845835646542e+02
1.321056296342816836e+02
1.321066941011515325e+02
1.321053542108743102e+02
1.321069952192406447e+02
1.321045819768348224e+02
1.321070672819296874e+02
1.321053176052279809e+02
1.321071575420293698e+02
1.321047521977791064e+02
1.321072239938956159e+02
1.321053697531116882e+02
1.321071614574242972e+02
1.321060952449369381e+02
1.321066193898868448e+02
1.321061225145299716e+02
1.321072537648285561e+02
1.321049430884425533e+02
1.321065459387777423e+02
1.321059705361941781e+02
1.321069563785424350e+02
1.321050883023360996e+02
1.321074454912653948e+02
1.321046348611095880e+02
1.321065677989851110e+02
1.321056652016661133e+02
1.321060930041425934e+02
1.321062333251687733e+02
1.321054730711093157e+02
1.321060630541109049e+02
1.321061145607724256e+02
1.321064754453686305e+02
1.321050899356039281e+02
1.321066980488299123e+02
1.321051952489349333e+02
1.321053363119241908e+02
1.321050788759344243e+02
1.321055208808473935e+02
1.321061585158482785e+02
1.328790501875137124e+02
1.339190786846562844e+02
1.343826422652487054e+02
1.348958606750597937e+02
1.351535162443325362e+02
1.354694790001997262e+02
1.356842197238002257e+02
1.358211140942179611e+02
1.359682044078214744e+02
1.360611067789355957e+02
1.361579649033547526e+02
1.364139665259506842e+02
1.365475999945089143e+02
1.366900464631303862e+02
1.367967162159254428e+02
1.369195484481373057e+02
1.369663408732415348e+02
1.371214176848955333e+02
1.371455042405048630e+02
1.372759396024338230e+02
1.373471392003284564e+02
1.374049895910591204e+02
1.374472568374891637e+02
1.374738361398848383e+02
1.375247116018573479e+02
1.375736078203742636e+02
1.376673179956461581e+02
1.376492253836166810e+02
1.377449946307499431e+02
1.377063947249108651e+02
1.377771852128273338e+02
1.377901121553827011e+02
1.378355316585932542e+02
1.378324064565427989e+02
1.378367023537959426e+02
1.379351417917385447e+02
1.379325512811192880e+02
1.379873270270178978e+02
1.379843210124848838e+02
1.379856549978060229e+02
1.380694992130770515e+02
1.380726731423275453e+02
1.380680074168028568e+02
1.380672511931641679e+02
1.380696860506558892e+02
1.381432649635564758e+02
1.381254728919069805e+02
1.381819415765230019e+02
1.381655321955720694e+02
1.381686071949960706e+02
1.382234192456895414e+02
1.382070254024773419e+02
1.382072550633290575e+02
1.382079461641622515e+02
1.382077706579567575e+02
1.382073343645019179e+02
1.382097321399353405e+02
1.382094951518424182e+02
1.382097970973046017e+02
1.382093974987298566e+02
1.382100354837792224e+02
1.382100172893564149e+02
1.382105719732094258e+02
1.382104331541664806e+02
1.382108660064302796e+02
1.382102937704598560e+02
1.382112593844409503e+02
1.382103294039065418e+02
1.382116684354335234e+02
1.382104416061914662e+02
1.382111992973064503e+02
1.382115017400550414e+02
1.382109559135264476e+02
1.382109450801451942e+02
1.382107834934660673e+02
1.382116758965949543e+02
1.382113500459280147e+02
1.382115574641186697e+02
1.382113109026263089e+02
1.382119676451935959e+02
1.382114295648738960e+02
1.382115381529836213e+02
1.382111936530911578e+02
1.382116038350219185e+02
1.382117772037161387e+02
1.382115513725598248e+02
1.382118700910062898e+02
1.382112912134860494e+02
1.382126262267634331e+02
1.382118285553885073e+02
1.382120990957446054e+02
1.382119788381656917e+02
1.382114073537524632e+02
1.382120868452220748e+02
1.382119675707393469e+02
1.382118104075722158e+02
1.382117967465998447e+02
1.382123245182058895e+02
1.382123136224065831e+02
1.382118879803304310e+02
1.383518428337493731e+02
1.386217647107422408e+02
1.387370704940349810e+02
1.390486173478184639e+02
1.392589831261388724e+02
1.393630587316447702e+02
1.396719156488770182e+02
1.396999610854841762e+02
1.398742603171640155e+02
1.399356812088695676e+02
1.400489657229093723e+02
1.401295326640896519e+02
1.402033909673201038e+02
1.402671121919501047e+02
1.403581388161059635e+02
1.404144423718581720e+02
1.405251590786485849e+02
1.405687164905052384e+02
1.406458786143665805e+02
1.406732889826261896e+02
1.407234653035655469e+02
1.408048657680117230e+02
1.408520599960327218e+02
1.408494638765607192e+02
1.409214991316775354e+02
1.409582647043250745e+02
1.409649533137543074e+02
1.409657864528394384e+02
1.409660347657966781e+02
1.409669182769750932e+02
1.410134470504995363e+02
1.410282169223712572e+02
1.410303457546806669e+02
1.410315138138985844e+02
1.410313330734802548e+02
1.410707405153995353e+02
1.410642143526850418e+02
1.410673050791743321e+02
1.410655422481462722e+02
1.410661282750368457e+02
1.410655342326144819e+02
1.410644025509771495e+02
1.410651423829320663e+02
1.410652194371049575e+02
1.410660498270570429e+02
1.410688884609532465e+02
1.410675091833509498e+02
1.410683797435610245e+02
1.410681356783622959e+02
1.410692445343623262e+02
1.410714670804934769e+02
1.410714745245246036e+02
1.410720345609805975e+02
1.410718031166747721e+02
1.410722100050190022e+02
1.410727549698340511e+02
1.410729174263236132e+02
1.410729092495751615e+02
1.410731080786807752e+02
1.410733496045079107e+02
1.410731607665221361e+02
1.410740061167061299e+02
1.410740209321957650e+02
1.410748059055838723e+02
1.410747202258163497e+02
1.410752029545959090e+02
1.410749602489010499e+02
1.410753587728714535e+02
1.410755444947076853e+02
1.410761874191970549e+02
1.410763572205372895e+02
1.410757288066764943e+02
1.410768892350133683e+02
1.410768446342346181e+02
1.410772448933330736e+02
1.410767861611993510e+02
1.410771777434939054e+02
1.410771168670337374e+02
1.410783016772046210e+02
1.410783546833638411e+02
1.410783979896996811e+02
1.410786715611568241e+02
1.410788115869409580e+02
1.410782612569310572e+02
1.410789023769697508e+02
1.410786003269521132e+02
1.410789679082234613e+02
1.410787460652609298e+02
1.410792859373455030e+02
1.410792524409235966e+02
1.410793053200250711e+02
1.410793392486641551e+02
1.410795823578449131e+02
1.410793861307521979e+02
1.410793602484533267e+02
1.410800924897197319e+02
1.410792692652760252e+02
1.410801167790757233e+02
1.410795169241766303e+02
1.410800891931251613e+02
1.408375868687164996e+02
1.411079731395392969e+02
1.411209077729986632e+02
1.413222622705073093e+02
1.413465737894573806e+02
1.414300621594670133e+02
1.415098320220103858e+02
1.415912329647031811e+02
1.416281419589872712e+02
1.416906289976457742e+02
1.417482519819290019e+02
1.417497994450106944e+02
1.417498860496916677e+02
1.417503711470678240e+02
1.417618594440598940e+02
1.417959807846149545e+02
1.417964564244225585e+02
1.420039048650577058e+02
1.419984355137963234e+02
1.420011676033348635e+02
1.420448181062252218e+02
1.420494853272640512e+02
1.420488683587100525e+02
1.420505062144813166e+02
1.420502753656779760e+02
1.420624199858177406e+02
1.420630997424556767e+02
1.420627495995894378e+02
1.420629446620781948e+02
1.420630830575255743e+02
1.420640646212576996e+02
1.420650115479087674e+02
1.420649334889779709e+02
1.420658317201006753e+02
1.420658083074465310e+02
1.420667999484446682e+02
1.420670798630434319e+02
1.420672203244095329e+02
1.420676023276650710e+02
1.420674320666089159e+02
1.420673237832455413e+02
1.420682846938492787e+02
1.420679962356315400e+02
1.420686146140993742e+02
1.420683487493705002e+02
1.420691923072305940e+02
1.420690136044665053e+02
1.420692976270119630e+02
1.420696345050379534e+02
1.420693620417381453e+02
1.420695116665065143e+02
1.420700205434023644e+02
1.420701671199347516e+02
1.420701383228110330e+02
1.420707993563306673e+02
1.420706292262586317e+02
1.420709843269584098e+02
1.420708377584797972e+02
1.420711244047288631e+02
1.420711117320693404e+02
1.420713461529796859e+02
1.420713149671522899e+02
1.420715385547112248e+02
1.420717805828118685e+02
1.420718388679022439e+02
1.420720750280607945e+02
1.420724136465717606e+02
1.420726338894059211e+02
1.420725231184215431e+02
1.420729105209420311e+02
1.420730560921029166e+02
1.420732371314104512e+02
1.420735049183305989e+02
1.420735956167017662e+02
1.420737929711391132e+02
1.420741108859990902e+02
1.420740314298283806e+02
1.420743594354015613e+02
1.420744635706557801e+02
1.420745888477083838e+02
1.420749929781499645e+02
1.420747953451421495e+02
1.420751706817903255e+02
1.420756015733257129e+02
1.420755175331456428e+02
1.420758743110042417e+02
1.420756764708837920e+02
1.420761608746046818e+02
1.420763682982688465e+02
1.420765658991855673e+02
1.420766058231900786e+02
1.420769651631996453e+02
1.420770203114061019e+02
1.420769046936397046e+02
1.420773397997597840e+02
1.420772166779832162e+02
1.420777023708386650e+02
1.420780652877650994e+02
1.420782168827629448e+02
1.420780080375984653e+02
1.420701845417023037e+02
1.423431911585546743e+02
1.423781556169936948e+02
1.424847276884706275e+02
1.425581330099238926e+02
1.426047106487719134e+02
1.426073668441157736e+02
1.427196805392813133e+02
1.427209519853611823e+02
1.427271700388946556e+02
1.427634909222671524e+02
1.427627831778316931e+02
1.427836265850484949e+02
1.427855333602283849e+02
1.427859069091593653e+02
1.427868388722035320e+02
1.427950040940286840e+02
1.427962981387658203e+02
1.427966855571734186e+02
1.427970988637303549e+02
1.427979270609837954e+02
1.427988313442125161e+02
1.427996874136576935e+02
1.428003407008533259e+02
1.428011050031881268e+02
1.428024991119306435e+02
1.428030189267878427e+02
1.428038337013193484e+02
1.428044840353678353e+02
1.428050171765863183e+02
1.428063645655694245e+02
1.428067448639091310e+02
1.428075725127536373e+02
1.428080233630700207e+02
1.428086895516383947e+02
1.428093602053108384e+02
1.428099518311829854e+02
1.428106200123454528e+02
1.428111860326988847e+02
1.428115989783289024e+02
1.428124425638105777e+02
1.428129009959419307e+02
1.428137338511004941e+02
1.428140098479389337e+02
1.428149627047046408e+02
1.428153413945304351e+02
1.428164057435206473e+02
1.428167781066065913e+02
1.428175842445645571e+02
1.428179285021720943e+02
1.428189993287920743e+02
1.428193816141198056e+02
1.428202807215170083e+02
1.428205981521558385e+02
1.428213242712840554e+02
1.428217167638704268e+02
1.428224241184763059e+02
1.428228469652208332e+02
1.428235500278340169e+02
1.428237654937971399e+02
1.428246734701947389e+02
1.428249338382912867e+02
1.428255995847960094e+02
1.428263994353288524e+02
1.428267504760253814e+02
1.428272318092216437e+02
1.428278058837046842e+02
1.428282590145560107e+02
1.428288729318368269e+02
1.428292346533103796e+02
1.428299584669247793e+02
1.428302537970527055e+02
1.428311317826861568e+02
1.428312465484197276e+02
1.428320556607384333e+02
1.428324419742203304e+02
1.428329825288193717e+02
1.428338262291758838e+02
1.428343910075342365e+02
1.428352866504813505e+02
1.428354421410930684e+02
1.428364021533749053e+02
1.428366514682298600e+02
1.428375334981577112e+02
1.428379018864466730e+02
1.428387497699915230e+02
1.428388445401268996e+02
1.428396214722149296e+02
1.428400549348602340e+02
1.428408038816261296e+02
1.428412561093199713e+02
1.428417471033968980e+02
1.428423373623222687e+02
1.428428950308661456e+02
1.428434759192857939e+02
1.428438528125898301e+02
1.428447592746363739e+02
1.428448938663176193e+02
1.428457855669404637e+02
1.428460315044010258e+02
