1.248249599370462306e+02
1.095198851064758117e+02
1.008094343844156668e+02
9.514317406327971582e+01
9.018017334977952260e+01
8.735051053578956726e+01
8.248842281296316514e+01
8.036518391253197535e+01
7.618436512176762676e+01
7.418136207178221753e+01
7.280063158299958559e+01
7.044123058274058735e+01
6.876645469177913128e+01
6.685719576461914926e+01
6.543704440840022585e+01
6.353920780957434999e+01
6.205026721879438156e+01
6.030895257670385945e+01
5.908081884162120900e+01
5.741804202032761850e+01
5.658170690647564527e+01
5.546651158085701638e+01
5.443491827722904475e+01
5.353584146143086286e+01
5.238583543029893974e+01
5.169460218314064548e+01
5.045216753759468986e+01
4.968189503422935616e+01
4.841360440369132334e+01
4.744254595252726858e+01
4.698162930637835899e+01
4.602601656937603991e+01
4.543754476638151374e+01
4.394365523966079934e+01
4.338085008587142966e+01
4.332865856360713508e+01
4.329393162455687616e+01
4.220422679686436140e+01
4.182083143510948275e+01
4.181772137325138772e+01
4.158959522694902944e+01
4.097212241135555644e+01
4.093289294664766942e+01
4.035983565467186907e+01
4.002119587760340380e+01
4.000290043791322603e+01
4.001003176789122762e+01
4.000680504366963675e+01
4.000525091694473900e+01
4.000285006792641695e+01
3.994638561653414399e+01
3.997475310971967843e+01
3.997265472063217828e+01
3.995835899355632392e+01
3.997085452158906804e+01
3.996922462706589840e+01
3.995859996458653995e+01
3.997188078204401052e+01
3.997774264081730422e+01
3.996859702096340072e+01
3.995614068415977727e+01
3.995728626297240993e+01
3.997660242459103586e+01
3.995123336273103121e+01
3.993802297830364267e+01
3.996296552243298095e+01
3.995071473291216080e+01
3.994882765815525261e+01
3.993581164093406244e+01
3.993681089851500587e+01
3.995395390591168905e+01
3.994375466823948528e+01
3.991976157772658951e+01
3.992428507692920903e+01
3.992559834243404282e+01
3.995511953187688192e+01
3.993467053037562664e+01
3.990673995415433239e+01
3.991460969065776965e+01
3.994526781218625189e+01
3.993802589428450744e+01
3.993615554174419202e+01
3.988662903161500140e+01
3.990587845924387977e+01
3.991735480941691350e+01
3.991253676637958847e+01
3.991013997174153616e+01
3.988657467275250212e+01
3.988959714526227884e+01
3.989077131856191727e+01
3.990298744663306252e+01
3.986589246372732021e+01
3.987593248677788438e+01
3.987930932288766428e+01
3.989426153009120668e+01
3.989162943614705625e+01
3.987692637202054868e+01
3.987702628372095859e+01
3.988554806353240423e+01
3.986484751721322084e+01
3.720359331256005930e+01
3.590479228053424521e+01
3.529862227266963259e+01
3.475521489959091070e+01
3.381756254528408334e+01
3.351397240771113673e+01
3.351710368150588693e+01
3.351749563503796026e+01
3.352587964790834008e+01
3.352483154120588438e+01
3.352917887970279764e+01
3.354564904530549541e+01
3.333969910325251362e+01
3.334206529425708254e+01
3.334512180278157700e+01
3.286414084582116857e+01
3.303011551504495458e+01
3.302630640340591128e+01
3.302006137625068760e+01
3.301731624766920703e+01
3.300637709036279688e+01
3.300778781878780421e+01
3.302358381709996138e+01
3.301325608077205231e+01
3.295827314967134214e+01
3.297460591441966926e+01
3.297033948720462604e+01
3.299933150400379134e+01
3.299852859305287467e+01
3.299878266205330846e+01
3.301765040853938871e+01
3.301160779219799224e+01
3.301763338039449991e+01
3.302624085755891770e+01
3.302589816748743345e+01
3.302676869919885405e+01
3.302062351398680562e+01
3.302767370169416239e+01
3.302960270307528390e+01
3.304145307258052355e+01
3.304000022737471909e+01
3.303936268864777048e+01
3.304167248693492809e+01
3.306018218222217087e+01
3.305544516144124145e+01
3.305543280779566828e+01
3.304479107224848633e+01
3.305631404389622929e+01
3.305709236599453504e+01
3.305721785083520814e+01
3.305701136483222058e+01
3.307200172520254711e+01
3.307345125244435025e+01
3.307352364770183328e+01
3.306559264571723133e+01
3.308254015051598174e+01
3.308392812358687962e+01
3.308388607159138672e+01
3.308381413321527020e+01
3.308376204297922385e+01
3.308383069741237392e+01
3.308393796384223151e+01
3.308236921516463980e+01
3.308278392912414034e+01
3.308507633681126237e+01
3.308481098979086710e+01
3.308460465774687265e+01
3.308432367219076298e+01
3.308423733349729901e+01
3.308421211471026879e+01
3.308411116705433841e+01
3.308413781098850848e+01
3.308403428389822665e+01
3.308407203866390489e+01
3.308404425806479310e+01
3.308401777745572758e+01
3.308438363975420060e+01
3.307772759541413166e+01
3.309665791813489477e+01
3.308372410875660563e+01
3.308456394707273773e+01
3.308705184281089373e+01
3.308723821135858145e+01
3.308944320159305619e+01
3.309191359008501365e+01
3.309232263254482120e+01
3.309592632917765798e+01
3.308880688115395685e+01
3.309077030002770670e+01
3.309090038058148764e+01
3.309106785808150164e+01
3.309110577523662755e+01
3.309116501409225464e+01
3.309121027615193356e+01
3.309126074245422444e+01
3.309130154059221240e+01
3.309135034628839378e+01
3.309140409302406738e+01
3.309143179003854129e+01
3.310978178140970840e+01
3.256176176586804871e+01
3.244922079066842002e+01
3.227085047614829705e+01
3.228888770153907473e+01
3.228660027135222776e+01
3.228847769700934123e+01
3.231180171542305146e+01
3.231393171913097007e+01
3.231393165825475933e+01
3.231393159725706710e+01
3.231203599778046964e+01
3.231514951396928836e+01
3.225294037065066277e+01
3.213570479946771741e+01
3.213627522222050459e+01
3.213954652547424473e+01
3.215082635306435321e+01
3.214750728274023572e+01
3.216407990993524635e+01
3.215973207011397506e+01
3.216018910648588047e+01
3.216021365809410071e+01
3.216846110788987545e+01
3.215047060482486074e+01
3.215940835862476632e+01
3.216089885816860772e+01
3.216204809234769613e+01
3.216527238685053192e+01
3.218141618871499077e+01
3.217484949317407228e+01
3.217704742075265756e+01
3.217691559288578418e+01
3.217692814600974316e+01
3.217692912897280166e+01
3.217688317333796277e+01
3.217957793361701135e+01
3.217944648705866229e+01
3.217479620901625736e+01
3.217625043857083256e+01
3.218121717958691619e+01
3.217617702613237896e+01
3.218120043090087279e+01
3.218756538673267187e+01
3.217688976313899474e+01
3.217786841927722463e+01
3.218218835452892534e+01
3.218206337989111887e+01
3.218219398709651102e+01
3.218356809992810952e+01
3.218356847328757908e+01
3.218146737910913657e+01
3.218125582861424760e+01
3.218122063859709669e+01
3.218065411338874071e+01
3.218070781701307936e+01
3.218345370258712279e+01
3.218342193870685719e+01
3.216516744218024826e+01
3.217717210724343602e+01
3.218205408738118223e+01
3.218188103538536637e+01
3.218199055817382259e+01
3.218673662965678517e+01
3.218671470474976104e+01
3.218652828073282990e+01
3.218650604353221212e+01
3.218650209113105376e+01
3.218649907451946746e+01
3.218649570878904598e+01
3.218637182274888175e+01
3.218511890883377902e+01
3.218549703370604931e+01
3.218560545000472928e+01
3.218562152029758039e+01
3.218564181884088526e+01
3.218567143192758806e+01
3.218568729899790526e+01
3.218570410157064288e+01
3.218596638120973097e+01
3.218596497773740595e+01
3.218596380133614332e+01
3.218596270464471587e+01
3.218596162951914863e+01
3.218587012907597966e+01
3.218587418276108991e+01
3.218591804434931447e+01
3.218590788842126926e+01
3.218592558046677254e+01
3.218638163236136052e+01
3.218599796222520126e+01
3.218908913826300733e+01
3.218775194940533169e+01
3.218143745288494273e+01
3.218248349042184486e+01
3.218311221718774107e+01
3.218343446966854771e+01
3.218404360273711262e+01
3.218405569061008009e+01
3.218406700829707745e+01
3.218407765130023535e+01
3.229820812663574259e+01
3.228670166592534940e+01
3.229064643582836425e+01
3.228933662056335407e+01
3.251429764931359045e+01
3.250472028492723098e+01
3.251291985495076631e+01
3.249626446424731796e+01
3.252013768380003711e+01
3.250624747077368681e+01
3.250623332288930811e+01
3.250623355388479752e+01
3.250623378101972349e+01
3.250623400359219772e+01
3.250623422264352058e+01
3.251130729902257599e+01
3.250718107888879160e+01
3.251072549591643934e+01
3.251063256017056347e+01
3.251050809851875556e+01
3.251032291922845729e+01
3.251620217098189158e+01
3.251771932535841358e+01
3.251864273928919857e+01
3.251688674434960546e+01
3.251382844935261573e+01
3.251476768307002629e+01
3.251571392030648155e+01
3.251932459057968572e+01
3.252136641221208180e+01
3.252137528480104578e+01
3.252124698590482410e+01
3.252130070564207642e+01
3.252095866588789619e+01
3.252126332022447741e+01
3.252143523044615137e+01
3.251918681246816334e+01
3.252095123567633550e+01
3.251940225070078583e+01
3.252042678673609544e+01
3.252305398306852169e+01
3.252173348870349656e+01
3.252177367126471097e+01
3.252178590221701171e+01
3.252185157738347243e+01
3.252280878607342629e+01
3.252253935725791223e+01
3.252252048269140516e+01
3.252540695098485912e+01
3.252866881776334651e+01
3.252822274123870727e+01
3.252656034469882940e+01
3.252668705272236593e+01
3.252719258085689091e+01
3.252499628137792342e+01
3.252524105231292140e+01
3.252960264318862471e+01
3.252944273431231181e+01
3.252661322771483299e+01
3.252687756641215344e+01
3.252723138489389498e+01
3.252906684228527467e+01
3.252899226666352916e+01
3.252944854537739161e+01
3.252970109694675926e+01
3.253358921713021346e+01
3.253343776520155473e+01
3.252993975866086629e+01
3.253006108167646460e+01
3.253013571936374149e+01
3.253026634371907733e+01
3.253032633942985541e+01
3.253061774286157970e+01
3.253085705688767604e+01
3.253102662154937974e+01
3.253112680452399985e+01
3.253145525156878648e+01
3.253202434025460121e+01
3.253203085356047808e+01
3.253214265856101406e+01
3.253822150009862924e+01
3.253754941498720399e+01
3.251696756824438950e+01
3.252791349375664254e+01
3.252808041627224611e+01
3.254388305601263198e+01
3.254387984618172425e+01
3.254084643551739475e+01
3.254039005107422611e+01
3.253659652225683629e+01
3.253684072685082640e+01
3.254607252827785402e+01
3.254842158103970462e+01
3.254874075066688022e+01
3.254494553090366082e+01
3.254518144391133205e+01
3.254517986643556071e+01
3.254513129043120756e+01
3.255397907700473326e+01
3.255167425092809452e+01
3.264590195999927857e+01
3.274443661154343488e+01
3.274902724672253385e+01
3.275487361678626286e+01
3.275486958465280907e+01
3.275364353264117767e+01
3.275307095316748018e+01
3.275282955287003972e+01
3.276555204067603455e+01
3.276412519348126295e+01
3.276435211853281970e+01
3.276388722371844153e+01
3.276002374568741260e+01
3.276002425176108090e+01
3.276005176455637979e+01
3.275995011998395512e+01
3.275995365256065384e+01
3.285409353879621364e+01
3.283458739637180201e+01
3.283469796384919448e+01
3.283483938895682286e+01
3.283803347437354603e+01
3.283848812375362058e+01
3.283915777501880484e+01
3.284003680093644562e+01
3.284010479409961647e+01
3.284040432928466657e+01
3.284060810850762380e+01
3.284150809575468344e+01
3.284415696941865548e+01
3.284335904960830987e+01
3.284388105759555998e+01
3.284388133243859187e+01
3.284388155478668381e+01
3.284388191195854745e+01
3.284393358047049105e+01
3.284394439568961133e+01
3.284394874273481690e+01
3.284422520020708447e+01
3.284423198179975856e+01
3.284433171880271374e+01
3.284457348143199340e+01
3.284475633097800085e+01
3.284477765668664517e+01
3.284479236633317356e+01
3.284481494584279204e+01
3.284690368026481622e+01
3.284687574372750163e+01
3.284685832034911357e+01
3.284684644629599859e+01
3.284633609593397807e+01
3.284833523054564353e+01
3.284833514956015676e+01
3.284833507084363191e+01
3.284833499423082515e+01
3.284833491958447382e+01
3.284833484655806046e+01
3.284833477543936908e+01
3.284833470588737470e+01
3.284833463786431906e+01
3.284833457131661305e+01
3.284833450608516614e+01
3.284833444218274678e+01
3.284833437954729618e+01
3.284833431623108169e+01
3.284833425414405639e+01
3.284833419317116920e+01
3.284833413326568063e+01
3.284833407448301301e+01
3.284833401648372586e+01
3.284833395946547085e+01
3.284833390281285403e+01
3.284833384708898052e+01
3.284833379225578653e+01
3.284833373829087577e+01
3.284833368515474206e+01
3.284833363276288054e+01
3.284833358114502744e+01
3.284833353027176628e+01
3.284833347793251335e+01
3.284833342636299136e+01
3.284833337553596522e+01
3.284833332540031847e+01
3.284833327595675456e+01
3.284833322708343673e+01
3.284833317866835500e+01
3.284833313088965667e+01
3.284833308294849985e+01
3.284833303561694606e+01
3.284833298885702391e+01
3.284833294268834436e+01
3.284833289712958759e+01
3.284833285211954035e+01
3.284833280766044084e+01
3.284833276371826116e+01
3.284833272027003659e+01
3.284833267733076667e+01
3.284833263487936250e+01
3.284833259302781983e+01
3.284833255162222088e+01
