5.447552847075887712e+02
5.449160257717111335e+02
5.456778591519091606e+02
5.461843989533688273e+02
5.455946140788050798e+02
5.442180380405659434e+02
5.439746887378471456e+02
5.440035457112777522e+02
5.443731813994851336e+02
5.446139663958576875e+02
5.439566752278519743e+02
5.445885482938947462e+02
5.445294391718369980e+02
5.444694003200090719e+02
5.446039401006792104e+02
5.446869967054292374e+02
5.448052094741342444e+02
5.453072460023099666e+02
5.450724255707049224e+02
5.454169496856104615e+02
5.473442451659796006e+02
5.457195986528192861e+02
5.474168799962139929e+02
5.465794006519070081e+02
5.476199673714573919e+02
5.476454206595652749e+02
5.464215912034272833e+02
5.470589462115600554e+02
5.471356344560560956e+02
5.469322906348759261e+02
5.474662911152797733e+02
5.468397835190494334e+02
5.470408731159940317e+02
5.465465992662484496e+02
5.474994092117888158e+02
5.476313066594613019e+02
5.475445588035909168e+02
5.485174438577843148e+02
5.486314845238896396e+02
5.488367426329928094e+02
5.501388164005051067e+02
5.490646856889910623e+02
5.506864887068280723e+02
5.501310155158425914e+02
5.514170064759643992e+02
5.533996686477468074e+02
5.518721093288604607e+02
5.536214719729314311e+02
5.518898516397877074e+02
5.548922804459256213e+02
5.565008669396034975e+02
5.548427614159843415e+02
5.568736718665232956e+02
5.559022691647536476e+02
5.567323943534252066e+02
5.562361637729471795e+02
5.572233502563653929e+02
5.565859514453374004e+02
5.573801770836921605e+02
5.570497886155716287e+02
5.576632234708363285e+02
5.572186779538884593e+02
5.575258588112726557e+02
5.573327472301821217e+02
5.577292127520272516e+02
5.574163666705103424e+02
5.576886904333443908e+02
5.574860821061712386e+02
5.578875350346236246e+02
5.575289106601192088e+02
5.579535994275026951e+02
5.574862990293332814e+02
5.579880888241320918e+02
5.575929118900426147e+02
5.579731758921541314e+02
5.575452993298380306e+02
5.578797739190945322e+02
5.578097578239983250e+02
5.579583617433198697e+02
5.577777287780101005e+02
5.578184152613152946e+02
5.578579538362843095e+02
5.579329460040910362e+02
5.577463864163146354e+02
5.580318396393004150e+02
5.578652945836475965e+02
5.579183300666545620e+02
5.579460637712676316e+02
5.580428867243979312e+02
5.578868243477600117e+02
5.580114502446851930e+02
5.580355569145106074e+02
5.579464875253929677e+02
5.579462554370661564e+02
5.578370535078146304e+02
5.576833765241300398e+02
5.577831335369220369e+02
5.576250932691388016e+02
5.577760915769877101e+02
5.576210077018572520e+02
5.692964353722738906e+02
5.734313474970025482e+02
5.838024007348803934e+02
5.862567024356230831e+02
5.933175952429098743e+02
5.963864737562013261e+02
6.022481328920347323e+02
6.034651972869869496e+02
6.056899855673286766e+02
6.078619193270907317e+02
6.114744828780139869e+02
6.149367279880002570e+02
6.172718481809572495e+02
6.192040236828174784e+02
6.211693263649128767e+02
6.238927162895591891e+02
6.257774590801844852e+02
6.273938274441993599e+02
6.278934585144038465e+02
6.296782294899671797e+02
6.304170512433025806e+02
6.315656967871107099e+02
6.326332008825819457e+02
6.332000838086070189e+02
6.345625762166702089e+02
6.330554154280845296e+02
6.353934232535691535e+02
6.354101299709932391e+02
6.361442399884650740e+02
6.365188009236699145e+02
6.358331879803313313e+02
6.367205160709337406e+02
6.369434305307468094e+02
6.373816393905478890e+02
6.375325903979395434e+02
6.368719215620119485e+02
6.372634639310363127e+02
6.378790553511499866e+02
6.380056505599804950e+02
6.384689147293930773e+02
6.378889762077817522e+02
6.381722019747722925e+02
6.384618922343626082e+02
6.387128802307969409e+02
6.388174934208491322e+02
6.381272049475704762e+02
6.386932143099991208e+02
6.386558659374430817e+02
6.390436947739133302e+02
6.390092976508078664e+02
6.385173180719143602e+02
6.386543250839847587e+02
6.385215101607170709e+02
6.387595229946963400e+02
6.388145903680325546e+02
6.388119122422841656e+02
6.388119122422841656e+02
6.388119122422841656e+02
6.388119122422841656e+02
6.388119122422841656e+02
6.388119122422841656e+02
6.388119122422841656e+02
6.388119122422841656e+02
6.388119122422841656e+02
6.388119122422841656e+02
6.388119122422841656e+02
6.388119122422841656e+02
6.388119122422841656e+02
6.388119122422841656e+02
6.388119122422841656e+02
6.388119122422841656e+02
6.388119122422841656e+02
6.388119122422841656e+02
6.388119122422841656e+02
6.388119122422841656e+02
6.388119122422841656e+02
6.388119122422841656e+02
6.388119122422841656e+02
6.388119122422841656e+02
6.388119122422841656e+02
6.388119122422841656e+02
6.388119122422841656e+02
6.388119122422841656e+02
6.388119122422841656e+02
6.388119122422841656e+02
6.388119122422841656e+02
6.388119122422841656e+02
6.388119122422841656e+02
6.388119122422841656e+02
6.388119122422841656e+02
6.388119122422841656e+02
6.388119122422841656e+02
6.388119122422841656e+02
6.388119122422841656e+02
6.388119122422841656e+02
6.388119122422841656e+02
6.388119122422841656e+02
6.388119122422841656e+02
6.388119122422841656e+02
6.388119122422841656e+02
6.365380414472107304e+02
6.392799963571662829e+02
6.398536875391826015e+02
6.478908201882874209e+02
6.470345785240150462e+02
6.495239706434795153e+02
6.507294158039758258e+02
6.517793318674303009e+02
6.531034522360645269e+02
6.538292706889975534e+02
6.551674924239641769e+02
6.552334975086702116e+02
6.564705778022321283e+02
6.564430419473362690e+02
6.574116894824009023e+02
6.580399157084043509e+02
6.588595470837896073e+02
6.592479791264547657e+02
6.597005930167946417e+02
6.598311178774624750e+02
6.605997489080521063e+02
6.607162398525933895e+02
6.612694663507445512e+02
6.613990036311939775e+02
6.619673401300454998e+02
6.623093795841076599e+02
6.628247796743764866e+02
6.629312034227423283e+02
6.633709328152581293e+02
6.633385882211749731e+02
6.635244430564818003e+02
6.637607745228486920e+02
6.637510795463072100e+02
6.639180581102743872e+02
6.640345869308863485e+02
6.640234780098005558e+02
6.641884098653520141e+02
6.642180606865545087e+02
6.642637721921333878e+02
6.642544105100682827e+02
6.645732592239104406e+02
6.645434507927218419e+02
6.645293158939769000e+02
6.645432470683363135e+02
6.645357324832796166e+02
6.645260986616433456e+02
6.645585471958768267e+02
6.645492713441713022e+02
6.645621848244313696e+02
6.645587163650045568e+02
6.645229328286352484e+02
6.645321595853952203e+02
6.645284436167644344e+02
6.645353979934729978e+02
6.645353979934729978e+02
6.645353979934729978e+02
6.645353979934729978e+02
6.645353979934729978e+02
6.645353979934729978e+02
6.645353979934729978e+02
6.645353979934729978e+02
6.645353979934729978e+02
6.645353979934729978e+02
6.645353979934729978e+02
6.645353979934729978e+02
6.645353979934729978e+02
6.645353979934729978e+02
6.645353979934729978e+02
6.645353979934729978e+02
6.645353979934729978e+02
6.645353979934729978e+02
6.645353979934729978e+02
6.645353979934729978e+02
6.645353979934729978e+02
6.645353979934729978e+02
6.645353979934729978e+02
6.645353979934729978e+02
6.645353979934729978e+02
6.645353979934729978e+02
6.645353979934729978e+02
6.645353979934729978e+02
6.645353979934729978e+02
6.645353979934729978e+02
6.645353979934729978e+02
6.645353979934729978e+02
6.645353979934729978e+02
6.645353979934729978e+02
6.645353979934729978e+02
6.645353979934729978e+02
6.645353979934729978e+02
6.645353979934729978e+02
6.645353979934729978e+02
6.645353979934729978e+02
6.645353979934729978e+02
6.645353979934729978e+02
6.645353979934729978e+02
6.645353979934729978e+02
6.645353979934729978e+02
6.645353979934729978e+02
6.645353979934729978e+02
6.636386298455523729e+02
6.648065902442289143e+02
6.647558051485548276e+02
6.659906394606530284e+02
6.658462938721764885e+02
6.661778148999923133e+02
6.668771906426459282e+02
6.671733490154033461e+02
6.673808468596877219e+02
6.677459411930810802e+02
6.679537916980065120e+02
6.683435467248056057e+02
6.682778634524750032e+02
6.684565515657405967e+02
6.687097801101162986e+02
6.689976830578748377e+02
6.694236743718488469e+02
6.692632115253127267e+02
6.693258373897051570e+02
6.693323397325552833e+02
6.696531867660924036e+02
6.698244903782047004e+02
6.701043041169173193e+02
6.701861304274425493e+02
6.705961090103451170e+02
6.706941394469433817e+02
6.708952457304944801e+02
6.709377321229137578e+02
6.709394148780089608e+02
6.709603666747796069e+02
6.714059937152273960e+02
6.713579310372762166e+02
6.715419195454171586e+02
6.715163483744330506e+02
6.716949899679702867e+02
6.719722981360744143e+02
6.719511806779960352e+02
6.720349222975934254e+02
6.721229657434889759e+02
6.722438126248516710e+02
6.721983178099876568e+02
6.722225648367127633e+02
6.722233073303384572e+02
6.722256247707189232e+02
6.722242243915908375e+02
6.722722006032925037e+02
6.722767917527908139e+02
6.722742096769291038e+02
6.722743175084837048e+02
6.722782976333812712e+02
6.722926308227099526e+02
6.722899212999122938e+02
6.723018183331823820e+02
6.722948126461732272e+02
6.723042823220664559e+02
6.722988730450738331e+02
6.723020042983649773e+02
6.723020042983649773e+02
6.723020042983649773e+02
6.723020042983649773e+02
6.723020042983649773e+02
6.723020042983649773e+02
6.723020042983649773e+02
6.723020042983649773e+02
6.723020042983649773e+02
6.723020042983649773e+02
6.723020042983649773e+02
6.723020042983649773e+02
6.723020042983649773e+02
6.723020042983649773e+02
6.723020042983649773e+02
6.723020042983649773e+02
6.723020042983649773e+02
6.723020042983649773e+02
6.723020042983649773e+02
6.723020042983649773e+02
6.723020042983649773e+02
6.723020042983649773e+02
6.723020042983649773e+02
6.723020042983649773e+02
6.723020042983649773e+02
6.723020042983649773e+02
6.723020042983649773e+02
6.723020042983649773e+02
6.723020042983649773e+02
6.723020042983649773e+02
6.723020042983649773e+02
6.723020042983649773e+02
6.723020042983649773e+02
6.723020042983649773e+02
6.723020042983649773e+02
6.723020042983649773e+02
6.723020042983649773e+02
6.723020042983649773e+02
6.723020042983649773e+02
6.723020042983649773e+02
6.723020042983649773e+02
6.723020042983649773e+02
6.723020042983649773e+02
6.723020042983649773e+02
6.717066557302842966e+02
6.731246798666785480e+02
6.733369786469013434e+02
6.749264999708069581e+02
6.753039102298180296e+02
6.753741859276694868e+02
6.756724998667233422e+02
6.762610387711965814e+02
6.766888806092006234e+02
6.771485412744161749e+02
6.770342968531217593e+02
6.773910999682689180e+02
6.775753058753326741e+02
6.780064045190949855e+02
6.781956681719525477e+02
6.784920485786697100e+02
6.789695277986667179e+02
6.792220823103481280e+02
6.792293071714856296e+02
6.792386072976684090e+02
6.797264002845651021e+02
6.798455239276047450e+02
6.801706257768480555e+02
6.804890252208748507e+02
6.806950302192477693e+02
6.809118218322024632e+02
6.809266899448660979e+02
6.809258408441151005e+02
6.809296782304030557e+02
6.809296980957660708e+02
6.810014072536480398e+02
6.810024693735294932e+02
6.810030832223236530e+02
6.810052864400058752e+02
6.810061329148235245e+02
6.810123679814716979e+02
6.810174886851019664e+02
6.815799988935626743e+02
6.815346182787650378e+02
6.815393281381509496e+02
6.818899950401213346e+02
6.819200258305227180e+02
6.820151599908954267e+02
6.820190018473358577e+02
6.820195350767039599e+02
6.820868268080652115e+02
6.820844446662965765e+02
6.820867127293313388e+02
6.820838414202660260e+02
6.820838414202660260e+02
6.820827777851141036e+02
6.820796305615217534e+02
6.820840292523678272e+02
6.820840292523678272e+02
6.820840292523678272e+02
6.820840292523678272e+02
6.820840292523678272e+02
6.820840292523678272e+02
6.820840292523678272e+02
6.820840292523678272e+02
6.820840292523678272e+02
6.820840292523678272e+02
6.820840292523678272e+02
6.820840292523678272e+02
6.820840292523678272e+02
6.820840292523678272e+02
6.820840292523678272e+02
6.820840292523678272e+02
6.820840292523678272e+02
6.820840292523678272e+02
6.820840292523678272e+02
6.820840292523678272e+02
6.820840292523678272e+02
6.820840292523678272e+02
6.820840292523678272e+02
6.820840292523678272e+02
6.820840292523678272e+02
6.820840292523678272e+02
6.820840292523678272e+02
6.820840292523678272e+02
6.820840292523678272e+02
6.820840292523678272e+02
6.820840292523678272e+02
6.820840292523678272e+02
6.820840292523678272e+02
6.820840292523678272e+02
6.820840292523678272e+02
6.820840292523678272e+02
6.820840292523678272e+02
6.820840292523678272e+02
6.820840292523678272e+02
6.820840292523678272e+02
6.820840292523678272e+02
6.820840292523678272e+02
6.820840292523678272e+02
6.820840292523678272e+02
6.820840292523678272e+02
6.820840292523678272e+02
6.820840292523678272e+02
6.820840292523678272e+02
