7.809305666125914058e+01
6.595251198782642632e+01
6.127635192112791174e+01
5.852864010018606677e+01
5.702636072846748050e+01
5.448541329653504306e+01
5.139534493109087521e+01
5.019807291333762578e+01
4.883011459356737305e+01
4.849755504599668399e+01
4.954882814201855012e+01
4.815786589495274228e+01
4.767568111115119223e+01
4.761360678668997792e+01
4.757042824435377071e+01
5.338182696779163905e+01
5.338192639702846520e+01
5.338202588772982438e+01
5.338212483807546249e+01
5.338222323683264392e+01
5.981640298860569516e+01
5.981640511809233374e+01
5.981640725803119096e+01
5.981640757285455834e+01
5.981640790786140371e+01
6.255985056579467596e+01
6.255979803442839682e+01
6.255974551535263117e+01
6.255969344665393095e+01
6.255964219462889275e+01
6.340196891661381073e+01
6.340655726743300846e+01
6.340658297419690115e+01
6.340660852950909998e+01
6.340663394659346608e+01
6.350531820216742318e+01
6.358343646836713958e+01
6.358339571052150063e+01
6.358335517510708002e+01
6.358331509405870463e+01
6.358884325767321855e+01
6.358873937174989521e+01
6.358863498326295627e+01
6.358853221472662653e+01
6.358842639998955804e+01
6.358904649552169985e+01
6.358893544332381964e+01
6.358882598347655346e+01
6.358871289469304600e+01
6.358860101821035471e+01
6.358927954691561979e+01
6.358916245309472970e+01
6.358904411119949884e+01
6.358892569250996019e+01
6.358087044695290047e+01
6.358116489211808187e+01
6.358143331524466646e+01
6.358171645083275791e+01
6.358200545808360715e+01
6.358229028211096079e+01
6.358259176424736836e+01
6.358288614809320194e+01
6.358317275458182394e+01
6.358345754511555015e+01
6.358373558619143751e+01
6.358402141643922789e+01
6.358427176591476382e+01
6.358450803071051638e+01
6.358473084690617583e+01
6.358494861188607672e+01
6.358516496412612184e+01
6.358537197547322251e+01
6.358559338164977959e+01
6.358581192243916291e+01
6.358602886786853503e+01
6.358624509359297861e+01
6.358645894191082704e+01
6.358666924294634981e+01
6.358687571560645324e+01
6.358708066482398635e+01
6.358728468602069483e+01
6.358748495223354524e+01
6.358768390679611571e+01
6.358788874240573818e+01
6.358808892721717143e+01
6.358828524691901407e+01
6.358849120463903404e+01
6.358869466454299868e+01
6.358889539882598996e+01
6.358909536568170040e+01
6.358928928971822359e+01
6.358947998157572812e+01
6.358966756898683315e+01
6.358985621903842400e+01
6.359004241926417933e+01
6.359022678588218014e+01
6.359040954923919742e+01
6.359058802390407550e+01
6.359076647117146308e+01
6.359094756810412719e+01
5.161506963338840848e+01
5.100177881119454781e+01
5.087855138110359121e+01
5.087854854759355305e+01
5.087854572104790662e+01
5.072991052600605144e+01
5.072989841784387011e+01
5.072988633024573346e+01
5.072987409839649331e+01
5.072986184549738198e+01
5.072907052757109625e+01
5.072904968780757429e+01
5.072902895072391516e+01
5.072900828907285842e+01
5.072898768388545676e+01
5.072896460542119712e+01
5.072894416089230418e+01
5.072892380732714201e+01
5.072890354652976441e+01
5.072888339742942776e+01
5.072886038444856638e+01
5.072884010311221914e+01
5.072881992578959398e+01
5.072879987654827971e+01
5.072877989083885097e+01
5.072875729166779024e+01
5.072873715462206690e+01
5.072871709197822554e+01
5.072869707533444483e+01
5.072867720074485476e+01
5.072865456721230260e+01
5.072863455086942963e+01
5.072861462993668624e+01
5.072859456390993671e+01
5.072857457539680581e+01
5.072855173330505352e+01
5.072853180761347147e+01
5.072851192429310885e+01
5.072849216946536188e+01
5.072847247886511468e+01
5.072844977372614039e+01
5.072842990896242554e+01
5.072841015784030105e+01
5.072839035407812958e+01
5.072837047188373560e+01
5.072834786310654920e+01
5.072832823301138205e+01
5.072830866425937302e+01
5.072828911130849860e+01
5.072826962251212990e+01
5.072824717777950809e+01
5.072822761335935127e+01
5.072820809433424216e+01
5.072818871007850561e+01
5.072816937500469692e+01
5.072815002933149486e+01
5.072813053818401841e+01
5.072811117933730429e+01
5.072808889678007915e+01
5.072806963837503247e+01
5.072805041312034291e+01
5.072803122715510682e+01
5.072801212420782235e+01
5.072799311909101760e+01
5.072797419883929138e+01
5.072795537958664625e+01
5.072793351177842425e+01
5.072791485457572946e+01
5.072789621643146774e+01
5.072787750140606988e+01
5.072785869228269462e+01
5.072783983717454248e+01
5.072782104002783399e+01
5.072780231906817505e+01
5.072778093484743067e+01
5.072776239639848939e+01
5.072774396646839534e+01
5.072772553959532615e+01
5.072770722204874971e+01
5.072768897584518299e+01
5.072767082758824131e+01
5.072765271033940593e+01
5.072763192637099650e+01
5.072761397633411207e+01
5.072759610166124844e+01
5.072757832379512166e+01
5.072756051699169433e+01
5.072754276304095811e+01
5.072752508919789705e+01
5.072750750280948751e+01
5.072748720444626969e+01
5.072746966773305388e+01
5.072745227010137370e+01
5.072743492017421829e+01
5.072741757590766554e+01
5.072740028449377547e+01
5.072738284930686348e+01
5.072736551621424894e+01
5.072734556958897656e+01
5.072732840070563043e+01
4.648321760723317908e+01
4.645078732277019640e+01
4.645078090023010020e+01
4.645077449261560787e+01
4.645076811207523093e+01
4.645075270045990123e+01
4.645072908991729577e+01
4.645070543776285632e+01
4.645068193426670433e+01
4.645065894386480920e+01
4.645060872056838974e+01
4.645058592962698185e+01
4.645056302505609835e+01
4.645054026110859979e+01
4.645051792989923456e+01
4.645046863672325799e+01
4.645044652178248867e+01
4.645042420195788679e+01
4.645040216389039500e+01
4.645038051960203518e+01
4.645033221834940207e+01
4.645031051286880341e+01
4.645028871815284788e+01
4.645026740755240979e+01
4.645024608495346286e+01
4.645019941416728670e+01
4.645017840059799852e+01
4.645015723744543834e+01
4.645013635808170704e+01
4.645011537472213803e+01
4.645006928761796416e+01
4.645004863818890328e+01
4.645002798247316633e+01
4.645000767647296414e+01
4.644998727911981007e+01
4.644994199596740714e+01
4.644992189802741933e+01
4.644990174890507717e+01
4.644988172057399822e+01
4.644986180963887534e+01
4.644981794329555669e+01
4.644979845395454987e+01
4.644977881647896822e+01
4.644975928527276920e+01
4.644973985925216908e+01
4.644969688324911772e+01
4.644967789016904902e+01
4.644965878377200852e+01
4.644963977606811767e+01
4.644962085537577678e+01
4.644957860607166111e+01
4.644956008832748751e+01
4.644954145113690203e+01
4.644952289935430656e+01
4.644950466296120339e+01
4.644948635314811725e+01
4.644946813596854440e+01
4.644944999851456657e+01
4.644941453904210960e+01
4.644939288478384753e+01
4.644937543257495349e+01
4.644935807652024096e+01
4.644934101145109651e+01
4.644932377243361543e+01
4.644930660764124042e+01
4.644928946460269970e+01
4.644925537479404909e+01
4.644923841355163319e+01
4.644921745551528147e+01
4.644920085481710714e+01
4.644918405836655495e+01
4.644916732965276651e+01
4.644915059578096361e+01
4.644911691136675813e+01
4.644910032754313534e+01
4.644908383203029700e+01
4.644906369192820250e+01
4.644904733088339555e+01
4.644903105758507422e+01
4.644901501595021642e+01
4.644899876009331763e+01
4.644896560166793620e+01
4.644894961447174353e+01
4.644893345266444129e+01
4.644891736795126747e+01
4.644889769957383407e+01
4.644888178623845931e+01
4.644886595152302533e+01
4.644885038716843439e+01
4.644881802594581188e+01
4.644880239817602785e+01
4.644878704297989458e+01
4.644877150366426832e+01
4.644875220649149128e+01
4.644873701396586796e+01
4.644872170129540478e+01
4.644869015618962038e+01
4.644867516646181116e+01
4.644865998113003513e+01
4.644864485265968312e+01
4.625918927621082588e+01
4.625918377289340810e+01
4.625917827134647098e+01
4.625917277160191787e+01
4.625916727365656556e+01
4.625848759871070115e+01
4.625848042981696295e+01
4.625847326210745791e+01
4.625846609783106089e+01
4.625845893248320806e+01
4.625844698118234533e+01
4.625843981741461164e+01
4.625843265480553157e+01
4.625842549561313888e+01
4.625841833530600411e+01
4.625840834298173831e+01
4.625840118456289218e+01
4.625839402724036376e+01
4.625838687330468701e+01
4.625837971822031847e+01
4.625836939380365465e+01
4.625836202102294692e+01
4.625835464933723529e+01
4.625834727872599927e+01
4.625833991025455560e+01
4.625832997263117363e+01
4.625832282450678434e+01
4.625831567737645145e+01
4.625830853366551310e+01
4.625830138866163566e+01
4.625829147043911860e+01
4.625828432718449079e+01
4.625827718499041907e+01
4.625827004577966761e+01
4.625826290569158061e+01
4.625825299262973545e+01
4.625824585392678756e+01
4.625823871628469419e+01
4.625823158188729423e+01
4.625822444630246366e+01
4.625821452228211683e+01
4.625820738870728377e+01
4.625820025584136630e+01
4.625819312614918744e+01
4.625818599529222297e+01
4.625817598525220120e+01
4.625816885640558951e+01
4.625816172854670327e+01
4.625815460383675060e+01
4.625814747789807768e+01
4.625813756328254556e+01
4.625813043890821064e+01
4.625812331549717982e+01
4.625811619535509323e+01
4.625810907455004894e+01
4.625810195685722448e+01
4.625809483794503052e+01
4.625808771952171128e+01
4.625808060489076468e+01
4.625807348899850524e+01
4.625806637403071164e+01
4.625805926212465380e+01
4.625805214894617734e+01
4.625804503936795697e+01
4.625803793174983980e+01
4.625803082553007073e+01
4.625801986824746592e+01
4.625801276341233859e+01
4.625800566163276528e+01
4.625799855843104069e+01
4.625799145605795815e+01
4.625798435672272291e+01
4.625797725602015475e+01
4.625797015839718540e+01
4.625796305939834951e+01
4.625795596124448394e+01
4.625794886610013634e+01
4.625794176962124027e+01
4.625793467614132481e+01
4.625792758127721527e+01
4.625792048723414496e+01
4.625791339621358134e+01
4.625790630379771073e+01
4.625789535066200386e+01
4.625788829576846695e+01
4.625788124093056553e+01
4.625787418884728908e+01
4.625786713540304618e+01
4.625786008274840810e+01
4.625785303303113238e+01
4.625784598193247632e+01
4.625783893376932099e+01
4.625783188421327452e+01
4.625782483542333523e+01
4.625781778955156653e+01
4.625781074229813328e+01
4.625780369795270985e+01
4.625779665208951030e+01
4.625778960696888475e+01
4.625777870132478142e+01
4.587686253504232070e+01
4.587313887409975166e+01
4.587313581482418101e+01
4.587313275869244222e+01
4.587312970569845305e+01
4.587032215750074471e+01
4.587031523967926461e+01
4.587030834763068299e+01
4.587029779431341581e+01
4.587029094999073209e+01
4.587027996585160849e+01
4.587027313069866352e+01
4.587026632120505809e+01
4.587025586668721644e+01
4.587024909680471296e+01
4.587023821989699002e+01
4.587023146001568108e+01
4.587022472500050441e+01
4.587021436811806296e+01
4.587020767198065840e+01
4.587019485376703898e+01
4.587018804600353405e+01
4.587018126338894319e+01
4.587017087225615342e+01
4.587016412844872093e+01
4.587015345733999538e+01
4.587014684395012409e+01
4.587014025469336076e+01
4.587013008595731378e+01
4.587012353408479015e+01
4.587011295957034207e+01
4.587010641615076167e+01
4.587009989647501129e+01
4.587008981893044535e+01
4.587008333595436227e+01
4.587007272669617919e+01
4.587006613302192193e+01
4.587005956290200714e+01
4.587004944796954931e+01
4.587004291446891102e+01
4.587003251683162119e+01
4.587002610901915034e+01
4.587001972439415454e+01
4.587000982697112050e+01
4.587000347794528210e+01
4.586999317394110420e+01
4.586998683191131931e+01
4.586998051240810526e+01
4.586997070126347609e+01
4.586996441677317904e+01
4.586995420401359524e+01
4.586994792644738794e+01
4.586994167114395538e+01
4.586993194376881888e+01
4.586992572235006094e+01
4.586991604835448300e+01
4.586990986793162506e+01
4.586990370207242762e+01
4.586989410575844062e+01
4.586988798031068626e+01
4.586987843622924288e+01
4.586987234286993242e+01
4.586986285043968792e+01
4.586985679685831485e+01
4.586985075727609029e+01
4.586984134055111895e+01
4.586983533991041639e+01
4.586982596743764162e+01
4.586982000207113686e+01
4.586981404930796202e+01
4.586980476307597598e+01
4.586979884590937218e+01
4.586978960041324171e+01
4.586978372105276236e+01
4.586977452051159787e+01
4.586976867494966115e+01
4.586976284144902394e+01
4.586975372472444690e+01
4.586974792571031401e+01
4.586973884874373653e+01
4.586973308614048506e+01
4.586972733176327210e+01
4.586971833255418574e+01
4.586971261404394795e+01
4.586970365768351598e+01
4.586969797155295225e+01
4.586968906505450150e+01
4.586968341545899364e+01
4.586967777359541287e+01
4.586966893479900165e+01
4.586966332799462975e+01
4.586965453069111476e+01
4.586964895470630665e+01
4.586964339885056319e+01
4.586963467139132433e+01
4.586962913824145005e+01
4.586962045477339700e+01
4.586961497925661035e+01
4.586960637460550316e+01
4.586960092916498866e+01
