3.580409848307969867e+01
3.560063563502156114e+01
3.538943591676105882e+01
3.525785355936055510e+01
3.510623728387275833e+01
3.492984409315525340e+01
3.477961991910522244e+01
3.468863470508163971e+01
3.461536408365807205e+01
3.455387835033912580e+01
3.443512871777027584e+01
3.438893244306440522e+01
3.430034575695223964e+01
3.426920223582837366e+01
3.422161102419356382e+01
3.417014597322707914e+01
3.409572563386782917e+01
3.405600178472022321e+01
3.399749985909791405e+01
3.397454801881462316e+01
3.391370793317046406e+01
3.384572053766894584e+01
3.378652387480683927e+01
3.374780902030747143e+01
3.366655633736226605e+01
3.358130453947256910e+01
3.353340765307326876e+01
3.347716010705900658e+01
3.343978550137057226e+01
3.338611102626603611e+01
3.335384586570291532e+01
3.329213483052338063e+01
3.325201502565189315e+01
3.320746653579053032e+01
3.317432725921571546e+01
3.312775127482341730e+01
3.311702294263726287e+01
3.305055936041384967e+01
3.303426627492081735e+01
3.299605651255772187e+01
3.294567691632759932e+01
3.293522416671919473e+01
3.289618327013520371e+01
3.287208013761942738e+01
3.284430148669416383e+01
3.283131613731298160e+01
3.279561832552809619e+01
3.277842969016057140e+01
3.275667369388934702e+01
3.273445429806414353e+01
3.271397160788629321e+01
3.270007496185030504e+01
3.267730111147935190e+01
3.266624437466575870e+01
3.265039376439663954e+01
3.264175824146911964e+01
3.262503255032812888e+01
3.262041543563840662e+01
3.261367460837032439e+01
3.259619542545837589e+01
3.258197563698868038e+01
3.257002470594169097e+01
3.256121785007114511e+01
3.255224165130155001e+01
3.253837672173445128e+01
3.253271011726022266e+01
3.252161650370265278e+01
3.251743881010293080e+01
3.251410756600747476e+01
3.251493055521443409e+01
3.251493055521443409e+01
3.251493055521443409e+01
3.251493055521443409e+01
3.251493055521443409e+01
3.251493055521443409e+01
3.251493055521443409e+01
3.251493055521443409e+01
3.251493055521443409e+01
3.251493055521443409e+01
3.251493055521443409e+01
3.251493055521443409e+01
3.251493055521443409e+01
3.251493055521443409e+01
3.251493055521443409e+01
3.251493055521443409e+01
3.251493055521443409e+01
3.251493055521443409e+01
3.251493055521443409e+01
3.251493055521443409e+01
3.251493055521443409e+01
3.251493055521443409e+01
3.251493055521443409e+01
3.251493055521443409e+01
3.251493055521443409e+01
3.251493055521443409e+01
3.251493055521443409e+01
3.251493055521443409e+01
3.251493055521443409e+01
3.251493055521443409e+01
3.251493055521443409e+01
3.261733150008941351e+01
3.268658201602124080e+01
3.273384712879604308e+01
3.277565698579131492e+01
3.278883638297472203e+01
3.279227734612216238e+01
3.281743902211345443e+01
3.282682487231112134e+01
3.285411518085792437e+01
3.286462833021860064e+01
3.288380487935582863e+01
3.289552181923802721e+01
3.291326466980721932e+01
3.294385477304099652e+01
3.294567604541175854e+01
3.296766378236163320e+01
3.298487995658300065e+01
3.299388212624735672e+01
3.299964593440645899e+01
3.300969234214494463e+01
3.303889637606381058e+01
3.304739394781076811e+01
3.306090823301295245e+01
3.306760843124603610e+01
3.307698206109527206e+01
3.309684345978754294e+01
3.309270132342574300e+01
3.311130775623080780e+01
3.311046499124975639e+01
3.311921816949990216e+01
3.313560642002427414e+01
3.313711763851386394e+01
3.315187143259805680e+01
3.314987526512508254e+01
3.315954737331600199e+01
3.317311896231902324e+01
3.317912552440774476e+01
3.318695928889041369e+01
3.318916912576884926e+01
3.319613105496169680e+01
3.321157077337237240e+01
3.321207767959122492e+01
3.321968232141273347e+01
3.322086789221289393e+01
3.322748007290242356e+01
3.324020035037288778e+01
3.324513803563304748e+01
3.325156187743181135e+01
3.324853299343376278e+01
3.326297198559961288e+01
3.327471860276476434e+01
3.327274119690761012e+01
3.327996061721325560e+01
3.327577501338041088e+01
3.328519297750214889e+01
3.328201755604081313e+01
3.329074370219636592e+01
3.329074370219636592e+01
3.329074370219636592e+01
3.329074370219636592e+01
3.329074370219636592e+01
3.329074370219636592e+01
3.329074370219636592e+01
3.329074370219636592e+01
3.329074370219636592e+01
3.329074370219636592e+01
3.329074370219636592e+01
3.329074370219636592e+01
3.329074370219636592e+01
3.329074370219636592e+01
3.329074370219636592e+01
3.329074370219636592e+01
3.329074370219636592e+01
3.329074370219636592e+01
3.329074370219636592e+01
3.329074370219636592e+01
3.329074370219636592e+01
3.329074370219636592e+01
3.329074370219636592e+01
3.329074370219636592e+01
3.329074370219636592e+01
3.329074370219636592e+01
3.329074370219636592e+01
3.329074370219636592e+01
3.329074370219636592e+01
3.329074370219636592e+01
3.329074370219636592e+01
3.329074370219636592e+01
3.329074370219636592e+01
3.329074370219636592e+01
3.329074370219636592e+01
3.329074370219636592e+01
3.329074370219636592e+01
3.329074370219636592e+01
3.329074370219636592e+01
3.329074370219636592e+01
3.329074370219636592e+01
3.329074370219636592e+01
3.329074370219636592e+01
3.329074370219636592e+01
3.329873653038336556e+01
3.330761068170848205e+01
3.332178092714786999e+01
3.332866943235445945e+01
3.334307392420338090e+01
3.334710662488504340e+01
3.335988217386765342e+01
3.336433943211169861e+01
3.336990953458792575e+01
3.337627264419087680e+01
3.337590982897514635e+01
3.338502783022204312e+01
3.338398171865441810e+01
3.338714087439824141e+01
3.338897748934219578e+01
3.338823740785058192e+01
3.339521389641753046e+01
3.339645407253362919e+01
3.340180522682383923e+01
3.340329446584875228e+01
3.340229657768716010e+01
3.340471713486787309e+01
3.340758687816207839e+01
3.340789392701034899e+01
3.341156538258767483e+01
3.340921687424972930e+01
3.341250453362202677e+01
3.341328338758995642e+01
3.341328338758995642e+01
3.341328338758995642e+01
3.341243662661980807e+01
3.341737952653700461e+01
3.341698096760686099e+01
3.341698096760686099e+01
3.341698096760686099e+01
3.341470149520891653e+01
3.342036079456981668e+01
3.342170788563527140e+01
3.342761034354568039e+01
3.342761618147834923e+01
3.342844399535337629e+01
3.343226491926237287e+01
3.343280013843624232e+01
3.343280013843624232e+01
3.343280013843624232e+01
3.343095729431393437e+01
3.343488195447089595e+01
3.343488195447089595e+01
3.343488195447089595e+01
3.343488195447089595e+01
3.343209614400580421e+01
3.343599555549401714e+01
3.343599555549401714e+01
3.343599555549401714e+01
3.343599555549401714e+01
3.343599555549401714e+01
3.343599555549401714e+01
3.343599555549401714e+01
3.343599555549401714e+01
3.343599555549401714e+01
3.343599555549401714e+01
3.343599555549401714e+01
3.343599555549401714e+01
3.343599555549401714e+01
3.343599555549401714e+01
3.343599555549401714e+01
3.343599555549401714e+01
3.343599555549401714e+01
3.343599555549401714e+01
3.343599555549401714e+01
3.343599555549401714e+01
3.343599555549401714e+01
3.343599555549401714e+01
3.343599555549401714e+01
3.343599555549401714e+01
3.343599555549401714e+01
3.343599555549401714e+01
3.343599555549401714e+01
3.343599555549401714e+01
3.343599555549401714e+01
3.343599555549401714e+01
3.343599555549401714e+01
3.343599555549401714e+01
3.343599555549401714e+01
3.343599555549401714e+01
3.343599555549401714e+01
3.343599555549401714e+01
3.343599555549401714e+01
3.343599555549401714e+01
3.343599555549401714e+01
3.343599555549401714e+01
3.343599555549401714e+01
3.343599555549401714e+01
3.343599555549401714e+01
3.343599555549401714e+01
3.343599555549401714e+01
3.343599555549401714e+01
3.343599555549401714e+01
3.343599555549401714e+01
3.343599555549401714e+01
3.342099155719960635e+01
3.342875413163071130e+01
3.343247578674535703e+01
3.343608478646762450e+01
3.344618636383796684e+01
3.345366572893338741e+01
3.346171182600831884e+01
3.346626309381302633e+01
3.347748314284120852e+01
3.348110119083938940e+01
3.348471941136899943e+01
3.348661345413346169e+01
3.349934410892130643e+01
3.349979028575678797e+01
3.350945099296762919e+01
3.350886887513976120e+01
3.350886887513976120e+01
3.350886887513976120e+01
3.350886887513976120e+01
3.350886887513976120e+01
3.351262491151428691e+01
3.351371450501068949e+01
3.351371450501068949e+01
3.351371450501068949e+01
3.351371450501068949e+01
3.351553575240981786e+01
3.351553575240981786e+01
3.351553575240981786e+01
3.351553575240981786e+01
3.351553575240981786e+01
3.351951333664748489e+01
3.352274080412155399e+01
3.352274080412155399e+01
3.352274080412155399e+01
3.352274080412155399e+01
3.352189737647940149e+01
3.352189737647940149e+01
3.352189737647940149e+01
3.352189737647940149e+01
3.352189737647940149e+01
3.352375976012083214e+01
3.352367620135997583e+01
3.352367620135997583e+01
3.352367620135997583e+01
3.352367620135997583e+01
3.352735264670285176e+01
3.353063570755647760e+01
3.353063570755647760e+01
3.353063570755647760e+01
3.353063570755647760e+01
3.353139629831217405e+01
3.353202143982031913e+01
3.353202143982031913e+01
3.353202143982031913e+01
3.353202143982031913e+01
3.353202143982031913e+01
3.353202143982031913e+01
3.353202143982031913e+01
3.353202143982031913e+01
3.353202143982031913e+01
3.353202143982031913e+01
3.353202143982031913e+01
3.353202143982031913e+01
3.353202143982031913e+01
3.353202143982031913e+01
3.353202143982031913e+01
3.353202143982031913e+01
3.353202143982031913e+01
3.353202143982031913e+01
3.353202143982031913e+01
3.353202143982031913e+01
3.353202143982031913e+01
3.353202143982031913e+01
3.353202143982031913e+01
3.353202143982031913e+01
3.353202143982031913e+01
3.353202143982031913e+01
3.353202143982031913e+01
3.353202143982031913e+01
3.353202143982031913e+01
3.353202143982031913e+01
3.353202143982031913e+01
3.353202143982031913e+01
3.353202143982031913e+01
3.353202143982031913e+01
3.353202143982031913e+01
3.353202143982031913e+01
3.353202143982031913e+01
3.353202143982031913e+01
3.353202143982031913e+01
3.353202143982031913e+01
3.353202143982031913e+01
3.353202143982031913e+01
3.353202143982031913e+01
3.353202143982031913e+01
3.353202143982031913e+01
3.353202143982031913e+01
3.353202143982031913e+01
3.353202143982031913e+01
3.353202143982031913e+01
3.350772415603304921e+01
3.350945222447067806e+01
3.351780406479722529e+01
3.351837579438888071e+01
3.352343819422820559e+01
3.352489086425239861e+01
3.353299556697045603e+01
3.353360355077705179e+01
3.353447117769036367e+01
3.353699154157477835e+01
3.353725009878089480e+01
3.353657793164079948e+01
3.353657793164079948e+01
3.353657793164079948e+01
3.353657793164079948e+01
3.353922762888701925e+01
3.354097917549539432e+01
3.354204514358177391e+01
3.354204514358177391e+01
3.354204514358177391e+01
3.354243920760153230e+01
3.354254689238558029e+01
3.354279826560566846e+01
3.354279826560566846e+01
3.354279826560566846e+01
3.354193509900576231e+01
3.354193509900576231e+01
3.354193509900576231e+01
3.354193509900576231e+01
3.354193509900576231e+01
3.354876850455321602e+01
3.354751900612950521e+01
3.354743143335825550e+01
3.354743143335825550e+01
3.354743143335825550e+01
3.354891426273752586e+01
3.354891426273752586e+01
3.354891426273752586e+01
3.354891426273752586e+01
3.354891426273752586e+01
3.354888237665697659e+01
3.354889773238838302e+01
3.354889773238838302e+01
3.354889773238838302e+01
3.354889773238838302e+01
3.354885093852175970e+01
3.354885093852175970e+01
3.354885093852175970e+01
3.354885093852175970e+01
3.354885093852175970e+01
3.354883157527270043e+01
3.354883157527270043e+01
3.354883157527270043e+01
3.354883157527270043e+01
3.354883157527270043e+01
3.354883157527270043e+01
3.354883157527270043e+01
3.354883157527270043e+01
3.354883157527270043e+01
3.354883157527270043e+01
3.354883157527270043e+01
3.354883157527270043e+01
3.354883157527270043e+01
3.354883157527270043e+01
3.354883157527270043e+01
3.354883157527270043e+01
3.354883157527270043e+01
3.354883157527270043e+01
3.354883157527270043e+01
3.354883157527270043e+01
3.354883157527270043e+01
3.354883157527270043e+01
3.354883157527270043e+01
3.354883157527270043e+01
3.354883157527270043e+01
3.354883157527270043e+01
3.354883157527270043e+01
3.354883157527270043e+01
3.354883157527270043e+01
3.354883157527270043e+01
3.354883157527270043e+01
3.354883157527270043e+01
3.354883157527270043e+01
3.354883157527270043e+01
3.354883157527270043e+01
3.354883157527270043e+01
3.354883157527270043e+01
3.354883157527270043e+01
3.354883157527270043e+01
3.354883157527270043e+01
3.354883157527270043e+01
3.354883157527270043e+01
3.354883157527270043e+01
3.354883157527270043e+01
3.354883157527270043e+01
3.354883157527270043e+01
3.354883157527270043e+01
3.354883157527270043e+01
3.354883157527270043e+01
3.354883157527270043e+01
