3.833490434872259129e+02
3.799533284964253994e+02
3.770816422914260784e+02
3.761962183729514209e+02
3.755877903125571038e+02
3.747819409798411812e+02
3.733754966321322399e+02
3.726266998268862380e+02
3.720929113955969569e+02
3.714221338725649275e+02
3.704492300330014700e+02
3.688981752871783328e+02
3.682760586917563614e+02
3.678853569524653722e+02
3.673241394331309948e+02
3.671174257982696645e+02
3.657361535408309123e+02
3.652309112831100606e+02
3.644765601757374043e+02
3.641809975207183925e+02
3.642847528310583129e+02
3.623923101478918625e+02
3.614720625641801917e+02
3.608400614241564881e+02
3.602113054553567508e+02
3.600196702474568156e+02
3.584485467772267953e+02
3.575605739959373750e+02
3.560354539180771098e+02
3.551812557586434878e+02
3.539921208294696271e+02
3.493748174970089622e+02
3.458878428358343626e+02
3.426043254505656250e+02
3.402631374328267952e+02
3.383147992094201868e+02
3.364950802959335761e+02
3.359402825760555515e+02
3.342428041171750692e+02
3.342738281919221777e+02
3.347711896533705840e+02
3.340288130099341970e+02
3.331130271256174638e+02
3.321203525473224545e+02
3.309307354871480129e+02
3.314516311745669555e+02
3.269673886554349451e+02
3.260632651960905832e+02
3.229436326530462793e+02
3.236241499933556724e+02
3.219113983986011363e+02
3.214435514405541880e+02
3.187419465770758507e+02
3.185706799377266520e+02
3.163132716566473732e+02
3.162580494983047856e+02
3.136145167107362681e+02
3.144066501605068424e+02
3.119843176218332701e+02
3.128950610502405425e+02
3.104388745028276162e+02
3.113723510264837842e+02
3.097665986429390159e+02
3.105818009985856634e+02
3.083634583789312273e+02
3.095063055814420068e+02
3.094827722577242639e+02
3.094981576252685045e+02
3.088341825633015105e+02
3.088153445111088899e+02
3.088195539456631877e+02
3.087803167797056858e+02
3.087652545679965215e+02
3.087758465573066928e+02
3.087737392656567863e+02
3.087737564191329511e+02
3.087736184457282889e+02
3.087757687645932947e+02
3.087757687645932947e+02
3.087757687645932947e+02
3.087757687645932947e+02
3.087757687645932947e+02
3.087757687645932947e+02
3.087757687645932947e+02
3.087757687645932947e+02
3.087757687645932947e+02
3.087757687645932947e+02
3.087757687645932947e+02
3.087757687645932947e+02
3.087757687645932947e+02
3.087757687645932947e+02
3.087757687645932947e+02
3.087757687645932947e+02
3.087757687645932947e+02
3.087757687645932947e+02
3.087757687645932947e+02
3.087757687645932947e+02
3.087757687645932947e+02
3.087757687645932947e+02
3.087757687645932947e+02
3.012177026646937748e+02
2.968361560627714653e+02
2.952170270690105554e+02
2.950033520158571037e+02
2.933811223248474107e+02
2.939983774447551923e+02
2.930741437187829206e+02
2.937815015572263064e+02
2.930172645729237502e+02
2.937901719974756816e+02
2.929741562644518922e+02
2.935833234084534524e+02
2.930869350739407082e+02
2.932540023745071949e+02
2.929296626994797634e+02
2.922559711634485211e+02
2.924106341131064823e+02
2.919181808223449366e+02
2.919653225959249312e+02
2.916338902965152329e+02
2.916962487268943960e+02
2.913634765933228437e+02
2.912330785584665591e+02
2.910763137936504563e+02
2.910086660998237562e+02
2.906253419413462211e+02
2.906728172738502280e+02
2.906860926491100372e+02
2.906385798356099599e+02
2.906332806523955696e+02
2.906017582550402949e+02
2.906090231086824360e+02
2.905996473906453730e+02
2.906006039721922889e+02
2.905935935339065850e+02
2.905943620647398120e+02
2.905950192190533699e+02
2.905928311761723535e+02
2.905970811121413249e+02
2.905899137222234003e+02
2.905883395352563525e+02
2.905875819903234287e+02
2.905890466088605422e+02
2.905844043742408189e+02
2.905852204612955347e+02
2.905832534085322436e+02
2.905841648034519267e+02
2.905786559278594723e+02
2.905849927253875649e+02
2.905799527920315768e+02
2.905794209887611714e+02
2.905769230218973007e+02
2.905745411043553759e+02
2.905766747045298644e+02
2.905745100945199511e+02
2.905758272965833839e+02
2.905727630006667823e+02
2.905710408881386684e+02
2.905727080452292057e+02
2.905664708030223551e+02
2.905711924199007399e+02
2.905679682506167865e+02
2.905681861322161694e+02
2.905638722485205108e+02
2.905661334049464131e+02
2.905598303337563948e+02
2.905643486020956061e+02
2.905649994083476031e+02
2.905605334180398813e+02
2.905595129053925803e+02
2.905624778185346031e+02
2.905585685485995100e+02
2.905601642103458744e+02
2.905582120770088750e+02
2.905601675743083661e+02
2.905573009259695141e+02
2.905613006354262211e+02
2.905595205773430507e+02
2.905571345610647995e+02
2.905595050663639540e+02
2.905519723814196595e+02
2.905570442626225258e+02
2.905520667343569130e+02
2.905573082852553171e+02
2.905515803005336011e+02
2.905549015856133792e+02
2.905554622121291004e+02
2.905541077378759951e+02
2.905517650402177878e+02
2.905503978673955316e+02
2.905509569028963597e+02
2.905498333070144099e+02
2.905511174858498293e+02
2.905489662411792438e+02
2.905518446829213985e+02
2.905474208239354539e+02
2.905524498497249510e+02
2.905496657291794236e+02
2.905492679753222660e+02
2.905504153715017992e+02
2.892289066690262871e+02
2.892414300246181256e+02
2.893790334379921205e+02
2.891286732585147092e+02
2.892659247036771148e+02
2.889305846627663641e+02
2.889946240647676632e+02
2.889451439933114898e+02
2.889692521448552043e+02
2.889707938154182330e+02
2.888601684523326867e+02
2.888367579426456473e+02
2.888377691499423463e+02
2.888394989144428564e+02
2.888309581630249454e+02
2.888284040004855342e+02
2.887962292615147817e+02
2.887487663768583843e+02
2.887932549659616370e+02
2.888076226044826171e+02
2.888269476409395793e+02
2.888249084937646103e+02
2.887104189441198514e+02
2.888079889961649087e+02
2.888013609952452043e+02
2.887870819941429090e+02
2.887859963031394273e+02
2.887806064687060825e+02
2.887803959289866498e+02
2.887752078968077853e+02
2.887760203466044686e+02
2.887721579545297459e+02
2.887447813540795778e+02
2.887508168659317107e+02
2.887498906924578250e+02
2.887615839563820259e+02
2.887600155308131207e+02
2.887599134757296042e+02
2.887594958719658393e+02
2.887629391240335508e+02
2.887612539914322269e+02
2.887617094528430357e+02
2.887683920246096250e+02
2.887648394809195338e+02
2.887654029536342932e+02
2.887633542616254658e+02
2.887637505143687804e+02
2.887644611702694988e+02
2.887635104230777188e+02
2.887645238113017285e+02
2.887620075488930524e+02
2.887634114337395772e+02
2.887635326972452390e+02
2.887627099219378692e+02
2.887671370412824672e+02
2.887667831814369492e+02
2.887618598254097151e+02
2.887660387264604651e+02
2.887618179439795085e+02
2.887650692638686678e+02
2.887642035550893524e+02
2.887645653892340079e+02
2.887646807486287344e+02
2.887628481781790697e+02
2.887648542108922811e+02
2.887633951141912689e+02
2.887644774591934151e+02
2.887644288867082309e+02
2.887657101032976925e+02
2.887638572169232702e+02
2.887652843832279359e+02
2.887628689720303896e+02
2.887668954783370623e+02
2.887657458342374639e+02
2.887633874135917722e+02
2.887668723141582063e+02
2.887633796086785765e+02
2.887649196358514132e+02
2.887631153905336419e+02
2.887667396429253586e+02
2.887563222492823911e+02
2.887634114519379978e+02
2.887626483178464127e+02
2.887645448201591307e+02
2.887626818172176968e+02
2.887653598725042912e+02
2.887637525177113957e+02
2.887613534415108916e+02
2.887641351109219272e+02
2.887619992782250620e+02
2.887648303637208755e+02
2.887610271360590559e+02
2.887619530474218550e+02
2.887630990909071897e+02
2.887612587989625581e+02
2.887627040076771436e+02
2.887603094793753371e+02
2.887636242715947219e+02
2.887609910541902991e+02
2.887641479625779084e+02
2.888783520440209713e+02
2.894344915558533557e+02
2.892170660359809631e+02
2.896892964930901826e+02
2.896528375358356016e+02
2.897543539386820157e+02
2.897499739637028142e+02
2.897505144240626578e+02
2.897505062735386900e+02
2.897496374948268567e+02
2.897849087722246963e+02
2.901735656064805084e+02
2.902056018509437081e+02
2.902022254516365933e+02
2.902012179276928805e+02
2.902045163664612346e+02
2.902028378994341438e+02
2.903869929921652329e+02
2.904268171098378275e+02
2.904264557873001422e+02
2.904255992097022840e+02
2.904240897863735427e+02
2.905471037074918854e+02
2.905749913120318979e+02
2.905742516572183831e+02
2.905722117353143403e+02
2.905735503167231286e+02
2.905732040467621573e+02
2.905746129588148960e+02
2.905747703160387232e+02
2.905744462087070588e+02
2.905755642036101563e+02
2.905745426610804998e+02
2.905750646208917374e+02
2.905750881652411977e+02
2.905765463442916712e+02
2.905769325647817141e+02
2.905752557700271836e+02
2.905797490059846950e+02
2.905776328171480714e+02
2.905775309638060548e+02
2.905784021046735575e+02
2.905780538081600071e+02
2.905790093303741060e+02
2.905770230750745213e+02
2.905797319775693950e+02
2.905792104718074711e+02
2.905799414749155289e+02
2.905805997468133910e+02
2.905805077934154497e+02
2.905848322853828449e+02
2.905839050557589189e+02
2.905824520352060745e+02
2.905829807691005158e+02
2.905821447738409233e+02
2.905829152542061138e+02
2.905835600171807300e+02
2.905840096481761634e+02
2.905846536599593719e+02
2.905843980478011872e+02
2.905859221686670253e+02
2.905853784368052857e+02
2.905855050616502240e+02
2.905854081484301901e+02
2.905854823007635446e+02
2.905865335515737797e+02
2.905875771595843844e+02
2.905893078964085134e+02
2.905880912749644835e+02
2.905896270071056620e+02
2.905899723750397357e+02
2.905898155196408084e+02
2.905897158678498045e+02
2.905906417367991139e+02
2.905920732543626173e+02
2.905930218586806859e+02
2.905924595974221347e+02
2.905924963497485578e+02
2.905920234456496019e+02
2.905924529972111259e+02
2.905935748992138770e+02
2.905951200375390044e+02
2.905919585538832166e+02
2.905939939276003088e+02
2.905949650498611163e+02
2.905945072710322847e+02
2.905942844015875153e+02
2.905953424421091995e+02
2.905955240744519870e+02
2.906014248149540435e+02
2.905978381512013584e+02
2.905995395615531152e+02
2.905970473972881791e+02
2.905978454100636554e+02
2.905972390784081654e+02
2.905980901133569887e+02
2.905980710446725652e+02
2.905998102545202073e+02
2.905983370448896039e+02
2.905984876879821286e+02
2.905458930022565482e+02
2.906270593043698227e+02
2.910897831627786445e+02
2.911086036451383166e+02
2.911075467947149491e+02
2.914051647328568606e+02
2.914098909415070580e+02
2.914045537367439351e+02
2.914069208956129842e+02
2.914050795969100136e+02
2.913988674525172655e+02
2.915837128290623923e+02
2.915863785625548417e+02
2.915838526885753481e+02
2.915826193461612661e+02
2.915826583368566389e+02
2.915831610334422521e+02
2.918483894681010042e+02
2.919193718644274327e+02
2.919237327717246444e+02
2.919166526978131628e+02
2.919192028899818752e+02
2.919199885550029876e+02
2.919195090594840281e+02
2.919196998858036523e+02
2.919197366250838286e+02
2.919590375691800546e+02
2.919590009047689136e+02
2.919594778630622613e+02
2.919593325529700678e+02
2.921254727493025030e+02
2.923017172474196741e+02
2.922970634830332415e+02
2.922977605045939526e+02
2.922972065831070267e+02
2.922959016999686810e+02
2.922940729599312704e+02
2.922937511726680668e+02
2.924252523243613950e+02
2.924266418722319258e+02
2.924223249570265466e+02
2.924237490172409935e+02
2.924242800531596345e+02
2.924242440866937613e+02
2.924247190558863849e+02
2.924242056423620397e+02
2.924243139847828843e+02
2.924245169840232847e+02
2.924238584874150320e+02
2.924509624536623278e+02
2.924518577209356067e+02
2.924515020773087599e+02
2.924521282693985995e+02
2.924534895581151090e+02
2.924541681381260787e+02
2.924535784202267905e+02
2.924572009213619594e+02
2.924567536950437443e+02
2.924578691421877465e+02
2.924579893790344727e+02
2.924582030952706759e+02
2.924580510653938745e+02
2.924585037778727497e+02
2.924586612693309462e+02
2.924589041008614458e+02
2.924581971946136036e+02
2.924593121863308625e+02
2.924586099476819072e+02
2.924600057442852403e+02
2.924597269589158373e+02
2.924617086761994642e+02
2.924638139064998086e+02
2.924638461120334796e+02
2.924628690076184512e+02
2.924639207393659035e+02
2.924638319957462045e+02
2.924635979164460196e+02
2.924641876675865433e+02
2.924627416767490331e+02
2.924642106410664155e+02
2.924648765053212855e+02
2.924636605879023818e+02
2.924645309897571224e+02
2.924661369881434894e+02
2.924665612303044782e+02
2.924674485796513181e+02
2.924684869150262330e+02
2.924686332791540622e+02
2.924684167235595851e+02
2.924701795519663392e+02
2.924687099454686745e+02
2.924701307237443189e+02
2.924703785471815536e+02
2.924736339818859392e+02
2.924732296214998541e+02
2.924735694562327240e+02
2.924726952794276258e+02
2.924733823040421612e+02
2.924731394499327735e+02
2.924737198814603971e+02
