4.416410742079415996e+01
4.354797366827615690e+01
4.314745645769237115e+01
4.290927544071525546e+01
4.277974818545925473e+01
4.269466666994611614e+01
4.242038961152697141e+01
4.225227600027788100e+01
4.212349004242415873e+01
4.197710338523529572e+01
4.194280761892821374e+01
4.188192899235019695e+01
4.179882829595225502e+01
4.177134976163487323e+01
4.170112504788717445e+01
4.167153238073149168e+01
4.155804125778336555e+01
4.151143550311819297e+01
4.144470486535829679e+01
4.140652568305806369e+01
4.134247910289063555e+01
4.121927819342545973e+01
4.119198680286535819e+01
4.111955317989863090e+01
4.111962927427740766e+01
4.104554466211412489e+01
4.094469922094926773e+01
4.093956005563688194e+01
4.090319003907514883e+01
4.089199622133990886e+01
4.081934797845088525e+01
4.075544492519787809e+01
4.074682313530272637e+01
4.074682313530272637e+01
4.074682313530272637e+01
4.068766972032581464e+01
4.065326497217102286e+01
4.062128523992278417e+01
4.061800865918222314e+01
4.061800865918222314e+01
4.057380014369462629e+01
4.058262280584825987e+01
4.058262280584825987e+01
4.058262280584825987e+01
4.058262280584825987e+01
4.053355207084932488e+01
4.050635793922840833e+01
4.049277447075300529e+01
4.049277447075300529e+01
4.049277447075300529e+01
4.043405640195149431e+01
4.044620057267579227e+01
4.043812937668489127e+01
4.043812937668489127e+01
4.043812937668489127e+01
4.043812937668489127e+01
4.043812937668489127e+01
4.043812937668489127e+01
4.043812937668489127e+01
4.043812937668489127e+01
4.043812937668489127e+01
4.043812937668489127e+01
4.043812937668489127e+01
4.043812937668489127e+01
4.043812937668489127e+01
4.043812937668489127e+01
4.043812937668489127e+01
4.043812937668489127e+01
4.043812937668489127e+01
4.043812937668489127e+01
4.043812937668489127e+01
4.043812937668489127e+01
4.043812937668489127e+01
4.043812937668489127e+01
4.043812937668489127e+01
4.043812937668489127e+01
4.043812937668489127e+01
4.043812937668489127e+01
4.043812937668489127e+01
4.043812937668489127e+01
4.043812937668489127e+01
4.043812937668489127e+01
4.043812937668489127e+01
4.043812937668489127e+01
4.043812937668489127e+01
4.043812937668489127e+01
4.043812937668489127e+01
4.043812937668489127e+01
4.043812937668489127e+01
4.043812937668489127e+01
4.043812937668489127e+01
4.043812937668489127e+01
4.043812937668489127e+01
4.043812937668489127e+01
4.043812937668489127e+01
4.043812937668489127e+01
4.043812937668489127e+01
4.043812937668489127e+01
4.043812937668489127e+01
4.043812937668489127e+01
4.057802199685790612e+01
4.056582938611386879e+01
4.065128044450732148e+01
4.065437806385484976e+01
4.063774003802835466e+01
4.072503521542756033e+01
4.072503521542756033e+01
4.072503521542756033e+01
4.072503521542756033e+01
4.072503521542756033e+01
4.070275453273380606e+01
4.075549354688139658e+01
4.075446754467721178e+01
4.075446754467721178e+01
4.075446754467721178e+01
4.075502453417810500e+01
4.075502453417810500e+01
4.075502453417810500e+01
4.075502453417810500e+01
4.075502453417810500e+01
4.078369186381117117e+01
4.078254269802189924e+01
4.078254269802189924e+01
4.078254269802189924e+01
4.078254269802189924e+01
4.078124675430190393e+01
4.078124675430190393e+01
4.078124675430190393e+01
4.078124675430190393e+01
4.078124675430190393e+01
4.078124672491559011e+01
4.078124672491559011e+01
4.078124672491559011e+01
4.078124672491559011e+01
4.078124672491559011e+01
4.078124669552929049e+01
4.078124669552929049e+01
4.078124669552929049e+01
4.078124669552929049e+01
4.078124669552929049e+01
4.078393779295809196e+01
4.078393779295809196e+01
4.078393779295809196e+01
4.078393779295809196e+01
4.078393779295809196e+01
4.078749106416866255e+01
4.078749106416866255e+01
4.078749106416866255e+01
4.078749106416866255e+01
4.078749106416866255e+01
4.078757632410835754e+01
4.078757632410835754e+01
4.078757632410835754e+01
4.078757632410835754e+01
4.078757632410835754e+01
4.078757632410835754e+01
4.078757632410835754e+01
4.078757632410835754e+01
4.078757632410835754e+01
4.078757632410835754e+01
4.078757632410835754e+01
4.078757632410835754e+01
4.078757632410835754e+01
4.078757632410835754e+01
4.078757632410835754e+01
4.078757632410835754e+01
4.078757632410835754e+01
4.078757632410835754e+01
4.078757632410835754e+01
4.078757632410835754e+01
4.078757632410835754e+01
4.078757632410835754e+01
4.078757632410835754e+01
4.078757632410835754e+01
4.078757632410835754e+01
4.078757632410835754e+01
4.078757632410835754e+01
4.078757632410835754e+01
4.078757632410835754e+01
4.078757632410835754e+01
4.078757632410835754e+01
4.078757632410835754e+01
4.078757632410835754e+01
4.078757632410835754e+01
4.078757632410835754e+01
4.078757632410835754e+01
4.078757632410835754e+01
4.078757632410835754e+01
4.078757632410835754e+01
4.078757632410835754e+01
4.078757632410835754e+01
4.078757632410835754e+01
4.078757632410835754e+01
4.078757632410835754e+01
4.078757632410835754e+01
4.078757632410835754e+01
4.078757632410835754e+01
4.078757632410835754e+01
4.078757632410835754e+01
4.078757632410835754e+01
4.078336071739346380e+01
4.078336071739346380e+01
4.078336071739346380e+01
4.078336071739346380e+01
4.078336071739346380e+01
4.078336068800518888e+01
4.078336068800518888e+01
4.078336068800518888e+01
4.078336068800518888e+01
4.078336068800518888e+01
4.078336065861694237e+01
4.078336065861694237e+01
4.078336065861694237e+01
4.078336065861694237e+01
4.078336065861694237e+01
4.078336062922867455e+01
4.078336062922867455e+01
4.078336062922867455e+01
4.078336062922867455e+01
4.078336062922867455e+01
4.078336059984039963e+01
4.078336059984039963e+01
4.078336059984039963e+01
4.078336059984039963e+01
4.078336059984039963e+01
4.078336057045218155e+01
4.078336057045218155e+01
4.078336057045218155e+01
4.078336057045218155e+01
4.078336057045218155e+01
4.078336054106391373e+01
4.078336054106391373e+01
4.078336054106391373e+01
4.078336054106391373e+01
4.078336054106391373e+01
4.078336051167570275e+01
4.078336051167570275e+01
4.078336051167570275e+01
4.078336051167570275e+01
4.078336051167570275e+01
4.078336048228749178e+01
4.078336048228749178e+01
4.078336048228749178e+01
4.078336048228749178e+01
4.078336048228749178e+01
4.078336045289924527e+01
4.078336045289924527e+01
4.078336045289924527e+01
4.078336045289924527e+01
4.078336045289924527e+01
4.078336042351099167e+01
4.078336042351099167e+01
4.078336042351099167e+01
4.078336042351099167e+01
4.078336042351099167e+01
4.078336042351099167e+01
4.078336042351099167e+01
4.078336042351099167e+01
4.078336042351099167e+01
4.078336042351099167e+01
4.078336042351099167e+01
4.078336042351099167e+01
4.078336042351099167e+01
4.078336042351099167e+01
4.078336042351099167e+01
4.078336042351099167e+01
4.078336042351099167e+01
4.078336042351099167e+01
4.078336042351099167e+01
4.078336042351099167e+01
4.078336042351099167e+01
4.078336042351099167e+01
4.078336042351099167e+01
4.078336042351099167e+01
4.078336042351099167e+01
4.078336042351099167e+01
4.078336042351099167e+01
4.078336042351099167e+01
4.078336042351099167e+01
4.078336042351099167e+01
4.078336042351099167e+01
4.078336042351099167e+01
4.078336042351099167e+01
4.078336042351099167e+01
4.078336042351099167e+01
4.078336042351099167e+01
4.078336042351099167e+01
4.078336042351099167e+01
4.078336042351099167e+01
4.078336042351099167e+01
4.078336042351099167e+01
4.078336042351099167e+01
4.078336042351099167e+01
4.078336042351099167e+01
4.078336042351099167e+01
4.078336042351099167e+01
4.078336042351099167e+01
4.078336042351099167e+01
4.078336042351099167e+01
4.078336042351099167e+01
4.078330182935550141e+01
4.078330182935550141e+01
4.078330182935550141e+01
4.078330182935550141e+01
4.078330182935550141e+01
4.078330180841039976e+01
4.078330180841039976e+01
4.078330180841039976e+01
4.078330180841039976e+01
4.078330180841039976e+01
4.078330178746534784e+01
4.078330178746534784e+01
4.078330178746534784e+01
4.078330178746534784e+01
4.078330178746534784e+01
4.078330176652032435e+01
4.078330176652032435e+01
4.078330176652032435e+01
4.078330176652032435e+01
4.078330176652032435e+01
4.078330174557525822e+01
4.078330174557525822e+01
4.078330174557525822e+01
4.078330174557525822e+01
4.078330174557525822e+01
4.078330172463015657e+01
4.078330172463015657e+01
4.078330172463015657e+01
4.078330172463015657e+01
4.078330172463015657e+01
4.078330170368509755e+01
4.078330170368509755e+01
4.078330170368509755e+01
4.078330170368509755e+01
4.078330170368509755e+01
4.078330168274003142e+01
4.078330168274003142e+01
4.078330168274003142e+01
4.078330168274003142e+01
4.078330168274003142e+01
4.078330166179500793e+01
4.078330166179500793e+01
4.078330166179500793e+01
4.078330166179500793e+01
4.078330166179500793e+01
4.078330164084993470e+01
4.078330164084993470e+01
4.078330164084993470e+01
4.078330164084993470e+01
4.078330164084993470e+01
4.078330161990491831e+01
4.078330161990491831e+01
4.078330161990491831e+01
4.078330161990491831e+01
4.078330161990491831e+01
4.078330161990491831e+01
4.078330161990491831e+01
4.078330161990491831e+01
4.078330161990491831e+01
4.078330161990491831e+01
4.078330161990491831e+01
4.078330161990491831e+01
4.078330161990491831e+01
4.078330161990491831e+01
4.078330161990491831e+01
4.078330161990491831e+01
4.078330161990491831e+01
4.078330161990491831e+01
4.078330161990491831e+01
4.078330161990491831e+01
4.078330161990491831e+01
4.078330161990491831e+01
4.078330161990491831e+01
4.078330161990491831e+01
4.078330161990491831e+01
4.078330161990491831e+01
4.078330161990491831e+01
4.078330161990491831e+01
4.078330161990491831e+01
4.078330161990491831e+01
4.078330161990491831e+01
4.078330161990491831e+01
4.078330161990491831e+01
4.078330161990491831e+01
4.078330161990491831e+01
4.078330161990491831e+01
4.078330161990491831e+01
4.078330161990491831e+01
4.078330161990491831e+01
4.078330161990491831e+01
4.078330161990491831e+01
4.078330161990491831e+01
4.078330161990491831e+01
4.078330161990491831e+01
4.078330161990491831e+01
4.078330161990491831e+01
4.078330161990491831e+01
4.078330161990491831e+01
4.078330161990491831e+01
4.078330161990491831e+01
4.078281522864453734e+01
4.078281522864453734e+01
4.078281522864453734e+01
4.078281522864453734e+01
4.078281522864453734e+01
4.078281520747106725e+01
4.078281520747106725e+01
4.078281520747106725e+01
4.078281520747106725e+01
4.078281520747106725e+01
4.081535213159710906e+01
4.081535213159710906e+01
4.081535213159710906e+01
4.081535213159710906e+01
4.081535213159710906e+01
4.081518454555840947e+01
4.081518454555840947e+01
4.081518454555840947e+01
4.081518454555840947e+01
4.081518454555840947e+01
4.081518452388863238e+01
4.081518452388863238e+01
4.081518452388863238e+01
4.081518452388863238e+01
4.081518452388863238e+01
4.081518450221892635e+01
4.081518450221892635e+01
4.081518450221892635e+01
4.081518450221892635e+01
4.081518450221892635e+01
4.081518448054919190e+01
4.081518448054919190e+01
4.081518448054919190e+01
4.081518448054919190e+01
4.081518448054919190e+01
4.081518445887945745e+01
4.081518445887945745e+01
4.081518445887945745e+01
4.081518445887945745e+01
4.081518445887945745e+01
4.081518443720977984e+01
4.081518443720977984e+01
4.081518443720977984e+01
4.081518443720977984e+01
4.081518443720977984e+01
4.081518441554008092e+01
4.081518441554008092e+01
4.081518441554008092e+01
4.081518441554008092e+01
4.081518441554008092e+01
4.081518439387045305e+01
4.081518439387045305e+01
4.081518439387045305e+01
4.081518439387045305e+01
4.081518439387045305e+01
4.081518439387045305e+01
4.081518439387045305e+01
4.081518439387045305e+01
4.081518439387045305e+01
4.081518439387045305e+01
4.081518439387045305e+01
4.081518439387045305e+01
4.081518439387045305e+01
4.081518439387045305e+01
4.081518439387045305e+01
4.081518439387045305e+01
4.081518439387045305e+01
4.081518439387045305e+01
4.081518439387045305e+01
4.081518439387045305e+01
4.081518439387045305e+01
4.081518439387045305e+01
4.081518439387045305e+01
4.081518439387045305e+01
4.081518439387045305e+01
4.081518439387045305e+01
4.081518439387045305e+01
4.081518439387045305e+01
4.081518439387045305e+01
4.081518439387045305e+01
4.081518439387045305e+01
4.081518439387045305e+01
4.081518439387045305e+01
4.081518439387045305e+01
4.081518439387045305e+01
4.081518439387045305e+01
4.081518439387045305e+01
4.081518439387045305e+01
4.081518439387045305e+01
4.081518439387045305e+01
4.081518439387045305e+01
4.081518439387045305e+01
4.081518439387045305e+01
4.081518439387045305e+01
4.081518439387045305e+01
4.081518439387045305e+01
4.081518439387045305e+01
4.081518439387045305e+01
4.081518439387045305e+01
4.081518439387045305e+01
