3.683590511480514351e+02
3.583884164988442080e+02
3.521117775913789956e+02
3.471021171761207711e+02
3.451955233697107133e+02
3.426214567895403889e+02
3.397731913802030022e+02
3.375676092261447820e+02
3.352383732393097375e+02
3.340961159693890181e+02
3.335901944687680043e+02
3.319187461195151627e+02
3.307500343469976087e+02
3.293194337894898354e+02
3.282004287607561537e+02
3.263281670311775997e+02
3.246123276939901530e+02
3.231255402657212130e+02
3.221269864626063395e+02
3.193327837077320623e+02
3.172144420426350848e+02
3.159567197403312093e+02
3.137513069145194322e+02
3.122708860618723179e+02
3.110005237085634917e+02
3.104882466739544498e+02
3.084560771200142426e+02
3.072233218690718672e+02
3.042142069780688871e+02
3.017471198328120181e+02
3.028869823696089156e+02
2.940379100375425878e+02
2.945799033772631219e+02
2.863842554162127954e+02
2.884220402125655482e+02
2.950603939754986413e+02
2.927796397121921927e+02
2.931428800679081519e+02
2.909495819738240243e+02
2.918917541877740973e+02
2.927078260863087280e+02
2.947521085198225137e+02
2.914058987711653117e+02
2.938519531529842084e+02
2.907009675984874093e+02
2.963292336461624359e+02
2.938108427155801223e+02
2.969904323514188036e+02
2.927664288452819505e+02
2.926189711025724591e+02
2.997229615686394482e+02
2.950684433405306208e+02
2.961870610685360816e+02
2.961882663062524443e+02
2.962248509988731939e+02
2.962435099930225988e+02
2.962423103499390322e+02
2.962729895401316753e+02
2.962748767544659358e+02
2.962828391123864549e+02
2.962886243359979517e+02
2.963002886918296781e+02
2.962959279546489597e+02
2.962974780339205267e+02
2.963042069814217712e+02
2.962995325497286672e+02
2.963371108871231172e+02
2.963306581954025205e+02
2.963239529733849054e+02
2.963204901447015800e+02
2.963821858694813045e+02
2.963472414347140784e+02
2.963573078677600279e+02
2.963615578780844544e+02
2.963636977644413264e+02
2.963606895580890068e+02
2.963701227533244946e+02
2.963683134974382938e+02
2.963695559290630399e+02
2.963723286264781791e+02
2.963719361615407024e+02
2.963786249337648542e+02
2.963758810824707552e+02
2.963813436437004611e+02
2.963817846224080768e+02
2.963702742102987600e+02
2.963787684071565991e+02
2.964419345870232974e+02
2.964159790097123732e+02
2.964145681476472873e+02
2.963723818901958111e+02
2.963931750436120751e+02
2.964003294081475133e+02
2.964022673948220472e+02
2.964206238359573717e+02
2.964170322846399586e+02
2.964186066937388659e+02
2.964201139625721453e+02
2.964238569136531396e+02
2.964256253474461573e+02
2.830711568072690625e+02
2.844218626358154438e+02
2.841425593654046224e+02
2.834581368816516260e+02
2.829107655255535292e+02
2.832632947357362809e+02
2.832743269730964357e+02
2.833058690736077097e+02
2.833046317322190362e+02
2.833182804821731793e+02
2.834150269900504782e+02
2.834121194642244745e+02
2.852978877227116072e+02
2.848983815527507772e+02
2.849635993887328596e+02
2.850447207366736393e+02
2.850263105803669532e+02
2.850216951593001795e+02
2.850150565962152314e+02
2.850123369736317613e+02
2.850330405454903939e+02
2.850122786919309874e+02
2.850200296937140365e+02
2.850473815456076636e+02
2.850463097183920809e+02
2.850592240351583087e+02
2.850345176989355878e+02
2.850345195548975425e+02
2.850345213677633183e+02
2.850345231399032855e+02
2.850550402375009185e+02
2.850645285439953227e+02
2.850648709885005019e+02
2.850632946485347929e+02
2.850629903628253032e+02
2.850655274241544248e+02
2.850659296240872891e+02
2.850662351879717562e+02
2.850894843257550519e+02
2.850847192523961553e+02
2.850848571765347970e+02
2.850848096768856976e+02
2.850847931258011840e+02
2.850847415529655109e+02
2.850847372315981829e+02
2.850847375480427672e+02
2.850847283869018156e+02
2.850847199960143143e+02
2.850847116898141849e+02
2.850847038826436801e+02
2.850846975439761195e+02
2.850846941436178668e+02
2.850846908092796639e+02
2.850846875378139202e+02
2.850846843262988841e+02
2.850846811720314804e+02
2.850846669108983633e+02
2.850846514916303249e+02
2.850845869895586588e+02
2.850845831257536247e+02
2.850845793179336169e+02
2.850845756064064176e+02
2.850845718998661482e+02
2.850845682846444902e+02
2.850845647540076016e+02
2.850845613031207222e+02
2.850845579275849104e+02
2.850845546233708774e+02
2.850845513867685099e+02
2.850845482144017069e+02
2.850845451031325979e+02
2.850845420500571663e+02
2.850845390525118432e+02
2.850845361080206430e+02
2.850845332142718007e+02
2.850845303690728088e+02
2.850845275704538153e+02
2.850845248165763905e+02
2.850845221056069931e+02
2.850845194359239372e+02
2.850845168058519903e+02
2.850845142140574922e+02
2.850845116591615351e+02
2.850845091398632576e+02
2.850767319938803439e+02
2.850855721246192616e+02
2.850342386401711110e+02
2.850726703149380228e+02
2.850451129858311106e+02
2.850508047374292460e+02
2.851141704681799638e+02
2.850699934373888595e+02
2.850727233189101071e+02
2.850732452115112210e+02
2.850808284202685172e+02
2.850783191079361245e+02
2.850780829779420174e+02
2.850761214545687494e+02
2.850686471521207181e+02
2.850388081946820193e+02
2.853139955178526179e+02
2.865822061812319816e+02
2.863229909386890313e+02
2.863344056485052533e+02
2.863252055597243952e+02
2.863142389141511330e+02
2.862992112002626754e+02
2.863047583959615849e+02
2.863051636555842947e+02
2.862997898321182788e+02
2.862747717772971896e+02
2.862698557044167273e+02
2.862674159529663029e+02
2.862194247714708126e+02
2.862214315154300834e+02
2.862167626775042208e+02
2.862374993344568566e+02
2.862406993368833810e+02
2.862364610300194272e+02
2.862344205606663081e+02
2.862339950079140749e+02
2.862286981663719985e+02
2.862253151970468252e+02
2.862249567755720818e+02
2.862189625501806631e+02
2.862182337690518352e+02
2.861966311346515113e+02
2.862027334993284740e+02
2.862050188697418207e+02
2.862075984268448110e+02
2.861930361230971585e+02
2.862060241157721521e+02
2.862010622144464378e+02
2.862038673016538723e+02
2.862087548876057213e+02
2.861940700770927606e+02
2.862127586553382343e+02
2.862127336727702414e+02
2.862127138447373227e+02
2.862126929305325120e+02
2.862127540438888786e+02
2.862122107318319877e+02
2.862120567801239872e+02
2.862076658019116735e+02
2.862076723820478037e+02
2.861972636368118401e+02
2.861985189169142814e+02
2.862037706870703460e+02
2.862045604416248352e+02
2.862051982160500643e+02
2.862039336340841373e+02
2.861874824669382633e+02
2.862307084633599743e+02
2.862144350466322749e+02
2.862065337243358840e+02
2.862068762343226354e+02
2.862104157746655346e+02
2.862102409201727369e+02
2.862109004619343864e+02
2.862100451208715981e+02
2.862096811534989342e+02
2.862099285916974054e+02
2.862105630761152497e+02
2.862117224901458030e+02
2.862115799320472433e+02
2.862129283982069410e+02
2.862125667486821499e+02
2.862133376395944424e+02
2.862146656067967001e+02
2.862158818201787653e+02
2.862160254958812402e+02
2.862137786183891421e+02
2.862177022728742486e+02
2.862127264566535132e+02
2.862142337958036364e+02
2.862145411478025494e+02
2.862161951303357910e+02
2.862163338294217851e+02
2.862165372385134106e+02
2.862163265083754595e+02
2.862185937091272763e+02
2.862135411302240868e+02
2.862192303676161487e+02
2.862188839694739499e+02
2.862188630189820060e+02
2.862188445240221881e+02
2.862188194280107609e+02
2.862186800655899788e+02
2.862186766250287064e+02
2.862186733944531625e+02
2.862186703528980161e+02
2.862186674757892888e+02
2.862186647402619997e+02
2.862186615020060003e+02
2.862186584542567971e+02
2.862186555638663776e+02
2.862186392839913651e+02
2.862186289790438423e+02
2.862183411400674800e+02
2.862186030381620867e+02
2.872149888801146176e+02
2.873605574951006929e+02
2.875138556546179984e+02
2.874890072575666409e+02
2.874762873902878937e+02
2.875311452272737824e+02
2.875138542641237223e+02
2.875185906915398846e+02
2.875285090084133799e+02
2.875285025421135856e+02
2.875399225771651572e+02
2.875465501268926118e+02
2.875566105184650496e+02
2.875469483761385732e+02
2.875494209623835218e+02
2.875503159023478474e+02
2.875559620198341690e+02
2.875561449171425465e+02
2.875562493450349848e+02
2.875565036802922236e+02
2.875763284755576024e+02
2.875573584795329225e+02
2.875573815490122911e+02
2.875626989067044406e+02
2.875615536557440350e+02
2.875638228825961278e+02
2.875806133210599569e+02
2.875790984192420865e+02
2.875790956242169045e+02
2.875790834097073798e+02
2.875815718284987952e+02
2.875813394143965525e+02
2.875813498422932071e+02
2.875813830178551029e+02
2.875957866328640193e+02
2.875980579649574338e+02
2.875980579290796868e+02
2.875980578932078515e+02
2.875980578573412458e+02
2.875980578214796992e+02
2.875980575414691884e+02
2.875980575089337208e+02
2.875980574764050743e+02
2.875980574438827944e+02
2.875980574113669945e+02
2.875980571309830793e+02
2.875980570951744539e+02
2.875980570593717403e+02
2.875980570235739151e+02
2.875980569877813764e+02
2.875980567079186585e+02
2.875980566754549841e+02
2.875980566429984719e+02
2.875980566105482694e+02
2.875980565781044902e+02
2.875980565456671911e+02
2.875980565132362017e+02
2.875980564808077702e+02
2.875980564483859325e+02
2.875980549357288396e+02
2.875980549035848526e+02
2.875980548714471752e+02
2.875980548393155800e+02
2.875980548071901239e+02
2.875980547750615983e+02
2.875980547429392118e+02
2.875980547108229644e+02
2.875980545702673226e+02
2.875980545381842148e+02
2.875980545061072462e+02
2.875980544740363030e+02
2.875980544419715557e+02
2.875980544099130611e+02
2.875980543778605352e+02
2.875980543458141483e+02
2.875980543137737300e+02
2.875980542817395644e+02
2.875980542497113674e+02
2.875980542176890822e+02
2.875980541856730497e+02
2.875980541536517308e+02
2.875980541216359825e+02
2.875980540896256912e+02
2.875980540576208568e+02
2.875980540256215363e+02
2.875980539936278433e+02
2.875980539587046110e+02
2.875980539237864377e+02
2.875980538888754836e+02
2.875980538539647000e+02
2.875980538190589186e+02
2.875980537841581963e+02
2.875980537492626468e+02
2.875980537143721563e+02
2.875980536794867248e+02
2.875980536446063525e+02
2.875980536097310960e+02
2.875980535748610691e+02
2.875980535399959876e+02
2.875980535051360221e+02
2.881134597114022426e+02
2.886298454450007398e+02
2.891948368232710891e+02
2.893580138672567728e+02
2.894005786519617232e+02
2.894938234883753125e+02
2.894986038191242983e+02
2.894933768353445771e+02
2.894937844907083218e+02
2.895103279860209682e+02
2.895099106526225796e+02
2.895091977711120990e+02
2.895074280480029074e+02
2.895074107529061394e+02
2.895073565163988860e+02
2.895074302205447339e+02
2.894924831028621952e+02
2.895012036167840961e+02
2.895077613763149884e+02
2.895108943341467693e+02
2.895020566120319927e+02
2.895029053622205311e+02
2.895022950780325459e+02
2.895019363543727877e+02
2.895019363543727877e+02
2.895027163552624074e+02
2.895027163552624074e+02
2.895027163552624074e+02
2.895027163552624074e+02
2.895027163552624074e+02
2.894943059936266536e+02
2.894962864876507638e+02
2.894988145974554072e+02
2.895008290102902038e+02
2.895219999759432312e+02
2.895159980170134304e+02
2.895174302265886581e+02
2.895181197267454536e+02
2.895204608866904437e+02
2.895210496012726935e+02
2.895208354738260823e+02
2.895196083517371903e+02
2.895187705291306202e+02
2.895187021474995959e+02
2.895186770004886512e+02
2.895184327228502070e+02
2.895183506985454187e+02
2.895156520390553396e+02
2.895156719166614607e+02
2.895156927712441757e+02
2.895168119736200651e+02
2.895172733603374127e+02
2.895171872569309244e+02
2.895269809902597444e+02
2.895269821853242433e+02
2.895269833629608911e+02
2.895269847545272341e+02
2.895269861071957394e+02
2.895269874255963032e+02
2.895269887107414206e+02
2.895269899650345451e+02
2.895269911935704386e+02
2.895269923940754779e+02
2.895269935679568789e+02
2.895269947859927697e+02
2.895269959764245300e+02
2.895269971408864080e+02
2.895269983067058774e+02
2.895269994466988237e+02
2.895270005637695476e+02
2.895270016586151200e+02
2.895270027323949193e+02
2.895270039749276521e+02
2.895270051885852354e+02
2.895270063744535491e+02
2.895270075337306253e+02
2.895270086671442868e+02
2.895270098018150975e+02
2.895270109127712885e+02
2.895270120012277744e+02
2.895270130690141741e+02
2.895270143101806752e+02
2.895381575491446711e+02
2.895381365295951355e+02
2.895381170342714086e+02
2.895380994635413572e+02
2.895380821840437875e+02
2.895380660084514375e+02
2.895378959342320400e+02
2.895377712814370170e+02
2.895377268757193860e+02
2.895376789991623809e+02
2.895376435139165778e+02
2.895376164412815569e+02
2.895375858271175957e+02
2.895375617156074100e+02
2.895375414666076495e+02
2.895375231927291679e+02
2.895375058941592670e+02
2.895374861595701645e+02
