3.045462266879179083e+02
3.062541892917692508e+02
3.061939725415767271e+02
3.057881712454476428e+02
3.057881712548045812e+02
3.057881712641614058e+02
3.057881712735182873e+02
3.057881712828750551e+02
3.057881712922318229e+02
3.057881713015885339e+02
3.057881713109452448e+02
3.057881713203018990e+02
3.057881713296585531e+02
3.057881713390151504e+02
3.057881713483716339e+02
3.057881713577282881e+02
3.057881713670847148e+02
3.057881713764411415e+02
3.057881713857975683e+02
3.057881713951539950e+02
3.057881714045103649e+02
3.057881714138666212e+02
3.057881714232229342e+02
3.057881714325791336e+02
3.057881714419353898e+02
3.057881714512915323e+02
3.057881714606477317e+02
3.057881714700038174e+02
3.057881714793599031e+02
3.057881714887159319e+02
3.057881714980719039e+02
3.057881715074279327e+02
3.057881715167838479e+02
3.057881715261397630e+02
3.057881715354956214e+02
3.057881715448514797e+02
3.057881715542072811e+02
3.057881715635630258e+02
3.057881715729187704e+02
3.057881715822745150e+02
3.057881715916301459e+02
3.057881716009857200e+02
3.057881716103413510e+02
3.057881716196969251e+02
3.057881716290524423e+02
3.057881716384079596e+02
3.057881716477634200e+02
3.057881716571188235e+02
3.057881716664742839e+02
3.057881716758295738e+02
3.057881716851848637e+02
3.057881716945402104e+02
3.057881717038955003e+02
3.057881717132506765e+02
3.057881717226058527e+02
3.057881717319609720e+02
3.057881717413160914e+02
3.057881717506712107e+02
3.057881717600262732e+02
3.057881717693812220e+02
3.057881717787361708e+02
3.057881717880911765e+02
3.057881717974460685e+02
3.057881718068010173e+02
3.057881718161557956e+02
3.057881718255106307e+02
3.057881718348653521e+02
3.057881718442200736e+02
3.057881718535747950e+02
3.057881718629294596e+02
3.057881718722840674e+02
3.057881718816386751e+02
3.057881718909932260e+02
3.057881719003477770e+02
3.057881719097022710e+02
3.057881719190567651e+02
3.057881719284111455e+02
3.057881719377655259e+02
3.057881719471198494e+02
3.057881719564742298e+02
3.057881719658285533e+02
3.057881719751827632e+02
3.057881719845370299e+02
3.057881719938912397e+02
3.057881720032453927e+02
3.057881720125994889e+02
3.057881720219535282e+02
3.057881720313075675e+02
3.057881720406616068e+02
3.057881720500155893e+02
3.057881720593695150e+02
3.057881720687234974e+02
3.057881720780773094e+02
3.057881720874311782e+02
3.057881720967849901e+02
3.057881721061386884e+02
3.057881721154925003e+02
3.057881721248461986e+02
3.057881721341998400e+02
3.057881721435535383e+02
3.057881721529071228e+02
3.057881721622606506e+02
3.057881721716141783e+02
3.057881721809677629e+02
3.057881721903211769e+02
3.057881721996745910e+02
3.057881722090280050e+02
3.057881722183813622e+02
3.057881722277346626e+02
3.057881722370880198e+02
3.057881722464412633e+02
3.057881722557944499e+02
3.057881722651476935e+02
3.057881722745008233e+02
3.057881722838539531e+02
3.057881722932070829e+02
3.057881723025600422e+02
3.057881723119131152e+02
3.057881723212661313e+02
3.057881723306190338e+02
3.057881723399719363e+02
3.057881723493248387e+02
3.057881723586776843e+02
3.057881723680305299e+02
3.057881723773832618e+02
3.057881723867360506e+02
3.057881723960886688e+02
3.057881724054414008e+02
3.057881724147940758e+02
3.057881724241466372e+02
3.057881724334991986e+02
3.057881724428517600e+02
3.057881724522042077e+02
3.057881724615567123e+02
3.057881724709091600e+02
3.057881724802615508e+02
3.057881724896138849e+02
3.057881724989662757e+02
3.057881725083185529e+02
3.057881725176708301e+02
3.057881725270230504e+02
3.057881725363752139e+02
3.057881725457273774e+02
3.057881725550794840e+02
3.057881725644315907e+02
3.057881725737836973e+02
3.057881725831356903e+02
3.057881725924876832e+02
3.057881726018396193e+02
3.057881726111914986e+02
3.057881726205434347e+02
3.057881726298952572e+02
3.057881726392470796e+02
3.057881726485989020e+02
3.057881726579506676e+02
3.057881726673023763e+02
3.057881726766540851e+02
3.057881726860056801e+02
3.057881726953572752e+02
3.057881727047088134e+02
3.057881727140604085e+02
3.057881727234118898e+02
3.057881727327633712e+02
3.057881727421148526e+02
3.057881727514661634e+02
3.057881727608175879e+02
3.057881727701688988e+02
3.057881727795202096e+02
3.057881727888715204e+02
3.057881727982227176e+02
3.057881728075739147e+02
3.057881728169251119e+02
3.057881728262762522e+02
3.057881728356273356e+02
3.057881728449784191e+02
3.057881728543294457e+02
3.057881728636804155e+02
3.057881728730313853e+02
3.057881728823822414e+02
3.057881728917330975e+02
3.057881729010840104e+02
3.057881729104348665e+02
3.057881729197856089e+02
3.057881729291364081e+02
3.057881729384870937e+02
3.057881729478377792e+02
3.057881729571884080e+02
3.057881729665390367e+02
3.057881729758896086e+02
3.057881729852401804e+02
3.057881729945906955e+02
3.057881730039411536e+02
3.057881730132915550e+02
3.057881730226420132e+02
3.057881730319924145e+02
3.057881730413427022e+02
3.057881730506929898e+02
3.057881730600433343e+02
3.057881730693935651e+02
3.057881730787437959e+02
3.057881730880939131e+02
3.057881730974440870e+02
3.057881731067941473e+02
3.057881731161442076e+02
3.057881731254942679e+02
3.057881731348442145e+02
3.057881731441941611e+02
3.057881731535441077e+02
3.057881731628939974e+02
3.057881731722438872e+02
3.057881731815937201e+02
3.057881731909435530e+02
3.057881732002932154e+02
3.057881732096429346e+02
3.057881732189926538e+02
3.057881732283423162e+02
3.057881732376919786e+02
3.057881732470415272e+02
3.057881732563910759e+02
3.057881732657406246e+02
3.057881732750900596e+02
3.057881732844394946e+02
3.057881732937889296e+02
3.057881733031383646e+02
3.057881733124876291e+02
3.057881733218369504e+02
3.057881733311862149e+02
3.057881733405354794e+02
3.057881733498846870e+02
3.057881733592338378e+02
3.057881733685829886e+02
3.057881733779320825e+02
3.057881733872811765e+02
3.057881733966302136e+02
3.057881734059791938e+02
3.057881734153281741e+02
3.057881734246770975e+02
3.057881734340259641e+02
3.057881734433748306e+02
3.057881734527237541e+02
3.057881734620725069e+02
3.057881734714212598e+02
3.057881734807699559e+02
3.057881734901186519e+02
3.057881734994673479e+02
3.057881735088159303e+02
3.057881735181645695e+02
3.057881735275130950e+02
3.057881735368615637e+02
3.057881735462100892e+02
3.057881735555585578e+02
3.057881735649069697e+02
3.057881735742553815e+02
3.057881735836036796e+02
3.057881735929520346e+02
3.057881736023002759e+02
3.057881736116485740e+02
3.057881736209967585e+02
3.057881736303449429e+02
3.057881736396931274e+02
3.057881736490411981e+02
3.057881736583892689e+02
3.057881736677372828e+02
3.057881736770852967e+02
3.057881736864333106e+02
3.057881736957812109e+02
3.057881737051291680e+02
3.057881737144770113e+02
3.057881737238247979e+02
3.057881737331726981e+02
3.057881737425204278e+02
3.057881737518681575e+02
3.057881737612158304e+02
3.057881737705635032e+02
3.057881737799111193e+02
3.057881737892587353e+02
3.057881737986062376e+02
3.057881738079537968e+02
3.057881738173012991e+02
3.057881738266487446e+02
3.057881738359961901e+02
3.057881738453435787e+02
3.057881738546909673e+02
3.057881738640381855e+02
3.057881738733855173e+02
3.057881738827327354e+02
3.057881738920799535e+02
3.057881739014271716e+02
3.057881739107742760e+02
3.057881739201214373e+02
3.057881739294685417e+02
3.057881739388155324e+02
3.057881739481625232e+02
3.057881739575095708e+02
3.057881739668565046e+02
3.057881739762034385e+02
3.057881739855502587e+02
3.057881739948970790e+02
3.057881740042439560e+02
3.057881740135907194e+02
3.057881740229374827e+02
3.057881740322841324e+02
3.057881740416308389e+02
3.057881740509774318e+02
3.057881740603240246e+02
3.057881740696706174e+02
3.057881740790170966e+02
3.057881740883636894e+02
3.057881740977101117e+02
3.057881741070564772e+02
3.057881741164028995e+02
3.057881741257492649e+02
3.057881741350955735e+02
3.057881741444418822e+02
3.057881741537881339e+02
3.057881741631343289e+02
3.057881741724805238e+02
3.057881741818266619e+02
3.057881741911728568e+02
3.057881742005189381e+02
3.057881742098650193e+02
3.057881742192109868e+02
3.057881742285569544e+02
3.057881742379028651e+02
3.057881742472488327e+02
3.057881742565946865e+02
3.057881742659404836e+02
3.057881742752863374e+02
3.057881742846320776e+02
3.057881742939778178e+02
3.057881743033235580e+02
3.057881743126692413e+02
3.057881743220148678e+02
3.057881743313604375e+02
3.057881743407060640e+02
3.057881743500516336e+02
3.057881743593971464e+02
3.057881743687426024e+02
3.057881743780880015e+02
3.057881743874334006e+02
3.057881743967787429e+02
3.057881744061240852e+02
3.057881744154693706e+02
3.057881744248147129e+02
3.057881744341598846e+02
3.057881744435051132e+02
3.057881744528502281e+02
3.057881744621953430e+02
3.057881744715404579e+02
3.057881744808855160e+02
3.057881744902305172e+02
3.057881744995755753e+02
3.057881745089204628e+02
3.057881745182654072e+02
3.057881745276102947e+02
3.057881745369551254e+02
3.057881745462999561e+02
3.057881745556447868e+02
3.057881745649895038e+02
3.057881745743342208e+02
3.057881745836788241e+02
3.057881745930234842e+02
3.057881746023681444e+02
3.057881746117126909e+02
3.057881746210572373e+02
3.057881746304017270e+02
3.057881746397461598e+02
3.057881746490907062e+02
3.057881746584350822e+02
3.057881746677794013e+02
3.057881746771237772e+02
3.057881746864680963e+02
3.057881746958123017e+02
3.057881747051565640e+02
3.057881747145007694e+02
3.057881747238449748e+02
3.057881747331890665e+02
3.057881747425331582e+02
3.057881747518771363e+02
3.057881747612212848e+02
3.057881747705652629e+02
3.057881747799091841e+02
3.057881747892531052e+02
3.057881747985970264e+02
3.057881748079408339e+02
3.057881748172846983e+02
3.057881748266285058e+02
3.057881748359722565e+02
3.057881748453158934e+02
3.057881748546595873e+02
3.057881748640032811e+02
3.057881748733469180e+02
3.057881748826904982e+02
3.057881748920340215e+02
3.057881749013775448e+02
3.057881749107210112e+02
3.057881749200644776e+02
3.057881749294078304e+02
3.057881749387512400e+02
3.057881749480945928e+02
3.057881749574378887e+02
3.057881749667811846e+02
3.057881749761243668e+02
3.057881749854676627e+02
3.057881749948107881e+02
3.057881750041539135e+02
3.057881750134970389e+02
3.057881750228401074e+02
3.057881750321831191e+02
3.057881750415260740e+02
3.057881750508690857e+02
3.057881750602119837e+02
3.057881750695549385e+02
3.057881750788977797e+02
3.057881750882406209e+02
3.057881750975834052e+02
3.057881751069261327e+02
3.057881751162688602e+02
3.057881751256115308e+02
3.057881751349542583e+02
3.057881751442968721e+02
3.057881751536394290e+02
3.057881751629819860e+02
3.057881751723244861e+02
3.057881751816669862e+02
3.057881751910093726e+02
3.057881752003518727e+02
3.057881752096942023e+02
3.057881752190365319e+02
3.057881752283789183e+02
3.057881752377211910e+02
3.057881752470634069e+02
3.057881752564055660e+02
3.057881752657477819e+02
3.057881752750899409e+02
3.057881752844319863e+02
3.057881752937741453e+02
3.057881753031161338e+02
3.057881753124582360e+02
3.057881753218001109e+02
3.057881753311420994e+02
3.057881753404840310e+02
3.057881753498258490e+02
3.057881753591676670e+02
3.057881753685094282e+02
3.057881753778511893e+02
3.057881753871929504e+02
3.057881753965346547e+02
3.057881754058763590e+02
3.057881754152179496e+02
3.057881754245595403e+02
3.057881754339010740e+02
3.057881754432426078e+02
3.057881754525841416e+02
3.057881754619255616e+02
3.057881754712670386e+02
3.057881754806084018e+02
3.057881754899497651e+02
3.057881754992910714e+02
3.057881755086323210e+02
3.057881755179735705e+02
3.057881755273148201e+02
3.057881755366560128e+02
3.057881755459971487e+02
3.057881755553382845e+02
3.057881755646793636e+02
3.057881755740203857e+02
3.057881755833614079e+02
3.057881755927023733e+02
3.057881756020433386e+02
3.057881756113842471e+02
3.057881756207250987e+02
3.057881756300658935e+02
3.057881756394067452e+02
3.057881756487475400e+02
3.057881756580882211e+02
3.057881756674289591e+02
3.057881756767695833e+02
3.057881756861102645e+02
3.057881756954508887e+02
3.057881757047913425e+02
3.057881757141319099e+02
3.057881757234724205e+02
3.057881757328128742e+02
3.057881757421533848e+02
3.057881757514937817e+02
3.057881757608341218e+02
3.057881757701744618e+02
3.057881757795146882e+02
3.057881757888549146e+02
3.057881757981951978e+02
3.057881758075354810e+02
3.057881758168755368e+02
3.057881758262156495e+02
3.057881758355557622e+02
3.057881758448958180e+02
3.057881758542358170e+02
3.057881758635758160e+02
3.057881758729157582e+02
3.057881758822557003e+02
