1.259518854928636422e+01
9.211449121980553656e+00
8.048187023556025110e+00
7.752782766574282114e+00
7.627062669167560927e+00
7.619691788654536779e+00
7.149198001989550910e+00
7.110744258215974334e+00
6.809302446029159128e+00
6.737813908008642549e+00
6.816266192309416994e+00
6.787853519636488642e+00
6.779855652045894132e+00
6.758993173095037221e+00
6.763664715380070191e+00
6.810548308626250602e+00
6.770992891923531154e+00
6.771608835220520817e+00
6.331835109723407129e+00
6.323653853426110416e+00
6.370721881342189974e+00
6.340210854167860788e+00
6.340321213417904112e+00
6.303031007242091199e+00
6.309199318728465400e+00
6.308205344637460854e+00
6.303464302680280795e+00
6.296637614222056811e+00
6.290329806586670180e+00
6.291562674428796242e+00
6.272862264705784341e+00
6.280560281112938625e+00
6.262979727182132805e+00
6.271511767707563578e+00
6.259664878866937343e+00
6.255609126325009761e+00
6.248337652454093671e+00
6.247565591440625177e+00
6.238536112682822043e+00
6.235742060068689696e+00
6.229161834802968478e+00
6.230117917504294667e+00
6.224065224277717689e+00
5.633760488774073316e+00
5.640318018539725031e+00
5.631950627580001978e+00
5.628072852270612714e+00
5.614629028527370558e+00
5.610366972207147640e+00
5.597457198556762492e+00
5.540106514293718476e+00
5.527699586308373547e+00
5.534841936338820823e+00
5.532130563602044582e+00
5.533564637116315410e+00
5.533947306812060596e+00
5.534873547496119706e+00
5.535463537290290503e+00
5.535284408399245848e+00
5.535597891411415006e+00
5.536115367848784885e+00
5.536460538922236552e+00
5.536731944305233633e+00
5.537065472748770034e+00
5.537127832192833665e+00
5.537694777839697657e+00
5.537557453982500100e+00
5.537512575681278193e+00
5.537965775322868822e+00
5.537720881174344356e+00
5.538027944762639265e+00
5.537719246999539990e+00
5.538460230990474464e+00
5.537942884461902082e+00
5.537790019609396097e+00
5.537990913006042071e+00
5.537199451696699803e+00
5.537820734307908666e+00
5.537228287736309262e+00
5.537473471170793360e+00
5.537264969126650449e+00
5.536870651714115965e+00
5.537123469401140419e+00
5.536538655091788996e+00
5.536281678036102605e+00
5.536147945200888820e+00
5.535887316674806158e+00
5.535630197838051103e+00
5.535369071115944450e+00
5.535162846781730650e+00
5.535102392803672444e+00
5.534723394806339236e+00
5.534704830998821379e+00
5.534399212391217127e+00
5.534278940111117429e+00
5.534012531850647676e+00
5.533766230320913415e+00
5.533286107282868294e+00
5.533569354643278260e+00
5.532706957890020760e+00
5.394404745090648490e+00
5.389190001536572794e+00
5.386628869182232826e+00
5.383378334849765245e+00
5.381497034637166443e+00
5.378846364830993210e+00
5.377499993523828792e+00
5.375146471543890137e+00
5.374121912929526346e+00
5.371903127942432299e+00
5.370989802649626554e+00
5.369126617290422843e+00
5.368229946512327544e+00
5.366398536652374318e+00
5.365559077234988372e+00
5.364006052880379016e+00
5.363278164091469513e+00
5.361635346602460217e+00
5.360770865022479015e+00
5.359212056294438753e+00
5.358349058074301396e+00
5.356807479886731116e+00
5.355751072679678870e+00
5.354017894608843697e+00
5.352837937902552135e+00
5.351305935410529457e+00
5.350389808905383404e+00
5.348959048089414026e+00
5.347982057560678015e+00
5.346485374850475480e+00
5.345468700427208120e+00
5.344120610623110501e+00
5.342988986526711059e+00
5.341579914322766243e+00
5.340623463960067596e+00
5.339266040840194627e+00
5.338424986008485362e+00
5.337122519529305720e+00
5.336212364812811693e+00
5.334857675047031123e+00
5.333804407422080729e+00
5.332601071212949684e+00
5.331578344662721847e+00
5.330301524765956422e+00
5.329302643834716413e+00
5.327902140952657462e+00
5.326930150386349538e+00
5.325605851891030973e+00
5.324639248098552713e+00
5.323420044579128430e+00
5.322470300912982566e+00
5.321254108800038907e+00
5.320381031355601920e+00
5.319110300014053827e+00
5.318176082295522633e+00
5.316900207044964688e+00
5.316151867773320383e+00
5.314964912356183291e+00
5.314141788185289705e+00
5.312962175666698705e+00
5.312010229686917384e+00
5.310811683470916478e+00
5.309897343243580536e+00
5.308617026222666624e+00
5.307629534739817245e+00
5.306408219671008730e+00
5.305438000916728569e+00
5.304198478744976519e+00
5.303149178689821497e+00
5.301966553940269833e+00
5.301027726967792120e+00
5.299722735388090911e+00
5.298741270552644878e+00
5.297537694308985579e+00
5.296614555803579094e+00
5.295393536739610774e+00
5.294497386253412152e+00
5.293440713013160881e+00
5.292662187283976749e+00
5.291605983457062123e+00
5.290810429682390570e+00
5.289708144735518758e+00
5.288946693502624363e+00
5.287850914332512531e+00
5.287126563275101887e+00
5.286068847650576608e+00
5.285356937936336763e+00
5.284272521194616878e+00
5.283529863719152786e+00
5.282390680325747212e+00
5.281602477647195926e+00
5.280478422275239225e+00
5.279723718233020335e+00
5.278663465362908980e+00
5.277935977970516390e+00
5.276888214994333914e+00
5.276236536078085848e+00
5.275180383967637887e+00
5.274518623796495831e+00
5.273541183817332723e+00
5.282580928758240368e+00
5.281742318213995979e+00
5.280813986127498971e+00
5.280432564394045514e+00
5.279888470902558417e+00
5.279296758227724595e+00
5.278680531564441836e+00
5.278175383958616962e+00
5.277625305179910242e+00
5.277176377093944382e+00
5.276674783915487055e+00
5.276308803367043332e+00
5.275834524066958409e+00
5.275521339184945369e+00
5.275048831737537469e+00
5.274913846784011540e+00
5.274416371929899761e+00
5.274098125218170452e+00
5.273624528112579313e+00
5.273334825592159270e+00
5.272908766115574686e+00
5.272728672991372711e+00
5.272268551885397336e+00
5.271961967988810116e+00
5.271529850559565133e+00
5.271274488726135132e+00
5.270829179446021584e+00
5.270584121190628579e+00
5.270162633279285025e+00
5.269866383180716873e+00
5.269433591720182442e+00
5.269297699307165850e+00
5.268840338365170517e+00
5.268563013428711805e+00
5.268124895708953481e+00
5.267802659631209750e+00
5.267342315459853985e+00
5.267042609836776634e+00
5.266606886145646094e+00
5.266317010110816987e+00
5.265872035031259557e+00
5.265717040777341929e+00
5.265265794132139021e+00
5.264976357461938150e+00
5.264529522406586004e+00
5.264222403816178897e+00
5.263753851838374409e+00
5.263624921001550661e+00
5.263170814909364559e+00
5.262862393393036520e+00
5.262411598666598245e+00
5.262237495295099876e+00
5.261793537237762663e+00
5.261522392519700553e+00
5.261110962303813920e+00
5.260825423242935450e+00
5.260409921693138813e+00
5.260099391712814487e+00
5.259684365313490595e+00
5.259398753033144303e+00
5.258968002584920143e+00
5.258685699889133147e+00
5.258278001439136595e+00
5.258015466802890003e+00
5.257601348229818505e+00
5.257329412365802312e+00
5.256956359580593485e+00
5.256876633776184526e+00
5.256480927546189896e+00
5.256238344845653998e+00
5.255830299279908857e+00
5.255555258173961519e+00
5.255254814991890733e+00
5.254964920368401238e+00
5.254549209220964912e+00
5.254396464580779025e+00
5.253947479990950242e+00
5.253656188910506231e+00
5.253243381863814676e+00
5.253096495532428634e+00
5.252668039936765787e+00
5.252370013379911384e+00
5.251953511776693340e+00
5.251823758059592784e+00
5.251407198493713402e+00
5.251133174045596874e+00
5.250823052495189103e+00
5.250534364207473992e+00
5.250210036940130109e+00
5.249916833420576801e+00
5.249610175024254310e+00
5.249319367199895225e+00
5.249012279898197519e+00
5.248715642766335066e+00
5.248401416775657857e+00
5.248097878698639640e+00
5.247777996418570901e+00
5.247480409144072766e+00
5.247171996137179661e+00
5.246872337504973061e+00
5.247405457345234225e+00
5.246717898055271334e+00
5.246606078223487124e+00
5.246288277248037701e+00
5.246288010211920039e+00
5.245849261611562397e+00
5.245814077932842601e+00
5.245400880961562429e+00
5.245351497170730681e+00
5.244985004329985046e+00
5.244953911309444550e+00
5.244573343271867749e+00
5.244545151796428328e+00
5.244176881189192230e+00
5.244151870534135895e+00
5.243869479931635880e+00
5.243831055619423864e+00
5.243460041913575509e+00
5.243438127802904525e+00
5.243096554163745537e+00
5.243081858496428715e+00
5.242737428080114448e+00
5.242731180059474916e+00
5.242411371662723418e+00
5.242394349910065365e+00
5.242081478119687610e+00
5.242057001655906490e+00
5.241711510244266847e+00
5.241704086422839914e+00
5.241389453338243243e+00
5.241393860709043118e+00
5.241052472262792250e+00
5.241051948799844595e+00
5.240732678467390215e+00
5.240714734961054333e+00
5.240403215331479458e+00
5.240381083332140477e+00
5.240018993426652116e+00
5.240012815317748540e+00
5.239668939748929333e+00
5.239668896754706040e+00
5.239366169882379687e+00
5.239360846192672838e+00
5.239004751454741537e+00
5.238976975607503306e+00
5.238718743167298797e+00
5.238700987356342154e+00
5.238307763485803292e+00
5.238296963123524108e+00
5.237929709563313274e+00
5.237961593355201728e+00
5.237571151550366011e+00
5.237562842468487467e+00
5.237193118761227950e+00
5.237204504662914317e+00
5.236798114631264767e+00
5.236775490725720239e+00
5.236389225856933116e+00
5.236365315886678751e+00
5.236048710671107997e+00
5.236015996556639074e+00
5.235612932626294125e+00
5.235577525823388534e+00
5.235174600239388631e+00
5.235143563453098281e+00
5.234744923765350499e+00
5.234711708948119657e+00
5.234397206353206933e+00
5.234366549367625687e+00
5.233963967279094298e+00
5.233929202759230570e+00
5.233529261474336280e+00
5.233495690137659473e+00
5.233095906190955660e+00
5.233089678048787441e+00
5.232681231092331409e+00
5.232678802522815253e+00
5.232287934464472379e+00
5.232294846402864685e+00
5.231862795638841490e+00
5.231864787283836193e+00
5.231546460446521607e+00
5.231521274438756031e+00
5.231096840614900323e+00
5.231071645485021904e+00
5.230744632075403189e+00
5.230714141133879558e+00
5.230289321329284036e+00
5.230255381268772652e+00
5.229859654967237148e+00
5.229855378786069764e+00
5.229527571896383620e+00
5.229497126348155334e+00
5.229093834724351630e+00
5.229089560997052466e+00
5.228692397592990204e+00
5.228691484254332167e+00
5.228334865857747538e+00
5.228313680387258522e+00
5.227903929600527633e+00
5.225946385895118951e+00
5.225636515559962447e+00
5.225656472237220740e+00
5.225255133918639494e+00
5.225307686537416174e+00
5.224927548189551629e+00
5.224927332489216703e+00
5.224532441441155584e+00
5.224536637191498301e+00
5.224174807856305058e+00
5.224181071347084426e+00
5.223797632363625709e+00
5.223801563599852926e+00
5.223444235825326132e+00
5.223440384390810820e+00
5.223102088068626969e+00
5.223088373896265679e+00
5.222724679724112917e+00
5.222721248526868365e+00
5.222367635645605688e+00
5.222363985002525411e+00
5.221988338982497702e+00
5.221986400415408625e+00
5.221634729239810646e+00
5.221625913042628575e+00
5.221288329876169421e+00
5.221269595740356984e+00
5.220908272453467447e+00
5.220902163993073941e+00
5.220568854340923437e+00
5.220556983217653269e+00
5.220217231569865390e+00
5.220197551673321001e+00
5.219889283928308643e+00
5.219855414869019050e+00
5.219580811663923292e+00
5.219532706018078727e+00
5.219244255868085602e+00
5.219202149182676109e+00
5.218947523348584028e+00
5.218894277605513388e+00
5.218634387619759174e+00
5.218575813099616489e+00
5.218344110987551687e+00
5.218273012097251140e+00
5.218062190574446646e+00
5.217978083680267609e+00
5.217759833171187189e+00
5.217683604736526704e+00
5.217478867926107711e+00
5.217400882633895343e+00
5.217178945130620527e+00
5.217090726462549455e+00
5.216892140159785640e+00
5.216804817547076922e+00
5.216609691267277249e+00
5.216521939377901873e+00
5.216337351140346357e+00
5.216242362748484851e+00
5.216057508330932180e+00
5.215971539471450313e+00
5.215790979357265655e+00
5.215704598387131519e+00
5.215528022255807805e+00
5.215442487507361946e+00
5.215271681829591444e+00
5.215189518449992789e+00
5.215020146682814328e+00
5.214927072611646786e+00
5.214766176646564944e+00
5.214675522422714593e+00
5.214516669784616809e+00
5.214427026390874964e+00
5.214272178471162533e+00
5.214183299268617233e+00
5.214013653675181104e+00
5.213942018805504119e+00
5.213772581790458993e+00
5.213699906448795218e+00
5.213533171163746260e+00
5.213459975079660857e+00
5.213294603791974069e+00
5.213217234511610343e+00
5.213061815670064547e+00
5.212983145499998194e+00
5.212830827759820096e+00
5.212744127331840893e+00
5.212601099420596462e+00
5.212515098883434561e+00
5.212363535900053968e+00
5.212289960652154441e+00
5.212140115428375964e+00
5.212066945125614303e+00
5.211921584829875442e+00
5.211847398309783053e+00
5.211694063552334555e+00
5.211631116887556203e+00
5.211478948961504543e+00
5.211413936591481111e+00
5.211260920769152705e+00
