4.693337482784249914e+01
4.486444608537267698e+01
4.485553478250012915e+01
4.485374594749423238e+01
4.484363285467615157e+01
4.484194779849004675e+01
4.483160586018926352e+01
4.482957232856763596e+01
4.482149013766984069e+01
4.481967400661057610e+01
4.481075546801600495e+01
4.480910446393608026e+01
4.480020658733541694e+01
4.479828059460199086e+01
4.479138952659016581e+01
4.478966630851564901e+01
4.478219366406963786e+01
4.478062318915045381e+01
4.477325893287247993e+01
4.477145243885456694e+01
4.476564913503928977e+01
4.476401773178280052e+01
4.475780446827000958e+01
4.475630556165692298e+01
4.475022565324268697e+01
4.474852185063676302e+01
4.474361995592181529e+01
4.474206687394072901e+01
4.473687094046758261e+01
4.473543249939785937e+01
4.473036990431705817e+01
4.472875346348200765e+01
4.472458475488390661e+01
4.472309898003037176e+01
4.471871569046159323e+01
4.471732973201123684e+01
4.471273606451534732e+01
4.471142697387865894e+01
4.470703842474606660e+01
4.470556443537600444e+01
4.470209825679049942e+01
4.470071653174686332e+01
4.469710438805758201e+01
4.469580014356874642e+01
4.469205085023976665e+01
4.469080675346424414e+01
4.468724305180607814e+01
4.468585785446664715e+01
4.468301283796655099e+01
4.468170278227343317e+01
4.467875914963637740e+01
4.467751263638246684e+01
4.467447902677758975e+01
4.467328210874264016e+01
4.467017514150555257e+01
4.466901712852132533e+01
4.466610978740648363e+01
4.466483024449080119e+01
4.466255682481187250e+01
4.466133344534060257e+01
4.465899943687765017e+01
4.465782351677673034e+01
4.465543764224202050e+01
4.465429901377383715e+01
4.465187485794872657e+01
4.465076573096985157e+01
4.464832143381485707e+01
4.464723580849563689e+01
4.464498184373655931e+01
4.464379767343918815e+01
4.464206827149872225e+01
4.464092341896596849e+01
4.463917761849779708e+01
4.463806603672135509e+01
4.463629393133741985e+01
4.463520982687215621e+01
4.463342102481695406e+01
4.463235886749835402e+01
4.463056521460836734e+01
4.462952075540057706e+01
4.462773555610974086e+01
4.462670552910319088e+01
4.462507099557915780e+01
4.462396616198497412e+01
4.462272337455966920e+01
4.462164619062686199e+01
4.462040175660439445e+01
4.461934704663748619e+01
4.461810440059699090e+01
4.461707043834815067e+01
4.461582215086082215e+01
4.461480438261446579e+01
4.461355776187498634e+01
4.461255320591015305e+01
4.461131621278160253e+01
4.461032258824437946e+01
4.460910327618772442e+01
4.460811884219950230e+01
4.460692480583522013e+01
4.460594823640455786e+01
4.460478617071462537e+01
4.460381645753224689e+01
4.460269187777399225e+01
4.460172825482160164e+01
4.460072025710098842e+01
4.459970950503426934e+01
4.459898665349611946e+01
4.459799200113938866e+01
4.459727710476090579e+01
4.459629564016311321e+01
4.459559048725193975e+01
4.459461996030807995e+01
4.459392668464859355e+01
4.459296535417387730e+01
4.459228629421211565e+01
4.459133610300105488e+01
4.459066538119007816e+01
4.458972222919639705e+01
4.458906379677299725e+01
4.458812676271436715e+01
4.458748432490895652e+01
4.458655271381773133e+01
4.458592956327830592e+01
4.458500285210379843e+01
4.458440176371115626e+01
4.458347956029710701e+01
4.458290273635920187e+01
4.458198474704801129e+01
4.458143382076937655e+01
4.458051982536929359e+01
4.458029259643723918e+01
4.457369543821570090e+01
4.457323612286965897e+01
4.457235242824712884e+01
4.457212471353614092e+01
4.457124052884636001e+01
4.457101996988637893e+01
4.457013646867998347e+01
4.456992473933600962e+01
4.456904272130964273e+01
4.456884122371378965e+01
4.456796123312238933e+01
4.456777112135361563e+01
4.456689352887634925e+01
4.456671572961545991e+01
4.456584078867409460e+01
4.456567602082378698e+01
4.456480390612202314e+01
4.456465270156854075e+01
4.456378353506080714e+01
4.456364625926222800e+01
4.456278012788108356e+01
4.456265699990277795e+01
4.456179396736909837e+01
4.456168508046776822e+01
4.456082519531931752e+01
4.456073053506458592e+01
4.455987383593217999e+01
4.455979329808648970e+01
4.455893981713761320e+01
4.455887322427595620e+01
4.455802298957330265e+01
4.455797010577330752e+01
4.455712314276653530e+01
4.455708368577612077e+01
4.455624001829995962e+01
4.455621367016902212e+01
4.455537332117432925e+01
4.455535973726875909e+01
4.455452272920953760e+01
4.455452154572666501e+01
4.455368790089116260e+01
4.455369874107586270e+01
4.455286848183513371e+01
4.455289096207627608e+01
4.455206411090520646e+01
4.455209784355096758e+01
4.455127442315053088e+01
4.455131902003330424e+01
4.455049905335813776e+01
4.455055412816808058e+01
4.454973763850392743e+01
4.454980280870874765e+01
4.454898981969206773e+01
4.454906470802018248e+01
4.454825524370391321e+01
4.454833947937652283e+01
4.454753356418093091e+01
4.454762678389457164e+01
4.454682444264338415e+01
4.454692629104953028e+01
4.454612754902389327e+01
4.454623767902374709e+01
4.454544256195364937e+01
4.454556063497521734e+01
4.454476916907819373e+01
4.454489485501644452e+01
4.454410706696660327e+01
4.454424004461725417e+01
4.454345596152612785e+01
4.454359591814160524e+01
4.454281556754676785e+01
4.454296219878548868e+01
4.454218560870007337e+01
4.454233861838152109e+01
4.454156581733838038e+01
4.454172491749264395e+01
4.454095593447603108e+01
4.454112084490223822e+01
4.454035570930638954e+01
4.454052615737035126e+01
4.453976489903986646e+01
4.453994061949902061e+01
4.453918326870497424e+01
4.453936400341542168e+01
4.453861059082733220e+01
4.453879608854616379e+01
4.453804664528227875e+01
4.453823666141478554e+01
4.453749121905160990e+01
4.453768551537484655e+01
4.453694410591127451e+01
4.453714245036267982e+01
4.453640510628734717e+01
4.453660727280839637e+01
4.453587402696088304e+01
4.453607979514596593e+01
4.453535068074129555e+01
4.453555983570193177e+01
4.453483488638504184e+01
4.453504721844866765e+01
4.453432646827813812e+01
4.453454177283342119e+01
4.453382525628736488e+01
4.453404333365111256e+01
4.453333108562621589e+01
4.453355174079657530e+01
4.453284379658484227e+01
4.453306683911950614e+01
4.453236323432551558e+01
4.453258847810008092e+01
4.453188924868739207e+01
4.453211651171079666e+01
4.453142169401064621e+01
4.453165079833556206e+01
4.453096042902754448e+01
4.453119120057032632e+01
4.453050531668618817e+01
4.453073758507453306e+01
4.453005622397369478e+01
4.453028982242228295e+01
4.452961302178896119e+01
4.452984778696956880e+01
4.452917558480812943e+01
4.452941135669130546e+01
4.452874379132811100e+01
4.452898041304322874e+01
4.452831752314963154e+01
4.452855484098694916e+01
4.452789666553890413e+01
4.452813452878582723e+01
4.452748110703198137e+01
4.452771936781667250e+01
4.452707073928743853e+01
4.452730925244544835e+01
4.452666545699531753e+01
4.452690408008488987e+01
4.452626515785520667e+01
4.452659034122376625e+01
4.452384003480432284e+01
4.452368336553929140e+01
4.452308459278573594e+01
4.452330521383197492e+01
4.452272457653450743e+01
4.452295150391756806e+01
4.452237501365135586e+01
4.452260049204746650e+01
4.452202840441049148e+01
4.452225234243704222e+01
4.452168487106979455e+01
4.452190717413444077e+01
4.452134449996306387e+01
4.452156507101201299e+01
4.452100734936614401e+01
4.452122608959239614e+01
4.452067345565765066e+01
4.452102531446918476e+01
4.451859088230125394e+01
4.451801902497546592e+01
4.451748886167206365e+01
4.451764408972465503e+01
4.451714362668218428e+01
4.451748209993355943e+01
4.451506445123668243e+01
4.451440008566133599e+01
4.451396585427299613e+01
4.451399627950559790e+01
4.451361793100317499e+01
4.451365804971709395e+01
4.451327607640855177e+01
4.451332146487091990e+01
4.451296253862054897e+01
4.451301154048105957e+01
4.451266896928652272e+01
4.451272034478877515e+01
4.451238996936610448e+01
4.451244275734055122e+01
4.451212191045080147e+01
4.451217534263713560e+01
4.451186245612834114e+01
4.451191635347379361e+01
4.451160975318289559e+01
4.451166350050729648e+01
4.451136239941186545e+01
4.451141717359732297e+01
4.451112121015507483e+01
4.451117423674020301e+01
4.451088332063460484e+01
4.451093415358766947e+01
4.451064885465905263e+01
4.451069695174741980e+01
4.451041674654192803e+01
4.451046175821586814e+01
4.451018682925369774e+01
4.451022843405527851e+01
4.450995898261079020e+01
4.450999688508748875e+01
4.450973312283080929e+01
4.450976705190129934e+01
4.450950919404058226e+01
4.450953890073015629e+01
4.450928716164244747e+01
4.450931241747656486e+01
4.450906700692882367e+01
4.450941832676077325e+01
4.517705544135152707e+01
4.515640442030873203e+01
4.536325747175651202e+01
4.536325746591154484e+01
4.536325746006686899e+01
4.536325745422252709e+01
4.536325744837849072e+01
4.536325744253477410e+01
4.536325743669135591e+01
4.536325743084826456e+01
4.536325742500548586e+01
4.536325741916301979e+01
4.536325741332086636e+01
4.536325740747902557e+01
4.536325740163748321e+01
4.536325739579628902e+01
4.536325738995539325e+01
4.536325738411480302e+01
4.536325737827453963e+01
4.536325737243457468e+01
4.536325736659493657e+01
4.536325736075561110e+01
4.536325735491659827e+01
4.536325734907789808e+01
4.536325734323951053e+01
4.536325733740143562e+01
4.536325733156367335e+01
4.536325732572623082e+01
4.536325731988910093e+01
4.536325731405228368e+01
4.536325730821576485e+01
4.536325730237957998e+01
4.536325729654370775e+01
4.536325729070814816e+01
4.536325728487289410e+01
4.536325727903795979e+01
4.536325727320333101e+01
4.536325726736902197e+01
4.536325726153503979e+01
4.536325725570135603e+01
4.536325724986798491e+01
4.536325724403492643e+01
4.536325723820218769e+01
4.536325723236976160e+01
4.536325722653765524e+01
4.536325722070584732e+01
4.536325721487436624e+01
4.536325720904319780e+01
4.536325720321233490e+01
4.536325719738178464e+01
4.536325719155156122e+01
4.536325718572163623e+01
4.536325717989203810e+01
4.536325717406274549e+01
4.536325716823377263e+01
4.536325716240510530e+01
4.536325715657675062e+01
4.536325715074872278e+01
4.536325714492099337e+01
4.536325713909359081e+01
4.536325713326650089e+01
4.536325712743971650e+01
4.536325712161324475e+01
4.536325711578708564e+01
4.536325710996124627e+01
4.536325710413571954e+01
4.536325709831051256e+01
4.536325709248561111e+01
4.536325708666102230e+01
4.536325708083674613e+01
4.536325707501278970e+01
4.536325706918913170e+01
4.536325706336580055e+01
4.536325705754278204e+01
4.536325705172008327e+01
4.536325704589766872e+01
4.536325704007560944e+01
4.536325703425383438e+01
4.536325702843237906e+01
4.536325702261124349e+01
4.536325701679041345e+01
4.536325701096990315e+01
4.536325700514969839e+01
4.536325699932980626e+01
4.536325699351024099e+01
4.536325698769097414e+01
4.536325698187203415e+01
4.536325697605339968e+01
4.536325697023508496e+01
4.536325696441707578e+01
4.536325695859937923e+01
4.536325695278200953e+01
4.536325694696493827e+01
4.536325694114817964e+01
4.536325693533174785e+01
4.536325692951561450e+01
4.536325692369980800e+01
4.536325691788430703e+01
4.536325691206911870e+01
4.536325690625425011e+01
4.536325690043969416e+01
4.536325689462543664e+01
4.536325688881149887e+01
4.536325688299788794e+01
4.536325687718456834e+01
4.536325687137158269e+01
4.536325686555890258e+01
4.536325685974652799e+01
4.536325685393448026e+01
4.536325684812273096e+01
4.536325684231130850e+01
4.536325683650019158e+01
4.536325683068939441e+01
4.536325682487890276e+01
4.536325681906872376e+01
4.536325681325885739e+01
4.536325680744931788e+01
4.536325680164008389e+01
4.536325679583115544e+01
4.536325679002254674e+01
4.536325678421424357e+01
4.536325677840626724e+01
4.536325677259858935e+01
4.536325676679123120e+01
4.536325676098418569e+01
4.536325675517745992e+01
4.536325674937103969e+01
4.536325674356493209e+01
4.536325673775914424e+01
4.536325673195366903e+01
4.536325672614850646e+01
4.536325672034364231e+01
4.536325671453910502e+01
4.536325670873488036e+01
4.536325670293096124e+01
4.536325669712736186e+01
4.536325669132407512e+01
4.536325668552109391e+01
4.536325667971843245e+01
4.536325667391608363e+01
4.536325666811405455e+01
4.536325666231233100e+01
4.536325665651092010e+01
4.536325665070982893e+01
4.536325664490903620e+01
4.536325663910857031e+01
4.536325663330840996e+01
4.536325662750856225e+01
4.536325662170904138e+01
4.536325661590981895e+01
4.536325661011089494e+01
4.536325660431231199e+01
4.536325659851402747e+01
4.536325659271606980e+01
4.536325658691841056e+01
4.536325658112107106e+01
4.536325657532404421e+01
4.536325656952732288e+01
4.536325656373091419e+01
4.536325655793483236e+01
4.536325655213904895e+01
4.536325654634357818e+01
4.536325654054843426e+01
4.536325653475358877e+01
4.536325652895905591e+01
