7.028177013461432807e+02
6.999911131369136683e+02
6.971462187233551049e+02
6.965144178555738108e+02
6.954312462776819075e+02
6.941330747026449899e+02
6.930685584652012494e+02
6.923025004916053149e+02
6.917766170772054011e+02
6.911323184640168620e+02
6.903616554367174558e+02
6.888455886080181472e+02
6.886145008632306599e+02
6.879095300577063199e+02
6.876234233760508232e+02
6.881052459218598187e+02
6.876383131250640872e+02
6.872233817336632455e+02
6.873863472188347714e+02
6.865903400077897913e+02
6.874414601391777069e+02
6.873196996288502305e+02
6.871256190113390403e+02
6.870234751532585733e+02
6.867750371138190530e+02
6.862383513980996668e+02
6.864662443660173494e+02
6.851228154656216702e+02
6.853879545614636299e+02
6.849206174770565667e+02
6.842678647265347536e+02
6.839834659892242144e+02
6.834084834995610436e+02
6.830149259327604341e+02
6.823474572863855201e+02
6.817988706783273756e+02
6.810672231735868536e+02
6.801237074680665273e+02
6.796719576031791803e+02
6.788139049129231353e+02
6.780839279028484725e+02
6.766517957555336125e+02
6.761982587474840329e+02
6.749415051293499346e+02
6.746395266135785960e+02
6.737620658523726433e+02
6.731447251874841413e+02
6.722795012799194865e+02
6.716247074451766821e+02
6.706963546034992305e+02
6.703296390571448455e+02
6.683150885174425184e+02
6.679105504558253870e+02
6.671165631155508891e+02
6.668976560772712219e+02
6.662499765170949786e+02
6.657068407793838105e+02
6.652717197893862249e+02
6.646650501027963855e+02
6.643971803384813484e+02
6.636022619689722433e+02
6.632953452804665631e+02
6.627465861005349552e+02
6.622801792618736272e+02
6.618048283483831256e+02
6.614624828066686177e+02
6.609910807376745652e+02
6.605511812507413651e+02
6.602241238849323963e+02
6.598467110084613978e+02
6.588734095215013440e+02
6.585928805881482049e+02
6.583252975343034450e+02
6.581208949140832374e+02
6.574962980572845481e+02
6.572764943684541095e+02
6.569269549886851109e+02
6.568871350106719547e+02
6.563771381159597240e+02
6.561807542877370452e+02
6.557833171887984918e+02
6.556993394015725016e+02
6.553301547580551869e+02
6.551533568227996511e+02
6.547982747978467160e+02
6.546071373757704350e+02
6.543222677378930712e+02
6.542109800056761060e+02
6.539110726470710233e+02
6.538490963115768864e+02
6.536431549626342985e+02
6.535744625637846639e+02
6.533028281332960887e+02
6.533567605317070957e+02
6.531681564095076737e+02
6.531143941283044114e+02
6.529718312279735528e+02
6.529634897832694378e+02
6.527955296986149278e+02
6.526704841883616837e+02
6.500471365699717126e+02
6.499331372085312069e+02
6.477136047018732370e+02
6.472772682855877520e+02
6.462212234499290844e+02
6.466058110879253036e+02
6.459387292495252950e+02
6.456356554115118342e+02
6.453904153034550291e+02
6.450905190927890089e+02
6.455461414695129179e+02
6.458678782196068369e+02
6.460729279866581010e+02
6.463661593525255284e+02
6.462611511813906873e+02
6.465090824387746125e+02
6.467000120923100894e+02
6.468299785518702265e+02
6.469600334481524442e+02
6.469751123231036445e+02
6.471170390625447908e+02
6.473270539879868011e+02
6.475518115878110166e+02
6.476231373150340005e+02
6.478740510666302725e+02
6.481340151094809698e+02
6.485398008678847646e+02
6.485103876139811518e+02
6.488914501847204974e+02
6.488981745594381891e+02
6.491645103145287976e+02
6.495782625425367769e+02
6.497388911934460793e+02
6.499835193842532135e+02
6.502057652578286024e+02
6.501481735320767257e+02
6.503148601009072536e+02
6.503366127242935590e+02
6.505932490065740694e+02
6.506056447675707659e+02
6.508217829632621942e+02
6.510717674880108916e+02
6.510971030323263449e+02
6.515074857941042410e+02
6.515029628577547101e+02
6.515904418056929899e+02
6.517356290916818580e+02
6.518503655066822375e+02
6.520396396700184596e+02
6.520991569474658718e+02
6.523031426551908680e+02
6.523339299905052258e+02
6.524852230469690539e+02
6.525952178743341392e+02
6.527288999263148526e+02
6.527827413217964931e+02
6.527870915201752950e+02
6.530169209042501279e+02
6.529930166151873436e+02
6.531013583423518867e+02
6.531187859390275889e+02
6.531136681182726988e+02
6.531130280094777163e+02
6.532324730130717398e+02
6.532469929076751214e+02
6.532399347429948193e+02
6.532405591178844588e+02
6.532396481763347538e+02
6.532409505486134549e+02
6.532463318262962275e+02
6.532436600025082498e+02
6.532417663212679599e+02
6.532414388001172938e+02
6.532419059975134132e+02
6.532420149250004897e+02
6.532398873866366102e+02
6.532419499318407361e+02
6.532419435540573431e+02
6.532419354612048892e+02
6.532420698836259589e+02
6.532431964477177644e+02
6.532441728301544117e+02
6.532436744493018068e+02
6.532426807297147207e+02
6.532423357732450313e+02
6.532428555352298645e+02
6.532441980279540985e+02
6.532418112068565961e+02
6.532420280998053386e+02
6.532397231807740354e+02
6.532403588025189265e+02
6.532431985626690221e+02
6.532428356242708105e+02
6.532440043778348127e+02
6.532447471648652026e+02
6.532451192798694137e+02
6.532450846020824429e+02
6.532450700197426841e+02
6.532445898006117204e+02
6.532451012798742340e+02
6.509511439797074672e+02
6.530354665779516381e+02
6.523750846469770295e+02
6.535329880741130637e+02
6.534859113251959570e+02
6.541113159376429849e+02
6.539108404801569350e+02
6.544525355073083119e+02
6.544169007139662426e+02
6.545819605524405915e+02
6.549552125736087191e+02
6.549027754106919019e+02
6.549442592249545214e+02
6.553264768229666970e+02
6.551300731329984046e+02
6.557373428249611607e+02
6.554709147898204264e+02
6.559278589366820142e+02
6.556641703015435496e+02
6.559725415220534614e+02
6.559050932363363700e+02
6.561755919158495090e+02
6.561004752669994105e+02
6.563043979099443277e+02
6.563537563340446468e+02
6.566720482073480980e+02
6.565919617462847100e+02
6.568924670823626002e+02
6.567425327171357594e+02
6.570810320701525598e+02
6.571697363409234640e+02
6.573136511162896340e+02
6.572800921583204854e+02
6.574965804066597457e+02
6.574218221464409453e+02
6.577178958019477477e+02
6.577461677436363061e+02
6.577837087092286765e+02
6.578126762209656135e+02
6.578734645102169907e+02
6.580173210510655508e+02
6.581045853872176394e+02
6.582058334971482054e+02
6.582945355571100663e+02
6.583098697820296366e+02
6.583181818838340860e+02
6.585413645072018198e+02
6.585242590794198350e+02
6.585163729055276463e+02
6.585146359050268074e+02
6.587563796168958561e+02
6.587799779423912696e+02
6.588940930807630139e+02
6.588911811220295931e+02
6.590134574251426329e+02
6.590171741192273203e+02
6.589989240311978165e+02
6.589988377697440001e+02
6.590896905294505359e+02
6.590664591457981487e+02
6.591515381137091936e+02
6.591910646611777338e+02
6.592286024718709996e+02
6.592437927606765697e+02
6.592863507107263104e+02
6.592938253973746896e+02
6.592948132692697527e+02
6.592900535337752217e+02
6.592874294652788194e+02
6.592875067562124514e+02
6.592875776901036033e+02
6.592886692140418745e+02
6.592876957666080671e+02
6.592891527050348941e+02
6.592885556745675331e+02
6.592884743745980813e+02
6.592877088679189228e+02
6.592876572404876470e+02
6.592875755502896027e+02
6.592873588386885331e+02
6.592867274942261702e+02
6.592870236963054822e+02
6.592871868355628067e+02
6.592873124422317233e+02
6.592875119541001823e+02
6.592881891546409179e+02
6.592874752895346546e+02
6.592878653786619907e+02
6.592869563687129357e+02
6.592887014775940315e+02
6.592864203362648823e+02
6.592950946132598347e+02
6.592898948031314603e+02
6.592866588898461941e+02
6.592867822540939642e+02
6.592868744389106723e+02
6.592872754643769895e+02
6.592857224701067480e+02
6.592860737244370739e+02
6.592869840615975363e+02
6.589465045217609713e+02
6.589532256904371934e+02
6.590258821537959193e+02
6.594545231586107548e+02
6.592199800845370419e+02
6.597531072694698651e+02
6.597517400671148380e+02
6.599721900294174475e+02
6.600748697217202334e+02
6.600881594728509754e+02
6.603647617022980967e+02
6.604208159931490627e+02
6.605848048030309201e+02
6.608970503350135459e+02
6.608794085236660294e+02
6.608965371029170228e+02
6.610544858949782565e+02
6.611473373065034593e+02
6.613512213071714996e+02
6.614009052526480446e+02
6.615989750772625939e+02
6.619111370811690449e+02
6.619028849883741259e+02
6.620422015227209158e+02
6.621056465465305791e+02
6.622360197495536340e+02
6.623384585579643726e+02
6.623690480780206826e+02
6.624643749150386611e+02
6.625202538224077671e+02
6.625833733415897768e+02
6.626604420220171505e+02
6.627387774705800894e+02
6.627332211142177130e+02
6.627407925753689142e+02
6.628532677750299626e+02
6.630038261398665327e+02
6.629667168418291112e+02
6.629767531068061999e+02
6.630998174052347167e+02
6.631989628223805084e+02
6.632049310258680634e+02
6.632812125935672611e+02
6.633864451604007400e+02
6.633397771264293397e+02
6.634744341623706987e+02
6.635290899799750832e+02
6.635605607518165243e+02
6.635607303402928210e+02
6.635939783554392761e+02
6.636863299133509599e+02
6.636841804811249403e+02
6.636928048747447519e+02
6.636809969708343715e+02
6.636771629180796026e+02
6.636774867964942359e+02
6.636792709746398486e+02
6.636801853608083093e+02
6.636809741748074885e+02
6.636810669763875694e+02
6.636813307419655530e+02
6.636766107120156448e+02
6.636844992336777977e+02
6.636780622182328671e+02
6.636793017384095492e+02
6.636830247958355358e+02
6.636807756485156915e+02
6.636803237756201952e+02
6.636818868163406933e+02
6.636791526592400032e+02
6.636816996042291521e+02
6.636796462546496969e+02
6.636808275687944843e+02
6.636815524369443438e+02
6.636816517185359316e+02
6.636816477942772963e+02
6.636816464170841527e+02
6.636813376436355156e+02
6.636813210188201992e+02
6.636812776046176623e+02
6.636804396818446321e+02
6.636839941609200650e+02
6.636813482235828587e+02
6.636806767851863924e+02
6.636812201791030930e+02
6.636804053785339192e+02
6.636805489930818567e+02
6.636805611389913793e+02
6.636805725024760250e+02
6.636811038922046464e+02
6.636804953605569608e+02
6.636808190622100483e+02
6.636806771061683321e+02
6.636807491764786846e+02
6.636808164009657958e+02
6.636810800840469255e+02
6.636798547123446497e+02
6.636806161901246242e+02
6.636812482491595802e+02
6.636811157706702033e+02
6.627827035915015585e+02
6.631865809603527850e+02
6.629438846501158196e+02
6.632802117798541985e+02
6.631447481901477659e+02
6.633753932221484320e+02
6.634600960666025458e+02
6.635247040451595240e+02
6.636694968640786101e+02
6.637034667459239472e+02
6.637517793365368561e+02
6.636851177058354097e+02
6.638324953962726340e+02
6.638352963599725172e+02
6.639456700936106017e+02
6.634155239094266108e+02
6.639197838972247609e+02
6.636334358595074718e+02
6.642083095515371269e+02
6.638753834393437501e+02
6.639856975520496007e+02
6.639800216001743820e+02
6.641296913227881760e+02
6.641556813356812654e+02
6.641989757345641010e+02
6.643597723207560648e+02
6.644492289820743736e+02
6.644940495897112669e+02
6.645827655564614815e+02
6.646420547138945949e+02
6.646946773611671233e+02
6.646927715987585543e+02
6.648609345020834098e+02
6.648023171761863068e+02
6.649018782739682365e+02
6.648801695356771688e+02
6.649790458913407747e+02
6.649248702994664200e+02
6.649319902295198972e+02
6.649501546357762436e+02
6.650543300180593178e+02
6.650173256353094757e+02
6.650164618768276341e+02
6.650132374516500704e+02
6.650149827146528878e+02
6.650167259922723133e+02
6.650556373083092012e+02
6.650576771679591275e+02
6.650541489222491691e+02
6.650552654052448815e+02
6.650939849643007165e+02
6.650963072626066150e+02
6.650892220297648691e+02
6.650922108732265770e+02
6.650917334871076037e+02
6.650981699022570410e+02
6.650986882324407361e+02
6.650964304457957041e+02
6.650981088598614406e+02
6.650951676667812080e+02
6.650954989535337063e+02
6.650970640663367703e+02
6.650946693202636197e+02
6.650983047987925829e+02
6.650960511742098333e+02
6.650961505590837533e+02
6.650963494672168963e+02
6.650966498311033774e+02
6.650975408141580374e+02
6.650976901902271265e+02
6.650971814982239039e+02
6.650975251595466489e+02
6.650975510256187135e+02
6.650974273588041115e+02
6.650982561158218687e+02
6.650982550944083869e+02
6.650982540787977086e+02
6.650982530732316036e+02
6.650982520638333426e+02
6.650979373319435126e+02
6.650998209642016263e+02
6.650991021896707025e+02
6.650974760662343215e+02
6.650990470254412230e+02
6.650982636927860767e+02
6.651000101283550521e+02
6.650991178858153035e+02
6.650994653593861585e+02
6.650974715821366772e+02
6.651011539077328507e+02
6.650993801839986190e+02
6.650997403639853474e+02
6.650996888824618054e+02
6.651000736336544605e+02
6.651001397473221459e+02
6.651010266835776292e+02
6.651000251218911217e+02
6.651008310026804793e+02
6.651006536480458635e+02
6.651003368741794475e+02
