2.540137335252308048e+02
2.116020562111639265e+02
2.009250784936449747e+02
1.933970592660627119e+02
1.895152226366587342e+02
1.825504849105188612e+02
1.732705112555038340e+02
1.679735997900176017e+02
1.645764965481724289e+02
1.621372160950971306e+02
1.853483367542997087e+02
1.788606356640202932e+02
1.765632746899644019e+02
1.733778086312993310e+02
1.717991927976559055e+02
2.148984017192375120e+02
2.029199623227181064e+02
2.043550893100647841e+02
2.043550892419947331e+02
2.043550891739249096e+02
2.466696135170377318e+02
2.501396850730112646e+02
2.481705945007021796e+02
2.453185728871764013e+02
2.453185726137950837e+02
3.149026351672159763e+02
3.149026066137807902e+02
3.149025779903229818e+02
3.149025490586264482e+02
3.149025204908567162e+02
3.521037462312993966e+02
3.521037463902717377e+02
3.521037465492440788e+02
3.521037467082165904e+02
3.521037468671891588e+02
3.915770224538991897e+02
3.915770210170805967e+02
3.915770195802639364e+02
3.915770181434492656e+02
3.915770167066365275e+02
4.113355019681214344e+02
4.113355019681214344e+02
4.113355019681214344e+02
4.113355019681214344e+02
4.113355019681214344e+02
4.266825869529777719e+02
4.266825869529777719e+02
4.266825869529777719e+02
4.266825869529777719e+02
4.266825869529777719e+02
4.349330867779623304e+02
4.349330867779623304e+02
4.349330867779623304e+02
4.349330867779623304e+02
4.349330867779623304e+02
4.349330867779623304e+02
4.349330867779623304e+02
4.349330867779623304e+02
4.349330867779623304e+02
4.349330867779623304e+02
4.349330867779623304e+02
4.349330867779623304e+02
4.349330867779623304e+02
4.349330867779623304e+02
4.349330867779623304e+02
4.349330867779623304e+02
4.349330867779623304e+02
4.349330867779623304e+02
4.349330867779623304e+02
4.349330867779623304e+02
4.349330867779623304e+02
4.349330867779623304e+02
4.349330867779623304e+02
4.349330867779623304e+02
4.349330867779623304e+02
4.349330867779623304e+02
4.349330867779623304e+02
4.349330867779623304e+02
4.349330867779623304e+02
4.349330867779623304e+02
4.349330867779623304e+02
4.349330867779623304e+02
4.349330867779623304e+02
4.349330867779623304e+02
4.349330867779623304e+02
4.349330867779623304e+02
4.349330867779623304e+02
4.349330867779623304e+02
4.349330867779623304e+02
4.349330867779623304e+02
4.349330867779623304e+02
4.349330867779623304e+02
4.349330867779623304e+02
4.349330867779623304e+02
4.349330867779623304e+02
4.349330867779623304e+02
4.349330867779623304e+02
4.349330867779623304e+02
4.349330867779623304e+02
4.349330867779623304e+02
3.409727859530180467e+02
3.245237950843071530e+02
3.232073740419588148e+02
3.232073740419588148e+02
3.232073740419588148e+02
3.215809485554565867e+02
3.215809485554565867e+02
3.215809485554565867e+02
3.215809485554565867e+02
3.215809485554565867e+02
3.216889680624774996e+02
3.216889680624774996e+02
3.216889680624774996e+02
3.216889680624774996e+02
3.216889680624774996e+02
3.216889643391309619e+02
3.216889643391309619e+02
3.216889643391309619e+02
3.216889643391309619e+02
3.216889643391309619e+02
3.216889606157844810e+02
3.216889606157844810e+02
3.216889606157844810e+02
3.216889606157844810e+02
3.216889606157844810e+02
3.216889568924387959e+02
3.216889568924387959e+02
3.216889568924387959e+02
3.216889568924387959e+02
3.216889568924387959e+02
3.216889531690931108e+02
3.216889531690931108e+02
3.216889531690931108e+02
3.216889531690931108e+02
3.216889531690931108e+02
3.216889494457473120e+02
3.216889494457473120e+02
3.216889494457473120e+02
3.216889494457473120e+02
3.216889494457473120e+02
3.216889457224019679e+02
3.216889457224019679e+02
3.216889457224019679e+02
3.216889457224019679e+02
3.216889457224019679e+02
3.216889419990583292e+02
3.216889419990583292e+02
3.216889419990583292e+02
3.216889419990583292e+02
3.216889419990583292e+02
3.216889382757150884e+02
3.216889382757150884e+02
3.216889382757150884e+02
3.216889382757150884e+02
3.216889382757150884e+02
3.216889382757150884e+02
3.216889382757150884e+02
3.216889382757150884e+02
3.216889382757150884e+02
3.216889382757150884e+02
3.216889382757150884e+02
3.216889382757150884e+02
3.216889382757150884e+02
3.216889382757150884e+02
3.216889382757150884e+02
3.216889382757150884e+02
3.216889382757150884e+02
3.216889382757150884e+02
3.216889382757150884e+02
3.216889382757150884e+02
3.216889382757150884e+02
3.216889382757150884e+02
3.216889382757150884e+02
3.216889382757150884e+02
3.216889382757150884e+02
3.216889382757150884e+02
3.216889382757150884e+02
3.216889382757150884e+02
3.216889382757150884e+02
3.216889382757150884e+02
3.216889382757150884e+02
3.216889382757150884e+02
3.216889382757150884e+02
3.216889382757150884e+02
3.216889382757150884e+02
3.216889382757150884e+02
3.216889382757150884e+02
3.216889382757150884e+02
3.216889382757150884e+02
3.216889382757150884e+02
3.216889382757150884e+02
3.216889382757150884e+02
3.216889382757150884e+02
3.216889382757150884e+02
3.216889382757150884e+02
3.216889382757150884e+02
3.216889382757150884e+02
3.216889382757150884e+02
3.216889382757150884e+02
3.216889382757150884e+02
3.057957942372205480e+02
3.056338587194885577e+02
3.056336278776933568e+02
3.056333977880585735e+02
3.056331674405398644e+02
3.056986789259086095e+02
3.059444121413592370e+02
3.059442449936105390e+02
3.059440777356654735e+02
3.059439112691466107e+02
3.059380636111217200e+02
3.059380678612303086e+02
3.059380721398113678e+02
3.059380764069196061e+02
3.059380807228785102e+02
3.059377112720971468e+02
3.059377184535219385e+02
3.059377256224282746e+02
3.059377327993133235e+02
3.059377398877333007e+02
3.059375091849717592e+02
3.059375175406474341e+02
3.059375259071565551e+02
3.059375342611945712e+02
3.059375426386872050e+02
3.059376209790017924e+02
3.059375998475528604e+02
3.059430691816855870e+02
3.058826359655344618e+02
3.058588726734449210e+02
3.061341201101439538e+02
3.061335842489729657e+02
3.061330571204802027e+02
3.054730631899554396e+02
3.054622719566393698e+02
3.054700703358820419e+02
3.053718307672459105e+02
3.053717283341952680e+02
3.051286616576929873e+02
3.051105873313456982e+02
3.051086281366934259e+02
3.051086325677157447e+02
3.051086369991765537e+02
3.051086414379369103e+02
3.051178899118455092e+02
3.042550948757340734e+02
3.042541139274442799e+02
3.042531312868234750e+02
3.042521443425393386e+02
3.042511655060561679e+02
3.042068556857997237e+02
3.041116896594471086e+02
3.040289668823364195e+02
3.035358959608083751e+02
3.035359131167896294e+02
3.035359302539566784e+02
3.035359474094553320e+02
3.035359645394038921e+02
3.035359817296840674e+02
3.035359989048366742e+02
3.035360161217563473e+02
3.035360333646260642e+02
3.035360505847963850e+02
3.035360677833907062e+02
3.035360849626725894e+02
3.035361021230747269e+02
3.035361192593742317e+02
3.035361363768400338e+02
3.035361535269910291e+02
3.035361706582884835e+02
3.035361877924694340e+02
3.035362048990184007e+02
3.035362220302096148e+02
3.035362391425450710e+02
3.035362562386710010e+02
3.035362733446040693e+02
3.035362904317752282e+02
3.035363075002161395e+02
3.035363245439514230e+02
3.035363415797073117e+02
3.035363585959712509e+02
3.035363755870328077e+02
3.035363925574252448e+02
3.035364095285639792e+02
3.035364264785468436e+02
3.035364434068278001e+02
3.035364603721177446e+02
3.035364772857610660e+02
3.035364941918423938e+02
3.035365110604583379e+02
3.035365280225768743e+02
3.035365449543816112e+02
3.035365619040520073e+02
3.035365787994855964e+02
3.035365956763891404e+02
3.035366125349255526e+02
3.035366293779389366e+02
3.035366461478431006e+02
3.035366629022894358e+02
3.035366796448949458e+02
3.032004123870227090e+02
3.031998928615151954e+02
3.031993795808608070e+02
3.031988721828724351e+02
3.031983820496486715e+02
3.033421182936145897e+02
3.033420639902923313e+02
3.033420101742892143e+02
3.033419568894447593e+02
3.033419041237435181e+02
3.033545638969742413e+02
3.038683391993666305e+02
3.036843500017576503e+02
3.036845077049148358e+02
3.036846661766805369e+02
3.037005477053888285e+02
3.038028848819117229e+02
3.043089856451879314e+02
3.043080528507204008e+02
3.043071271020547215e+02
3.043422068081060843e+02
3.043421799931211922e+02
3.043421534404250792e+02
3.043421268419907619e+02
3.043421007833115937e+02
3.043375271846852570e+02
3.043375072958224337e+02
3.043374875733564977e+02
3.043374679014023059e+02
3.043342614118829488e+02
3.043329257185233701e+02
3.043329210051168161e+02
3.043329163011729861e+02
3.043329116066379356e+02
3.043329069214582319e+02
3.043312872143105778e+02
3.043312836354601245e+02
3.043312800628650621e+02
3.043312764964936150e+02
3.043312729363136668e+02
3.043295646765358811e+02
3.043295611935097895e+02
3.043295577157588241e+02
3.043295542432729235e+02
3.043295507760279861e+02
3.043282557753670403e+02
3.043282527434876670e+02
3.043282497129649755e+02
3.043282466865409788e+02
3.043282436641916320e+02
3.043270187671425901e+02
3.043270160953491086e+02
3.043270134267680760e+02
3.043270107614131348e+02
3.043270080992714384e+02
3.043270054381231375e+02
3.043270027801673905e+02
3.043270001253914643e+02
3.043269974767796384e+02
3.043269948281865709e+02
3.043269921830209910e+02
3.043269895409853234e+02
3.043269869020672331e+02
3.043269842662207907e+02
3.043269816334650386e+02
3.043269793609525777e+02
3.043269767331564708e+02
3.043269741084183693e+02
3.043269714867461175e+02
3.043269688681085654e+02
3.043269662524940031e+02
3.043269636402820879e+02
3.043269610318472473e+02
3.043269584263320553e+02
3.043269558237914794e+02
3.043269532242142077e+02
3.043269506275890421e+02
3.043269480339045572e+02
3.043269454431497252e+02
3.043269428553135185e+02
3.043269402703849096e+02
3.043269376883534960e+02
3.043269351092036459e+02
3.043269325329976027e+02
3.043269299597400277e+02
3.043269273893355376e+02
3.043269248217736731e+02
3.043269222594484518e+02
3.043269196975450654e+02
3.043269171384525862e+02
3.043269145821606116e+02
3.043269120259340070e+02
3.043269094724915931e+02
3.043269069217915899e+02
3.043269052202626881e+02
3.043269026766313345e+02
3.043269001357945740e+02
3.043268975976847628e+02
3.043268951771551656e+02
3.043268927592661157e+02
3.014763534693703377e+02
3.014469691674755722e+02
3.014032350584992628e+02
3.012646059744982949e+02
3.012646408486004361e+02
3.012704594640993605e+02
3.012706589553826007e+02
3.012708589148338660e+02
3.012710581180878080e+02
3.012712564720396813e+02
3.012715624876387892e+02
3.012717605453072451e+02
3.012719575577335718e+02
3.012721539831488826e+02
3.012723496585585963e+02
3.012725901503083037e+02
3.012727854234516371e+02
3.012729804227724344e+02
3.012731755644717850e+02
3.012733738043693847e+02
3.012736119223068840e+02
3.012738050005485775e+02
3.012740017604425589e+02
3.012741983355552406e+02
3.012743944093967912e+02
3.012746904856398373e+02
3.012748864223494820e+02
3.012750816995011860e+02
3.012752763101477740e+02
3.012754703285097548e+02
3.012756765924965521e+02
3.012758703502446451e+02
3.012760636062519097e+02
3.012762561207921408e+02
3.012764481359126876e+02
3.012766645545603410e+02
3.012768558954541049e+02
3.012770471841338917e+02
3.012772381196881497e+02
3.012774280704533112e+02
3.012776418788845376e+02
3.012778316238724301e+02
3.012780204661384005e+02
3.012782085604874283e+02
3.012783960478471386e+02
3.012786158139826966e+02
3.012788036781932988e+02
3.012789907526196203e+02
3.012791774077654736e+02
3.012793637357435728e+02
3.012796321692840138e+02
3.012798551962669649e+02
3.012800786645879043e+02
3.012803015682281398e+02
3.012805230863808674e+02
3.012807441757154265e+02
3.012809638907215799e+02
3.012811838956197334e+02
3.012814032192981131e+02
3.012816259626618489e+02
3.012818428574499876e+02
3.012820603262416626e+02
3.012822814220110104e+02
3.012824987880466097e+02
3.012827219835015740e+02
3.012829445587805139e+02
3.012831657022111926e+02
3.012833875370927217e+02
3.012836091606213813e+02
3.012838341450170674e+02
3.012840559853475497e+02
3.012842770960089638e+02
3.012844974426616318e+02
3.012847168799140718e+02
3.012849397054509382e+02
3.012851577067397670e+02
3.012853750665749999e+02
3.012855929664127075e+02
3.012858098460433780e+02
3.012860263474558451e+02
3.012862443116779900e+02
3.012864603993098740e+02
3.012866759775574792e+02
3.012868911039867612e+02
3.012871055982114399e+02
3.012873203736619985e+02
3.012875301852134271e+02
3.012877394220673182e+02
3.012879469086363997e+02
3.012881537458632124e+02
3.012883659246438128e+02
3.012885696287462451e+02
3.012887727087634175e+02
3.012889763350437420e+02
3.012891801515582415e+02
3.012893829849450071e+02
3.012895889040352131e+02
3.012897900137503484e+02
3.012899912389416386e+02
3.012901920147852479e+02
