3.003107607869937965e+02
2.976052997067528736e+02
2.984275656543744617e+02
2.982859418658837853e+02
2.982282893183714236e+02
2.969455392760111181e+02
2.973758350349128818e+02
2.971238205537475778e+02
2.975942762096958631e+02
2.975695605915594797e+02
2.974722276953770006e+02
2.979288642858666663e+02
2.979926043931602635e+02
2.980434164060909552e+02
2.983124236926981894e+02
2.984152734072706608e+02
2.985723537229747535e+02
2.987809373234128998e+02
2.989208559419037670e+02
2.991336611730504842e+02
2.999806954833939017e+02
2.998667883675562393e+02
3.000427200682299826e+02
3.000437408920280973e+02
3.001901996225811331e+02
3.008837477084683769e+02
3.007717577572373671e+02
3.008415331041960599e+02
3.007904733149068193e+02
3.010938579058264395e+02
3.022663427746620073e+02
3.022459006266067831e+02
3.025029421450977338e+02
3.025250823168868806e+02
3.026606481210083643e+02
3.041900142805675955e+02
3.039207954122177284e+02
3.044280962777462491e+02
3.041734559370324860e+02
3.045675972057697436e+02
3.065218978403627261e+02
3.059771809214615246e+02
3.063692725903499081e+02
3.061935783910196278e+02
3.062886801422781673e+02
3.084858354967944933e+02
3.079327317607277337e+02
3.081461560613154234e+02
3.082862770959195586e+02
3.083064684554166774e+02
3.110237632245120381e+02
3.107275510864881767e+02
3.112444728622891148e+02
3.109172306067907812e+02
3.113013063080353504e+02
3.110937190892830131e+02
3.117500272549592637e+02
3.114342011190341282e+02
3.115936346134641326e+02
3.115320038364400261e+02
3.116800613323626976e+02
3.117948032228866282e+02
3.118350104023515996e+02
3.119274875669225366e+02
3.120900152499456226e+02
3.119658035638067304e+02
3.121535322892071349e+02
3.122557165830613144e+02
3.123712661576274741e+02
3.123932766937787733e+02
3.124146360258670256e+02
3.123696384431265187e+02
3.124697908666782382e+02
3.123715543540463386e+02
3.124152143240392547e+02
3.125242157841908579e+02
3.125502352643247832e+02
3.125813837781495295e+02
3.126528376848299331e+02
3.126237439882844455e+02
3.126158858748808029e+02
3.126958689102910967e+02
3.126230907991681534e+02
3.126277688529117427e+02
3.126264322244122127e+02
3.126869512812818357e+02
3.126787156677173698e+02
3.126796422648665157e+02
3.126738432050300958e+02
3.126744429428087528e+02
3.126768465364904728e+02
3.126745305048549426e+02
3.126722156823080923e+02
3.126751045892758043e+02
3.126723395296191370e+02
3.126810830527979306e+02
3.126758400766660770e+02
3.126749725499404917e+02
3.126736302326765440e+02
3.126735347462268919e+02
3.145145623511579629e+02
3.174131050456164189e+02
3.199733137414702924e+02
3.210098415957529028e+02
3.231644669747633998e+02
3.241842852617101016e+02
3.251910450456866215e+02
3.254123072567030022e+02
3.262318897703099765e+02
3.262144704741461965e+02
3.263994862429191812e+02
3.264075819803681497e+02
3.266981145521313010e+02
3.268668268025178918e+02
3.270560092519211821e+02
3.271200475292632177e+02
3.274822725368682086e+02
3.275151403822464431e+02
3.278110135145003596e+02
3.278043542393355665e+02
3.277860030929649042e+02
3.280548596895893638e+02
3.280672049404709583e+02
3.282722672146718423e+02
3.282860823703827577e+02
3.283266392869180663e+02
3.286378290244677487e+02
3.286443349535098832e+02
3.290010767663121101e+02
3.289239698894770640e+02
3.290113269709767110e+02
3.295503090795377830e+02
3.296844109811596013e+02
3.298416039112325393e+02
3.301341549467529148e+02
3.302000507404433165e+02
3.304270534040880420e+02
3.305252953796570523e+02
3.306775273079904878e+02
3.308082690521712266e+02
3.308597411481756581e+02
3.312046509953913755e+02
3.312021696763607679e+02
3.313884787003341899e+02
3.314235201575156680e+02
3.316977030100900947e+02
3.318295737694994614e+02
3.318749356888997113e+02
3.318973736857723225e+02
3.318961346982853229e+02
3.319280139108306571e+02
3.320114843763544172e+02
3.321208526321062777e+02
3.321643021018041395e+02
3.321693307893826841e+02
3.322478254450376767e+02
3.322228503953192558e+02
3.322283249225815780e+02
3.322307034693383798e+02
3.322313426276228370e+02
3.322317687866139408e+02
3.322318444880086190e+02
3.322319104448969256e+02
3.322345795136724860e+02
3.322364353130973882e+02
3.322367902473726531e+02
3.322352137189034806e+02
3.322359729116192852e+02
3.322360481123463956e+02
3.322353551468796695e+02
3.322360939299482538e+02
3.322387068215264776e+02
3.322378834919619521e+02
3.322364500524874416e+02
3.322381040459321184e+02
3.322399811365465894e+02
3.322400142434540271e+02
3.322397509933553579e+02
3.322398797952779432e+02
3.322392966531678553e+02
3.322393681726853742e+02
3.322407466632272417e+02
3.322427315033703508e+02
3.322429323555656993e+02
3.322417808575671643e+02
3.322423571200430956e+02
3.322435262935644573e+02
3.322423144550039069e+02
3.322422751345724237e+02
3.322439085857392911e+02
3.322437713928647440e+02
3.322453281996226337e+02
3.322462217926522499e+02
3.322464833200667726e+02
3.322476037200286214e+02
3.322457549657614209e+02
3.322488147640435159e+02
3.322493159618413756e+02
3.322495372890203384e+02
3.322473476375575956e+02
3.308831604359289145e+02
3.324597192770136189e+02
3.342061862958052529e+02
3.350081576308574540e+02
3.362157143749889769e+02
3.369192164903187177e+02
3.377620070884266852e+02
3.378647756668930242e+02
3.384028852620914449e+02
3.387034815649178654e+02
3.389970718946617581e+02
3.393264120663151289e+02
3.395965383167414302e+02
3.399353306529978909e+02
3.401468369857791458e+02
3.407238593934438313e+02
3.410310557811659464e+02
3.411056339459822766e+02
3.415002992497600189e+02
3.416314240570898164e+02
3.422095993924887694e+02
3.423603067279995003e+02
3.425250430319426300e+02
3.426545535647557585e+02
3.428097703286177875e+02
3.430671512651100556e+02
3.432427289633448595e+02
3.433891849872816806e+02
3.434899199980860658e+02
3.436412943019727209e+02
3.438418213833085701e+02
3.438493966632406682e+02
3.439653887211645724e+02
3.440282926075121850e+02
3.440680358122832558e+02
3.442348307884768701e+02
3.443347550947121931e+02
3.444049684481158806e+02
3.444370893957326416e+02
3.444546012748675707e+02
3.445419879970887109e+02
3.446552849632059292e+02
3.446712189420971413e+02
3.446599289957181327e+02
3.446644453460431237e+02
3.447871333339744524e+02
3.448074270807060770e+02
3.448059649256184116e+02
3.448085428121393079e+02
3.448077331803900734e+02
3.449593098701400322e+02
3.449610203649274354e+02
3.449886175724248574e+02
3.449913416448410430e+02
3.449927812336855482e+02
3.449917544181585072e+02
3.449935215178127237e+02
3.449926278011267868e+02
3.449945758374465186e+02
3.449938078243025643e+02
3.449923831868758271e+02
3.449947186714764484e+02
3.449941361154333777e+02
3.449943105360928826e+02
3.449938316459763428e+02
3.449935913630133086e+02
3.449956420761948266e+02
3.449937796311041893e+02
3.449955645181670434e+02
3.449933583206118328e+02
3.449937995700618671e+02
3.449944155579901803e+02
3.449949105444015913e+02
3.449950420343881774e+02
3.449956200628049601e+02
3.449945649165179020e+02
3.449950555571732593e+02
3.449952571535912398e+02
3.449956856205359941e+02
3.449962120854471550e+02
3.449953374360554221e+02
3.449957490000451799e+02
3.449982205305598768e+02
3.449970590635614940e+02
3.449951832981952862e+02
3.449979292953491949e+02
3.449955608822260729e+02
3.449973116148358372e+02
3.449976265994472442e+02
3.449948818969759259e+02
3.449977164369121283e+02
3.449957752905386315e+02
3.449977043197034163e+02
3.449962269648705160e+02
3.449975761927428266e+02
3.449972149113565365e+02
3.449971227502789475e+02
3.449969610290211222e+02
3.449972345798658466e+02
3.449979550254397509e+02
3.443096941161743985e+02
3.448316466907754148e+02
3.450163719234560062e+02
3.454679223931483989e+02
3.455961051797251002e+02
3.455832808881531264e+02
3.458321050945604611e+02
3.458425398143857024e+02
3.460904717305790541e+02
3.461321854356415884e+02
3.460661467450114515e+02
3.462527251144222191e+02
3.462753778402228022e+02
3.464291481455179564e+02
3.464951201942233752e+02
3.466669455886448645e+02
3.468203370402323458e+02
3.469757725961790129e+02
3.470867471552585926e+02
3.472547754549268575e+02
3.473039792210521455e+02
3.474612596458390499e+02
3.475769873887315953e+02
3.477110239259260993e+02
3.478313313120051475e+02
3.478611725494433813e+02
3.480058451325352280e+02
3.480572222209002575e+02
3.481816054531768714e+02
3.482167478076028146e+02
3.483654451414751634e+02
3.483773555520451737e+02
3.483745933403193362e+02
3.483771384409570260e+02
3.483779918635795525e+02
3.483964620534731012e+02
3.484006920638457814e+02
3.484029656413118232e+02
3.484041874613833443e+02
3.484065218977702898e+02
3.484223848894877165e+02
3.484222144440246325e+02
3.484201312797894730e+02
3.484216793269870891e+02
3.484218449241911912e+02
3.484408742243882102e+02
3.484369001417043137e+02
3.484388496400367217e+02
3.484409406018052096e+02
3.484396860111023102e+02
3.484563249240957248e+02
3.484586487418108049e+02
3.484616056214566697e+02
3.484611922705349798e+02
3.484695955431910761e+02
3.484688694156415067e+02
3.484712199189997932e+02
3.484717349300522073e+02
3.484743509643629409e+02
3.484733063711111640e+02
3.484752919543739154e+02
3.484756358974184423e+02
3.484768356451255613e+02
3.484762679738157090e+02
3.484777543478033976e+02
3.484778714897819327e+02
3.484779661730511293e+02
3.484785475655035611e+02
3.484796274389482846e+02
3.484789014455175220e+02
3.484804807992886140e+02
3.484803226721224974e+02
3.484815584503729724e+02
3.484797064969731650e+02
3.484826732752247835e+02
3.484815948821342317e+02
3.484810545019752794e+02
3.484819636197457839e+02
3.484826012875471406e+02
3.484820141995960512e+02
3.484830219171151953e+02
3.484828765448062882e+02
3.484837453436679766e+02
3.484833417153820392e+02
3.484845299832780938e+02
3.484829827603537638e+02
3.484853856107507113e+02
3.484845900103464373e+02
3.484852245903018115e+02
3.484852066044642811e+02
3.484853359947898070e+02
3.484856655588775993e+02
3.484862826576202224e+02
3.484857790150277310e+02
3.484872770528360775e+02
3.484854074848000209e+02
3.484879672483180002e+02
3.484872913062399675e+02
3.484883529935507340e+02
3.484898170519661562e+02
3.484264125278593838e+02
3.485007554217847883e+02
3.484699465527528446e+02
3.486713247505949198e+02
3.486294610228224542e+02
3.487170752133285987e+02
3.487303510647500957e+02
3.488014582325498054e+02
3.488615971973039791e+02
3.489226402315595124e+02
3.489304395615511680e+02
3.490764347405450962e+02
3.490760839547000387e+02
3.491534920054153872e+02
3.491662051051404205e+02
3.492401978288090731e+02
3.493508494808407931e+02
3.493674567658376304e+02
3.494171811160556445e+02
3.494245995022502598e+02
3.494889335032720510e+02
3.494999050420624940e+02
3.495115173737251553e+02
3.495172136608930487e+02
3.495192297890503141e+02
3.496154215565043160e+02
3.496363218804124244e+02
3.496342326348265601e+02
3.496365124941957561e+02
3.496341737663981348e+02
3.497085834114044474e+02
3.497225543514165338e+02
3.497211642430721099e+02
3.497207166397166134e+02
3.497218850972171253e+02
3.497586801786338810e+02
3.497604575912192786e+02
3.499247727808324271e+02
3.498859890664118097e+02
3.498944367062928791e+02
3.499278898061807581e+02
3.499456084581780715e+02
3.499397119539594314e+02
3.499435622122042560e+02
3.499570288896524062e+02
3.499908946071774380e+02
3.499947191910528090e+02
3.499930219166745360e+02
3.499944829376016173e+02
3.499961817031590954e+02
3.500279013383336633e+02
3.500313463400640330e+02
3.500292208622940393e+02
3.500309780121436916e+02
3.500305820613601782e+02
3.500309824288376603e+02
3.500312545345726107e+02
3.500318099677668897e+02
3.500315482404539580e+02
3.500318381159948444e+02
3.500315477925591381e+02
3.500320187823296578e+02
3.500322948280928017e+02
3.500320781606152423e+02
3.500323880229319684e+02
3.500323475378025933e+02
3.500326979824853311e+02
3.500317680039472634e+02
3.500334096495893732e+02
3.500324213305855210e+02
3.500335461198253029e+02
3.500329046773077266e+02
3.500329979423296436e+02
3.500326580431797083e+02
3.500333240772359886e+02
3.500323683910066848e+02
3.500333267798084194e+02
3.500326550972533823e+02
3.500338546511008531e+02
3.500327445227047747e+02
3.500339896758750911e+02
3.500336454277644407e+02
3.500344849066184452e+02
3.500337202912027124e+02
3.500343686578053166e+02
3.500340964037719687e+02
3.500344125745137376e+02
3.500345350291381692e+02
3.500348070785428263e+02
3.500350940702861635e+02
3.500338495028490229e+02
3.500357587602607055e+02
3.500347900480488192e+02
3.500347907826898108e+02
3.500354324758642974e+02
3.500352236577027725e+02
3.500360304918092424e+02
3.500346657803010544e+02
3.500362873071257468e+02
3.500356197624523702e+02
