6.020622766491602817e+01
4.253768260723275318e+01
3.691784784499864003e+01
3.054012223959830408e+01
2.814201288742435736e+01
2.850041866888074793e+01
2.308136096627145051e+01
2.096711762734582152e+01
1.898709178878912240e+01
1.871002643439924640e+01
2.023853350937486439e+01
1.828829144533542106e+01
1.764629256870554386e+01
1.733515922756886596e+01
1.675984421454305817e+01
1.859963773147439525e+01
1.736233630511875958e+01
1.672803028809892822e+01
1.639843134522601176e+01
1.620275679103997390e+01
1.668488937727691379e+01
1.642344412936657605e+01
1.622482245674318335e+01
1.586701845484756213e+01
1.559000250362716500e+01
1.561363229710006628e+01
1.512838951716360114e+01
1.467883286238730456e+01
1.451610340605957461e+01
1.423357657293180623e+01
1.456780360714597222e+01
1.399080280052627856e+01
1.394117226708201507e+01
1.367662541004660071e+01
1.373393196516175152e+01
1.401993218487974957e+01
1.399050089468840952e+01
1.383861364542923411e+01
1.385224728266228666e+01
1.384432619952265497e+01
1.411179517754326795e+01
1.383169843108161601e+01
1.392300284284649159e+01
1.375827260394519413e+01
1.390876089403503890e+01
1.440866849369970915e+01
1.436735806404439941e+01
1.427630706182036491e+01
1.428273561409918457e+01
1.430636810355477451e+01
1.486808040093875860e+01
1.493024558602155238e+01
1.500211855879453893e+01
1.499711437408475234e+01
1.498900793033106282e+01
1.499538927912236552e+01
1.498582476028803256e+01
1.472898133483905170e+01
1.475003124387861320e+01
1.474054212372754691e+01
1.473909913448785503e+01
1.473722296248999797e+01
1.473684450014966885e+01
1.473595804521405661e+01
1.473589417198281737e+01
1.473442986259886744e+01
1.469771884117330885e+01
1.470390822801899944e+01
1.470623729409905422e+01
1.469319404160984277e+01
1.469550425595489607e+01
1.469054974423497839e+01
1.469504348766026069e+01
1.468988577701053089e+01
1.469444142905716966e+01
1.398760160714962097e+01
1.414507726594819914e+01
1.412378094603787204e+01
1.412550279924505148e+01
1.411831902980099329e+01
1.411691474728947426e+01
1.411327536907693236e+01
1.417618401280253515e+01
1.416852312978260287e+01
1.417697118366682929e+01
1.417132199617595134e+01
1.417632252588689035e+01
1.416745242169743868e+01
1.417354595818681418e+01
1.417182160698171245e+01
1.417462609759899905e+01
1.417250780129455379e+01
1.417473801570004532e+01
1.417316068013771968e+01
1.417487677908009047e+01
1.417267596804227026e+01
1.417475408448563634e+01
1.417305893687236740e+01
1.417454521265807443e+01
1.417338992689398580e+01
1.364267280373217872e+01
1.284240196852305260e+01
1.247747182514727804e+01
1.202276086105906394e+01
1.189811458875055017e+01
1.169631355444948184e+01
1.125897159379936951e+01
1.126638751043725151e+01
1.126166302184692469e+01
1.125558762941346203e+01
1.122778690713749938e+01
1.121502934734070323e+01
1.122495906894936724e+01
1.121666836590546801e+01
1.121085858754882025e+01
1.121363978159751440e+01
1.120672040641331790e+01
1.095403938337368643e+01
1.095276909776424645e+01
1.094143338029348200e+01
1.095465213730854614e+01
1.094126378218865270e+01
1.088333350543333822e+01
1.087807200762030568e+01
1.088110631281234930e+01
1.088497681911760040e+01
1.088126437848496941e+01
1.087277490871245078e+01
1.087515734570384041e+01
1.087132815148714293e+01
1.087529077118602672e+01
1.087152791873960744e+01
1.087534909276949335e+01
1.087170295207281967e+01
9.971389085556637610e+00
9.967957498534657290e+00
9.943924781260449208e+00
9.933015197228677096e+00
9.932772744760416828e+00
9.929437908261649071e+00
9.938053995168896648e+00
9.929944835427729544e+00
9.933227871172828571e+00
9.928454874765886728e+00
9.921907350203895248e+00
9.916037254317599192e+00
9.915763595256393614e+00
9.911766320710778899e+00
9.802622368587417867e+00
9.793784912291506828e+00
9.803319833774496672e+00
9.798684698232136725e+00
9.797696689778783607e+00
9.797576896264404311e+00
9.799974321848797132e+00
9.796693375182192298e+00
9.796647860906844585e+00
9.794208978168311930e+00
9.794501151640988112e+00
9.790192542982271817e+00
9.790146548318215736e+00
9.787866126133028644e+00
9.756830318503713073e+00
9.758055442620582554e+00
9.763270621195605514e+00
9.751744260264468167e+00
9.757918729449730932e+00
9.750520012606294529e+00
9.756890250261804454e+00
9.757368237058868132e+00
9.754191492384546081e+00
9.756181225216064234e+00
9.751300166678372960e+00
9.756324217389348519e+00
9.754147600300759891e+00
9.756137494818005962e+00
9.752518879358824222e+00
9.755577167779804881e+00
9.751960873349961645e+00
9.757725824469504872e+00
9.749878756220619280e+00
9.750041951270027596e+00
9.758048657475590915e+00
9.753900582524218876e+00
9.751471901368431006e+00
9.753001095615688953e+00
9.750197333870877614e+00
9.753643838942789301e+00
9.749459932608566248e+00
9.753202565573133143e+00
9.748886850905105206e+00
9.750768793431465298e+00
9.747947282046734330e+00
9.750574683406995291e+00
9.746652415725687746e+00
9.748672470216817487e+00
9.163645270754818384e+00
9.165645843043156660e+00
9.158883598685434890e+00
9.163328729258999772e+00
9.247221195354805801e+00
9.250215870708702326e+00
9.248178268519769318e+00
9.252229235548593778e+00
9.250859091916177945e+00
9.250433076814815081e+00
9.252369568671102940e+00
9.250224592160961379e+00
9.251209120824217536e+00
9.250006995360894990e+00
9.250905302638649630e+00
9.244792022330818426e+00
9.241200846301106608e+00
9.243841116098932886e+00
9.234532675597138862e+00
9.235105124228624618e+00
9.235097320000722476e+00
9.235092262903009441e+00
9.235091999676994234e+00
9.234980490109741424e+00
9.239537332190320029e+00
9.232443412247571146e+00
9.227049768877005675e+00
9.222412186193748695e+00
9.222747294512750216e+00
9.223000566561346147e+00
9.220326301269068381e+00
9.221410690888353301e+00
9.216867712474456908e+00
9.222097907641819248e+00
9.220093356434301057e+00
9.218250316711189996e+00
9.220604823647423842e+00
9.217782191970833594e+00
9.220714724667772089e+00
9.217942737792901298e+00
9.218726180554559946e+00
9.216731328937109780e+00
9.218720363162780984e+00
9.209735739435831903e+00
9.213627465618531076e+00
9.205364466537201196e+00
9.208635741847547962e+00
9.207784888991421113e+00
9.206574819660282571e+00
9.208530433370578194e+00
9.206336556460367859e+00
9.202159385183858120e+00
9.203177049535499421e+00
9.204028555341807305e+00
9.201363345626933921e+00
9.202680331401728253e+00
9.197963605517550434e+00
9.198967360781272973e+00
9.200232247986440015e+00
9.203861517762117472e+00
9.198522001183754071e+00
9.190286203601125692e+00
9.190505514687229649e+00
9.190565367908256178e+00
9.190633235826078717e+00
9.191457761768404566e+00
9.187158963538841761e+00
9.188669162162733883e+00
9.183685778895199547e+00
9.184987755940621668e+00
9.188764443950832472e+00
9.182093175045487499e+00
9.185462599409026652e+00
9.180309748862008234e+00
9.182092310453313644e+00
9.183462121224941654e+00
9.176727690099514945e+00
9.178506114730680565e+00
9.180399426747081648e+00
9.181019534203077370e+00
9.175633540829549517e+00
9.177227688989667342e+00
9.179752529356655089e+00
9.175317149849474774e+00
9.177133028466691655e+00
9.178191976079849823e+00
9.172676696360227311e+00
9.173940398194611490e+00
9.176132676821854517e+00
9.176616533110991014e+00
9.171637180937173284e+00
9.172639706542863536e+00
9.175712472786646146e+00
9.171318291719497751e+00
9.178414210665540196e+00
9.172261481468748201e+00
9.162975091233143132e+00
9.163908713908369918e+00
9.167009077297738173e+00
9.167198050620902094e+00
9.164898547516791893e+00
9.161173235370034362e+00
9.161931315500691397e+00
9.163482807329749846e+00
9.149898826201251723e+00
9.148398581109123739e+00
9.149958314504306855e+00
9.149104007181790621e+00
9.136076326881120480e+00
9.139131046716663320e+00
9.138096368740139752e+00
9.138481985279096165e+00
9.137615830425177776e+00
9.138426387311358923e+00
9.138422702566133538e+00
9.138554421137389028e+00
9.135366328566878025e+00
9.135942620938726222e+00
9.136439423053015929e+00
9.137396521598009969e+00
9.137378465195258315e+00
9.137255603407833604e+00
9.090070530420621964e+00
9.090247804296502920e+00
9.090392871719934931e+00
9.090127732191218612e+00
9.091377170858713441e+00
9.090154338364575537e+00
9.088959357415049567e+00
9.090002544823036601e+00
9.089572195742952943e+00
9.088946740987843498e+00
9.088827323914792089e+00
9.088833171100187514e+00
9.089111020383144890e+00
9.089121194413671390e+00
9.089117007981570850e+00
9.089078856381084037e+00
9.085093496934558033e+00
9.086223258916087175e+00
9.086334354546941938e+00
9.085769072388988121e+00
9.085611065297637623e+00
9.085689639132532136e+00
9.086050057562303550e+00
9.086044662558469653e+00
9.086044651442781728e+00
9.086037866619090408e+00
9.085961500883431796e+00
9.088257806024977015e+00
9.084868954997903145e+00
9.085394436950656072e+00
9.084718326524706455e+00
9.084303513975854116e+00
9.084853936019191778e+00
9.081502146695854094e+00
9.081706299026521378e+00
9.081820980907385987e+00
9.081919042541930054e+00
9.082023028363970241e+00
9.083072108146829748e+00
9.080873118215251338e+00
9.080878398739407942e+00
9.080878437008557569e+00
9.080878475211473955e+00
9.080878513346656078e+00
9.080878551417294275e+00
9.080878589424170144e+00
9.080878627367182432e+00
9.080878665248661719e+00
9.080878703069338087e+00
9.080878740829275486e+00
9.080878778529834605e+00
9.080878816181936486e+00
9.080878853776660264e+00
9.080878891311167322e+00
9.080878928788852278e+00
9.080878966210345737e+00
9.080879003576271202e+00
9.080879040887179343e+00
9.080879078143738070e+00
9.080879115346458974e+00
9.080879152495997531e+00
9.080879189592931056e+00
9.080879226637815549e+00
9.080879263631191023e+00
9.080879300573602819e+00
9.080879337465608714e+00
9.080879374307702534e+00
9.080879411100394094e+00
9.080879447844163010e+00
9.080879484539543967e+00
9.080879521187018355e+00
9.080879557786687428e+00
9.080879594339407390e+00
9.080879630845590356e+00
9.080879667305733705e+00
9.080879703720295737e+00
9.080879740089532248e+00
9.080879776413901538e+00
9.080879812693972042e+00
9.080879848930159426e+00
9.080879885122865147e+00
9.080879921272503097e+00
9.083398792813284217e+00
9.083044563740500621e+00
9.083115370846794434e+00
9.082855618485755400e+00
9.083027311993919994e+00
9.083501842527965664e+00
9.082825754720799338e+00
9.083299136860905065e+00
9.082692028563490894e+00
9.083082533896801536e+00
9.083246167844265528e+00
9.082913910334337260e+00
9.082471909999126680e+00
9.082917168225982607e+00
9.082304474982937137e+00
9.082298080662432938e+00
9.082813860362815461e+00
9.082531752084697985e+00
9.081187017524097627e+00
9.081509505184484965e+00
9.079938117189094271e+00
9.079921276504741456e+00
9.080719653858983165e+00
9.080235060644422873e+00
9.080695160142498779e+00
9.080921082816256984e+00
9.080656003948522681e+00
9.080354249038876446e+00
9.081648342075283153e+00
9.080687515084818529e+00
9.081153463710524676e+00
9.080276959158597450e+00
9.080719838077754957e+00
9.080078665601966748e+00
9.080411065040728147e+00
9.080482623587407431e+00
9.080198174109824549e+00
9.080437711629461006e+00
9.079603929714435750e+00
9.079848010500914057e+00
9.079838630582198533e+00
9.080968485689329128e+00
9.079149030915921514e+00
9.079229637067504299e+00
9.079490400017782292e+00
9.079832228334332456e+00
9.076431675809130795e+00
9.076669584725181039e+00
9.078145924961182445e+00
9.078051908018515803e+00
9.078410458589772247e+00
9.077074273305816732e+00
9.077384690442642068e+00
9.077518972691752452e+00
9.077620198720246947e+00
9.077834762188096818e+00
9.070171571644447539e+00
9.071775555464970608e+00
9.072269626890630434e+00
9.075058602758343085e+00
9.075141616718170212e+00
9.075186319517065670e+00
9.075326416431249044e+00
9.074108260114970292e+00
9.074556278686443989e+00
9.074631947054619729e+00
9.074828468967243822e+00
9.074904608775945292e+00
9.074454086015382615e+00
9.074681107011423720e+00
9.074425458550990697e+00
9.074652919587247624e+00
9.073896306350810903e+00
9.073963302610117410e+00
9.074287654654758839e+00
9.072507076598085973e+00
9.072611653822654887e+00
9.073055430419426415e+00
9.073545246447775270e+00
9.073723907644257736e+00
9.073082303522328473e+00
9.073486047012218947e+00
9.073035581089371249e+00
9.073441801967323528e+00
9.072853928478538776e+00
9.073098431470141279e+00
9.071536594219448801e+00
9.071959900401225241e+00
9.072134155018092727e+00
9.072348263975106519e+00
9.073215525642044810e+00
9.072674508616170641e+00
9.072202264346753253e+00
9.071924804506579676e+00
9.071737542401130838e+00
9.072048110917695141e+00
9.071316596987561098e+00
9.072136158496828529e+00
9.071552128984309959e+00
9.070959731141041260e+00
