1.355219478674051174e+02
1.353676870648798456e+02
1.353443354940436052e+02
1.353491040098105884e+02
1.353339978703916699e+02
1.353487064641012694e+02
1.353220223389727721e+02
1.353322141949969080e+02
1.353465568673263988e+02
1.353349712029462637e+02
1.353514580795808229e+02
1.353773263718965723e+02
1.353932172310687179e+02
1.353921873515764673e+02
1.354010938610926189e+02
1.353745648958216634e+02
1.353569116260396186e+02
1.353787208021631727e+02
1.353847647930298308e+02
1.353934872035974877e+02
1.353130177489830146e+02
1.353474604901242913e+02
1.353322879519932940e+02
1.353385153721713152e+02
1.353459508214257880e+02
1.354107221783224873e+02
1.353841047387628294e+02
1.354254343133111149e+02
1.353736414553724217e+02
1.354181425523473195e+02
1.354097679311948070e+02
1.354446176441200862e+02
1.354525632264589490e+02
1.354620228873453129e+02
1.354609375926374355e+02
1.354706160440831582e+02
1.354891430567562338e+02
1.354833918858188326e+02
1.355078917927752684e+02
1.354986659466597416e+02
1.355412639147434675e+02
1.355698211154881392e+02
1.355615224953698998e+02
1.355933766717186586e+02
1.355608575512742959e+02
1.355865201282450698e+02
1.356090448913885780e+02
1.356201340761600704e+02
1.356061107897025124e+02
1.356303019375047256e+02
1.356666456083286221e+02
1.356812899637288865e+02
1.356949068931288593e+02
1.357034153602855042e+02
1.356978374492301782e+02
1.357131192654903771e+02
1.357126775813523523e+02
1.357124975406465524e+02
1.357160140636122492e+02
1.357113437841424570e+02
1.357158772671543829e+02
1.357147225573518199e+02
1.357181780203153494e+02
1.357158725393651935e+02
1.357245957959396776e+02
1.357233079201535872e+02
1.357281002842213979e+02
1.357284124003260217e+02
1.357256161525701543e+02
1.357288479466812703e+02
1.357267017552791231e+02
1.357305629463168941e+02
1.357212622952914671e+02
1.357365016167706813e+02
1.357295978627697082e+02
1.357417341701345777e+02
1.357314269832471041e+02
1.357385334004676452e+02
1.357325167114040028e+02
1.357390128253308603e+02
1.357332047911724828e+02
1.357374012624353270e+02
1.357329797544191763e+02
1.357340879049359046e+02
1.357332222714948102e+02
1.357384558668460954e+02
1.357403628295642761e+02
1.357427757978158525e+02
1.357432047405439164e+02
1.357422778636072564e+02
1.357453061688521530e+02
1.357454925774695198e+02
1.357454928022390845e+02
1.357454929899566309e+02
1.357454931617463103e+02
1.357454933243939479e+02
1.357454934733461016e+02
1.357454936152032587e+02
1.357454937532308463e+02
1.357454938850050326e+02
1.356792695095106467e+02
1.358339983378794216e+02
1.358791466729569493e+02
1.359520556345077011e+02
1.359975169900476430e+02
1.360440251395954760e+02
1.360889302840031405e+02
1.361158401032794245e+02
1.361453032841446884e+02
1.361570852521137454e+02
1.361976274922571406e+02
1.362083981470341882e+02
1.362290197205798563e+02
1.362366171581972765e+02
1.362800045874172383e+02
1.362877615933605568e+02
1.363605763270685145e+02
1.363360003739530839e+02
1.363715570889412163e+02
1.363636726871757219e+02
1.363922006715074815e+02
1.363963702982200914e+02
1.364093175524240849e+02
1.364182068987188359e+02
1.364341658675985514e+02
1.364393634527713743e+02
1.364494057169834491e+02
1.364626476158321964e+02
1.364873902906628018e+02
1.364917324972884387e+02
1.364880857444468347e+02
1.365069837424815375e+02
1.365132822866742686e+02
1.365370005050993143e+02
1.365332202603276244e+02
1.365514460263106571e+02
1.365576420973127654e+02
1.365691589595850530e+02
1.365708641648781736e+02
1.365814644941441429e+02
1.365892360983589526e+02
1.366016830868790635e+02
1.366004051073231551e+02
1.366125216401477189e+02
1.366110889964334660e+02
1.366204093737148924e+02
1.366213339338515880e+02
1.366343616434692194e+02
1.366406996393401698e+02
1.366455166222855553e+02
1.366505819895377840e+02
1.366565893929380309e+02
1.366603835337745636e+02
1.366679192425875726e+02
1.366706865454668218e+02
1.366759020721715672e+02
1.366827929803447148e+02
1.366855295424424810e+02
1.366910639851523115e+02
1.366952567774561658e+02
1.366998485450608314e+02
1.367020004811648732e+02
1.367070940487634232e+02
1.367097759198116478e+02
1.367164608890593058e+02
1.367172732050310913e+02
1.367232892107726343e+02
1.367268168688056278e+02
1.367304326899551370e+02
1.367334285964059859e+02
1.367414966405494283e+02
1.367396214273753117e+02
1.367473660522097703e+02
1.367476557697883095e+02
1.367514901264753462e+02
1.367551180819412480e+02
1.367593045448057296e+02
1.367618206543072858e+02
1.367668772923847484e+02
1.367669721099532865e+02
1.367717196086337594e+02
1.367743519790806772e+02
1.367772383831097898e+02
1.367786301038023851e+02
1.367859489511832578e+02
1.367867443170501360e+02
1.367879697397106611e+02
1.367924419031267007e+02
1.367928554545764541e+02
1.367967489291769994e+02
1.367963715555956128e+02
1.368005599748487100e+02
1.367999073087188435e+02
1.368049046409090295e+02
1.368047992587448505e+02
1.368076054377174557e+02
1.368088761631524619e+02
1.368121290801651639e+02
1.368116581641367588e+02
1.368158324005235045e+02
1.367696908003899807e+02
1.368160326701639917e+02
1.367889654686572385e+02
1.368372482305479139e+02
1.368455561702691625e+02
1.368674768239611410e+02
1.368855945488933799e+02
1.369036729572989088e+02
1.369140393515819198e+02
1.369316432480081573e+02
1.369414470366968999e+02
1.369572108661352843e+02
1.369664270943404460e+02
1.369751308721086502e+02
1.369850051226960659e+02
1.369930153530243047e+02
1.370029493904005164e+02
1.370136217019075389e+02
1.370170460923269502e+02
1.370261609324934682e+02
1.370266928599886285e+02
1.370434225835669508e+02
1.370468815946883296e+02
1.370638994579776409e+02
1.370687498204215728e+02
1.370671741335684430e+02
1.370811967583472892e+02
1.370874047167397407e+02
1.370954551835641837e+02
1.371034081966740246e+02
1.371051402511392610e+02
1.371205807991105985e+02
1.371201771933768896e+02
1.371340749113872164e+02
1.371360426318824750e+02
1.371486860104235461e+02
1.371515167540378854e+02
1.371634273154202788e+02
1.371688728455001183e+02
1.371778344168246235e+02
1.371817584515444537e+02
1.371901824649850710e+02
1.371941585835285764e+02
1.372083478947639037e+02
1.372105080521651246e+02
1.372203221373789290e+02
1.372223523017926823e+02
1.372301988727728883e+02
1.372334981560802873e+02
1.372395239564155816e+02
1.372447994669385025e+02
1.372492095959950120e+02
1.372520662707256065e+02
1.372570327884079688e+02
1.372610502423540879e+02
1.372654431897819336e+02
1.372690017513837972e+02
1.372729235361316853e+02
1.372771394484285565e+02
1.372799700986432185e+02
1.372833566989353358e+02
1.372864439059129609e+02
1.372887791804174924e+02
1.372948144938518453e+02
1.372962320118747073e+02
1.373000526225326041e+02
1.373032712575770233e+02
1.373071493820654609e+02
1.373099040828923023e+02
1.373148974441342034e+02
1.373180877248583442e+02
1.373220804183815460e+02
1.373262432471775867e+02
1.373298014424758549e+02
1.373320271797694545e+02
1.373365494378845710e+02
1.373400172569070605e+02
1.373430944508490654e+02
1.373468242447121952e+02
1.373496909572007496e+02
1.373531975592867980e+02
1.373565511171318860e+02
1.373603688739902964e+02
1.373623534220741647e+02
1.373653412784068735e+02
1.373675954711149529e+02
1.373722598754017667e+02
1.373736601557864674e+02
1.373779653108555294e+02
1.373801855700701537e+02
1.373833520999711766e+02
1.373859261860038430e+02
1.373903530573053331e+02
1.373917827506576828e+02
1.373975652778619292e+02
1.373991981157202815e+02
1.374028213910631280e+02
1.374049961391196462e+02
1.374087837922344875e+02
1.374109354841131108e+02
1.373683339776956416e+02
1.373639910544997349e+02
1.373624814365027191e+02
1.373673317158537373e+02
1.373672041029450952e+02
1.373564011866325245e+02
1.373569283136983472e+02
1.373636854426737841e+02
1.373637984260968210e+02
1.373692286983689996e+02
1.373700526530521699e+02
1.373798464291137975e+02
1.373755595769233366e+02
1.373842496966833266e+02
1.373833704486995373e+02
1.373830424414988158e+02
1.373858822749694468e+02
1.373895698570432842e+02
1.373908511380736002e+02
1.373964749802852907e+02
1.373930605702364289e+02
1.374027688613413147e+02
1.374001720663687252e+02
1.374076400583690258e+02
1.374064172150466163e+02
1.374078809458500530e+02
1.374115340731293315e+02
1.374116777796595272e+02
1.374152607669621489e+02
1.374160748274006494e+02
1.374131595719197492e+02
1.374172685860104366e+02
1.374199946956410372e+02
1.374227973148839226e+02
1.374245533392318066e+02
1.374265135945668987e+02
1.374305972511153868e+02
1.374344380792063873e+02
1.374367302840710749e+02
1.374413394808861995e+02
1.374442176680413183e+02
1.374483667400448326e+02
1.374492001257066249e+02
1.374527007168335615e+02
1.374563134296407156e+02
1.374584603888269498e+02
1.374621648850945235e+02
1.374628820364707735e+02
1.374660574748512829e+02
1.374676205649298879e+02
1.374680220156912753e+02
1.374732641461012292e+02
1.374731066198030192e+02
1.374786699866059507e+02
1.374797721570546969e+02
1.374833600010275916e+02
1.374846275067320960e+02
1.374876079677451344e+02
1.374881000279231671e+02
1.374920913645005669e+02
1.374923886977981056e+02
1.374974233466246005e+02
1.374980195547551602e+02
1.375013975607618590e+02
1.375020356657574894e+02
1.375067678824371740e+02
1.375070044967167746e+02
1.375100936388887192e+02
1.375110493465226966e+02
1.375136110015367592e+02
1.375147422048120234e+02
1.375186029635495686e+02
1.375197924432363550e+02
1.375232797161396263e+02
1.375246489107778132e+02
1.375293218434808864e+02
1.375299534442255265e+02
1.375334860818149707e+02
1.375345811929979050e+02
1.375386819735513768e+02
1.375395618632037724e+02
1.375416449078779237e+02
1.375427721821794762e+02
1.375448007893024567e+02
1.375456932870933997e+02
1.375492304882881172e+02
1.375493884265695783e+02
1.375526534522695670e+02
1.375535848359765225e+02
1.375555459918423935e+02
1.375564775020990567e+02
1.375607921101133400e+02
1.375626780345627367e+02
1.375650765029456579e+02
1.375657609759199431e+02
1.375690263261726329e+02
1.375694166313259927e+02
1.375728590092731167e+02
1.375728100431139183e+02
1.375780803734388940e+02
1.375471055253534018e+02
1.375500740757500466e+02
1.375540758082085233e+02
1.375591565898962472e+02
1.375645224753919820e+02
1.375674037237477023e+02
1.375690683172777256e+02
1.375725250340891535e+02
1.375784171753869600e+02
1.375796473168202567e+02
1.375807263348206391e+02
1.375824143129552510e+02
1.375887691728360949e+02
1.375892186607245833e+02
1.375928179691709659e+02
1.375961118508657535e+02
1.375976572006299534e+02
1.376001054764424794e+02
1.376016909965179309e+02
1.376034960053987675e+02
1.376063058122426810e+02
1.376076814172201637e+02
1.376109282146958890e+02
1.376124448244443101e+02
1.376155075677614263e+02
1.376157826865998857e+02
1.376193662898169237e+02
1.376218410677943780e+02
1.376234249931443401e+02
1.376250093310190437e+02
1.376263387679817356e+02
1.376294027659237145e+02
1.376299020863405929e+02
1.376348561857557229e+02
1.376350625546160700e+02
1.376354715248506579e+02
1.376369415845449566e+02
1.376392480001247804e+02
1.376438424130563476e+02
1.376435881768621812e+02
1.376460996134678396e+02
1.376471865936321137e+02
1.376498619620958834e+02
1.376514328684486657e+02
1.376534550478480412e+02
1.376533090985815875e+02
1.376540999296546204e+02
1.376556066076682896e+02
1.376570499664226190e+02
1.376600424934422335e+02
1.376606393360316076e+02
1.376621469920207232e+02
1.376663879014878944e+02
1.376665450734372769e+02
1.376695716353275145e+02
1.376704064806997394e+02
1.376729042097527440e+02
1.376740693044814634e+02
1.376753196673331558e+02
1.376789942778319187e+02
1.376795744283631393e+02
1.376819124273408761e+02
1.376829272409828491e+02
1.376845482965840688e+02
1.376861734963622155e+02
1.376877988996540978e+02
1.376888328749185462e+02
1.376899385512038805e+02
1.376912433667802702e+02
1.376918033406250856e+02
1.376954095654185153e+02
1.376950218944703010e+02
1.376982280526012232e+02
1.376985208068838347e+02
1.377003066464059202e+02
1.377013216286715931e+02
1.377024777813564356e+02
1.377050261056109264e+02
1.377058699329209333e+02
1.377079578468064085e+02
1.377085056773995575e+02
1.377110194574287334e+02
1.377119936620449607e+02
1.377138375559325993e+02
1.377150718673525489e+02
1.377163632760977521e+02
1.377176338509638924e+02
1.377191547616623950e+02
1.377204896153018865e+02
1.377232371929238184e+02
1.377253196323567863e+02
1.377266949827784686e+02
1.377280835376669188e+02
1.377302233551467339e+02
1.377308094464829651e+02
1.377324867980804015e+02
1.377333257030042546e+02
1.377375567454391216e+02
1.377391263315649326e+02
1.377415142974548417e+02
