3.035409240718310002e+02
3.035142629671781265e+02
3.034807725669390948e+02
3.034082545484949378e+02
3.034635736960399868e+02
3.034000454024410374e+02
3.033958856238256203e+02
3.033808915144795719e+02
3.033644523543959508e+02
3.033919589473406973e+02
3.034099639358274203e+02
3.033945992613609519e+02
3.034109860871254796e+02
3.034197950448192387e+02
3.034107770262935446e+02
3.034664233109491533e+02
3.034050819395351937e+02
3.034289315945457020e+02
3.034187797289354762e+02
3.034144459808662759e+02
3.034951588256132027e+02
3.034492963869231517e+02
3.034794839336320251e+02
3.034532520842871008e+02
3.034692958106707010e+02
3.035263402017461658e+02
3.034938913867892438e+02
3.035094273221099002e+02
3.034830789798578508e+02
3.034997551455721236e+02
3.035121977973992671e+02
3.035202086623689297e+02
3.035075316516918065e+02
3.035015609699620427e+02
3.035048143826705882e+02
3.035371507487486724e+02
3.035454287395490383e+02
3.035466939305226788e+02
3.035416424344404618e+02
3.035575936767942267e+02
3.035465585114744727e+02
3.035642013016929468e+02
3.035580621462711406e+02
3.035694384523776534e+02
3.035626792493006860e+02
3.035765911930271841e+02
3.035815153787439158e+02
3.035811419170189538e+02
3.035781157309038463e+02
3.035935060880303809e+02
3.035737724998890030e+02
3.036029678538570806e+02
3.036072905647654920e+02
3.036133262649720450e+02
3.036117164879644861e+02
3.036104437170650954e+02
3.036149548246999643e+02
3.036135172409997267e+02
3.036179815950739567e+02
3.036159339038757707e+02
3.036190775913425455e+02
3.036190770791929481e+02
3.036214354751442670e+02
3.036229450798363132e+02
3.036231296792370813e+02
3.036208065665990716e+02
3.036241927587666396e+02
3.036258352854560485e+02
3.036252503699225258e+02
3.036273523462601815e+02
3.036267039276283413e+02
3.036279538539035343e+02
3.036282575555515564e+02
3.036306980239339737e+02
3.036289654739528032e+02
3.036296569657230293e+02
3.036294280544107664e+02
3.036302112658572696e+02
3.036275772851834063e+02
3.036296499758087748e+02
3.036286394131765860e+02
3.036303970805190033e+02
3.036287858281367562e+02
3.036297242566156456e+02
3.036294045568603224e+02
3.036295406698754960e+02
3.036295805738639046e+02
3.036295888259446656e+02
3.036294251388180783e+02
3.036305921426160239e+02
3.036295799278874483e+02
3.036294252549587327e+02
3.036304035915126747e+02
3.036303753618649353e+02
3.036302067016027877e+02
3.036303693664748380e+02
3.036300082513315601e+02
3.036299375985268512e+02
3.036294069670044564e+02
3.036301657001229728e+02
3.036520311828112426e+02
3.037245613509605846e+02
3.037761961152483536e+02
3.037408006499163093e+02
3.037360641297029815e+02
3.037615847455072071e+02
3.037576674622635551e+02
3.037477385258338245e+02
3.037449614944647465e+02
3.037704909438969025e+02
3.038136758846711700e+02
3.038012745375619374e+02
3.038293034439690814e+02
3.038167772015625019e+02
3.038367545500427127e+02
3.038497586548660934e+02
3.038619771190100778e+02
3.038622990062327744e+02
3.038706197428928135e+02
3.038689191777051519e+02
3.038712746179184023e+02
3.038817226773842890e+02
3.038772906133765446e+02
3.038868415279538340e+02
3.038808893789242234e+02
3.038968289882586191e+02
3.038928075107351106e+02
3.039015530156339082e+02
3.038996968106611121e+02
3.039068761678736337e+02
3.039183282726422135e+02
3.039169641147059338e+02
3.039235889629219400e+02
3.039220175502971415e+02
3.039260174074534007e+02
3.039293419567831052e+02
3.039331801324294702e+02
3.039319716738776833e+02
3.039339606835059158e+02
3.039342358014195042e+02
3.039390344708074849e+02
3.039414615611416934e+02
3.039447175487941877e+02
3.039478389951672170e+02
3.039493478426293223e+02
3.039518032221847079e+02
3.039522389081693063e+02
3.039560121412481521e+02
3.039572880815852614e+02
3.039600430295741376e+02
3.039594926277746936e+02
3.039611143357724359e+02
3.039610493442471011e+02
3.039656474662347705e+02
3.039632223535475646e+02
3.039644048782051868e+02
3.039647853561274360e+02
3.039651548991790833e+02
3.039650418139079875e+02
3.039673419583937175e+02
3.039673306487997024e+02
3.039694517252519290e+02
3.039686270229004776e+02
3.039696109901253749e+02
3.039701173835513828e+02
3.039702961937392729e+02
3.039718273853798678e+02
3.039749047557950234e+02
3.039742925383940815e+02
3.039751786620025769e+02
3.039770663742802981e+02
3.039778930720201515e+02
3.039810659790946374e+02
3.039816696912274665e+02
3.039816222339462684e+02
3.039818380231171773e+02
3.039841277675563447e+02
3.039834328679312989e+02
3.039843254476709262e+02
3.039845541376001847e+02
3.039849479772766472e+02
3.039853622574830752e+02
3.039864684849466698e+02
3.039865862827394949e+02
3.039864583780698695e+02
3.039869661984216123e+02
3.039869718894769903e+02
3.039874856882269114e+02
3.039877875808351746e+02
3.039878617452322374e+02
3.039881041280835348e+02
3.039891996369433969e+02
3.039893012097788869e+02
3.039879763038650253e+02
3.039903876224038299e+02
3.039899597509767659e+02
3.039908610389369414e+02
3.039908353959140754e+02
3.039919319685434971e+02
3.039913988726564185e+02
3.039638586175221917e+02
3.040058362391509945e+02
3.039728794878783447e+02
3.040094192510878202e+02
3.039882583065205495e+02
3.040029091220089867e+02
3.040011579169311631e+02
3.040092011912878434e+02
3.040116848608998339e+02
3.040137795694975580e+02
3.040195977711665023e+02
3.040248063775839569e+02
3.040232655183840507e+02
3.040387019857952851e+02
3.040285123889292436e+02
3.040472909194174918e+02
3.040429694924797559e+02
3.040513888363273054e+02
3.040451646925567388e+02
3.040556573417111395e+02
3.040686841535817848e+02
3.040641043080313466e+02
3.040679599309009404e+02
3.040651121824955680e+02
3.040708697103017357e+02
3.040789820801169867e+02
3.040806192716721057e+02
3.040864223744317769e+02
3.040934748617856371e+02
3.040973243526605643e+02
3.041016906954623096e+02
3.041068345803791999e+02
3.041054153389306975e+02
3.041124365678287518e+02
3.041137216889403021e+02
3.041217752324279218e+02
3.041236581414310649e+02
3.041280217636278849e+02
3.041286404306836744e+02
3.041323127663805508e+02
3.041382115839093103e+02
3.041398006623621768e+02
3.041428435715196201e+02
3.041536639604887569e+02
3.041472309025740515e+02
3.041549142659457061e+02
3.041548681279319908e+02
3.041574942196747315e+02
3.041563577271045915e+02
3.041596237620285592e+02
3.041629589793008677e+02
3.041645841838687829e+02
3.041651267015216149e+02
3.041671650648781338e+02
3.041655450814163260e+02
3.041686230637454855e+02
3.041682346619767259e+02
3.041726593849462574e+02
3.041716327222579821e+02
3.041756734513196534e+02
3.041740978752801539e+02
3.041804204407288239e+02
3.041782886501760004e+02
3.041828833662800662e+02
3.041811351177822758e+02
3.041845248145376672e+02
3.041864172196550840e+02
3.041916643819889146e+02
3.041908603609107900e+02
3.041973844097327628e+02
3.041962920639703043e+02
3.041992567421852982e+02
3.041992246810789311e+02
3.042019791914116240e+02
3.042015273958118087e+02
3.042043129075427714e+02
3.042057058723634100e+02
3.042081627682973135e+02
3.042093097296275346e+02
3.042110792606329142e+02
3.042123634175472375e+02
3.042141355518852492e+02
3.042185483772181556e+02
3.042202157852403843e+02
3.042247385293267143e+02
3.042246952901216446e+02
3.042279489396228769e+02
3.042269805928390838e+02
3.042300657018746506e+02
3.042303064457394157e+02
3.042327928999817459e+02
3.042326424285067787e+02
3.042344716326672369e+02
3.042341313797193720e+02
3.042371799692426748e+02
3.042372956728422650e+02
3.042397105125455710e+02
3.042401491665609683e+02
3.042419166581379386e+02
3.042414413601834440e+02
3.042249692695725116e+02
3.042207035580451020e+02
3.042237412822341298e+02
3.042190587092824217e+02
3.042260840210277593e+02
3.042224304484031450e+02
3.042231397313111643e+02
3.042215499141418604e+02
3.042351842986882957e+02
3.042301693356657211e+02
3.042356172984108298e+02
3.042397838106249424e+02
3.042438805760825176e+02
3.042474414127534601e+02
3.042509731305941614e+02
3.042514147414343029e+02
3.042711627987858947e+02
3.042663568224962205e+02
3.042746270572246203e+02
3.042768789951504118e+02
3.042925178930685206e+02
3.042955560990313302e+02
3.043028660029554544e+02
3.043066048676681703e+02
3.043093841561376394e+02
3.043127436405359845e+02
3.043283851615552180e+02
3.043254624713176781e+02
3.043286994719281893e+02
3.043302777660800302e+02
3.043352758574843619e+02
3.043398597317041094e+02
3.043405421006193023e+02
3.043414530572885042e+02
3.043440740122172201e+02
3.043424749260278759e+02
3.043484313101552630e+02
3.043480274619906822e+02
3.043534236345964814e+02
3.043544309679419939e+02
3.043569601911005975e+02
3.043635016374453244e+02
3.043613631732276872e+02
3.043705961773713966e+02
3.043667423683858715e+02
3.043730375254680212e+02
3.043761492224435301e+02
3.043795611447086458e+02
3.043824927977830157e+02
3.043838189092317634e+02
3.043936176257139437e+02
3.043915960551754551e+02
3.043960218445006944e+02
3.043953801739767755e+02
3.043999248872712542e+02
3.043981007829377745e+02
3.044027813680907570e+02
3.044010771606583603e+02
3.044067469376523718e+02
3.044063925833801250e+02
3.044095328561635370e+02
3.044101054451773507e+02
3.044130072900180721e+02
3.044130506356643764e+02
3.044170859780232945e+02
3.044161626126701776e+02
3.044195772645816760e+02
3.044194943254350960e+02
3.044240752857278380e+02
3.044236050554611666e+02
3.044282230493197972e+02
3.044281568147860639e+02
3.044348786016076929e+02
3.044333043514603787e+02
3.044361319697691215e+02
3.044367112518381191e+02
3.044414440730131446e+02
3.044413141501782434e+02
3.044467035644686348e+02
3.044455834164392627e+02
3.044513814196193380e+02
3.044498277546845202e+02
3.044549597485912500e+02
3.044537519622508626e+02
3.044578431221996198e+02
3.044582629989958491e+02
3.044616998895228335e+02
3.044631998610846608e+02
3.044649265031355299e+02
3.044651523519872285e+02
3.044681028838691077e+02
3.044682625584164839e+02
3.044710214080124615e+02
3.044726366918616804e+02
3.044739417087243396e+02
3.044765353070118294e+02
3.044773999156001310e+02
3.044797839822098240e+02
3.044814130458662476e+02
3.044838222141614210e+02
3.044541214309504653e+02
3.044510754188839314e+02
3.044537984565237139e+02
3.044550455516525744e+02
3.044523535270116668e+02
3.044538572343704459e+02
3.044554564437835893e+02
3.044586106056276549e+02
3.044635944756554977e+02
3.044639011154144441e+02
3.044641889482459192e+02
3.044677407168895229e+02
3.044673919706392553e+02
3.044694135695887667e+02
3.044697416032949491e+02
3.044776259739943498e+02
3.044815327042091440e+02
3.044819805757668973e+02
3.044837120166184832e+02
3.044836612436104133e+02
3.044878914790297131e+02
3.044889727499544279e+02
3.044925872806331313e+02
3.044914652550604615e+02
3.044952360790010744e+02
3.044954658530106144e+02
3.044958652965652277e+02
3.044984287123278364e+02
3.044987409436874941e+02
3.045007960257316881e+02
3.045009008516990434e+02
3.045022773560340283e+02
3.045057869903977235e+02
3.045071006412395604e+02
3.045084526778558143e+02
3.045091043134790425e+02
3.045136318728812057e+02
3.045126420767229547e+02
3.045141266660480710e+02
3.045150618234771969e+02
3.045166711584595305e+02
3.045171106030863939e+02
3.045187543507030909e+02
3.045196431945363429e+02
3.045208150521467019e+02
3.045210482451828398e+02
3.045241346065900530e+02
3.045235452963556213e+02
3.045268599664923954e+02
3.045263577801702013e+02
3.045243698745724146e+02
3.045283660859479369e+02
3.045273076336598024e+02
3.045304414697274638e+02
3.045304260541536792e+02
3.045300977926125370e+02
3.045322282919422037e+02
3.045328108556537927e+02
3.045339152090795096e+02
3.045344209660900106e+02
3.045353253958118103e+02
3.045354033155250022e+02
3.045367489173319200e+02
3.045361071023868362e+02
3.045372785803161833e+02
3.045394578259368927e+02
3.045406156430333340e+02
3.045402305884281304e+02
3.045419055931895969e+02
3.045420577089947187e+02
3.045431894303634408e+02
3.045426554891764113e+02
3.045443813613546808e+02
3.045439982814874611e+02
3.045451414209209133e+02
3.045451166022140228e+02
3.045457901038009254e+02
3.045461733374677351e+02
3.045449675509674989e+02
3.045459022860185314e+02
3.045477824331580905e+02
3.045469747874378754e+02
3.045483478670621480e+02
3.045484832095268644e+02
3.045497023353647705e+02
3.045494147328951158e+02
3.045506340644073475e+02
3.045499952698222614e+02
3.045518386739279322e+02
3.045512969949684816e+02
3.045526822944705714e+02
3.045525585097169596e+02
3.045539636790720124e+02
3.045534232781892570e+02
3.045555651637029086e+02
3.045552465332012844e+02
3.045570400149287025e+02
3.045564809070632464e+02
3.045581336902514522e+02
3.045587247596762381e+02
