1.396086019235931730e-01
1.294427370818418688e-01
1.240224769343404310e-01
1.220726451463120671e-01
1.199410154917628923e-01
1.170568528261088648e-01
1.135464287478788747e-01
1.129956795807189884e-01
1.096690248541424412e-01
1.093800640246923861e-01
1.090886898989065074e-01
1.084295612124768493e-01
1.084639796881385204e-01
1.083053804548747279e-01
1.083321764367249224e-01
1.081781332780789862e-01
1.080445478224693751e-01
1.080076265918294559e-01
9.837685603802186207e-02
9.841701852753798052e-02
9.839991675125268900e-02
9.834253245454707693e-02
9.834129850711802179e-02
9.793652694707069561e-02
9.798080305193067330e-02
9.793902573881864415e-02
9.790767176794794302e-02
9.782307423180565398e-02
9.776717778662680214e-02
9.774264396340134886e-02
9.756073455242370018e-02
9.758902196863791789e-02
9.741811434616334808e-02
9.745091343563345998e-02
9.735010596741745792e-02
9.731165273720375486e-02
9.723891957735884828e-02
9.720127543948650639e-02
9.711877541580815620e-02
9.705131225898125380e-02
9.700585829818798855e-02
9.695047589266647670e-02
9.689426080387004980e-02
8.639955188437418998e-02
8.645730586723152089e-02
8.628903841280860521e-02
8.639822351843313986e-02
8.624565508781713297e-02
8.630420094279715737e-02
8.614706933342260176e-02
8.527569727989328663e-02
8.529226541950869767e-02
8.526730988649662557e-02
8.526280312598370770e-02
8.525393385288648762e-02
8.525150046529221537e-02
8.523519658650176301e-02
8.523692186560484496e-02
8.521577293274502918e-02
8.521577814921771354e-02
8.520185474188428365e-02
8.519958973324424922e-02
8.518493166440985198e-02
8.518268237311318880e-02
8.516760358979544310e-02
8.517105018628137736e-02
8.515382816726833892e-02
8.515002489261354335e-02
8.514032585256954555e-02
8.513542230894077800e-02
8.512322156960208663e-02
8.511765054665797192e-02
8.511216305503672974e-02
8.510518898244744113e-02
8.508886723847322586e-02
8.509245335416792955e-02
8.506984545672198472e-02
8.507829545974374130e-02
8.505623307934702393e-02
8.506066501691716963e-02
8.504408020619949604e-02
8.504123826031242950e-02
8.502782089165303314e-02
8.502335997673587942e-02
8.500634514652495588e-02
8.500675251623843187e-02
8.498915478864350892e-02
8.498987526470846987e-02
8.497285856431870121e-02
8.497157896525585341e-02
8.495556974703778741e-02
8.495259526385705307e-02
8.493852108966344627e-02
8.493710450714021809e-02
8.492003626533319027e-02
8.491998412163556664e-02
8.490421196337635812e-02
8.489888767760704613e-02
8.488956293418592480e-02
8.487954910084688498e-02
8.440551230534110161e-02
8.438538359304867398e-02
8.438620957255713040e-02
8.437394891950443510e-02
8.437540084230620019e-02
8.436327450036372466e-02
8.436496887820922608e-02
8.435390101849420119e-02
8.435576712918099740e-02
8.434524662185846622e-02
8.434555102087716583e-02
8.433829843413828686e-02
8.433740841685470613e-02
8.432922800901027083e-02
8.432751849624046947e-02
8.432094772144678452e-02
8.431967439141754839e-02
8.431288437722546381e-02
8.431004809260797539e-02
8.430401105815391039e-02
8.430073876628227381e-02
8.429486732352640954e-02
8.429027667924415823e-02
8.428300074130629094e-02
8.427740801495470224e-02
8.427116954768922030e-02
8.426757771310562639e-02
8.426211410627765241e-02
8.425715934666266893e-02
8.425116774471300141e-02
8.424517839085642057e-02
8.424046812346693003e-02
8.423450667596199537e-02
8.422916691502090047e-02
8.422442958747194952e-02
8.421855116271541319e-02
8.421410175958392308e-02
8.420943465169711262e-02
8.420503406242664524e-02
8.419995765073487459e-02
8.419366214170137530e-02
8.418969857415149749e-02
8.418438910365594330e-02
8.417992049412161004e-02
8.417510134351495477e-02
8.416917551801636477e-02
8.416457487710787833e-02
8.415946859308989780e-02
8.415414900227349837e-02
8.414967199463928293e-02
8.414360805149974365e-02
8.413924625157834236e-02
8.413453680857944927e-02
8.412986096514694923e-02
8.412580987478832095e-02
8.412074925045004425e-02
8.411744656992783953e-02
8.411296434253677512e-02
8.410850970180493158e-02
8.410418611876881168e-02
8.409884745622350777e-02
8.409433827954182483e-02
8.408964139723945630e-02
8.408468334930925547e-02
8.407977363997180820e-02
8.407496569680047993e-02
8.406986910553765346e-02
8.406491827085639523e-02
8.405979699994818588e-02
8.405560739689621474e-02
8.405114704088272048e-02
8.404608436598867693e-02
8.404120214792572263e-02
8.403662300335583424e-02
8.403188396920564796e-02
8.402694581751245229e-02
8.402253362720267515e-02
8.401919676330428521e-02
8.401542496297204066e-02
8.401139426321241332e-02
8.400745403188840388e-02
8.400305934957989773e-02
8.399905252699124691e-02
8.399452456824299529e-02
8.399077951271786968e-02
8.398650899264396841e-02
8.398306155017007391e-02
8.397887436124670812e-02
8.397500612658782837e-02
8.397066704338100596e-02
8.396683730095801101e-02
8.396249041666369040e-02
8.395859922324902525e-02
8.395487126346015683e-02
8.395146445811642322e-02
8.394723743866204513e-02
8.394382135187768157e-02
8.393996197936558212e-02
8.393659995984731337e-02
8.393326082997221160e-02
8.389248340283145255e-02
8.390363970849508413e-02
8.390476039273062070e-02
8.390815217779654112e-02
8.390686954008313991e-02
8.390796550824609901e-02
8.390597573188923741e-02
8.390675979438705356e-02
8.390457365778558607e-02
8.390516999247152330e-02
8.390301968782169773e-02
8.390408345352727559e-02
8.390214885157876168e-02
8.390313977898294917e-02
8.390121471936989872e-02
8.390291344106889926e-02
8.390061260246475805e-02
8.390083476564680343e-02
8.389862504630966888e-02
8.389893465324888000e-02
8.389691220017714279e-02
8.389829049732366872e-02
8.389613747807764255e-02
8.389620665156433121e-02
8.389413491151873070e-02
8.389431481497172660e-02
8.389226952821884908e-02
8.389265591325172078e-02
8.389066385299222273e-02
8.389086132558740139e-02
8.388887606066094960e-02
8.389057304829322659e-02
8.388846382244032063e-02
8.388859939845413893e-02
8.388647347064361048e-02
8.388620450183190136e-02
8.388429129928259842e-02
8.388429352297260833e-02
8.388231991130479237e-02
8.388222783349927325e-02
8.388033224435655077e-02
8.388191501013948781e-02
8.387992173309422039e-02
8.387989553000881060e-02
8.387785308927048211e-02
8.387763196017362921e-02
8.387575141451404648e-02
8.387676227074729318e-02
8.387466023804769633e-02
8.387432418557107250e-02
8.387235744967258544e-02
8.387343026006874314e-02
8.387151081979014877e-02
8.387151569365290660e-02
8.386971075159090072e-02
8.386946693946630005e-02
8.386768019900260607e-02
8.386751886048264548e-02
8.386568354625986710e-02
8.386544230341431982e-02
8.386344581080713845e-02
8.386318501102647816e-02
8.386139780335490068e-02
8.386127583872395042e-02
8.385944119097776817e-02
8.385933646803163388e-02
8.385790003408225002e-02
8.385949643641316120e-02
8.385760493595902088e-02
8.385746931949653038e-02
8.385579892591814299e-02
8.385569994801572724e-02
8.385509903269437737e-02
8.385485098707241847e-02
8.385318306222865059e-02
8.385433405900762083e-02
8.385236021105076099e-02
8.385213079692178939e-02
8.385044467368889254e-02
8.385145976793106914e-02
8.384960557805327952e-02
8.384912490925958140e-02
8.384736135141956925e-02
8.384840784728558871e-02
8.384650629872889005e-02
8.384606668949705355e-02
8.384523899665563551e-02
8.384471574498815472e-02
8.384374097306376838e-02
8.384312029098971164e-02
8.384225430620220743e-02
8.384157496851156466e-02
8.384069212138274552e-02
8.383999020743211628e-02
8.383904681621431876e-02
8.383820135290973030e-02
8.383730385105767069e-02
8.383661871903083651e-02
8.383570998917036499e-02
8.383509440113760813e-02
8.380658657128217670e-02
8.380577855507509444e-02
8.380554369968075401e-02
8.380533038492074538e-02
8.380552004313278347e-02
8.380442343803345961e-02
8.380456033268632310e-02
8.380354784832688697e-02
8.380343523116909332e-02
8.380261047417354725e-02
8.380249571802175779e-02
8.380175994329873423e-02
8.380179611834689957e-02
8.380100768553251644e-02
8.380105584284339160e-02
8.380070259355580642e-02
8.380068383185987346e-02
8.379983669038150451e-02
8.379988183710584959e-02
8.379905266308235179e-02
8.379904685533993980e-02
8.379810253171569856e-02
8.379813507088687552e-02
8.379728521202027547e-02
8.379731733329276455e-02
8.379636473829310539e-02
8.379652788760676152e-02
8.379581039967037848e-02
8.379596528652598353e-02
8.379527002464745578e-02
8.379534332518130679e-02
8.379440122239527333e-02
8.379450688010567361e-02
8.379361210571119323e-02
8.379371315749642446e-02
8.379277021538186765e-02
8.379294852715059305e-02
8.379219741194174342e-02
8.379240147167853203e-02
8.379164918642287296e-02
8.379175578402495161e-02
8.379151416839966671e-02
8.379161657149510056e-02
8.379063940738218363e-02
8.379065241500166517e-02
8.379040710076941789e-02
8.379060955118473875e-02
8.378973197860686839e-02
8.378989687238519446e-02
8.378906917492086326e-02
8.378947288909452396e-02
8.378837713973283363e-02
8.378849555346931655e-02
8.378750783124735979e-02
8.378782581679923569e-02
8.378671711328773697e-02
8.378674436273840509e-02
8.378573158571998858e-02
8.378576077819148427e-02
8.378555223665370977e-02
8.378552583570590684e-02
8.378437920101244885e-02
8.378434356783548420e-02
8.378328685719041435e-02
8.378329862525837890e-02
8.378225413580482617e-02
8.378225519672644062e-02
8.378202365495421300e-02
8.378196843876623001e-02
8.378084642243957547e-02
8.378084997394015521e-02
8.377974707939160603e-02
8.377971726004133923e-02
8.377868441177022119e-02
8.377898055861295046e-02
8.377775786646919631e-02
8.377808717913740044e-02
8.377707654354490940e-02
8.377744155004139548e-02
8.377614341828236444e-02
8.377650539406607255e-02
8.377626254466272182e-02
8.377630245140692267e-02
8.377496234497064376e-02
8.377498522105125689e-02
8.377471074757822378e-02
8.377473286536916974e-02
8.377336517466919819e-02
8.377340542818496882e-02
8.377231690946726483e-02
8.377260911049363989e-02
8.377210838586830743e-02
8.377208651192737110e-02
8.377089296821402242e-02
8.377117761013579134e-02
8.376997778454575716e-02
8.377022974635277286e-02
8.376965326291989367e-02
8.376962126425878397e-02
8.376833693185675722e-02
8.373638197295933672e-02
8.373606798158482467e-02
8.373652867210261419e-02
8.373584619656611328e-02
8.373617511476326436e-02
8.373498633971454552e-02
8.373503802381966621e-02
8.373376846335635337e-02
8.373375230515903156e-02
8.373239659142850400e-02
8.373231829843619245e-02
8.373088791102224759e-02
8.373080575950535287e-02
8.372939771145640475e-02
8.372930508777028102e-02
8.372787407256972181e-02
8.372770649445383795e-02
8.372636645930098265e-02
8.372615141402553474e-02
8.372476794575349490e-02
8.372446914369291449e-02
8.372313065991598968e-02
8.372287883959421417e-02
8.372147825792285170e-02
8.372120354641725271e-02
8.371993003193867189e-02
8.371957527795023668e-02
8.371841626117880464e-02
8.371804246703418162e-02
8.371698423774995290e-02
8.371649354913150709e-02
8.371552154593953077e-02
8.371506099533880529e-02
8.371406265991607198e-02
8.371357252209427058e-02
8.371276914494220345e-02
8.371225763781846296e-02
8.371154118447848846e-02
8.371098097979870478e-02
8.371022917808282338e-02
8.370958168306673330e-02
8.370898939865782651e-02
8.370836421461028132e-02
8.370770864795440414e-02
8.370708943085400366e-02
8.370653748107231840e-02
8.370590788180304331e-02
8.370538151542067373e-02
8.370474646087910919e-02
8.370417216612924260e-02
8.370344240313690176e-02
8.370295133440663893e-02
8.370222437335131382e-02
8.370172028142017218e-02
8.370100640725522401e-02
8.370059569205691441e-02
8.369989564780225266e-02
8.369937081328485129e-02
8.369866938740024020e-02
8.369822648586204561e-02
8.369746037592191990e-02
8.369704541345042437e-02
8.369636505508426527e-02
8.369586388447315672e-02
8.369518934334591043e-02
8.369480448367189185e-02
8.369415924714307398e-02
8.369369051620176303e-02
8.369302244821864856e-02
8.369266107527442711e-02
8.369191646443864541e-02
8.369156210200107138e-02
8.369090284399445523e-02
8.369046553673012423e-02
8.368981414967653631e-02
8.368946920295965153e-02
8.368873631866149965e-02
8.368839361003799215e-02
8.368774555101100854e-02
8.368731955296311587e-02
8.368667814738174615e-02
8.368634244312093962e-02
8.368561143403649427e-02
8.368530439427060430e-02
8.368465247379555660e-02
8.368426711737851631e-02
8.368364167619453398e-02
8.368323787491124821e-02
8.368261478509335383e-02
8.368226185750421431e-02
8.368157861814809473e-02
8.368123537339246243e-02
8.368064129104846316e-02
8.368022464897896529e-02
8.367963529640977394e-02
8.367931512532925109e-02
8.367862004689585742e-02
8.367830552723630466e-02
8.367769619747689180e-02
8.367730712999001119e-02
