3.969791519290750137e-01
3.795906242663155128e-01
3.714294786498830714e-01
3.577204387833827215e-01
3.590079899369456595e-01
3.541707223916337743e-01
3.530701616463576831e-01
3.482954363279244236e-01
3.454012905361780184e-01
3.434873290252146161e-01
3.403433624021927617e-01
3.389834744977315850e-01
3.363659005768747101e-01
3.368314880213928997e-01
3.341329699365909733e-01
3.335366664419971983e-01
3.330547681272283955e-01
3.311388008686280138e-01
3.304702343553118649e-01
3.286263825253120108e-01
3.299023345074975078e-01
3.261809118720398470e-01
3.276359393736575920e-01
3.246538074869157464e-01
3.248275975343789534e-01
3.260933196391119782e-01
3.239568190009501913e-01
3.236000214096506067e-01
3.237505671042907318e-01
3.215546541599341168e-01
3.237577676916185698e-01
3.217529637616842186e-01
3.225498827450741235e-01
3.193068376442897982e-01
3.216986878163525798e-01
3.247963973349887179e-01
3.244576471039041787e-01
3.244298451676442263e-01
3.254920918203302316e-01
3.255981035952514868e-01
3.278549808976300439e-01
3.290233752892805508e-01
3.285585895087597130e-01
3.277345684966344042e-01
3.287688908306701796e-01
3.299268644991629196e-01
3.302331891263035613e-01
3.302797976469688535e-01
3.303188385735321697e-01
3.303573246167988975e-01
3.307244279705031653e-01
3.311654237268811807e-01
3.311259828083376044e-01
3.307403997384458227e-01
3.309514557304124027e-01
3.309334857580074618e-01
3.306754530290080263e-01
3.308869041816813739e-01
3.310158800064695317e-01
3.309441966678312030e-01
3.309241703336489593e-01
3.309485611262627525e-01
3.313499292573546251e-01
3.310453568626571252e-01
3.309090454666048231e-01
3.311714792931530482e-01
3.310674791947834650e-01
3.310593066738635737e-01
3.310415940380302957e-01
3.310495885797157256e-01
3.311062700973026462e-01
3.311126636653368149e-01
3.309405917550391485e-01
3.310051999731231653e-01
3.310242800033028066e-01
3.314029521463451311e-01
3.312022153950435754e-01
3.309065705348727682e-01
3.310127865548972426e-01
3.314515043326073940e-01
3.313818007363742435e-01
3.313643421818552870e-01
3.308292824472437443e-01
3.311169551415674150e-01
3.313025210158552225e-01
3.312644866811993993e-01
3.312393139398762676e-01
3.309468394715365247e-01
3.309993306458813844e-01
3.310217344069468215e-01
3.312133245273674587e-01
3.310007366223861602e-01
3.311206301372363603e-01
3.311574732957396905e-01
3.312633339723339287e-01
3.312575358179385976e-01
3.312029039673680675e-01
3.312026216648895072e-01
3.312883801605071565e-01
3.311031594961640345e-01
3.313244809035746918e-01
3.312225952163215248e-01
3.317594320617784365e-01
3.318672631730616440e-01
3.348070167706334033e-01
3.352597395898609944e-01
3.354079657803004100e-01
3.354170464065778234e-01
3.355653677344502261e-01
3.355597634885285618e-01
3.357015851702978004e-01
3.358690299247356070e-01
3.367318377900743731e-01
3.367770059010806172e-01
3.368237202451211387e-01
3.382941912161770426e-01
3.395899428098629880e-01
3.395469276402085512e-01
3.394723401219162384e-01
3.394361503340188047e-01
3.393992303919776132e-01
3.394161555503814043e-01
3.395643205996373148e-01
3.394431783683425907e-01
3.402067230216728189e-01
3.402857268020746950e-01
3.402040193848881455e-01
3.404558668607389760e-01
3.404450150284167309e-01
3.402999909905983222e-01
3.405170258146115181e-01
3.404230388659642559e-01
3.403203852225439308e-01
3.405409441227318368e-01
3.405327937301400598e-01
3.405282222388772984e-01
3.402030919128498088e-01
3.403365371565620912e-01
3.403741115220971225e-01
3.405874749748706298e-01
3.405673268873585791e-01
3.405470190324489943e-01
3.404844212032561712e-01
3.407501704338819493e-01
3.406837937947360673e-01
3.406793306696857537e-01
3.404194728218762900e-01
3.405915429920228221e-01
3.406047442214952814e-01
3.406046168195578927e-01
3.406022473362286251e-01
3.405325923096382823e-01
3.405793763821104991e-01
3.405879418656975188e-01
3.406057289937127197e-01
3.406848441358515944e-01
3.407718995210106128e-01
3.407683200937185464e-01
3.407610714820378250e-01
3.407540641215254240e-01
3.407488149810984357e-01
3.407437580236756247e-01
3.406596992942901303e-01
3.406667710048336128e-01
3.407101223824565706e-01
3.407048719270743820e-01
3.406985683171047108e-01
3.406895857699247521e-01
3.406890020356390658e-01
3.406882906546683798e-01
3.406877222497921021e-01
3.406871619272987539e-01
3.406866635534235299e-01
3.406859775685163738e-01
3.406873013426597319e-01
3.406861786847119045e-01
3.406874099070225648e-01
3.406677153387701606e-01
3.408151557221838490e-01
3.407419241155111855e-01
3.407483205129352433e-01
3.407619869614273989e-01
3.407612726692463290e-01
3.407578669532317917e-01
3.407119957321067538e-01
3.407224726956769589e-01
3.408822112106368873e-01
3.407278764619590672e-01
3.407526475581472702e-01
3.407548729644991337e-01
3.407578231368556532e-01
3.407585015976981602e-01
3.407590453488921756e-01
3.407598664369981267e-01
3.407603216045357875e-01
3.407610746678537694e-01
3.407615082341889368e-01
3.407619835710762324e-01
3.407625077776774147e-01
3.409156286669295377e-01
3.402282120817290423e-01
3.411342491494874229e-01
3.405683939178420494e-01
3.407603072234069441e-01
3.407377064227442576e-01
3.407942990198694622e-01
3.410419606212962140e-01
3.410785557573000060e-01
3.410785552075797922e-01
3.410785546567626780e-01
3.410680503157954568e-01
3.410869351216161416e-01
3.419455346681700147e-01
3.417939821780065501e-01
3.418119601541710351e-01
3.418532348787590158e-01
3.419870788954356144e-01
3.419593605167019490e-01
3.421372561833548320e-01
3.420929167181172015e-01
3.421004502439622952e-01
3.421006544793781523e-01
3.421671452145682024e-01
3.419720635876029591e-01
3.420705007079630766e-01
3.420827700714467734e-01
3.420914716832572089e-01
3.421180301878841146e-01
3.420935677334445146e-01
3.421004314619840447e-01
3.421272326983266776e-01
3.421286644125429710e-01
3.421293261979823086e-01
3.421316563382922338e-01
3.421319895875993833e-01
3.421700754280647683e-01
3.421689547504361828e-01
3.421318736128632354e-01
3.421483712448041836e-01
3.421916117534438140e-01
3.421506684444363677e-01
3.421891301919950945e-01
3.423222630941696876e-01
3.422055480170786423e-01
3.422111695914274998e-01
3.422235393123757574e-01
3.422225044429480501e-01
3.422237570805259921e-01
3.422116149135776553e-01
3.422116299798207417e-01
3.422195704283129136e-01
3.422152451500557468e-01
3.422130453859260624e-01
3.421995079297191489e-01
3.421999390650019013e-01
3.422207711990543633e-01
3.422203205889534083e-01
3.419567219997514118e-01
3.420955212777793686e-01
3.421501983702946448e-01
3.421532502693796496e-01
3.421544633700150384e-01
3.422047853001132789e-01
3.422046098310785323e-01
3.422031159763311292e-01
3.422029492683781315e-01
3.422029199788113596e-01
3.422028976605909767e-01
3.422028727546888582e-01
3.422019258398835695e-01
3.421929435540121411e-01
3.421998370303950820e-01
3.422009572775526753e-01
3.422012898195390118e-01
3.422018941632104516e-01
3.422021658333662120e-01
3.422027219985330215e-01
3.422027000826341481e-01
3.422083611782624768e-01
3.422083314624591588e-01
3.422083065744559449e-01
3.422082833571041816e-01
3.422082605635095032e-01
3.422058023004972971e-01
3.422060541910234566e-01
3.422091715725488204e-01
3.422089345191648979e-01
3.422087729966801772e-01
3.422092264844191489e-01
3.422091395497360300e-01
3.422707648526166491e-01
3.422574501654857548e-01
3.421848535680513947e-01
3.421955680728515081e-01
3.422014470902201566e-01
3.422047096266176980e-01
3.422093708686779201e-01
3.422094235603284629e-01
3.422094727485467391e-01
3.422095188752682926e-01
3.418325209905427875e-01
3.423310325827054190e-01
3.423328641329389521e-01
3.423046691643029105e-01
3.426870725585521305e-01
3.426393470703568700e-01
3.427379608091055130e-01
3.425589294168621124e-01
3.428303950278666634e-01
3.426945511696572466e-01
3.426945350699314163e-01
3.426945361698618964e-01
3.426945372513480748e-01
3.426945383110316379e-01
3.426945393538938234e-01
3.427176139656862297e-01
3.426657634123773666e-01
3.427156850745373129e-01
3.427142052560316898e-01
3.427121215290370171e-01
3.427103032146896489e-01
3.426657676114606144e-01
3.426943468890280564e-01
3.427199641506841199e-01
3.427633198487743948e-01
3.427769560091576406e-01
3.427746231957790601e-01
3.427613632814953681e-01
3.427218082834209700e-01
3.427493561735086569e-01
3.427525768885646418e-01
3.427527580197204382e-01
3.427504433734945288e-01
3.427434200565365741e-01
3.427479305766923945e-01
3.427753798003190244e-01
3.427404467216436657e-01
3.427708843108183134e-01
3.427387139591987486e-01
3.427521487383838883e-01
3.427877425297620739e-01
3.427688275166698717e-01
3.427711291421715045e-01
3.427716735120505676e-01
3.427729302530084232e-01
3.427988131973446762e-01
3.427926715379458478e-01
3.427920559862884797e-01
3.427549383804203154e-01
3.428340847268552261e-01
3.428317233776554396e-01
3.428180146232964187e-01
3.428218207170232179e-01
3.428405165638798713e-01
3.427929566161062036e-01
3.427960830521728508e-01
3.428514983892815837e-01
3.428488590683767545e-01
3.428180270115805395e-01
3.428202164334425150e-01
3.428236261280023789e-01
3.428373876540559140e-01
3.428294513271497590e-01
3.428342550395422905e-01
3.428364506919206467e-01
3.428767066884729209e-01
3.428752259162844429e-01
3.428421292003948073e-01
3.428426757354895438e-01
3.428433875808212794e-01
3.428439025623485348e-01
3.428444806933961253e-01
3.428456609943811295e-01
3.428480359128632249e-01
3.428483309150520131e-01
3.428494640904378166e-01
3.428480633605707206e-01
3.428549569222554827e-01
3.428530109296258344e-01
3.428502462242483118e-01
3.429198469434642793e-01
3.429133284441728824e-01
3.426772567249831147e-01
3.428153591589815363e-01
3.428171290251168513e-01
3.429721179139849641e-01
3.429720874685274756e-01
3.429429932666889225e-01
3.429372721744717856e-01
3.428969171438359109e-01
3.428918692197094331e-01
3.428788652917812430e-01
3.429172995197209972e-01
3.429716544589360150e-01
3.429479248222035981e-01
3.429563928491244917e-01
3.429563235037421665e-01
3.429530000244411791e-01
3.429711334118962784e-01
3.429802122192040503e-01
3.433851258568164089e-01
3.437525095107852868e-01
3.439258986628492276e-01
3.439554940915563463e-01
3.439543498361445906e-01
3.439567508272142193e-01
3.439644602899202264e-01
3.439700179915989864e-01
3.440930177407413582e-01
3.440811495588750324e-01
3.440811329404142027e-01
3.440790050428315094e-01
3.440650360333980529e-01
3.440652906521592391e-01
3.440652330556475680e-01
3.440615418358935473e-01
3.440614237769175077e-01
3.444365932625944593e-01
3.443707026003904881e-01
3.443710500758195292e-01
3.443708601949584391e-01
3.443672500816213899e-01
3.443725923508503817e-01
3.443788522229564997e-01
3.443860630721445881e-01
3.443860478533518621e-01
3.443851028386237800e-01
3.443877798782838950e-01
3.443991477318462113e-01
3.444009793772873640e-01
3.444004618425360320e-01
3.444104959395994370e-01
3.444104687042720547e-01
3.444104492080459212e-01
3.444104203521962670e-01
3.444092305108141794e-01
3.444088464530802307e-01
3.444088489236013517e-01
3.444093089347740611e-01
3.444093133600497625e-01
3.444093271683846824e-01
3.444107518407188429e-01
3.444094124994911410e-01
3.444094684855683597e-01
3.444095071489265969e-01
3.444080875793762431e-01
3.444217019967240612e-01
3.444212942662940313e-01
3.444210350322063907e-01
3.444208560677194941e-01
3.444157348264857976e-01
3.444339611460001116e-01
3.444339588105829741e-01
3.444339565401186576e-01
3.444339543298804429e-01
3.444339521759433587e-01
3.444339500683399891e-01
3.444339480154042787e-01
3.444339460073207460e-01
3.444339440430235211e-01
3.444339421209885455e-01
3.444339402366421443e-01
3.444339383903727847e-01
3.444339365804058861e-01
3.444339347504678517e-01
3.444339329557567497e-01
3.444339311929654479e-01
3.444339294607565716e-01
3.444339277607478822e-01
3.444339260831358884e-01
3.444339244336489525e-01
3.444339227944943072e-01
3.444339211819711921e-01
3.444339195949900345e-01
3.444339180329133998e-01
3.444339164946090270e-01
3.444339149776386444e-01
3.444339134828737214e-01
3.444339120094695450e-01
3.444339104934043827e-01
3.444339089994288838e-01
3.444339075267638939e-01
3.444339060739359804e-01
3.444339046409732319e-01
3.444339032243528553e-01
3.444339018208331660e-01
3.444339004355848610e-01
3.444338990454505756e-01
3.444338976728189006e-01
3.444338963165950451e-01
3.444338949773536052e-01
3.444338936556434749e-01
3.444338923496942373e-01
3.444338910595772796e-01
3.444338897843096103e-01
3.444338885232304803e-01
3.444338872767797599e-01
3.444338860443509898e-01
3.444338848292003985e-01
3.444338836268631687e-01
