3.196504247292057399e-01
3.188204382418873273e-01
3.183525243010157935e-01
3.178246239684331953e-01
3.173678315884735923e-01
2.911890144663920599e-01
2.908825096974881896e-01
2.899625715915666868e-01
2.898219707957405133e-01
2.881384729759342567e-01
2.876781754952967285e-01
2.869588414097805629e-01
2.863926647308765450e-01
2.862220215137152857e-01
2.831124921965178509e-01
2.829788471712975650e-01
2.802349923874487003e-01
2.798633091410041573e-01
2.797164763945697574e-01
2.752201090644791903e-01
2.751088454556286367e-01
2.747154891695691159e-01
2.743811857523788533e-01
2.741369023680276240e-01
2.737011665232259028e-01
2.736625408706114260e-01
2.733803745859844092e-01
2.730304639100394892e-01
2.728100602934265817e-01
2.724487187077889172e-01
2.724170469663571570e-01
2.722622592439926104e-01
2.680096326385904004e-01
2.659679834564822043e-01
2.655366585686286807e-01
2.655057000557971558e-01
2.654100196360286157e-01
2.634054248378377427e-01
2.629675959090270743e-01
2.618729123063113784e-01
2.613530028069929734e-01
2.612415616106253946e-01
2.606194057997452962e-01
2.606038875275621947e-01
2.605861926376877302e-01
2.605366716769392244e-01
2.603322739291382137e-01
2.597403154331627828e-01
2.597237110345519406e-01
2.596728671200710381e-01
2.594636493111469044e-01
2.590938966132624866e-01
2.590729015722478268e-01
2.590569109465030162e-01
2.588508787627899488e-01
2.584731906588231820e-01
2.584458572717951985e-01
2.584061859331678312e-01
2.582883351472006761e-01
2.536958042714778649e-01
2.537019313211019700e-01
2.537040715232870003e-01
2.536937097801353902e-01
2.536562390522690835e-01
2.528019201258133730e-01
2.526218260733468779e-01
2.525200642657838834e-01
2.510008687569975638e-01
2.509996704694634762e-01
2.509926928417636760e-01
2.509785059023217912e-01
2.509147147392660204e-01
2.497126536403858343e-01
2.496593637046909120e-01
2.495955110749485950e-01
2.494391510491542341e-01
2.482512214991329236e-01
2.482109798659962729e-01
2.478669810685652231e-01
2.478574659198785612e-01
2.478307997648979411e-01
2.477890816410064923e-01
2.476613182866336249e-01
2.462711029086123438e-01
2.462654364391315132e-01
2.462542852228483958e-01
2.462400718923949405e-01
2.462098808191652555e-01
2.461284006785440515e-01
2.442382199353097805e-01
2.442369457376035169e-01
2.442330387656987678e-01
2.442206824052572389e-01
2.441956318642974633e-01
2.441621403582318328e-01
2.440809903053388352e-01
2.432280706931762571e-01
2.427114661515445970e-01
2.427113875135982757e-01
2.427087044206324429e-01
2.427409758160084530e-01
2.421481081195361318e-01
2.420978597959760059e-01
2.420124614229167137e-01
2.419560066174471225e-01
2.418659909495369520e-01
2.418042957422537054e-01
2.417206016646805677e-01
2.416584010604077848e-01
2.415868942951605036e-01
2.415316801039647798e-01
2.414570091536139551e-01
2.414037185731844615e-01
2.413266638739690328e-01
2.412716120874084658e-01
2.412080612085424070e-01
2.411510543173355503e-01
2.410861020882987538e-01
2.410327943102336112e-01
2.409700639691915169e-01
2.409192718843434500e-01
2.408587089937199999e-01
2.408061848582263575e-01
2.407429483338867360e-01
2.406922895449956357e-01
2.406283441296815651e-01
2.405789323549842040e-01
2.405167648909045108e-01
2.404669163524851827e-01
2.404055313337979671e-01
2.403571159135468871e-01
2.402951507329548486e-01
2.402442587997684897e-01
2.401839994296884051e-01
2.401341266882224823e-01
2.400696697971514970e-01
2.400211256739893106e-01
2.399589515717499566e-01
2.399089242392557497e-01
2.398473207367863569e-01
2.397986675331935380e-01
2.397389112696162172e-01
2.396886579347362878e-01
2.396313505928986398e-01
2.395820609007009439e-01
2.395201700732174921e-01
2.394717021413352576e-01
2.394138961582046032e-01
2.393635569611977376e-01
2.393064058138834882e-01
2.392564948314291617e-01
2.392009881104525670e-01
2.391491037346075710e-01
2.390961747792506309e-01
2.390446433521465353e-01
2.389926032817848434e-01
2.389418218352779288e-01
2.388903222687542016e-01
2.388398002715094448e-01
2.387883916373711168e-01
2.387375010753020055e-01
2.386860075724411834e-01
2.386346693839061228e-01
2.385830103666446711e-01
2.385313040363828130e-01
2.384798519087518442e-01
2.384280214587753133e-01
2.383762783870936597e-01
2.383234063948246051e-01
2.382717146462731417e-01
2.382187386450345667e-01
2.381675238065493194e-01
2.381144446330152320e-01
2.380633684318868015e-01
2.380101527774352854e-01
2.379596798936076119e-01
2.379060755694346885e-01
2.378560353035852337e-01
2.378019126528133909e-01
2.377522612531129398e-01
2.376976692040241312e-01
2.376484865827128701e-01
2.375933415077204902e-01
2.375443768331464700e-01
2.374887033297050087e-01
2.374402730601578304e-01
2.373838747657248116e-01
2.373355123407673295e-01
2.372782573576701914e-01
2.372303378915738004e-01
2.371726678173107505e-01
2.371255172767568198e-01
2.370673819338080246e-01
2.370203914781241761e-01
2.369609369104317964e-01
2.369146084653089013e-01
2.368541746050650265e-01
2.368087152244802984e-01
2.367474145667307905e-01
2.367021626897625186e-01
2.366849443692552735e-01
2.366749007234633662e-01
2.366618351701252065e-01
2.366529078920273366e-01
2.366414252932130258e-01
2.366318324599198664e-01
2.366198320359710339e-01
2.366067120159414117e-01
2.365957302244650895e-01
2.365833114695949646e-01
2.365721803554230729e-01
2.365612493451831333e-01
2.365484758068889803e-01
2.365369434317388941e-01
2.365246075605997034e-01
2.365126426556504735e-01
2.365046749072655108e-01
2.364715057792408093e-01
2.364640341954732106e-01
2.364297070650972776e-01
2.364220221663861365e-01
2.364114424085023702e-01
2.363735704507457791e-01
2.363666259249542767e-01
2.363322222519834703e-01
2.363237845362666234e-01
2.362816664262987199e-01
2.362768320898683827e-01
2.362120138348640097e-01
2.361903224429527659e-01
2.361796986164921286e-01
2.361724540603861167e-01
2.360557633352906304e-01
2.360462543775684596e-01
2.360193907759008392e-01
2.360100064723863189e-01
2.360066591289112781e-01
2.359959186262849118e-01
2.358210626327782167e-01
2.358158569091264867e-01
2.357864598802942580e-01
2.357748388470523593e-01
2.357623686302093291e-01
2.357485371758235027e-01
2.357358808079794976e-01
2.357198171156824618e-01
2.357062188083212384e-01
2.356907929903928611e-01
2.356779430087627136e-01
2.356628204052808317e-01
2.356492967278118189e-01
2.356328718537561151e-01
2.356199246116902069e-01
2.356039398206926094e-01
2.355914026046828924e-01
2.355754791166795870e-01
2.355630033678053903e-01
2.355469503881030269e-01
2.355346943506821389e-01
2.355185464182840971e-01
2.355063876908099485e-01
2.354901194887854821e-01
2.354810208681119565e-01
2.354642346740573877e-01
2.354532477855318662e-01
2.354358366209909070e-01
2.354246771064200383e-01
2.354069384945320642e-01
2.353957699745944931e-01
2.353776347646487910e-01
2.353666159543821301e-01
2.353481681115506541e-01
2.353371672985141716e-01
2.353181481605286229e-01
2.353072588336903859e-01
2.352878399790268860e-01
2.352771030433511434e-01
2.352573010378549156e-01
2.352466243458357920e-01
2.352263038052348765e-01
2.352157198390720794e-01
2.351948647521310831e-01
2.351844329709524284e-01
2.351630279510934229e-01
2.351527424506477115e-01
2.351307905609781035e-01
2.351206912468661592e-01
2.350980986107373827e-01
2.350881363121104239e-01
2.350647487952481351e-01
2.350549309257544406e-01
2.350308403448474748e-01
2.350211356972042032e-01
2.349961777294433951e-01
2.349866106838815749e-01
2.349607442380544087e-01
2.349513846716827781e-01
2.349247143030997464e-01
2.349154619382069764e-01
2.348874363395589415e-01
2.348783761774624612e-01
2.348737210593684344e-01
2.348660198865631654e-01
2.348622563669942875e-01
2.348550874095539920e-01
2.348514521515484565e-01
2.348493647868364897e-01
2.348300792388356151e-01
2.347825772770536501e-01
2.347781440700488220e-01
2.347781712029235468e-01
2.347799337055757052e-01
2.347414266305745678e-01
2.347391179191169186e-01
2.347402821539215090e-01
2.347261307828731047e-01
2.347233596445885417e-01
2.347152998745524188e-01
2.347117912385703331e-01
2.347021457136080902e-01
2.346987901949911248e-01
2.346978930630434779e-01
2.346947267544922944e-01
2.346155837050243054e-01
2.346148309846610158e-01
2.346144874113894885e-01
2.346139110352723489e-01
2.346136212043802571e-01
2.346122071908273987e-01
2.346115176683780390e-01
2.345779382655858725e-01
2.345594644203439771e-01
2.345521701358670441e-01
2.345450243863717310e-01
2.345412578669218429e-01
2.345343320306870483e-01
2.345336507360771261e-01
2.345328206102702540e-01
2.345299943331852488e-01
2.344531296935556952e-01
2.344498991917738917e-01
2.344495537672129648e-01
2.344363281210575245e-01
2.344326267911517048e-01
2.344245068824796496e-01
2.344205034383134711e-01
2.344201726115603124e-01
2.344197102970247693e-01
2.344189738677456003e-01
2.344127276650169733e-01
2.343898595087686998e-01
2.343875734064176652e-01
2.343723977790436730e-01
2.343693461578850168e-01
2.343537988363646740e-01
2.343510387496208769e-01
2.343382906541896515e-01
2.343352853766909882e-01
2.343219513957658373e-01
2.343190343403943332e-01
2.343057184955295857e-01
2.343027668648706152e-01
2.342891267062558736e-01
2.342861988918324700e-01
2.342723692231123700e-01
2.342694417897395187e-01
2.342553890942940253e-01
2.342524775908303714e-01
2.342382042427004762e-01
2.342352946891480547e-01
2.342209078607455919e-01
2.342180015981852326e-01
2.342035212941168121e-01
2.342006103449796317e-01
2.341859952030525827e-01
2.341830849475187437e-01
2.341683889932170692e-01
2.341677393150930209e-01
2.341667437183160005e-01
2.341385080494804705e-01
2.341311766356115320e-01
2.341259397292978495e-01
2.341198673064282532e-01
2.341151797689685066e-01
2.341094037435736963e-01
2.341048280536152104e-01
2.340990756487691393e-01
2.340945214491242654e-01
2.340887846666870886e-01
2.340842568992232420e-01
2.340784862433562541e-01
2.340739708188135648e-01
2.340681683722803941e-01
2.340636544198556324e-01
2.340578474907315243e-01
2.340534053417270555e-01
2.340476157378107991e-01
2.340431598060692953e-01
2.340373459577986259e-01
2.340328929588609275e-01
2.340289533010768142e-01
2.340279195990561667e-01
2.340242243359358931e-01
2.340232936126911689e-01
2.340200834888349624e-01
2.340185906384836534e-01
2.340171741739600075e-01
2.340125016750928544e-01
2.340112325305491181e-01
2.340079192221302673e-01
2.340060143449110563e-01
2.340052518830963435e-01
2.339708962026494365e-01
2.339711043213434094e-01
2.339699625921976556e-01
2.339686802203529148e-01
2.339652995221400134e-01
2.339628900799323730e-01
2.339609730522070608e-01
2.339592755841240213e-01
2.339564333300707399e-01
2.339552914555361463e-01
2.339382705832658838e-01
2.339383378995012197e-01
2.339348117606421529e-01
2.339338261481368197e-01
2.339333336331920754e-01
2.339320329088198369e-01
2.339162986906977160e-01
2.339051472814250021e-01
2.339049771873470684e-01
2.339012551251780370e-01
2.338906613443021976e-01
2.338901935067892734e-01
2.338881449894375797e-01
2.338864864450221626e-01
2.338821490777667489e-01
2.338818180999587271e-01
2.338764608489345420e-01
2.338731610122578575e-01
2.338717802084922803e-01
2.338705859705223489e-01
2.338644743201748200e-01
2.338597349873716702e-01
2.338577266710046842e-01
2.338576300270711061e-01
2.338571875989978732e-01
2.338567340863519362e-01
2.338510635987555430e-01
2.338431585585078187e-01
2.338408416321456351e-01
2.338398546929596755e-01
2.338384916171657724e-01
2.338253407611787238e-01
2.338082583267140357e-01
2.338069917004403642e-01
2.338062416407680477e-01
2.338022057764511386e-01
2.337890623546696189e-01
2.337852347964586019e-01
2.337737192657021457e-01
2.337720434188358121e-01
2.337687533079509661e-01
2.337674644971710347e-01
2.337535073785251827e-01
2.337519607065057792e-01
2.337398111271213608e-01
2.337382063845479530e-01
2.337294419684115554e-01
2.337278576263490115e-01
2.337212338714406978e-01
2.337195218454284906e-01
2.337138712444978839e-01
2.337121728360130046e-01
2.337071114191433541e-01
2.337053574515640109e-01
2.337008320771100101e-01
2.336990532249622887e-01
2.336948429814374451e-01
2.336930196838825913e-01
2.336891231120757362e-01
2.336872610420825391e-01
2.336836305670371150e-01
2.336817277809057070e-01
2.336782780177160124e-01
2.336763086021346747e-01
2.336731065475453062e-01
2.336711283473600909e-01
2.336681150212290559e-01
2.336660881688849833e-01
2.336632249496168878e-01
2.336611490020032988e-01
2.336584190486960533e-01
2.336562918348312479e-01
2.336536627567021851e-01
2.336514876642520055e-01
2.336489353617903497e-01
2.336467228149113895e-01
2.336442438309496716e-01
2.336419926571139116e-01
