2.484104700193497384e-01
2.483631133338082830e-01
2.483354532246109803e-01
2.483196220591471215e-01
2.483223274361575639e-01
2.483818597129101857e-01
2.483827711983206676e-01
2.483811929843886546e-01
2.483764002239084445e-01
2.483758072414980755e-01
2.483905197948500232e-01
2.483878745786217701e-01
2.483881224053137438e-01
2.483870934132836328e-01
2.483869892417255865e-01
2.483833088760006025e-01
2.483819699286141380e-01
2.483814364607621061e-01
2.483801854708488910e-01
2.483798196038285999e-01
2.483760936291840304e-01
2.483742837519996305e-01
2.483743944812390747e-01
2.483741770294284890e-01
2.483740959754819622e-01
2.483679470144303791e-01
2.483674352920567929e-01
2.483623736965762940e-01
2.483625140420888389e-01
2.483621529445917131e-01
2.483562412015890009e-01
2.483534326138118198e-01
2.483547981733114085e-01
2.483542959861987642e-01
2.483546527244580027e-01
2.483473930122037654e-01
2.483463669357079406e-01
2.483454806107946999e-01
2.483431241401257150e-01
2.483430725524187477e-01
2.483368396268691436e-01
2.483317341291013391e-01
2.483321388004301467e-01
2.483318521743646812e-01
2.483307695105088642e-01
2.483262651808534616e-01
2.483216871051821262e-01
2.483194720496738894e-01
2.483196153457850053e-01
2.483193269329126707e-01
2.483159279792423735e-01
2.483114368281142126e-01
2.483119429074607254e-01
2.483117117161137422e-01
2.483114985297422694e-01
2.483113426661149870e-01
2.483112874664295533e-01
2.483113125530922449e-01
2.483113096358544880e-01
2.483112964004785261e-01
2.483112997077879802e-01
2.483112817511709258e-01
2.483112809778646457e-01
2.483112788323207643e-01
2.483112784681251461e-01
2.483112784681251461e-01
2.483112784681251461e-01
2.483112784681251461e-01
2.483112784681251461e-01
2.483112784681251461e-01
2.483112784681251461e-01
2.483112784681251461e-01
2.483112784681251461e-01
2.483112784681251461e-01
2.483112784681251461e-01
2.483112784681251461e-01
2.483112784681251461e-01
2.483112784681251461e-01
2.483112784681251461e-01
2.483112784681251461e-01
2.483112784681251461e-01
2.483112784681251461e-01
2.483112784681251461e-01
2.483112784681251461e-01
2.483112784681251461e-01
2.483112784681251461e-01
2.483112784681251461e-01
2.483112784681251461e-01
2.483112784681251461e-01
2.483112784681251461e-01
2.483112784681251461e-01
2.483112784681251461e-01
2.483112784681251461e-01
2.483112784681251461e-01
2.483112784681251461e-01
2.483112784681251461e-01
2.483112784681251461e-01
2.483112784681251461e-01
2.483112784681251461e-01
2.483112784681251461e-01
2.482275003751623632e-01
2.481857378344460574e-01
2.481761835402179484e-01
2.481547367373391488e-01
2.481545407979499629e-01
2.481206457034593471e-01
2.481122901789120649e-01
2.481103121271941991e-01
2.481062235029758145e-01
2.481044423390022513e-01
2.481002463953486115e-01
2.480947059301792934e-01
2.480920310421868835e-01
2.480886767865473908e-01
2.480856133615030601e-01
2.480846874529847867e-01
2.480785484967603371e-01
2.480781219302659324e-01
2.480707894276629744e-01
2.480718196859178215e-01
2.480661683198376322e-01
2.480665609924853909e-01
2.480639319129896714e-01
2.480631915091935091e-01
2.480604145747833389e-01
2.480599531206152397e-01
2.480556627241924661e-01
2.480526094008752014e-01
2.480495847002125165e-01
2.480480302600601150e-01
2.480463825375066877e-01
2.480444719866014280e-01
2.480429801153369862e-01
2.480397899225328939e-01
2.480385539246382220e-01
2.480360741826555249e-01
2.480350821512831982e-01
2.480330398534867087e-01
2.480312339374313169e-01
2.480298367357901268e-01
2.480285434714931125e-01
2.480265932291357833e-01
2.480253321870945493e-01
2.480246411909533544e-01
2.480213489108565872e-01
2.480200710653798213e-01
2.480197056509922948e-01
2.480182745190767646e-01
2.480180845201291062e-01
2.480172532579753564e-01
2.480155272532647004e-01
2.480131428889484624e-01
2.480122763039748490e-01
2.480111560672881854e-01
2.480100658318128981e-01
2.480090209314491645e-01
2.480084404542529375e-01
2.480078007557896536e-01
2.480070596213050649e-01
2.480060931592892315e-01
2.480052382098280883e-01
2.480041189571604854e-01
2.480033067982503892e-01
2.480029302371475897e-01
2.480022032533625576e-01
2.480017660822700920e-01
2.480013056995319098e-01
2.480008840162299388e-01
2.479997958546525938e-01
2.479993849474142753e-01
2.479988268221978709e-01
2.479981105950747888e-01
2.479973353705322570e-01
2.479970534829334661e-01
2.479960779316267017e-01
2.479960802541124887e-01
2.479941365306410905e-01
2.479944485109713270e-01
2.479939932313268980e-01
2.479936836305349224e-01
2.479926339805057223e-01
2.479923848718056101e-01
2.479920550880229391e-01
2.479917415657008906e-01
2.479915353284382062e-01
2.479908129014288531e-01
2.479906420720048577e-01
2.479902801519181244e-01
2.479884170470706140e-01
2.479878029612150869e-01
2.479867455921603014e-01
2.479865758669660969e-01
2.479857443037861708e-01
2.479857350622603207e-01
2.479853409539817810e-01
2.479852156000751651e-01
2.479851412510270803e-01
2.479848677642053634e-01
2.479848128250350392e-01
2.479846360920624770e-01
2.479575298654494442e-01
2.479413616008681043e-01
2.479316210553006161e-01
2.479235045052139430e-01
2.479163791702435893e-01
2.479051867474131587e-01
2.478995043105252649e-01
2.478905320114011546e-01
2.478856317952500832e-01
2.478778220207637772e-01
2.478726784138796102e-01
2.478699053497470939e-01
2.478631515178434941e-01
2.478602318666531801e-01
2.478562971888469413e-01
2.478526068752789080e-01
2.478491078218546251e-01
2.478467267405907171e-01
2.478441359233265751e-01
2.478411024105691696e-01
2.478398565722430280e-01
2.478363178791175014e-01
2.478347338324494165e-01
2.478320927649690919e-01
2.478302619785280603e-01
2.478284092360991675e-01
2.478256343226320213e-01
2.478234264330122782e-01
2.478214091828510601e-01
2.478185199126692606e-01
2.478189581527912300e-01
2.478151298598486596e-01
2.478147389588515326e-01
2.478115841328430435e-01
2.478106136314305874e-01
2.478079241607157313e-01
2.478082497810986939e-01
2.478053392933634302e-01
2.478057800285221324e-01
2.478024863388016141e-01
2.478028295539026205e-01
2.477992953416622846e-01
2.477992076015538836e-01
2.477945264767313083e-01
2.477947282453591971e-01
2.477920661735457664e-01
2.477916408328763032e-01
2.477897684427846081e-01
2.477875784018839234e-01
2.477863354070150848e-01
2.477864156582770261e-01
2.477853181389736703e-01
2.477840804473784020e-01
2.477828788233764623e-01
2.477816924628656325e-01
2.477813932713131273e-01
2.477801551617214992e-01
2.477795892671387779e-01
2.477786360623077389e-01
2.477785281318506116e-01
2.477767817291175179e-01
2.477768007971797581e-01
2.477752044624001171e-01
2.477754491890784838e-01
2.477740957289458201e-01
2.477739678582010774e-01
2.477734337664919684e-01
2.477733083479084775e-01
2.477725102418965042e-01
2.477724479299298899e-01
2.477717384326168504e-01
2.477716320238333159e-01
2.477712443483033045e-01
2.477709195625605598e-01
2.477706623981240919e-01
2.477702912697526683e-01
2.477700212466059926e-01
2.477696162553178205e-01
2.477695015704382553e-01
2.477689750981384997e-01
2.477687313465793684e-01
2.477684962769327870e-01
2.477681657471386689e-01
2.477679757403811189e-01
2.477678146315625551e-01
2.477674475235522311e-01
2.477672617112092746e-01
2.477664244975580632e-01
2.477662563486859870e-01
2.477659344156467047e-01
2.477654938622139702e-01
2.477652239172918602e-01
2.477647025661125768e-01
2.477644590211056097e-01
2.477643251331799190e-01
2.477640818736173145e-01
2.477638364698810658e-01
2.477636582453072722e-01
2.477634048074739970e-01
2.477631729317461284e-01
2.477547753689117727e-01
2.477458693556337244e-01
2.477415046551112165e-01
2.477346899776195210e-01
2.477334520857245037e-01
2.477296714989181137e-01
2.477258548560472839e-01
2.477233406361643575e-01
2.477223761903094845e-01
2.477204284067807960e-01
2.477207013160204752e-01
2.477186282401926953e-01
2.477176468330701264e-01
2.477160402940952466e-01
2.477151198063100856e-01
2.477139589500350347e-01
2.477126252919326921e-01
2.477112240711172031e-01
2.477102494972480140e-01
2.477085736934511728e-01
2.477066259789801883e-01
2.477060936106796896e-01
2.477051657821415787e-01
2.477043562220475892e-01
2.477039012817142671e-01
2.477041853205331490e-01
2.477031272907555537e-01
2.477023674048023649e-01
2.477022362959760138e-01
2.477011248975773960e-01
2.477029120318318400e-01
2.477013523579084942e-01
2.477013924776627907e-01
2.477005531444002040e-01
2.477002038312547116e-01
2.477007025563409126e-01
2.476997326277364797e-01
2.476986454859722020e-01
2.476987308894787465e-01
2.476979783477786523e-01
2.476988219594284668e-01
2.476979461532149984e-01
2.476974903069507072e-01
2.476969931705258199e-01
2.476967680092691804e-01
2.476982392213966933e-01
2.476977005631789408e-01
2.476971437029727996e-01
2.476968891426208075e-01
2.476964405655328605e-01
2.476979908916101536e-01
2.476968937278285210e-01
2.476967662272528403e-01
2.476964368070530831e-01
2.476960640726164620e-01
2.476956345897533274e-01
2.476954217244146661e-01
2.476951707266240865e-01
2.476949544518789181e-01
2.476945511022640989e-01
2.476944575272472804e-01
2.476943531817139277e-01
2.476940424204504554e-01
2.476939217554298966e-01
2.476934978867659232e-01
2.476934310477786894e-01
2.476932655386968329e-01
2.476930109395362456e-01
2.476928388878701093e-01
2.476925852574318188e-01
2.476924402048861495e-01
2.476921894597387264e-01
2.476921445305149128e-01
2.476920052683550810e-01
2.476919053970347839e-01
2.476918364263577255e-01
2.476915714055131501e-01
2.476915732016232163e-01
2.476913116394245662e-01
2.476913033885667637e-01
2.476911011374032245e-01
2.476911423529515321e-01
2.476909004138863335e-01
2.476908593820502658e-01
2.476906885527155322e-01
2.476905853580118888e-01
2.476904268936616638e-01
2.476904480335464787e-01
2.476902161849391382e-01
2.476902940781800788e-01
2.476898903799715779e-01
2.476899138376975062e-01
2.476896373133584128e-01
2.476896138885975318e-01
2.476894593903943287e-01
2.476894172744687761e-01
2.476891958135840621e-01
2.476891921619306380e-01
2.476890535020939421e-01
2.476889874354264998e-01
2.476829459917019582e-01
2.476814798642607007e-01
2.476782743558240962e-01
2.476767556551825455e-01
2.476754608831155668e-01
2.476741061828433565e-01
2.476724682865287519e-01
2.476725123500850279e-01
2.476715385848818896e-01
2.476711033168385867e-01
2.476691651339439082e-01
2.476681545949304120e-01
2.476674088976144605e-01
2.476670235436448930e-01
2.476659010477860190e-01
2.476650429611735038e-01
2.476644878106717129e-01
2.476640856981307259e-01
2.476637815372174090e-01
2.476632756378102374e-01
2.476618399027890605e-01
2.476609405287662213e-01
2.476605816919020542e-01
2.476602184085297254e-01
2.476597651835609204e-01
2.476587556179002669e-01
2.476583304059496171e-01
2.476580736547148442e-01
2.476576363456569896e-01
2.476573189239720807e-01
2.476570572916212964e-01
2.476567775761373269e-01
2.476565441769698339e-01
2.476561054536113027e-01
2.476558270497319636e-01
2.476548823802119381e-01
2.476546843401429276e-01
2.476544661535267089e-01
2.476540749277792441e-01
2.476539895346261122e-01
2.476524342508049092e-01
2.476523418310916103e-01
2.476519120058250367e-01
2.476516725603751246e-01
2.476510188332456119e-01
2.476505723771958434e-01
2.476501876883259734e-01
2.476500265952553126e-01
2.476497761159682509e-01
2.476497247314834171e-01
2.476496944081232610e-01
2.476492071324117861e-01
2.476492650386482308e-01
2.476489251619681253e-01
2.476489470343599397e-01
2.476486667212855208e-01
2.476486550858407742e-01
2.476484447076970075e-01
2.476481348133826588e-01
2.476480517280049976e-01
2.476477903080812892e-01
2.476476199217392260e-01
2.476474794393094259e-01
2.476473111343641953e-01
2.476469235460497242e-01
2.476452083717478880e-01
2.476451912619803408e-01
2.476450399126731150e-01
2.476448959233560065e-01
2.476447314788664256e-01
2.476446735903068685e-01
2.476446218111102993e-01
2.476444861900319871e-01
2.476443681483417314e-01
2.476442966784065669e-01
2.476442101154338327e-01
2.476441706520399744e-01
2.476440018714270996e-01
2.476439397766560524e-01
2.476438054622055462e-01
2.476437679267595726e-01
2.476436528872621445e-01
2.476436160445905643e-01
2.476435103311651342e-01
2.476434882530939852e-01
2.476433920779993192e-01
2.476433573610879735e-01
2.476432559050895654e-01
2.476432274863529515e-01
2.476431002135899284e-01
2.476430974321689737e-01
2.476429134364620532e-01
2.476427091475927322e-01
2.476426455722316178e-01
2.476425005075267305e-01
2.476424598061462146e-01
2.476423581176772359e-01
2.476423344029399787e-01
2.476422546910460598e-01
2.476422154893647143e-01
