2.352150496817358716e-01
2.328363148802536364e-01
2.312702443001906916e-01
2.304287095792406648e-01
2.299712368905839632e-01
2.294946594053377809e-01
2.289913191110900248e-01
2.283443073925086053e-01
2.277906579068716131e-01
2.273280910197524596e-01
2.279491432932250761e-01
2.274482296242312795e-01
2.282910324148507419e-01
2.278843221811754638e-01
2.283349843206934349e-01
2.303384775741454671e-01
2.299408798303566315e-01
2.302977337532551017e-01
2.300435549464223406e-01
2.304032028375068153e-01
2.298951421455443789e-01
2.299914143557409418e-01
2.298828489550874543e-01
2.297547161801845594e-01
2.288418810060899033e-01
2.283552252131210714e-01
2.291085973773812068e-01
2.291253511682925514e-01
2.286497012794313499e-01
2.287678892262461905e-01
2.295206444012352909e-01
2.288293932609468395e-01
2.301134314647188261e-01
2.287279645552940666e-01
2.301044000213388896e-01
2.304047497965542313e-01
2.305162118708783958e-01
2.311675296402351809e-01
2.314337747748329566e-01
2.322489658238897081e-01
2.336773196264815833e-01
2.337753608538786498e-01
2.351585472231041973e-01
2.351485152991292793e-01
2.359947407703633648e-01
2.398222303714228620e-01
2.376725043041469920e-01
2.398382655335581370e-01
2.377470661413696451e-01
2.415151784767523291e-01
2.444158480912608511e-01
2.435745332771769578e-01
2.467330184222935319e-01
2.450846595624130708e-01
2.470420551496361194e-01
2.459766840335466942e-01
2.479516810347792699e-01
2.463830237308462234e-01
2.481226450798679484e-01
2.469564192195771724e-01
2.479393054999705914e-01
2.472418434110259799e-01
2.479168359846883052e-01
2.475678675923749794e-01
2.480473738628262426e-01
2.478702996971347272e-01
2.483584537960031868e-01
2.481668406451979225e-01
2.488245026501171853e-01
2.485512991597421673e-01
2.493075919846966526e-01
2.489475508466445774e-01
2.496108069183900213e-01
2.492778610850101551e-01
2.495861708188605588e-01
2.493642119754094499e-01
2.497429529777620838e-01
2.496372012150654129e-01
2.501442524136918699e-01
2.498511244276825916e-01
2.500718713168232354e-01
2.498928318745502752e-01
2.499650253350625129e-01
2.499816769611363787e-01
2.502555770001836377e-01
2.501853151611260206e-01
2.503319458750682402e-01
2.503646582646867347e-01
2.504140233023134932e-01
2.503381225846434410e-01
2.504438223454221735e-01
2.504238358364050399e-01
2.504299400041687385e-01
2.505830685921904832e-01
2.504716174145040775e-01
2.505743503780207271e-01
2.507087045885386667e-01
2.506737467333766678e-01
2.507944417603425458e-01
2.507600790280359315e-01
2.572546832552131124e-01
2.625677436284665767e-01
2.665504928823851372e-01
2.690709086555372331e-01
2.700374180174209826e-01
2.750342979052333714e-01
2.750825271115434068e-01
2.782329722700803698e-01
2.774614675367679806e-01
2.804342870022089040e-01
2.820136020352108086e-01
2.852483680256469034e-01
2.875070622359884864e-01
2.893354360777400935e-01
2.901607857652502842e-01
2.940426687075156642e-01
2.942977970874960936e-01
2.965915792472518797e-01
2.961054138294316185e-01
2.983392419602489132e-01
2.993570565564225849e-01
2.996531088909378804e-01
3.009681025735883031e-01
3.008739498326309936e-01
3.022241121211430293e-01
3.012263990795218671e-01
3.033817889327810047e-01
3.029539640884609253e-01
3.036495838872285691e-01
3.033379254503564271e-01
3.031456553351025707e-01
3.033597022118461606e-01
3.037749565387599660e-01
3.038740760273850317e-01
3.041616133692949808e-01
3.034275282143972796e-01
3.038968639741100319e-01
3.040515019943177966e-01
3.046238537752941622e-01
3.044757445849642363e-01
3.042335780466024486e-01
3.042948240733628906e-01
3.044869302447849591e-01
3.048312403860286568e-01
3.047342896832856418e-01
3.044262765234749812e-01
3.045771215270107746e-01
3.047216067485193913e-01
3.047617963977427569e-01
3.047737212698106712e-01
3.039782263136437401e-01
3.040945561074893666e-01
3.040493811997275198e-01
3.043409959106778695e-01
3.043491126141599779e-01
3.043444238863632911e-01
3.043444238863632911e-01
3.043444238863632911e-01
3.043444238863632911e-01
3.043444238863632911e-01
3.043444238863632911e-01
3.043444238863632911e-01
3.043444238863632911e-01
3.043444238863632911e-01
3.043444238863632911e-01
3.043444238863632911e-01
3.043444238863632911e-01
3.043444238863632911e-01
3.043444238863632911e-01
3.043444238863632911e-01
3.043444238863632911e-01
3.043444238863632911e-01
3.043444238863632911e-01
3.043444238863632911e-01
3.043444238863632911e-01
3.043444238863632911e-01
3.043444238863632911e-01
3.043444238863632911e-01
3.043444238863632911e-01
3.043444238863632911e-01
3.043444238863632911e-01
3.043444238863632911e-01
3.043444238863632911e-01
3.043444238863632911e-01
3.043444238863632911e-01
3.043444238863632911e-01
3.043444238863632911e-01
3.043444238863632911e-01
3.043444238863632911e-01
3.043444238863632911e-01
3.043444238863632911e-01
3.043444238863632911e-01
3.043444238863632911e-01
3.043444238863632911e-01
3.043444238863632911e-01
3.043444238863632911e-01
3.043444238863632911e-01
3.043444238863632911e-01
3.043444238863632911e-01
3.043444238863632911e-01
3.036542365155355250e-01
3.040052961889614380e-01
3.051292397353640995e-01
3.076209417735675244e-01
3.084664954143868654e-01
3.085001045634332972e-01
3.099223898464930071e-01
3.096905442130181707e-01
3.105883398097798453e-01
3.104718172273981391e-01
3.114353023625447414e-01
3.116946912209631049e-01
3.121962561081150778e-01
3.120673498915187416e-01
3.125296213196459560e-01
3.129420261428563776e-01
3.135440200506798836e-01
3.139306564758204132e-01
3.139977455621650315e-01
3.141805213426496213e-01
3.146547268555947019e-01
3.147921202266659169e-01
3.150227613873367027e-01
3.150497141999087924e-01
3.151873692195295562e-01
3.154024976122224433e-01
3.155578923848884054e-01
3.157416401174923948e-01
3.157997744123904882e-01
3.158117636883999713e-01
3.160336518325480570e-01
3.162131134467343063e-01
3.163191013128345275e-01
3.162727943057033753e-01
3.164388130404314214e-01
3.160413307251945247e-01
3.163347628628206953e-01
3.162335271775906231e-01
3.162349135962864155e-01
3.162727727746960094e-01
3.163290367376242473e-01
3.163426331699175087e-01
3.163410633664048843e-01
3.163524995663997696e-01
3.163482755337889696e-01
3.163830810647271785e-01
3.164075043020199707e-01
3.164182895008085250e-01
3.164221553292821953e-01
3.164259528346513584e-01
3.164010576348847970e-01
3.164002305843537921e-01
3.163921729284600026e-01
3.164021321800334352e-01
3.164021321800334352e-01
3.164021321800334352e-01
3.164021321800334352e-01
3.164021321800334352e-01
3.164021321800334352e-01
3.164021321800334352e-01
3.164021321800334352e-01
3.164021321800334352e-01
3.164021321800334352e-01
3.164021321800334352e-01
3.164021321800334352e-01
3.164021321800334352e-01
3.164021321800334352e-01
3.164021321800334352e-01
3.164021321800334352e-01
3.164021321800334352e-01
3.164021321800334352e-01
3.164021321800334352e-01
3.164021321800334352e-01
3.164021321800334352e-01
3.164021321800334352e-01
3.164021321800334352e-01
3.164021321800334352e-01
3.164021321800334352e-01
3.164021321800334352e-01
3.164021321800334352e-01
3.164021321800334352e-01
3.164021321800334352e-01
3.164021321800334352e-01
3.164021321800334352e-01
3.164021321800334352e-01
3.164021321800334352e-01
3.164021321800334352e-01
3.164021321800334352e-01
3.164021321800334352e-01
3.164021321800334352e-01
3.164021321800334352e-01
3.164021321800334352e-01
3.164021321800334352e-01
3.164021321800334352e-01
3.164021321800334352e-01
3.164021321800334352e-01
3.164021321800334352e-01
3.164021321800334352e-01
3.164021321800334352e-01
3.164021321800334352e-01
3.161299247233657628e-01
3.178168519479823706e-01
3.176979746225500612e-01
3.183647311485754972e-01
3.179631110436113572e-01
3.183779117562373084e-01
3.184177154919199393e-01
3.181793881596611251e-01
3.179453634044310806e-01
3.177322610202077957e-01
3.181492452084356271e-01
3.179528869028409588e-01
3.179060461697650330e-01
3.176339179197795737e-01
3.176284321496688490e-01
3.178176800972570826e-01
3.179183376155052532e-01
3.178346803391852160e-01
3.178504728573496863e-01
3.178348246287551193e-01
3.183331552506817319e-01
3.182629822981831724e-01
3.184537557473557934e-01
3.181445097665845378e-01
3.184987048467005089e-01
3.187633811470713674e-01
3.188145354071486581e-01
3.188813196557586105e-01
3.188725570077005633e-01
3.188737621471917083e-01
3.192036016747072935e-01
3.191025386035509781e-01
3.191907849710117206e-01
3.191165381435374648e-01
3.191481420022771465e-01
3.192457042899690123e-01
3.193057465615936619e-01
3.193192068636000469e-01
3.192908818139843508e-01
3.193091183324110460e-01
3.192454171858785106e-01
3.192377487475639430e-01
3.192483239786266247e-01
3.192462359919957526e-01
3.192453177941542708e-01
3.192842254708267991e-01
3.192705641243808734e-01
3.192580074355051423e-01
3.192521814646151479e-01
3.192541884308970346e-01
3.192349717750469495e-01
3.192418249106933614e-01
3.192480627134574589e-01
3.192482520439476890e-01
3.192494596252293260e-01
3.192507639599110880e-01
3.192494221358381790e-01
3.192494221358381790e-01
3.192494221358381790e-01
3.192494221358381790e-01
3.192494221358381790e-01
3.192494221358381790e-01
3.192494221358381790e-01
3.192494221358381790e-01
3.192494221358381790e-01
3.192494221358381790e-01
3.192494221358381790e-01
3.192494221358381790e-01
3.192494221358381790e-01
3.192494221358381790e-01
3.192494221358381790e-01
3.192494221358381790e-01
3.192494221358381790e-01
3.192494221358381790e-01
3.192494221358381790e-01
3.192494221358381790e-01
3.192494221358381790e-01
3.192494221358381790e-01
3.192494221358381790e-01
3.192494221358381790e-01
3.192494221358381790e-01
3.192494221358381790e-01
3.192494221358381790e-01
3.192494221358381790e-01
3.192494221358381790e-01
3.192494221358381790e-01
3.192494221358381790e-01
3.192494221358381790e-01
3.192494221358381790e-01
3.192494221358381790e-01
3.192494221358381790e-01
3.192494221358381790e-01
3.192494221358381790e-01
3.192494221358381790e-01
3.192494221358381790e-01
3.192494221358381790e-01
3.192494221358381790e-01
3.192494221358381790e-01
3.192494221358381790e-01
3.192494221358381790e-01
3.192513346732825941e-01
3.194458202645764633e-01
3.196244407013674182e-01
3.198541249282268462e-01
3.199934667765274576e-01
3.198032389936059650e-01
3.200215167731826349e-01
3.200526407726322353e-01
3.203278803979210942e-01
3.203775581883489543e-01
3.203900101508140308e-01
3.205288038333114486e-01
3.206052163687745371e-01
3.208747767463746570e-01
3.209743781329726375e-01
3.213327183847420887e-01
3.217272934801378992e-01
3.218697941228625403e-01
3.218915419499699948e-01
3.218876368730943516e-01
3.224312152346067162e-01
3.226302675509649109e-01
3.228377711908884118e-01
3.230877612572002344e-01
3.232463631547880523e-01
3.236415505374299895e-01
3.236406648403687969e-01
3.236468059243806095e-01
3.236429437580504720e-01
3.236459169319788054e-01
3.236941140596104050e-01
3.236935143413002813e-01
3.236932871414502366e-01
3.236959201026956001e-01
3.236979133505117900e-01
3.237045017923006474e-01
3.237018816353247619e-01
3.238056286825590768e-01
3.238863176648056896e-01
3.238901296117555062e-01
3.241098523005561116e-01
3.242118555909901945e-01
3.242604287388716755e-01
3.242628015510561901e-01
3.242667567816173158e-01
3.243091776749135180e-01
3.243087302934864469e-01
3.243093329956831528e-01
3.243092687272342567e-01
3.243092687272342567e-01
3.243111097734742154e-01
3.243111536946303164e-01
3.243118817549229260e-01
3.243118817549229260e-01
3.243118817549229260e-01
3.243118817549229260e-01
3.243118817549229260e-01
3.243118817549229260e-01
3.243118817549229260e-01
3.243118817549229260e-01
3.243118817549229260e-01
3.243118817549229260e-01
3.243118817549229260e-01
3.243118817549229260e-01
3.243118817549229260e-01
3.243118817549229260e-01
3.243118817549229260e-01
3.243118817549229260e-01
3.243118817549229260e-01
3.243118817549229260e-01
3.243118817549229260e-01
3.243118817549229260e-01
3.243118817549229260e-01
3.243118817549229260e-01
3.243118817549229260e-01
3.243118817549229260e-01
3.243118817549229260e-01
3.243118817549229260e-01
3.243118817549229260e-01
3.243118817549229260e-01
3.243118817549229260e-01
3.243118817549229260e-01
3.243118817549229260e-01
3.243118817549229260e-01
3.243118817549229260e-01
3.243118817549229260e-01
3.243118817549229260e-01
3.243118817549229260e-01
3.243118817549229260e-01
3.243118817549229260e-01
3.243118817549229260e-01
3.243118817549229260e-01
3.243118817549229260e-01
3.243118817549229260e-01
3.243118817549229260e-01
3.243118817549229260e-01
3.243118817549229260e-01
3.243118817549229260e-01
3.243118817549229260e-01
3.243118817549229260e-01
