3.701141258908761666e-01
7.022866975915215138e-01
8.612719526233102441e-01
7.215991005725014285e-01
7.534387368753489023e-01
7.996051665949528431e-01
7.067192241775515082e-01
8.019854479621768562e-01
7.083025223373263790e-01
8.032981611499802055e-01
7.094347020600928477e-01
8.044146920645561805e-01
7.104673778340813151e-01
8.055141744470573073e-01
7.114758680246157097e-01
8.066259238866837489e-01
7.124757329616143720e-01
8.077507474871031823e-01
7.134711227672310141e-01
8.088857328835560301e-01
7.144638547698740627e-01
8.100283575304514372e-01
7.154553426409323569e-01
8.111769094081503484e-01
7.164468447590056632e-01
8.123302216649532781e-01
7.174392854831542765e-01
8.134874279340487124e-01
7.184333009289596284e-01
8.146477950049356709e-01
7.194293123037276416e-01
8.158106897236098165e-01
7.204275628842610191e-01
8.161006424486558775e-01
7.210617079080864356e-01
8.170494528564414827e-01
7.219786558556685607e-01
8.181144879220030308e-01
7.229481765658258841e-01
8.191906974439803202e-01
7.239254617131251068e-01
8.202547792700111140e-01
7.249006759931785338e-01
8.212973804779385434e-01
7.258699547449826150e-01
8.003565743850830083e-01
7.189714319804261233e-01
8.218589693936774188e-01
7.276239879287321743e-01
8.034086228951787811e-01
7.221003419173156468e-01
8.256160017955992414e-01
7.308626530497539520e-01
8.067011386070679357e-01
7.252921116633586074e-01
8.294226421417687511e-01
7.341769530669478572e-01
8.100480323945152827e-01
7.285806423689883404e-01
8.332894838437095997e-01
7.375658747718648600e-01
8.134464289187218755e-01
7.319612592156075070e-01
8.372104930769630471e-01
7.410251571847368268e-01
8.168957805894372370e-01
7.354351502257729933e-01
8.411840123251168588e-01
7.445541467304620520e-01
8.203969607255340302e-01
7.390050610921529151e-01
8.452096286019470384e-01
7.481533244220888168e-01
8.239512482394044657e-01
7.426730619501947794e-01
8.492865134616057743e-01
7.518231999307680713e-01
8.275599652554798125e-01
7.464420048007448516e-01
8.534140715467616323e-01
7.555644111061791124e-01
8.312243451372269831e-01
7.503162482318079807e-01
8.575919458117079452e-01
7.593776658110746869e-01
8.349454200248694891e-01
7.542994543037756516e-01
8.618191272050103047e-01
7.632633218766298189e-01
8.387239532128680786e-01
7.583937134902628552e-01
8.660936753827928047e-01
7.672212530415778442e-01
8.425604469572812727e-01
7.626019247910919008e-01
8.704135499331738801e-01
7.712512428038373891e-01
8.464551297657566531e-01
7.669258706786243884e-01
8.747759544905236995e-01
7.753526383166332581e-01
8.504079258819158271e-01
8.039277432131171075e-01
8.576987284238114517e-01
7.692351622504643993e-01
8.806487744208285617e-01
7.817272591450040720e-01
8.572809200983602107e-01
8.087233858370579398e-01
8.644987476587087105e-01
7.766862441998523270e-01
8.885626876468134538e-01
7.894101594220278573e-01
8.646876775410192728e-01
8.136186618441613172e-01
8.717787948785536978e-01
7.852086032539796756e-01
8.971145006878933348e-01
7.977814334397330676e-01
8.726646257966540476e-01
1.972982531713432186e+00
2.390737035273018840e+00
1.437296183789363635e+00
1.433928538135163855e+00
1.438500811182223948e+00
1.437040117180377941e+00
1.442932737492976569e+00
1.442147134974162581e+00
1.448518625962397666e+00
1.448308247478386823e+00
1.454838310980399507e+00
1.455107018542469710e+00
1.461579616262091541e+00
1.462276176750900492e+00
1.468558953397459454e+00
1.469682609542916074e+00
1.475707477289622815e+00
1.477307229894845753e+00
1.483056033791553929e+00
1.485240285620086143e+00
1.490737304520267204e+00
1.493697928322341273e+00
1.499006836255113884e+00
1.503054523044583535e+00
1.508274794445705558e+00
1.513851378013131077e+00
1.519102644473158570e+00
1.526654778064449713e+00
1.532033240621377246e+00
2.216507407990115031e+00
1.519182051445032489e+00
2.743542207380654130e+00
2.720872035238141251e+00
2.734368515672544131e+00
5.049159217155381185e+00
2.968590468098770252e+00
8.504593883523544617e-01
1.367075429328010960e+00
2.543067758189300864e+00
2.398939423411312166e+00
9.915863029804641293e-01
1.334061269949573747e+00
1.370887947018419428e+00
1.386209147248452567e+00
1.397918364603457198e+00
1.397296244184851099e+00
1.405755586406215674e+00
1.404983147165383306e+00
1.411472099910813904e+00
1.410828674896452917e+00
1.416527186082754630e+00
1.416045776076759077e+00
1.421228918811917596e+00
1.420943437064225323e+00
1.425739491166443162e+00
1.425661029995048068e+00
1.430136138698109738e+00
1.430270400063548886e+00
1.434467872577034342e+00
1.434820611076982999e+00
1.438773387967558826e+00
1.439353054203970528e+00
1.443088323869146317e+00
1.443907434917820476e+00
1.447448421388958906e+00
1.448524537862012185e+00
1.451891302807239770e+00
1.453247833106652953e+00
1.456457687823450975e+00
1.458124672799679056e+00
1.461192289471199945e+00
1.463207468827299129e+00
1.466145023687011939e+00
1.468554438472260193e+00
1.471371647503642022e+00
1.474229305637813736e+00
1.476933350970869085e+00
1.480298860351349388e+00
1.482894228020412264e+00
1.486826949108538409e+00
1.489315272105960375e+00
1.493864136486137584e+00
1.496244246749603768e+00
1.501433129267359057e+00
1.503701577979428938e+00
1.509509819558497945e+00
1.511661997850407335e+00
1.518005019185702187e+00
1.520036775021388564e+00
1.526756914958550704e+00
1.528666353774183362e+00
1.535543679647211501e+00
1.537332595229365939e+00
1.544122865851102366e+00
1.545797240518638427e+00
1.552291898519762681e+00
1.553861087722543610e+00
1.559937264591617856e+00
1.561412104719317906e+00
1.567039502570931608e+00
1.568430407028828633e+00
1.573639081282039109e+00
1.574955003515953633e+00
1.579798426826320767e+00
1.581046690355486728e+00
1.585579281034502408e+00
1.586765816784893035e+00
1.591034642884432859e+00
1.592164301271408844e+00
1.596207806176189958e+00
1.597284626792728535e+00
1.601133575445102375e+00
1.602160985862950193e+00
1.605840036098672430e+00
1.606820999271664441e+00
1.610350020088383571e+00
1.611287138529796215e+00
1.614682312827625754e+00
1.615577904734849524e+00
1.618852541790753996e+00
1.619708697873129877e+00
1.622873888901236850e+00
1.623692508272232882e+00
1.626757651876805877e+00
1.627540473908970275e+00
1.630513610575064165e+00
1.631262238582408264e+00
1.634150312481380096e+00
1.634866232920193063e+00
1.637675305016701888e+00
1.638359899201713654e+00
1.641095335925589538e+00
1.641749891823446550e+00
1.644416473909384946e+00
1.645042197628521885e+00
1.647644194836377585e+00
1.648242218838565920e+00
1.650783485474629275e+00
1.651354873045007832e+00
1.653838926466816517e+00
1.654384678231032524e+00
1.656814732633406839e+00
1.657335791889426924e+00
1.659714800394355372e+00
1.660212057943895481e+00
1.662542738481104676e+00
1.663017036680093375e+00
1.665301896870822196e+00
1.665754034088592350e+00
1.667995392446646408e+00
1.668426125348343003e+00
1.670626131878416798e+00
1.671036179463252891e+00
1.673196830449522610e+00
1.673586876102677756e+00
1.675710033240176644e+00
1.676080726829871859e+00
1.678168119932103020e+00
1.678520081929105956e+00
1.680573320082612288e+00
1.680907142375264840e+00
1.682927731266421478e+00
1.683243978972733812e+00
1.685233326882183746e+00
1.685532540094804466e+00
1.687491969618273080e+00
1.687774664016409298e+00
1.689705422490398012e+00
1.689972090537194216e+00
1.691875358531266471e+00
1.692126470892796108e+00
1.694003364495994646e+00
1.694239371530013916e+00
1.696090949137651238e+00
1.696312281518285614e+00
1.698139549424668493e+00
1.698346618594354540e+00
1.700150532904519451e+00
1.700343733493111742e+00
1.702125193745420706e+00
1.702304904947890218e+00
1.704064764943164834e+00
1.704231349602241430e+00
1.705970425714744554e+00
1.706124231207850395e+00
1.707843299485748867e+00
1.707984659554029783e+00
1.709684458836908894e+00
1.709813693317977723e+00
1.711494927691543877e+00
1.711612344001070207e+00
1.713275685671786119e+00
1.713381578865095456e+00
1.715027667044484394e+00
1.715122320866727890e+00
1.716751765593841350e+00
1.716835452523594707e+00
1.718448838235647536e+00
1.718521820140865408e+00
1.720119703818234314e+00
1.720182232953427981e+00
1.721765142131331361e+00
1.721817462312410285e+00
1.723385897853623172e+00
1.723428244249925800e+00
1.724982684538423960e+00
1.725015283409643718e+00
1.726556189687768139e+00
1.726579258419335794e+00
1.728107073117334025e+00
1.728120821309136357e+00
1.729635966490575161e+00
1.729640596480096493e+00
1.731143477418491949e+00
1.731139184119557806e+00
1.732630189441002333e+00
1.732617161041831499e+00
1.734096661954743990e+00
1.734075080456971119e+00
1.735543430413135857e+00
1.735513471849625899e+00
1.736971008276240180e+00
1.736932843141463678e+00
1.738379888267924445e+00
1.738333681332368874e+00
1.739770545871226926e+00
1.739716456150052215e+00
1.741143439172601948e+00
1.741081620562973109e+00
1.742499010945193438e+00
1.742429611957287516e+00
1.743837687567015848e+00
1.743760851759583730e+00
1.745159880808897279e+00
1.745075746906839420e+00
1.746465987009288234e+00
1.746374689594423213e+00
1.747756389548269063e+00
1.747658058619697252e+00
1.749031458275143169e+00
1.748926219747969357e+00
1.750291550270367757e+00
1.750179526128428309e+00
1.751537009568554737e+00
1.751418318377894412e+00
1.752768167187677140e+00
1.752642924101135202e+00
1.753985343473152936e+00
1.753853659958978239e+00
1.755188848307641436e+00
1.755050832378698411e+00
1.756378980955004332e+00
1.756234737511614519e+00
1.757556031416336317e+00
1.757405662205806740e+00
1.758720280469407982e+00
1.758563884091173701e+00
1.759871999349220006e+00
1.759709671598564951e+00
1.761011450618595875e+00
1.760843284644799889e+00
1.762138888632849731e+00
1.761964975078920359e+00
1.763254559199561644e+00
1.763074986055973348e+00
1.764358700601734053e+00
1.764173553321230825e+00
1.765451544061764189e+00
1.765260905791518287e+00
1.766533313630683555e+00
1.766337265375033327e+00
1.767604227837175523e+00
1.767402848021714545e+00
1.768664498204876923e+00
1.768457863221117865e+00
1.769714328038855866e+00
1.769502512768230451e+00
1.770753913964875137e+00
1.770536991377989144e+00
1.771783447226428443e+00
1.771561488540163598e+00
1.772803113071133030e+00
1.772576187834265182e+00
1.773813090766187095e+00
1.773581266947819479e+00
1.774813554971357066e+00
1.774576898793058133e+00
1.775804675563627200e+00
1.775563251579909574e+00
1.776786617194852980e+00
1.776540488576816346e+00
1.777759540701798313e+00
1.777508768853578447e+00
1.778723602577605645e+00
1.778468247345191822e+00
1.779678953549128861e+00
1.779419073829662468e+00
1.780625740860346751e+00
1.780361394007256237e+00
1.781564108088116161e+00
1.781295350086153251e+00
1.782494195964098083e+00
1.782221081151967201e+00
1.783416141952390621e+00
1.783138723237329470e+00
1.784330079889253851e+00
1.784048409053026418e+00
1.785236139321669357e+00
1.784950267416758773e+00
1.786134446722886793e+00
1.785844423583182738e+00
1.787025125508810097e+00
1.786730999782581764e+00
1.787908295133648240e+00
1.787610114667741446e+00
1.788784071139614573e+00
1.788481883151233465e+00
1.789652566522929700e+00
1.789346417302325243e+00
1.790513891569040172e+00
1.790203826453930391e+00
1.791368154812183811e+00
1.791054217940652782e+00
1.792215463015099264e+00
1.791897697301001680e+00
1.793055919718325120e+00
1.792734367371210169e+00
1.793889626532124915e+00
1.793564328736368507e+00
1.794716682312020639e+00
1.794387679658941526e+00
1.795537183904910572e+00
1.795204516181270193e+00
1.796351225197378998e+00
1.796014931592811781e+00
1.797158897672588962e+00
1.796819016736326935e+00
1.797960290723379151e+00
1.797616860315834231e+00
1.798755492375393450e+00
1.798408549389003852e+00
1.799544588431882586e+00
1.799194169121094644e+00
1.800327662809966700e+00
1.799973802874826001e+00
1.801104798348076352e+00
1.800747532596241651e+00
1.801876076168422935e+00
1.801515438650174605e+00
1.802641575359877679e+00
1.802277599602434277e+00
1.803401373037265332e+00
1.803034092243899877e+00
1.804155545560120366e+00
1.803784992089776829e+00
1.804904167645597912e+00
1.804530373209532357e+00
1.805647312165671980e+00
1.805270308044362615e+00
1.806385049947917709e+00
1.806004867132305458e+00
1.807117450482137455e+00
1.806734119492674040e+00
1.807844581777094728e+00
1.807458132745376256e+00
1.808566510846851827e+00
1.808176973221992112e+00
1.809283302952509720e+00
1.808890705790767273e+00
1.809995021590166342e+00
1.809599393788190902e+00
1.810701729669027982e+00
1.810303099504192881e+00
1.811403488835882314e+00
1.811001884096410608e+00
1.812100359629576385e+00
1.811695807592729857e+00
1.812792401053206159e+00
1.812384928743395074e+00
1.813479671303092289e+00
