2.546079667386974554e-01
2.545630546377604109e-01
2.544928056392858906e-01
2.544573745651120822e-01
2.544497470496463465e-01
2.545934190633353245e-01
2.544189541655808018e-01
2.544335391141717140e-01
2.543502407644806507e-01
2.543505516566424429e-01
2.544627234632184654e-01
2.543797773584295929e-01
2.543405593847108959e-01
2.542812635557791245e-01
2.542711982085497646e-01
2.543196463407890739e-01
2.542864042782758682e-01
2.542715479914953725e-01
2.542553290420005996e-01
2.542459725472610566e-01
2.542864596733986349e-01
2.542596210877474672e-01
2.542371371652451528e-01
2.542199809949507450e-01
2.542099167466118081e-01
2.541822566488556312e-01
2.541643779185934759e-01
2.541216495274136733e-01
2.540888336843060147e-01
2.540701510714471478e-01
2.540797067318201208e-01
2.540114790927187061e-01
2.539906050809815352e-01
2.539777230448947432e-01
2.539647886093960860e-01
2.539625659014617121e-01
2.539497019672573019e-01
2.539304849087318794e-01
2.539206630041002666e-01
2.539062092435319662e-01
2.539061743301042617e-01
2.538920184737207819e-01
2.538794233513088083e-01
2.538711716728029311e-01
2.538599901795257630e-01
2.538487353168524252e-01
2.538377006100002165e-01
2.538234963741860528e-01
2.538132829387275136e-01
2.537841485873297276e-01
2.537951920683561013e-01
2.537841228176360708e-01
2.537701561528004079e-01
2.537646145045370227e-01
2.537585156596884883e-01
2.537546446800622579e-01
2.537527989978394238e-01
2.537500822814151014e-01
2.537462748263913936e-01
2.537442176511008896e-01
2.537423705829070508e-01
2.537409514272453981e-01
2.537389504605095381e-01
2.537376201674185205e-01
2.537354424395325547e-01
2.537310319595580399e-01
2.537280305790541868e-01
2.537270327138253512e-01
2.537254429963878843e-01
2.537228433271314643e-01
2.537211306615251849e-01
2.537192875157175953e-01
2.537178675877958534e-01
2.537167675604206640e-01
2.537156645531629673e-01
2.537150261961689801e-01
2.537140028346780984e-01
2.537136890070047501e-01
2.537112974552465650e-01
2.537105897531452547e-01
2.537094627954928905e-01
2.537088981525906228e-01
2.537082033474951093e-01
2.537079355155428817e-01
2.537078603193479998e-01
2.537075956998061099e-01
2.537075395918605425e-01
2.537073883785313511e-01
2.537073500572029627e-01
2.537067385010032816e-01
2.537067632644023352e-01
2.537053312203010891e-01
2.537043306538920295e-01
2.537040827271744847e-01
2.537037307595041424e-01
2.537035326638443222e-01
2.537032648940720225e-01
2.537030974612748402e-01
2.537017394085439581e-01
2.537013178541269731e-01
2.535642450072654874e-01
2.535078829568851444e-01
2.534487556037736677e-01
2.534103663715988053e-01
2.533800258342130407e-01
2.533489013994060235e-01
2.533140507149672649e-01
2.532914321994361173e-01
2.532706597688904049e-01
2.532484348640755001e-01
2.532383949199660811e-01
2.532266432675290280e-01
2.532194342895448536e-01
2.532111011208392215e-01
2.531987297948728455e-01
2.531853275524927893e-01
2.531796128464456896e-01
2.531708292123793225e-01
2.531675580346481880e-01
2.531629288116439835e-01
2.531582711948720532e-01
2.531524098998729766e-01
2.531497712475055395e-01
2.531435987128015652e-01
2.531404107875633858e-01
2.531348452275211658e-01
2.531313043915334737e-01
2.531279402657438116e-01
2.531240697097815739e-01
2.531225450814368338e-01
2.531160924139671531e-01
2.531145004761607975e-01
2.531101148509974919e-01
2.531085986469914784e-01
2.531051308943860212e-01
2.531039366332475393e-01
2.531007723253713149e-01
2.531006669554499156e-01
2.530984372518405023e-01
2.530979491095466383e-01
2.530929566805493747e-01
2.530904674303589563e-01
2.530876903731831273e-01
2.530842333816496481e-01
2.530823179534494316e-01
2.530795358682580432e-01
2.530778965265502722e-01
2.530766416851027434e-01
2.530727398003566053e-01
2.530713444138996127e-01
2.530703152488494312e-01
2.530696286241455595e-01
2.530689283306120640e-01
2.530673251707918348e-01
2.530670380693514354e-01
2.530665123956087337e-01
2.530659314466629506e-01
2.530654092118996834e-01
2.530645195466620367e-01
2.530638053761197215e-01
2.530629487419784329e-01
2.530620810355544426e-01
2.530616889093371125e-01
2.530610715692485635e-01
2.530605521355179799e-01
2.530599897018131483e-01
2.530589981831709578e-01
2.530560741499380817e-01
2.530551448486628163e-01
2.530543412384925195e-01
2.530518163775531959e-01
2.530510313768573605e-01
2.530486194915856357e-01
2.530478698925535674e-01
2.530469075254501155e-01
2.530463761580211135e-01
2.530458769410235953e-01
2.530455610260233246e-01
2.530448517706940792e-01
2.530446405564451551e-01
2.530439375302567240e-01
2.530435688070968858e-01
2.530430349468143492e-01
2.530428863461353095e-01
2.530425027114732162e-01
2.530422986562287369e-01
2.530418217268370351e-01
2.530414914058028986e-01
2.530412890785211921e-01
2.530410239389247473e-01
2.530408832710420164e-01
2.530403397672808530e-01
2.530399788826721563e-01
2.530388250423644680e-01
2.530384736470532858e-01
2.530379048434737710e-01
2.530376034314341660e-01
2.530370648634854835e-01
2.530368342556306160e-01
2.530365336724168523e-01
2.530314329430566334e-01
2.530151114639203613e-01
2.530058811279180531e-01
2.529957653748569624e-01
2.529898774777634141e-01
2.529842536772541894e-01
2.529762233522690473e-01
2.529714844060604317e-01
2.529645807860658735e-01
2.529589866191419012e-01
2.529555914159363206e-01
2.529481233885433888e-01
2.529452456983826703e-01
2.529386609213256643e-01
2.529360108973312538e-01
2.529328516305800467e-01
2.529273349984443864e-01
2.529253428741302656e-01
2.529200547647230679e-01
2.529176656486744612e-01
2.529135294057097694e-01
2.529109811180419998e-01
2.529096179589914173e-01
2.529064063234380266e-01
2.529040971425930429e-01
2.529017117464484876e-01
2.528982774731107774e-01
2.528954865189954604e-01
2.528892031127931150e-01
2.528882156770309586e-01
2.528862897414921873e-01
2.528835656665993081e-01
2.528809358686478492e-01
2.528784230605915506e-01
2.528757753863940527e-01
2.528748518137907131e-01
2.528701541665356878e-01
2.528688291422588330e-01
2.528632888064362150e-01
2.528617861508675735e-01
2.528614766595718155e-01
2.528582954903463853e-01
2.528571503643990970e-01
2.528545947603138000e-01
2.528530830861257517e-01
2.528532435002598944e-01
2.528501738971411505e-01
2.528493743808616356e-01
2.528476598784513696e-01
2.528466930214264830e-01
2.528458218228897270e-01
2.528445424111527839e-01
2.528435381814298499e-01
2.528424366616882080e-01
2.528410278110456155e-01
2.528398914462904878e-01
2.528384872406057582e-01
2.528368508295262274e-01
2.528354974040803449e-01
2.528344490584242821e-01
2.528332514597502190e-01
2.528315282495751659e-01
2.528305080513625902e-01
2.528291851913918031e-01
2.528278988027617968e-01
2.528267886495009775e-01
2.528250909369236243e-01
2.528236300724723828e-01
2.528228299081571873e-01
2.528210253674721963e-01
2.528198792713184373e-01
2.528191684896459179e-01
2.528180062543062268e-01
2.528173649604391060e-01
2.528161265469054397e-01
2.528149397423004596e-01
2.528137342373592555e-01
2.528131034094282525e-01
2.528115690030826590e-01
2.528109887753929308e-01
2.528094732287544111e-01
2.528088956089905581e-01
2.528070339616780293e-01
2.528063009101450542e-01
2.528041080232127924e-01
2.528035050829010588e-01
2.528023250170713387e-01
2.528017528589786567e-01
2.528007068582945882e-01
2.528001502495401676e-01
2.527991527325089693e-01
2.527985280647930821e-01
2.527974822723014214e-01
2.527970237067824200e-01
2.527957118579921003e-01
2.527951819854425963e-01
2.527940932878724456e-01
2.527932416808675864e-01
2.527923950700004530e-01
2.527917147748846571e-01
2.527907553591083878e-01
2.527858836322035008e-01
2.527852077662596231e-01
2.527819864809260353e-01
2.527804847940305355e-01
2.527762904664311860e-01
2.527723134782638992e-01
2.527690750385324092e-01
2.527656920797343720e-01
2.527634116532407882e-01
2.527616397745957033e-01
2.527564772845946606e-01
2.527551781595172020e-01
2.527528254952940978e-01
2.527512219411021110e-01
2.527508848013708675e-01
2.527461030749128534e-01
2.527442340564812207e-01
2.527404655727399918e-01
2.527385847737060875e-01
2.527391633403289206e-01
2.527350261813527954e-01
2.527345548367938011e-01
2.527305671861917458e-01
2.527300564874722655e-01
2.527303956443722188e-01
2.527269606325356910e-01
2.527258851442213405e-01
2.527242410125665750e-01
2.527233763657829591e-01
2.527240517956793608e-01
2.527217823116114648e-01
2.527214844246097325e-01
2.527172129734392425e-01
2.527168503486647011e-01
2.527171257576183439e-01
2.527151971821530729e-01
2.527139963950995050e-01
2.527109881336435659e-01
2.527099546700865562e-01
2.527093462833400195e-01
2.527063896208008864e-01
2.527057064826671584e-01
2.527037156282473940e-01
2.527024147030418888e-01
2.527021478286037293e-01
2.527004063184497551e-01
2.526992273556941115e-01
2.526979597249740528e-01
2.526965697775410691e-01
2.526957474776822532e-01
2.526942017810354102e-01
2.526937657928086112e-01
2.526922469830146789e-01
2.526913646152132986e-01
2.526900798124568359e-01
2.526894384929158632e-01
2.526881367645739673e-01
2.526873724448243652e-01
2.526853000694337381e-01
2.526847732689816994e-01
2.526832460569051753e-01
2.526825641511302734e-01
2.526810763661342940e-01
2.526801883678871374e-01
2.526789385504912833e-01
2.526781387547210600e-01
2.526771670087420985e-01
2.526760270420175813e-01
2.526752795142971908e-01
2.526738944571855772e-01
2.526730416388916489e-01
2.526712795253119870e-01
2.526703664379086889e-01
2.526699091740957637e-01
2.526687960713909220e-01
2.526675544990260591e-01
2.526666474034096055e-01
2.526652694440794655e-01
2.526643863099672926e-01
2.526631348430472546e-01
2.526621335702764481e-01
2.526613691392217698e-01
2.526600522504733326e-01
2.526592710854197454e-01
2.526582037024842631e-01
2.526574732250931876e-01
2.526567034722976834e-01
2.526562296348583980e-01
2.526552471206927608e-01
2.526546232536100445e-01
2.526538877468082478e-01
2.526532798077195108e-01
2.526521573397629838e-01
2.526516339383362286e-01
2.526502407663361316e-01
2.526498809273133306e-01
2.526483557774455990e-01
2.526477694064779289e-01
2.526467688764073571e-01
2.526473985771204855e-01
2.526464126739182969e-01
2.526442969824528317e-01
2.526425375959193143e-01
2.526411142813311250e-01
2.526404910863620512e-01
2.526384052795275781e-01
2.526374247056895617e-01
2.526360269286565541e-01
2.526343043394919108e-01
2.526340842399475983e-01
2.526323034298897374e-01
2.526314786663701462e-01
2.526297823359641703e-01
2.526290226630951152e-01
2.526284052780176093e-01
2.526267275683908298e-01
2.526260703335396207e-01
2.526245508397850781e-01
2.526233892207184750e-01
2.526232191329690902e-01
2.526208795051829159e-01
2.526204819610423091e-01
2.526185603587178252e-01
2.526181931131161185e-01
2.526172946805346209e-01
2.526164357761219170e-01
2.526155341583927183e-01
2.526148544955587050e-01
2.526140027362123175e-01
2.526134563702834290e-01
2.526116272481124803e-01
2.526112887676895680e-01
2.526103554235319404e-01
2.526099501110953827e-01
2.526096854031213423e-01
2.526082508984499597e-01
2.526078386465316905e-01
2.526073101730085257e-01
2.526063412753328796e-01
2.526056621773041244e-01
2.526049960106900860e-01
2.526043581060122833e-01
2.526037543985093503e-01
2.526032713543548969e-01
2.526026383949230292e-01
2.526014810695605961e-01
2.526009456086535376e-01
2.525996928437881928e-01
2.525992898254926233e-01
2.525990041783147122e-01
2.525982412925086851e-01
2.525979731503394943e-01
2.525967294637849747e-01
2.525964916859715914e-01
2.525959203974053602e-01
2.525952668613952179e-01
2.525946300889001517e-01
2.525940929942106505e-01
2.525935004309362575e-01
2.525928633672590573e-01
2.525925590191923087e-01
2.525918251965220129e-01
2.525916450181359685e-01
2.525912122509744173e-01
2.525896770343835640e-01
2.525893420274440415e-01
2.525884537447135592e-01
2.525879854367848454e-01
2.525874645152998976e-01
2.525871139878999583e-01
2.525866856151990913e-01
2.525861767786575784e-01
2.525857530594283196e-01
2.525853353022512460e-01
2.525848547408109379e-01
2.525845547249666589e-01
2.525841267086010311e-01
2.525832407288916004e-01
2.525829890276203860e-01
2.525825750981690598e-01
2.525820883250770033e-01
2.525817130118008791e-01
2.525813178616129195e-01
2.525807676737188423e-01
2.525803699141148106e-01
2.525799143216591047e-01
2.525794765204669723e-01
2.525790580551529052e-01
2.525787070561586467e-01
2.525782857580677887e-01
2.525780222781980333e-01
2.525775196517327514e-01
2.525770895382333792e-01
2.525766871308030015e-01
2.525764127466545994e-01
2.525758694588596809e-01
2.525756068662681764e-01
2.525748712083225045e-01
2.525745923499769230e-01
