2.383996196720506999e-01
2.351898146126543132e-01
2.332226000422990830e-01
2.324120060925303766e-01
2.316176881307051849e-01
2.317316447055854933e-01
2.301546832646154117e-01
2.297303299032120438e-01
2.292590720671861260e-01
2.289949098725457821e-01
2.298744746049445897e-01
2.296942526636007176e-01
2.297202941342542104e-01
2.297621964715844678e-01
2.295824177042693481e-01
2.301916806697176521e-01
2.303047050631381876e-01
2.299939020983529647e-01
2.298965179080983690e-01
2.297488401921347900e-01
2.304984276885155559e-01
2.305768906696685494e-01
2.301663675746962456e-01
2.305183654878876498e-01
2.302384176470032018e-01
2.309419662653550420e-01
2.310019638914917461e-01
2.306062520725440379e-01
2.307743591553190199e-01
2.304994650505818032e-01
2.320147217268659634e-01
2.325731288182830425e-01
2.321847500956099875e-01
2.323741934821598742e-01
2.317357617278985593e-01
2.333238877237483189e-01
2.333878085522420598e-01
2.336004401419810861e-01
2.333083797040719776e-01
2.332660817115794760e-01
2.344707991403477965e-01
2.342611519516460683e-01
2.341795190716439434e-01
2.342233879087424198e-01
2.338316989480642982e-01
2.346004049438127070e-01
2.342366128327338648e-01
2.336206377050578931e-01
2.340413391802287357e-01
2.336195126010638112e-01
2.348472474867231152e-01
2.348746232437762260e-01
2.356505830919387035e-01
2.351469274458464209e-01
2.348382010767169625e-01
2.349200929268908666e-01
2.356743732060467833e-01
2.352650230695269018e-01
2.355098040825626127e-01
2.354295299300118161e-01
2.355423392322165133e-01
2.356283676897119872e-01
2.356442793833630478e-01
2.358122691293576267e-01
2.361277549208924131e-01
2.357245574732391991e-01
2.360618749963976082e-01
2.359846269815416286e-01
2.363191839674285977e-01
2.362869153830850777e-01
2.363169357714253738e-01
2.362193176573715026e-01
2.360520399313099649e-01
2.359777777993450620e-01
2.357332723254289830e-01
2.360238978868664239e-01
2.355680663949566711e-01
2.356611443942875361e-01
2.354689526557397772e-01
2.353734285601895571e-01
2.353276402333635831e-01
2.353526024828860030e-01
2.351602626140043562e-01
2.351363836783292860e-01
2.351362488464913691e-01
2.350835124381898122e-01
2.350475918978696122e-01
2.350425320576120247e-01
2.350259512049709953e-01
2.350378142345916910e-01
2.350339906150716307e-01
2.350395703488449284e-01
2.350428126050114475e-01
2.350282941265335601e-01
2.350335897538704255e-01
2.350382338111792757e-01
2.350387279810814134e-01
2.350239214165157631e-01
2.350341011083883214e-01
2.350491782215193559e-01
2.347344365554944190e-01
2.365385268311903655e-01
2.382948041697060537e-01
2.390746756994868161e-01
2.381174080736879195e-01
2.378976464492325860e-01
2.385759652200843128e-01
2.381706779521973183e-01
2.383783637608315742e-01
2.372861628717816140e-01
2.367699761122502577e-01
2.353630645100748264e-01
2.353860321854109039e-01
2.348466322000004047e-01
2.348495164766750409e-01
2.343703278384896838e-01
2.343742177015114558e-01
2.339147821654919968e-01
2.338240944821420308e-01
2.333691476035190671e-01
2.328072533100692121e-01
2.327130587926699856e-01
2.323725513084471117e-01
2.324991042318645396e-01
2.322289335241103925e-01
2.320638097283334589e-01
2.317780321394180276e-01
2.318475160331559537e-01
2.317753236914774917e-01
2.318655646204516030e-01
2.321510436749762429e-01
2.326707224257843487e-01
2.327297847742529624e-01
2.326674709184938517e-01
2.328460280622431655e-01
2.324842024680391639e-01
2.325926234759934375e-01
2.324432690620396036e-01
2.325673457870605088e-01
2.324811296939507110e-01
2.324253909186869138e-01
2.324541937832163563e-01
2.322641017519584405e-01
2.323704914856839499e-01
2.322782642665756625e-01
2.327173178815511168e-01
2.326333371819685469e-01
2.326221133697819465e-01
2.326552338174512069e-01
2.326543338461504185e-01
2.325178719023854312e-01
2.323144584441958760e-01
2.324297423497136139e-01
2.322209855394815059e-01
2.322545572682922776e-01
2.322517682457137800e-01
2.322391426608509390e-01
2.322393096170630999e-01
2.322416244556527731e-01
2.322405316877112491e-01
2.322393520097485731e-01
2.322393377793792735e-01
2.322395283455468973e-01
2.322382877553526292e-01
2.322372251642103591e-01
2.322359542060801474e-01
2.322379564141686947e-01
2.322375319306675956e-01
2.322387114079263459e-01
2.322400976123825955e-01
2.322405922781367316e-01
2.322387832363167204e-01
2.322390495122548804e-01
2.322400254906083761e-01
2.322401888829699335e-01
2.322397704982372690e-01
2.322393579700839372e-01
2.322404865147449093e-01
2.322416073678053861e-01
2.322404286109491511e-01
2.322418174207001029e-01
2.322396835610761323e-01
2.322383565845931586e-01
2.322390249592657940e-01
2.322414468049255609e-01
2.322403307412465034e-01
2.322416696404206171e-01
2.322409494841419508e-01
2.322409454777686899e-01
2.322413588078626745e-01
2.322410048563389451e-01
2.322417484837502877e-01
2.322418984930261776e-01
2.322419958830779230e-01
2.322411947821729494e-01
2.322442673489998055e-01
2.322407672452526661e-01
2.322408819198737151e-01
2.322400756369739638e-01
2.322434536056075804e-01
2.304668996946669934e-01
2.313499498860744075e-01
2.322160553704350205e-01
2.318344421504897335e-01
2.319331249810410722e-01
2.326223954166524166e-01
2.322675759393429407e-01
2.324074852991049323e-01
2.321529610581188063e-01
2.323251925833732245e-01
2.323919700329479532e-01
2.323554598913719627e-01
2.323549449913369924e-01
2.325007357747641001e-01
2.325157465793806499e-01
2.328740171775333379e-01
2.329502255855665227e-01
2.330325755142710065e-01
2.331275548218808558e-01
2.331926115409395373e-01
2.337181067819688596e-01
2.335322190961149069e-01
2.337345353513894386e-01
2.336876528540883791e-01
2.337984075494274061e-01
2.340246534984652682e-01
2.339921995910978214e-01
2.340309220001787760e-01
2.340138417478754285e-01
2.340504852512089728e-01
2.343386951239676830e-01
2.342783929626248429e-01
2.342315967793142661e-01
2.342722462934018479e-01
2.342088563361232612e-01
2.343358606431640290e-01
2.343567771335626770e-01
2.343322947518460542e-01
2.343465139004106967e-01
2.343338178759914181e-01
2.344114926455741765e-01
2.343948389076527805e-01
2.344209697326939679e-01
2.344140400823810644e-01
2.344130400625716593e-01
2.344288987029079230e-01
2.344684312542481830e-01
2.344647563780281607e-01
2.344618175798803550e-01
2.344618260684562805e-01
2.345266491356126637e-01
2.345311746803650788e-01
2.345359805675188980e-01
2.345326952028503609e-01
2.345343031544766532e-01
2.345369384232697252e-01
2.345319807701975179e-01
2.345328465314338862e-01
2.345367964726174925e-01
2.345347694125320404e-01
2.345323035010767054e-01
2.345362000503841138e-01
2.345352639678466578e-01
2.345345340812915458e-01
2.345342377831253766e-01
2.345330151850480993e-01
2.345367310093715019e-01
2.345304936036984311e-01
2.345362809548910965e-01
2.345314994775601902e-01
2.345318892480354189e-01
2.345334384096021685e-01
2.345353759848194386e-01
2.345305524250687335e-01
2.345358740172207024e-01
2.345300153200992610e-01
2.345353177992786364e-01
2.345343217917534306e-01
2.345300277439965331e-01
2.345350839349115701e-01
2.345316382484144979e-01
2.345322442913997385e-01
2.345366541554354256e-01
2.345351091398411025e-01
2.345307784871582535e-01
2.345348394177363960e-01
2.345305560221996322e-01
2.345354231119682054e-01
2.345343175022011339e-01
2.345295949709178818e-01
2.345343614129921650e-01
2.345298083972655323e-01
2.345348676021803414e-01
2.345295457690704244e-01
2.345337284512403753e-01
2.345310374949760579e-01
2.345338478586793951e-01
2.345302346060139376e-01
2.345341956320487475e-01
2.345284315009087683e-01
2.337943812767094287e-01
2.338621143224876298e-01
2.339479396482007090e-01
2.341300598089340601e-01
2.343027065252814289e-01
2.340717706949214660e-01
2.340343144864369673e-01
2.339123992915208561e-01
2.340900028454249993e-01
2.340429937558719808e-01
2.339261145104871153e-01
2.337648306194547443e-01
2.337605426310345735e-01
2.336203627302481933e-01
2.335751890746614878e-01
2.335755591401029174e-01
2.334932194271367722e-01
2.334498336427634213e-01
2.334067766224685869e-01
2.334121824673469070e-01
2.332492421227735646e-01
2.331429910072945477e-01
2.331123014242759139e-01
2.330813603094060438e-01
2.330277136194607024e-01
2.330380545457395869e-01
2.329901341776908497e-01
2.329965490271867778e-01
2.329597936908570921e-01
2.329825915277049242e-01
2.329759875539257896e-01
2.329934433105869396e-01
2.329865212642248107e-01
2.329849620663919929e-01
2.329848891491805296e-01
2.329799688954376502e-01
2.329844982179082036e-01
2.329827038628212166e-01
2.329824531104570384e-01
2.329844625138698666e-01
2.329798919436363303e-01
2.329797394844032865e-01
2.329741817873267895e-01
2.329770103177237206e-01
2.329719236228642854e-01
2.329823303590189965e-01
2.329769073302979943e-01
2.329775123149240290e-01
2.329759764725836402e-01
2.329761411655890402e-01
2.329866673337342986e-01
2.329855395267227958e-01
2.329873200301668945e-01
2.329848263649133555e-01
2.329906537504773667e-01
2.329892016885724837e-01
2.329914148353886272e-01
2.329907496236598152e-01
2.329922821733461380e-01
2.329903387295006734e-01
2.329925605449341686e-01
2.329897200567122573e-01
2.329914582492276787e-01
2.329938553677546875e-01
2.329894560089551536e-01
2.329936055690901009e-01
2.329898289712352411e-01
2.329946454199975092e-01
2.329935869841588680e-01
2.329901184854910878e-01
2.329958001846707816e-01
2.329894300140061270e-01
2.329941414627841600e-01
2.329910372807720287e-01
2.329952280797210062e-01
2.329917534913893418e-01
2.329936000367630322e-01
2.329915487357325232e-01
2.329938858310753869e-01
2.329912346946260426e-01
2.329954241014770555e-01
2.329897222852942151e-01
2.329944269379677357e-01
2.329912143699034988e-01
2.329949862805035521e-01
2.329918081273147090e-01
2.329951151248759456e-01
2.329925540283298846e-01
2.329956448951739367e-01
2.329920931246053650e-01
2.329951092434876248e-01
2.329913213991912091e-01
2.329943147637293099e-01
2.329919238742623466e-01
2.329956870013134562e-01
2.329909484387192309e-01
2.329957746780557670e-01
2.329937277537128260e-01
2.329940811222535602e-01
2.329943923661782490e-01
2.329335084392630262e-01
2.328119763419127242e-01
2.327091888595473612e-01
2.325594445597225779e-01
2.325054954528593676e-01
2.324007462370165922e-01
2.322161743195704786e-01
2.321674488686492621e-01
2.320705854905701915e-01
2.320360363726877151e-01
2.319941032779008483e-01
2.319122319200495608e-01
2.318904128353840854e-01
2.318722436703244127e-01
2.318592828137438222e-01
2.318682516860737231e-01
2.318801472324353852e-01
2.318364065689017539e-01
2.318393229624563512e-01
2.318084889728470599e-01
2.318624329781752424e-01
2.318598836496056359e-01
2.318585400479392933e-01
2.318577934615022595e-01
2.318607817860136588e-01
2.318450885553703378e-01
2.318814228360863150e-01
2.318773084043357358e-01
2.318795881130600034e-01
2.318768510308579778e-01
2.318990128492798841e-01
2.319077311534983865e-01
2.319045349286495417e-01
2.319062617235138068e-01
2.319054088014208537e-01
2.319375408461155086e-01
2.319359301464975209e-01
2.319468758016118293e-01
2.319099617644427569e-01
2.319138476284648975e-01
2.319234595607936322e-01
2.319292409884544659e-01
2.319265840953724511e-01
2.319123729370649034e-01
2.319239198488459441e-01
2.319400659162698941e-01
2.319435685201779729e-01
2.319421111911953715e-01
2.319408665979273976e-01
2.319423138441497056e-01
2.319584041464881063e-01
2.319634731055828514e-01
2.319616951664751903e-01
2.319629663812979303e-01
2.319623608719310337e-01
2.319633212801832656e-01
2.319631514356765845e-01
2.319626856053355890e-01
2.319623163678187217e-01
2.319620490753449837e-01
2.319634330379803655e-01
2.319629064984450040e-01
2.319630551803839591e-01
2.319626352176197559e-01
2.319630582607459246e-01
2.319629041768405397e-01
2.319631648448791661e-01
2.319623187692172461e-01
2.319629972624956959e-01
2.319625379356050066e-01
2.319630651122141229e-01
2.319628043821212182e-01
2.319629785643442244e-01
2.319634068659776893e-01
2.319629223705423626e-01
2.319622718246898418e-01
2.319628450534116926e-01
2.319623995606224509e-01
2.319629125309974615e-01
2.319625962741225234e-01
2.319632175064067492e-01
2.319627105966572123e-01
2.319624380296863575e-01
2.319622483408255165e-01
2.319632480588882661e-01
2.319622624385232201e-01
2.319629409610041992e-01
2.319621638213180403e-01
2.319629300458023458e-01
2.319626203485571081e-01
2.319620344666272760e-01
2.319629835660078909e-01
2.319624156988065455e-01
2.319624294520913899e-01
2.319628902585920138e-01
2.319621310282452831e-01
2.319635455592034545e-01
2.319624259995271276e-01
2.319633884667061108e-01
2.319628413020940194e-01
