4.931295055552409878e-01
4.935131256457827020e-01
4.922558592229245300e-01
4.917078997568326559e-01
4.913611347456613987e-01
4.912389178298576797e-01
4.900134556915736739e-01
4.898212874070668743e-01
4.890039441797928710e-01
4.890149399112850293e-01
4.890952945644219674e-01
4.888873756302657414e-01
4.887708795559232433e-01
4.886745275929883503e-01
4.885716238366641928e-01
4.894724967481377531e-01
4.892159532702176072e-01
4.891575793043211329e-01
4.890602294310875120e-01
4.891133416925552702e-01
4.892986526836002881e-01
4.893996268815997697e-01
4.892364284210549141e-01
4.892035344395476715e-01
4.891281622815288332e-01
4.893037906586498176e-01
4.891755343107209719e-01
4.890923096859474128e-01
4.889087092512940380e-01
4.889265233858764992e-01
4.894846104129500497e-01
4.891953322716281471e-01
4.893912634057400735e-01
4.890123365303035152e-01
4.891502574553597271e-01
4.897492235300544561e-01
4.900279944395342646e-01
4.900292927829028589e-01
4.901276854413853523e-01
4.903699417111000991e-01
4.911043139874966545e-01
4.914469496305512997e-01
4.917545756951817726e-01
4.926404055613640698e-01
4.923526447338470446e-01
4.930109593642746368e-01
4.927336980419757539e-01
4.933554830322766094e-01
4.932753666280539906e-01
4.937848603199320174e-01
4.941216366914584213e-01
4.958081433635945778e-01
4.954617524441088383e-01
4.963091911839853654e-01
4.973295459933925744e-01
4.974205770240163749e-01
4.986146499812474930e-01
4.981485750097676135e-01
4.991546889132774112e-01
4.988057148392870954e-01
5.001344207641770234e-01
4.992459836549210661e-01
4.998020376453470304e-01
4.999829301736685161e-01
5.004000320562305149e-01
5.005442349510413891e-01
5.009739674672604171e-01
5.014879629142511286e-01
5.024446476542009377e-01
5.026310707628905972e-01
5.034025838214819526e-01
5.033391951285572929e-01
5.033348446743164395e-01
5.033798582704542834e-01
5.035208496436498482e-01
5.040331245111893121e-01
5.046517239896065599e-01
5.046903992542773887e-01
5.059046682085882596e-01
5.063389197059222635e-01
5.073166425934034773e-01
5.070947282555865465e-01
5.082298396626686587e-01
5.078983505391213571e-01
5.092919928001120589e-01
5.090988317208180458e-01
5.094732535607207069e-01
5.102979631342319244e-01
5.127763254782307101e-01
5.131262064695517600e-01
5.147633376082653145e-01
5.145662430369468687e-01
5.160344292660623555e-01
5.161163887544133466e-01
5.180357351187035997e-01
5.177916103346806853e-01
5.197788871809045919e-01
5.200549355238544003e-01
5.214729101039986547e-01
5.211048018599833132e-01
5.209255965449748338e-01
5.314617540926271921e-01
5.260424696789185450e-01
5.293275190499163729e-01
5.288809274638232027e-01
5.350757833674408825e-01
5.375999803577400371e-01
5.386136812793529405e-01
5.378076310326680431e-01
5.390689596139359718e-01
5.431194725040950910e-01
5.449570431075060339e-01
5.457410225300305395e-01
5.471072292022464145e-01
5.475236986568532416e-01
5.489438211004900037e-01
5.500085539754024921e-01
5.505238636702979305e-01
5.513593152728214486e-01
5.513912208590110442e-01
5.528726420453918822e-01
5.532909099117222507e-01
5.548745093130910133e-01
5.555826165307257147e-01
5.568439305983337029e-01
5.571556630943601540e-01
5.588596452583151075e-01
5.589982484082600678e-01
5.599260454748662408e-01
5.604375770165522797e-01
5.613177881016034876e-01
5.618151293443267580e-01
5.635003104193050394e-01
5.639249835191429971e-01
5.653198606901426171e-01
5.647893527142834325e-01
5.664072269044312380e-01
5.658581600870946637e-01
5.670454633547480361e-01
5.670005448173009999e-01
5.677574418947762824e-01
5.674121692977799336e-01
5.687113925285636196e-01
5.688136167861919112e-01
5.701633769729024248e-01
5.700150825353422768e-01
5.708166637835776491e-01
5.710238978791607467e-01
5.713281499814276687e-01
5.720445579989933416e-01
5.728683964087241121e-01
5.728961979262379156e-01
5.733022138065617668e-01
5.735924345527534385e-01
5.742036745322109947e-01
5.739945849417982249e-01
5.740157269048123956e-01
5.746710795246960934e-01
5.745375410154154316e-01
5.753150975916624388e-01
5.749965973657771290e-01
5.750585082319848995e-01
5.750537601090075501e-01
5.750157476692843161e-01
5.751174864812053089e-01
5.751886729662538666e-01
5.751899163691424066e-01
5.752022138570864751e-01
5.751973785301827125e-01
5.752006566793533837e-01
5.751790787909550895e-01
5.751723054311209671e-01
5.752052541116148277e-01
5.752009176233380261e-01
5.751996490566273490e-01
5.752150152100498071e-01
5.751986830195283673e-01
5.751994583529514982e-01
5.752004760176733233e-01
5.752113951250580337e-01
5.751935799121412618e-01
5.752352411589422010e-01
5.752282038192653157e-01
5.752121763409802080e-01
5.752231640408841384e-01
5.751963558090017470e-01
5.752399277189090832e-01
5.752068987282511481e-01
5.752256865702344291e-01
5.752528777860224096e-01
5.752274068279047414e-01
5.752365934630742084e-01
5.752151079954314072e-01
5.752359286235400049e-01
5.752093382172919211e-01
5.752253183918097923e-01
5.752260754314357794e-01
5.752265215860244973e-01
5.752413914142763263e-01
5.752109828974990569e-01
5.718302347307069322e-01
5.775525133793701915e-01
5.772488700034466014e-01
5.800424569644744288e-01
5.807219760027003685e-01
5.822060706034543065e-01
5.826647583204175307e-01
5.829785097133796112e-01
5.837803018459222226e-01
5.841461968140978511e-01
5.841818046574062118e-01
5.851725006701290477e-01
5.841193626576093312e-01
5.854160368015777216e-01
5.846070300116487095e-01
5.851963240347424211e-01
5.848849809563433366e-01
5.855716501199409452e-01
5.851903664051960607e-01
5.854344465326101199e-01
5.855699513626358987e-01
5.862875943253798017e-01
5.859102386801452456e-01
5.865279933216294150e-01
5.859028134013981592e-01
5.868935946740698739e-01
5.863761913495478817e-01
5.872003927739987139e-01
5.865189371754175873e-01
5.876506123671403348e-01
5.866345338623173422e-01
5.874621805384657725e-01
5.865958345734025858e-01
5.875195329469224959e-01
5.865517377211790784e-01
5.873165545594767334e-01
5.870148708543737603e-01
5.872311469078568269e-01
5.869550428778244067e-01
5.873185959234192843e-01
5.872368431124943555e-01
5.875634152229287643e-01
5.872790898009554450e-01
5.875776348359574852e-01
5.873394428639940879e-01
5.873467668837871747e-01
5.878294419901471946e-01
5.876940582484017073e-01
5.877778961244298772e-01
5.877453944303555611e-01
5.878037345567680427e-01
5.879583877581623375e-01
5.879615081832039181e-01
5.879263327886611323e-01
5.882456187745475074e-01
5.879323847053531393e-01
5.879227818632827285e-01
5.879333645996839275e-01
5.880005239360305280e-01
5.878572694105762553e-01
5.881831811521471831e-01
5.881057933069221422e-01
5.882289793799720945e-01
5.879661923587079508e-01
5.880652413419176217e-01
5.881007854320291495e-01
5.880861258297838123e-01
5.880696885499072657e-01
5.880819525132143788e-01
5.880825137222779331e-01
5.880824815846588116e-01
5.880804478403854896e-01
5.880775458927912647e-01
5.880724006469383314e-01
5.880710470615511110e-01
5.880711077648672624e-01
5.880697559385926754e-01
5.880700254350018641e-01
5.880683458138568076e-01
5.880701514891166770e-01
5.880650357467448464e-01
5.880661524890609115e-01
5.880667596795990937e-01
5.880704029658657683e-01
5.880639830227901710e-01
5.880676743344084301e-01
5.880621754566495163e-01
5.880618806841677593e-01
5.880609937224889894e-01
5.880641939070481161e-01
5.880592028228260881e-01
5.880777728765641532e-01
5.880636107381658206e-01
5.880575848889203483e-01
5.880578602177336522e-01
5.880580383349381934e-01
5.880585263149828990e-01
5.880435875943216262e-01
5.880452196536977150e-01
5.880505063832622836e-01
5.871578499727304612e-01
5.870996851375743786e-01
5.868729820298514976e-01
5.868133761222357192e-01
5.871806659198960388e-01
5.868803888786672251e-01
5.870867859007810052e-01
5.868177048699739773e-01
5.869794239173259376e-01
5.870928894349984883e-01
5.871209080495544130e-01
5.872200582706981198e-01
5.872805344834359786e-01
5.874246453161113823e-01
5.873916613697792721e-01
5.873930878075818152e-01
5.871847154937762658e-01
5.873558776350027433e-01
5.873723316735682820e-01
5.874090795293365197e-01
5.875014894486489947e-01
5.877680702260767998e-01
5.876607418917682013e-01
5.876338725208009039e-01
5.877485676222257149e-01
5.879322608054118326e-01
5.878150762409093399e-01
5.879584858442262751e-01
5.876687899488397537e-01
5.879462633468252042e-01
5.880793149817941101e-01
5.881335635953625074e-01
5.881031267970191490e-01
5.881192589684576255e-01
5.881319994389049288e-01
5.881364208650032843e-01
5.884519385823154813e-01
5.882833470501178663e-01
5.882483232089537051e-01
5.885468162271076942e-01
5.883743506407010937e-01
5.883988168445941636e-01
5.887142372140133917e-01
5.884316044731251472e-01
5.885686159351082303e-01
5.884208441343309337e-01
5.887358687140483715e-01
5.886450200722984638e-01
5.886440639152269449e-01
5.886501546336547763e-01
5.887073810497727155e-01
5.886682317612780269e-01
5.886775494433644784e-01
5.886748236047185667e-01
5.886802326032098964e-01
5.886801852955734216e-01
5.886689217421277043e-01
5.886724295530459949e-01
5.886625777591294462e-01
5.886634847481863053e-01
5.886725108238956006e-01
5.886646799461923152e-01
5.886817150005871913e-01
5.886620043275142544e-01
5.886674095282522501e-01
5.886825031805396069e-01
5.886711643863592469e-01
5.886660654547269944e-01
5.886750376284414221e-01
5.886566416695752091e-01
5.886684035684202065e-01
5.886682233493563121e-01
5.886710048724205224e-01
5.886682057835916915e-01
5.886714733345116413e-01
5.886714542327938782e-01
5.886714463578459622e-01
5.886716790357378049e-01
5.886716746205650219e-01
5.886716685543147420e-01
5.886707877834667091e-01
5.886642001107846855e-01
5.886764619619042627e-01
5.886680490630211704e-01
5.886734322830848853e-01
5.886692012031747856e-01
5.886702229386546747e-01
5.886702813017594682e-01
5.886703236686892105e-01
5.886719543848168978e-01
5.886696492084767529e-01
5.886730102016155541e-01
5.886688631168173202e-01
5.886695736949323354e-01
5.886701465244064124e-01
5.886717148138630451e-01
5.886656133728754847e-01
5.886693322702434283e-01
5.886739501001633235e-01
5.886668106613315299e-01
5.886985830506263895e-01
5.884951588779128162e-01
5.890657701109279776e-01
5.889121430543757807e-01
5.893558297966128290e-01
5.891353666548795331e-01
5.897098482981024681e-01
5.895676383127146369e-01
5.893578765171105793e-01
5.896001221583504481e-01
5.896126926993447981e-01
5.897071525233151812e-01
5.898850593017458399e-01
5.898477012669843811e-01
5.900439777426460530e-01
5.900195143504587403e-01
5.901386396372141352e-01
5.904474820107413757e-01
5.903152661250253841e-01
5.905907278722920539e-01
5.905231771755451442e-01
5.905071447115766148e-01
5.900982550445842412e-01
5.907499575286148108e-01
5.905159516277509457e-01
5.908572115221422116e-01
5.908447346442553538e-01
5.909309267154297940e-01
5.909305374911283382e-01
5.909715890833074914e-01
5.908808201108736169e-01
5.908777903504407458e-01
5.912430033848107280e-01
5.909906789936656413e-01
5.912485177842085049e-01
5.911012214746682591e-01
5.912416406946481295e-01
5.911089325036864572e-01
5.911343262527238851e-01
5.911309486613902653e-01
5.911305879157222609e-01
5.912015800346391847e-01
5.912203222812760783e-01
5.912238267365490518e-01
5.912145812787928945e-01
5.912137941519821638e-01
5.912162785813019905e-01
5.911916708052656899e-01
5.912099147664886534e-01
5.912106733194351094e-01
5.912093207700287456e-01
5.911986056874378725e-01
5.912064431195618308e-01
5.912024096731834932e-01
5.912039763026040173e-01
5.911993577566425628e-01
5.912116044605870702e-01
5.912022319940489767e-01
5.912074576845177676e-01
5.912002208697517691e-01
5.912013284571333571e-01
5.912059473486787065e-01
5.912024432308824462e-01
5.912085977065686393e-01
5.912018784800635585e-01
5.912023882410939457e-01
5.912034354565058880e-01
5.912056021203396794e-01
5.912059332960254432e-01
5.912048712964157460e-01
5.912024783654797888e-01
5.912034708812989869e-01
5.912034961800031185e-01
5.912057168441644528e-01
5.912045280636306632e-01
5.912045272446266875e-01
5.912045265171886888e-01
5.912045258721735363e-01
5.912045252911122262e-01
5.912050769899586111e-01
5.912018349624218461e-01
5.912099145054482419e-01
5.911996635556607815e-01
5.912058070376696728e-01
5.912037582561320281e-01
5.912067005089048921e-01
5.912027159339762195e-01
5.912064150381604044e-01
5.912002991905639382e-01
5.912105384303281141e-01
5.912035746259342028e-01
5.912057089929050324e-01
5.912034460000558100e-01
5.912048838837611342e-01
5.912051408120424512e-01
5.912074590177254230e-01
5.912014248896777513e-01
5.912049199238820218e-01
5.912052227606299226e-01
5.912053536061747661e-01
