6.395725177756418633e-02
9.762977721412080534e-02
5.245812169688209708e-02
1.738448833687341460e-02
1.387835629458253339e-02
9.826341050220969986e-02
9.708330963984347639e-02
9.665335216826287379e-02
6.153724672796170164e-02
7.694992870438249755e-02
4.192284210076949874e-02
3.164688684673368918e-02
2.505969306806391309e-02
1.908683881428339599e-02
1.995374371295416047e-02
1.537111951789213796e-02
1.917525858691731741e-02
1.805730263098290211e-02
1.804923111245829506e-02
1.811334081924648523e-02
1.809189000133704442e-02
1.814786829138342883e-02
1.812382814465323538e-02
1.817574507905340975e-02
1.815178313560178447e-02
