4.665717110091696651e-01
4.340939091352395973e-01
4.282639029266621100e-01
4.133856388546826577e-01
4.193042169999713353e-01
4.328966515907520241e-01
4.368500064233600266e-01
4.180260435947060760e-01
4.204681809929208813e-01
4.161393439805184391e-01
8.177367545823909234e-01
8.313497857004058522e-01
7.472997218110298823e-01
7.502323010228141298e-01
7.523584102433277243e-01
1.613514335734756111e+00
1.621672156827754785e+00
1.619652804778774602e+00
1.617872747212926399e+00
1.617507178895623010e+00
1.637526518645111118e+00
1.693602715369354472e+00
1.693270768832877193e+00
1.691232634589042272e+00
1.718901399993590706e+00
2.067789863782479198e+00
2.060757425754562000e+00
2.109107132966209441e+00
2.089374674431192513e+00
2.096737376884605375e+00
2.354841133084712546e+00
2.271593683413899001e+00
2.279495587303558057e+00
2.280524963655250925e+00
2.275824689557063074e+00
2.389164580050612052e+00
2.382719573137241920e+00
2.381405006200610242e+00
2.367727090975674908e+00
2.363167722069939636e+00
2.390146813333517972e+00
2.370563265753847126e+00
2.371958531602506692e+00
2.386000334253280286e+00
2.369084839962958267e+00
2.362670260336727335e+00
2.392995566504824811e+00
2.388415145224250580e+00
2.333672869157416674e+00
2.333165920343203581e+00
2.259849763637312048e+00
2.274279106727775446e+00
2.283228946005824600e+00
2.216109102882759085e+00
2.226783382647735454e+00
2.130580740822062058e+00
2.135838263979154661e+00
1.399224429848513696e+00
1.409792345672549629e+00
1.421534511257614319e+00
1.427713108199985870e+00
1.432596184064725442e+00
1.433183201970664067e+00
1.434358200163481811e+00
1.439154462932382694e+00
1.442117308490502348e+00
1.444531940737537656e+00
1.563384964167007674e+00
1.564558897523558256e+00
1.563543042038394448e+00
1.562939073780537091e+00
1.561493427568170222e+00
1.564087801232650010e+00
1.565667831003647592e+00
1.563017055368436159e+00
1.565022428611684502e+00
1.566056294536365190e+00
1.566046658586192519e+00
1.566800085484248761e+00
1.565779000427821144e+00
1.567445568442515702e+00
1.566137599005229974e+00
1.567415010914629869e+00
1.752248320517846292e+00
1.746391738996012633e+00
1.735499620401120602e+00
1.730682336517712638e+00
1.729673099190566887e+00
1.730049715410142852e+00
1.681067983022825674e+00
1.685590157525395760e+00
1.688907251030770995e+00
1.690865946331166381e+00
1.694768846990636124e+00
1.696492913832235327e+00
1.698441288770108581e+00
1.697015537076234759e+00
1.699041693635556793e+00
1.699995457997821369e+00
1.698171813884967740e+00
1.373395443160358109e+00
1.335980007389573787e+00
1.337473321205324250e+00
1.336925354206705885e+00
1.334375690741684162e+00
1.332831417627735604e+00
1.331572101355887883e+00
1.330333279327821527e+00
1.331844073596563538e+00
1.327399348387643174e+00
1.326387634825167527e+00
1.326115734958261516e+00
1.325798479011967679e+00
1.325497486440401884e+00
1.319313535488711109e+00
1.320144409804007379e+00
1.319707399784130208e+00
1.318530059536731969e+00
1.319516854263928174e+00
1.318686113156590789e+00
1.318406245442209412e+00
1.317147239918355250e+00
1.318150927520048921e+00
1.314823789621766048e+00
1.314775009569969955e+00
1.314610105370333848e+00
1.312184905806537127e+00
1.309240956147387447e+00
1.311191465608377404e+00
1.309521967720878255e+00
1.309103354347689541e+00
1.308571300434563600e+00
1.003801819300823350e+00
1.000228545950696546e+00
1.001123199987246526e+00
9.996955724277788446e-01
1.000114921852921279e+00
9.980063042739543144e-01
9.990080095511334468e-01
9.959548011339958151e-01
9.966654268383745574e-01
9.950800655387520566e-01
9.955417391316865316e-01
9.944808117265194758e-01
9.958565583875647054e-01
9.943157540511582404e-01
9.948891855681326613e-01
9.539282078800190856e-01
9.537609984659013440e-01
9.522689648324133005e-01
9.522671555495619833e-01
9.511697191141320618e-01
9.511978416534581093e-01
9.512247092988027619e-01
9.512468794879070932e-01
9.512662314027322541e-01
9.516797026305743312e-01
9.509756806675642160e-01
9.509347993191079595e-01
9.508792625421005340e-01
9.508251897385368023e-01
9.507725822894327328e-01
9.491992002249887150e-01
9.492558419407290948e-01
9.492997893002703691e-01
9.493353866937052077e-01
9.493660815884130688e-01
9.493945469140432358e-01
9.494196361825634201e-01
9.494420662683580314e-01
9.494616657269450144e-01
9.502874313198840239e-01
9.495944058002251387e-01
9.498533434748771542e-01
9.498143390121369656e-01
9.497719567885035685e-01
9.497287552437819746e-01
9.483061365202011261e-01
9.483518290718219168e-01
9.483886136609093187e-01
9.484190755319669153e-01
9.484453735016415976e-01
9.484709899741580186e-01
9.484940397803797163e-01
9.485151068065991176e-01
9.485341054014331252e-01
9.485548637748226763e-01
9.493889244729076804e-01
9.492298808528308873e-01
9.491608804582549741e-01
9.491055258672068673e-01
9.490727098757718583e-01
9.490430322002577634e-01
9.490168283170314911e-01
9.489884542022933855e-01
9.479737486095861643e-01
9.490839873247993719e-01
9.479623970473116668e-01
9.479793764759979480e-01
9.479954429629925405e-01
9.288456902081687616e-01
9.302613538004050886e-01
9.312239283609297091e-01
9.308262588970587226e-01
9.313721411307109843e-01
9.313377051989921718e-01
9.313208489831003023e-01
9.312986199651824837e-01
9.312765030670480115e-01
9.312703221367699680e-01
9.312315128967644240e-01
9.309771199000627107e-01
9.310896045152066147e-01
9.244451737508285749e-01
9.240345104854758018e-01
9.238221118924206943e-01
9.240819029861148115e-01
9.241437541554534674e-01
9.241306554468321499e-01
9.241184562862961860e-01
9.233291054365995176e-01
9.235880386246592133e-01
9.234023534390861654e-01
9.233946968661604915e-01
9.233895451420570666e-01
9.233818873034681518e-01
9.233901176867568283e-01
9.233967470171187131e-01
9.234030148496924495e-01
9.234096298311813555e-01
9.230753367908924867e-01
9.230725709649694188e-01
9.230714106795218088e-01
9.230713170993047889e-01
9.230662751912994679e-01
9.224196508617055201e-01
9.224375880179450649e-01
9.224487274886805643e-01
9.224623763254223840e-01
9.224813377226847022e-01
9.223882253232837947e-01
9.223971211894351763e-01
9.224029122606471898e-01
9.224205263249740661e-01
9.223778842352955420e-01
9.214141540129582308e-01
9.214357582648179390e-01
9.215061658199469319e-01
9.215175706358039731e-01
9.216263828392994295e-01
9.216136339777067921e-01
9.216113645015746592e-01
9.216088762451593031e-01
9.216060972118316208e-01
9.207585568396833287e-01
9.208507706052806441e-01
9.208643728881050761e-01
9.208838575082678446e-01
9.208983393277735408e-01
9.209145800223763612e-01
9.209370210474679963e-01
9.209627140217432339e-01
9.209713324723183270e-01
9.212401720747903644e-01
9.212129838692141304e-01
9.211894180045392400e-01
9.211683153616221365e-01
9.211490894393621343e-01
9.211312992886975248e-01
9.211145908455559139e-01
9.210987553238810799e-01
9.210836814312183263e-01
9.210690875833413838e-01
9.210548050516836893e-01
9.210407668337841081e-01
9.210266875416103227e-01
9.210126412867899459e-01
9.209985504163964443e-01
9.209842240483456788e-01
9.209693915569642231e-01
9.209539836584977879e-01
9.209342965359063049e-01
9.209174737773312414e-01
9.208946321271122004e-01
9.208689550904588517e-01
9.208484601398383429e-01
9.205490533891398375e-01
9.205469163590098702e-01
9.204886655378728966e-01
9.204733669838830457e-01
9.203958239715628320e-01
9.203391689919691032e-01
9.201548984932966802e-01
9.201611824396367378e-01
9.204511996731286061e-01
9.190554601110262345e-01
9.192590347516096383e-01
9.188643154415783165e-01
9.188608835235978489e-01
9.188584864230580074e-01
9.167525864003561731e-01
9.169400546592914036e-01
9.168009618609903599e-01
9.169002101751341227e-01
9.168965403288723559e-01
9.117236929870287110e-01
9.119278563851196395e-01
9.119080258980036824e-01
9.118928784146254074e-01
9.124435065186384808e-01
9.119613893897063894e-01
9.120085861555468076e-01
9.120157609320440617e-01
9.120208864046320807e-01
9.122588855762866489e-01
9.120340147189525126e-01
9.119992407197231588e-01
9.119889201451022442e-01
9.119512336827154675e-01
9.119362270697762840e-01
9.118955546316709349e-01
9.118215035727861295e-01
9.116067222468718922e-01
9.115825018333768570e-01
9.115739685475351406e-01
9.115309054787029686e-01
9.115270957086084591e-01
9.052402763581991474e-01
9.054953822097051575e-01
9.054998922462655919e-01
9.056005707518428594e-01
9.055298193742239432e-01
9.056102022088818870e-01
9.056197754798910315e-01
9.056175020984549295e-01
9.056154616842146954e-01
9.056187761903480293e-01
9.056239875977081244e-01
9.058584574727823746e-01
9.056347458321836186e-01
9.055942380826129678e-01
9.055939822123919569e-01
9.055937001008308451e-01
9.055933890332360514e-01
9.055930443594798485e-01
9.055605107488940986e-01
9.056161978904830878e-01
9.055017915405823015e-01
9.055976429880157053e-01
9.054616094040535135e-01
9.054301662842303422e-01
9.054299503126326254e-01
9.054297316715207433e-01
9.054295086938659587e-01
9.054292810932508262e-01
9.054290485260093613e-01
9.054288105216877769e-01
9.054285723721013923e-01
9.054283268570327836e-01
9.054280751480785483e-01
9.054278166118371329e-01
9.054275506910682836e-01
9.054272785515510291e-01
9.054269986682277338e-01
9.054267098745413245e-01
9.054264112725251001e-01
9.054261017891181984e-01
9.054257802410853317e-01
9.054254452434842282e-01
9.054250952036626554e-01
9.054247278945187771e-01
9.054243412716869166e-01
9.054239323256746408e-01
9.054234975332138280e-01
9.054230321966877382e-01
9.054225226399996718e-01
9.054219683506861127e-01
9.054213582504544444e-01
9.054206781510629742e-01
9.054199073075137605e-01
9.054190133186789113e-01
9.054179433677170818e-01
9.052630051516029619e-01
9.052351773716700301e-01
9.051364124236243036e-01
9.051325044221776306e-01
9.050427950485697703e-01
9.050309274466157294e-01
9.049900383524643876e-01
9.049703043882151299e-01
9.013493463636427228e-01
9.013778789806369263e-01
9.013648801812170763e-01
9.013580269310687010e-01
9.013333110390611136e-01
9.013333106032173081e-01
9.013333101675098380e-01
9.013333097319395915e-01
9.013333092965056803e-01
9.013333088612055510e-01
9.008709908731231675e-01
9.009260604155634455e-01
9.007934063594464913e-01
9.007893529981436664e-01
9.007841852781713898e-01
9.006915740232990242e-01
9.006921654827289014e-01
9.006929171748913054e-01
9.006935840397631843e-01
9.006327532402552682e-01
9.005987608239560682e-01
9.005075791554291165e-01
9.004985284824310598e-01
9.004738229147722928e-01
9.004678157785330761e-01
9.004166536410199706e-01
8.998528671678407420e-01
8.993330267401792311e-01
8.993300829895150006e-01
8.993273634942893224e-01
8.993248875379294960e-01
8.993244415560189831e-01
8.993199723516820399e-01
8.992978655935203181e-01
8.992980237132648380e-01
8.992651544252123763e-01
8.992645986745513298e-01
8.991839575610202084e-01
8.991864694628440846e-01
8.991851429766122283e-01
8.991630924972029426e-01
8.991573333610779484e-01
8.991573259286360642e-01
8.991573185057485373e-01
8.991573110923899437e-01
8.991573074845778946e-01
8.952435397251286009e-01
8.949529240708691269e-01
8.949093453486682836e-01
8.948687831753766586e-01
8.947707150156087863e-01
8.947695832384588988e-01
8.947684235938359043e-01
8.947672322667824529e-01
8.947660040415856830e-01
8.947468133584299821e-01
8.946480537681582579e-01
8.945718641580590047e-01
8.945718576583177040e-01
8.945718511623514946e-01
8.945718765866257360e-01
8.945717656886139624e-01
8.945717651063125331e-01
8.945717645240532923e-01
8.945717639418372391e-01
8.945717633596631524e-01
8.945717627775319203e-01
8.945717621954433207e-01
8.945717616133972427e-01
8.945717610313937973e-01
8.945717604494320963e-01
8.945717598675139159e-01
8.945717592856381462e-01
8.945717587038045648e-01
8.945717581220140602e-01
8.945717575402657440e-01
8.945717569585595053e-01
8.945717563768967873e-01
8.945717557952758137e-01
8.945717552136979167e-01
8.945717546321617641e-01
8.945717540506689103e-01
8.945717534692181339e-01
8.945717528878099900e-01
8.945717523064437016e-01
8.945717517251207118e-01
8.945717511438404657e-01
8.945717505626015198e-01
8.945717499814058726e-01
8.945717494002525250e-01
8.945717488191416988e-01
8.945717482380731722e-01
8.945717476570469451e-01
8.945717470760632395e-01
8.945717464951218334e-01
8.945717459142231709e-01
8.945717453333665858e-01
8.945717447525524113e-01
8.945717441717803142e-01
8.945717435910507387e-01
8.945717430103637957e-01
8.945717422609050784e-01
8.945717415115272964e-01
8.945717407622296724e-01
8.945717402041751809e-01
8.945717396461536630e-01
8.945717391997232149e-01
8.945717386417615380e-01
8.945717380838329458e-01
8.945717375259368831e-01
