4.585648572839067239e-01
4.529681611711449674e-01
4.424924588475535048e-01
4.226890836257648498e-01
4.102325373198706937e-01
3.910415340270264051e-01
3.862310677878886822e-01
3.799386625085547919e-01
3.775405548899036789e-01
3.730675268055821947e-01
3.707904514439173682e-01
3.707904514295866649e-01
3.707904514152571829e-01
3.707904514009289776e-01
3.707904513866020491e-01
3.699313088613112588e-01
3.690995784307414818e-01
3.680110090112404531e-01
3.681458720192103962e-01
3.681385775819397965e-01
3.658749414607239125e-01
3.660292145958388699e-01
3.643087326668346115e-01
3.642943742723598888e-01
3.642946405712742530e-01
3.648342639675194454e-01
3.633052051873274513e-01
3.633052051873274513e-01
3.633052051873274513e-01
3.633052051873274513e-01
3.636935684010096925e-01
3.636105551288112414e-01
3.636105551288112414e-01
3.636105551288112414e-01
3.636105551288112414e-01
3.636359839419560092e-01
3.636191478410206734e-01
3.636191478410206734e-01
3.636191478410206734e-01
3.636191478410206734e-01
3.636265598254419529e-01
3.636265598254419529e-01
3.636265598254419529e-01
3.636265598254419529e-01
3.636265598254419529e-01
3.636598341291710224e-01
3.636598341291710224e-01
3.636598341291710224e-01
3.636598341291710224e-01
3.636598341291710224e-01
3.636594892258281919e-01
3.636594892258281919e-01
3.636594892258281919e-01
3.636594892258281919e-01
3.636594892258281919e-01
3.636594892258281919e-01
3.636594892258281919e-01
3.636594892258281919e-01
3.636594892258281919e-01
3.636594892258281919e-01
3.636594892258281919e-01
3.636594892258281919e-01
3.636594892258281919e-01
3.636594892258281919e-01
3.636594892258281919e-01
3.636594892258281919e-01
3.636594892258281919e-01
3.636594892258281919e-01
3.636594892258281919e-01
3.636594892258281919e-01
3.636594892258281919e-01
3.636594892258281919e-01
3.636594892258281919e-01
3.636594892258281919e-01
3.636594892258281919e-01
3.636594892258281919e-01
3.636594892258281919e-01
3.636594892258281919e-01
3.636594892258281919e-01
3.636594892258281919e-01
3.636594892258281919e-01
3.636594892258281919e-01
3.636594892258281919e-01
3.636594892258281919e-01
3.636594892258281919e-01
3.636594892258281919e-01
3.636594892258281919e-01
3.636594892258281919e-01
3.636594892258281919e-01
3.636594892258281919e-01
3.636594892258281919e-01
3.636594892258281919e-01
3.636594892258281919e-01
3.636594892258281919e-01
3.636594892258281919e-01
3.636594892258281919e-01
3.636594892258281919e-01
3.636594892258281919e-01
3.636594892258281919e-01
3.636594892258281919e-01
3.622806041904613195e-01
3.622806041904613195e-01
3.622806041904613195e-01
3.622806041904613195e-01
3.622806041904613195e-01
3.622797413313434411e-01
3.622797413313434411e-01
3.622797413313434411e-01
3.622797413313434411e-01
3.622797413313434411e-01
3.622797413308495584e-01
3.622797413308495584e-01
3.622797413308495584e-01
3.622797413308495584e-01
3.622797413308495584e-01
3.622797413303554537e-01
3.622797413303554537e-01
3.622797413303554537e-01
3.622797413303554537e-01
3.622797413303554537e-01
3.622797413298612379e-01
3.622797413298612379e-01
3.622797413298612379e-01
3.622797413298612379e-01
3.622797413298612379e-01
3.622797413293672442e-01
3.622797413293672442e-01
3.622797413293672442e-01
3.622797413293672442e-01
3.622797413293672442e-01
3.622797413288732504e-01
3.622797413288732504e-01
3.622797413288732504e-01
3.622797413288732504e-01
3.622797413288732504e-01
3.622797413283790902e-01
3.622797413283790902e-01
3.622797413283790902e-01
3.622797413283790902e-01
3.622797413283790902e-01
3.622797413278849854e-01
3.622797413278849854e-01
3.622797413278849854e-01
3.622797413278849854e-01
3.622797413278849854e-01
3.622797413273909362e-01
3.622797413273909362e-01
3.622797413273909362e-01
3.622797413273909362e-01
3.622797413273909362e-01
3.622797413268966649e-01
3.622797413268966649e-01
3.622797413268966649e-01
3.622797413268966649e-01
3.622797413268966649e-01
3.622797413268966649e-01
3.622797413268966649e-01
3.622797413268966649e-01
3.622797413268966649e-01
3.622797413268966649e-01
3.622797413268966649e-01
3.622797413268966649e-01
3.622797413268966649e-01
3.622797413268966649e-01
3.622797413268966649e-01
3.622797413268966649e-01
3.622797413268966649e-01
3.622797413268966649e-01
3.622797413268966649e-01
3.622797413268966649e-01
3.622797413268966649e-01
3.622797413268966649e-01
3.622797413268966649e-01
3.622797413268966649e-01
3.622797413268966649e-01
3.622797413268966649e-01
3.622797413268966649e-01
3.622797413268966649e-01
3.622797413268966649e-01
3.622797413268966649e-01
3.622797413268966649e-01
3.622797413268966649e-01
3.622797413268966649e-01
3.622797413268966649e-01
3.622797413268966649e-01
3.622797413268966649e-01
3.622797413268966649e-01
3.622797413268966649e-01
3.622797413268966649e-01
3.622797413268966649e-01
3.622797413268966649e-01
3.622797413268966649e-01
3.622797413268966649e-01
3.622797413268966649e-01
3.622797413268966649e-01
3.622797413268966649e-01
3.622797413268966649e-01
3.622797413268966649e-01
3.622797413268966649e-01
3.622797413268966649e-01
3.622800871574752279e-01
3.622800871574752279e-01
3.622800871574752279e-01
3.622800871574752279e-01
3.622800871574752279e-01
3.622800871558654046e-01
3.622800871558654046e-01
3.622800871558654046e-01
3.622800871558654046e-01
3.622800871558654046e-01
3.622800871542553591e-01
3.622800871542553591e-01
3.622800871542553591e-01
3.622800871542553591e-01
3.622800871542553591e-01
3.616181901221334760e-01
3.612551177596831087e-01
3.611862094975559212e-01
3.611862094975559212e-01
3.611862094975559212e-01
3.610902401091772851e-01
3.610902401091772851e-01
3.610902401091772851e-01
3.610902401091772851e-01
3.610902401091772851e-01
3.611822681972660098e-01
3.611426245522480483e-01
3.611426245522480483e-01
3.611426245522480483e-01
3.611426245522480483e-01
3.613078864914371358e-01
3.613078864914371358e-01
3.613078864914371358e-01
3.613078864914371358e-01
3.613078864914371358e-01
3.613848000231332236e-01
3.613848000231332236e-01
3.613848000231332236e-01
3.613848000231332236e-01
3.613848000231332236e-01
3.615586150839726898e-01
3.615586150839726898e-01
3.615586150839726898e-01
3.615586150839726898e-01
3.615586150839726898e-01
3.616717674569134289e-01
3.616717674569134289e-01
3.616717674569134289e-01
3.616717674569134289e-01
3.616717674569134289e-01
3.619064868933972723e-01
3.619064868933972723e-01
3.619064868933972723e-01
3.619064868933972723e-01
3.619064868933972723e-01
3.619064868933972723e-01
3.619064868933972723e-01
3.619064868933972723e-01
3.619064868933972723e-01
3.619064868933972723e-01
3.619064868933972723e-01
3.619064868933972723e-01
3.619064868933972723e-01
3.619064868933972723e-01
3.619064868933972723e-01
3.619064868933972723e-01
3.619064868933972723e-01
3.619064868933972723e-01
3.619064868933972723e-01
3.619064868933972723e-01
3.619064868933972723e-01
3.619064868933972723e-01
3.619064868933972723e-01
3.619064868933972723e-01
3.619064868933972723e-01
3.619064868933972723e-01
3.619064868933972723e-01
3.619064868933972723e-01
3.619064868933972723e-01
3.619064868933972723e-01
3.619064868933972723e-01
3.619064868933972723e-01
3.619064868933972723e-01
3.619064868933972723e-01
3.619064868933972723e-01
3.619064868933972723e-01
3.619064868933972723e-01
3.619064868933972723e-01
3.619064868933972723e-01
3.619064868933972723e-01
3.619064868933972723e-01
3.619064868933972723e-01
3.619064868933972723e-01
3.619064868933972723e-01
3.619064868933972723e-01
3.619064868933972723e-01
3.619064868933972723e-01
3.619064868933972723e-01
3.619064868933972723e-01
3.619064868933972723e-01
3.617497392279793167e-01
3.617497392279793167e-01
3.617497392279793167e-01
3.617497392279793167e-01
3.617497392279793167e-01
3.616027503104068952e-01
3.615596612640872287e-01
3.615596612640872287e-01
3.615596612640872287e-01
3.615596612640872287e-01
3.614855364870814269e-01
3.614855364870814269e-01
3.614855364870814269e-01
3.614855364870814269e-01
3.614855364870814269e-01
3.614513471583176152e-01
3.614513471583176152e-01
3.614513471583176152e-01
3.614513471583176152e-01
3.614513471583176152e-01
3.614467449314030523e-01
3.614467330737994866e-01
3.614467330737994866e-01
3.614467330737994866e-01
3.614467330737994866e-01
3.614477145439512484e-01
3.614466906630658394e-01
3.614466906630658394e-01
3.614466906630658394e-01
3.614466906630658394e-01
3.614467132900345270e-01
3.614467132900345270e-01
3.614467132900345270e-01
3.614467132900345270e-01
3.614467132900345270e-01
3.614467132884397471e-01
3.614467132884397471e-01
3.614467132884397471e-01
3.614467132884397471e-01
3.614467132884397471e-01
3.614467132868453003e-01
3.614467132868453003e-01
3.614467132868453003e-01
3.614467132868453003e-01
3.614467132868453003e-01
3.614467132852505760e-01
3.614467132852505760e-01
3.614467132852505760e-01
3.614467132852505760e-01
3.614467132852505760e-01
3.614467132836559071e-01
3.614467132836559071e-01
3.614467132836559071e-01
3.614467132836559071e-01
3.614467132836559071e-01
3.614467132836559071e-01
3.614467132836559071e-01
3.614467132836559071e-01
3.614467132836559071e-01
3.614467132836559071e-01
3.614467132836559071e-01
3.614467132836559071e-01
3.614467132836559071e-01
3.614467132836559071e-01
3.614467132836559071e-01
3.614467132836559071e-01
3.614467132836559071e-01
3.614467132836559071e-01
3.614467132836559071e-01
3.614467132836559071e-01
3.614467132836559071e-01
3.614467132836559071e-01
3.614467132836559071e-01
3.614467132836559071e-01
3.614467132836559071e-01
3.614467132836559071e-01
3.614467132836559071e-01
3.614467132836559071e-01
3.614467132836559071e-01
3.614467132836559071e-01
3.614467132836559071e-01
3.614467132836559071e-01
3.614467132836559071e-01
3.614467132836559071e-01
3.614467132836559071e-01
3.614467132836559071e-01
3.614467132836559071e-01
3.614467132836559071e-01
3.614467132836559071e-01
3.614467132836559071e-01
3.614467132836559071e-01
3.614467132836559071e-01
3.614467132836559071e-01
3.614467132836559071e-01
3.614467132836559071e-01
3.614467132836559071e-01
3.614467132836559071e-01
3.614467132836559071e-01
3.614467132836559071e-01
3.614467132836559071e-01
3.614470447187287938e-01
3.614470447187287938e-01
3.614470447187287938e-01
3.614470447187287938e-01
3.614470447187287938e-01
3.614470447184632285e-01
3.614470447184632285e-01
3.614470447184632285e-01
3.614470447184632285e-01
3.614470447184632285e-01
3.614470447181974966e-01
3.614470447181974966e-01
3.614470447181974966e-01
3.614470447181974966e-01
3.614470447181974966e-01
3.614470447179319312e-01
3.614470447179319312e-01
3.614470447179319312e-01
3.614470447179319312e-01
3.614470447179319312e-01
3.614470447176663659e-01
3.614470447176663659e-01
3.614470447176663659e-01
3.614470447176663659e-01
3.614470447176663659e-01
3.614470447174006895e-01
3.614470447174006895e-01
3.614470447174006895e-01
3.614470447174006895e-01
3.614470447174006895e-01
3.614470447171350687e-01
3.614470447171350687e-01
3.614470447171350687e-01
3.614470447171350687e-01
3.614470447171350687e-01
3.614470447168695033e-01
3.614470447168695033e-01
3.614470447168695033e-01
3.614470447168695033e-01
3.614470447168695033e-01
3.614470447166041045e-01
3.614470447166041045e-01
3.614470447166041045e-01
3.614470447166041045e-01
3.614470447166041045e-01
3.614470447163385391e-01
3.614470447163385391e-01
3.614470447163385391e-01
3.614470447163385391e-01
3.614470447163385391e-01
3.614470447160729183e-01
3.614470447160729183e-01
3.614470447160729183e-01
3.614470447160729183e-01
3.614470447160729183e-01
3.614470447160729183e-01
3.614470447160729183e-01
3.614470447160729183e-01
3.614470447160729183e-01
3.614470447160729183e-01
3.614470447160729183e-01
3.614470447160729183e-01
3.614470447160729183e-01
3.614470447160729183e-01
3.614470447160729183e-01
3.614470447160729183e-01
3.614470447160729183e-01
3.614470447160729183e-01
3.614470447160729183e-01
3.614470447160729183e-01
3.614470447160729183e-01
3.614470447160729183e-01
3.614470447160729183e-01
3.614470447160729183e-01
3.614470447160729183e-01
3.614470447160729183e-01
3.614470447160729183e-01
3.614470447160729183e-01
3.614470447160729183e-01
3.614470447160729183e-01
3.614470447160729183e-01
3.614470447160729183e-01
3.614470447160729183e-01
3.614470447160729183e-01
3.614470447160729183e-01
3.614470447160729183e-01
3.614470447160729183e-01
3.614470447160729183e-01
3.614470447160729183e-01
3.614470447160729183e-01
3.614470447160729183e-01
3.614470447160729183e-01
3.614470447160729183e-01
3.614470447160729183e-01
3.614470447160729183e-01
3.614470447160729183e-01
3.614470447160729183e-01
3.614470447160729183e-01
3.614470447160729183e-01
3.614470447160729183e-01
