2.898945000255502280e-01
2.551428437740796973e-01
2.367900643574787911e-01
2.337291022670999197e-01
2.285903086383146710e-01
2.368898589727216897e-01
2.451127007906758748e-01
2.376686729005829113e-01
2.386383371038184598e-01
2.340203761244760428e-01
2.608052362667860335e-01
2.722706667427912675e-01
2.864302447762885895e-01
2.880771682780949861e-01
2.904665186424605361e-01
3.776078842152756354e-01
4.306287688540867964e-01
4.409124639344088048e-01
4.467566969366082996e-01
4.442580364423717731e-01
6.221522323789172582e-01
7.389348337717087656e-01
7.684753733538831622e-01
7.690150777790267789e-01
8.105407636826543749e-01
9.458446019968960172e-01
1.065212352910027249e+00
1.048928827594611812e+00
1.048535580736314810e+00
1.050278532277580279e+00
1.362421053495981971e+00
1.320629026233679726e+00
1.321366798783159213e+00
1.326657257872108087e+00
1.325595444671405998e+00
1.764881187671724305e+00
1.776473525829154632e+00
1.852094060327697855e+00
1.832431827037493743e+00
1.833509614677156563e+00
2.228702780012072449e+00
2.180481639259759685e+00
2.170712644534355196e+00
2.170116354232196176e+00
2.170184446512494425e+00
2.608524991486424138e+00
2.690043462020530463e+00
2.645171034581928815e+00
2.643765399283674711e+00
2.648384508959928052e+00
2.820803101474002705e+00
2.728148548083239699e+00
2.738782983807396487e+00
2.738737480718494766e+00
2.745583262803263924e+00
2.744761868115095371e+00
2.755151753493994438e+00
2.752312884539136029e+00
2.751211370781985188e+00
2.750617749688272884e+00
2.752896433285738187e+00
2.752574142467059559e+00
2.781405970751001711e+00
2.779180730116689535e+00
2.776045887941484658e+00
2.770179386972010604e+00
2.766897098459198734e+00
2.764624457823609660e+00
2.762590460164879413e+00
2.761255521876991192e+00
2.759177560424849851e+00
2.758342619881350988e+00
2.756158060318913083e+00
2.756293016908573534e+00
2.754795709223897049e+00
2.753338373454227384e+00
2.752683518209497304e+00
2.751395192839988013e+00
2.750277819961424175e+00
2.748043680093062324e+00
2.747813145306460481e+00
2.746862914821125656e+00
2.745511983683102564e+00
2.745544124930556773e+00
2.744214757857347919e+00
2.744177214195225201e+00
2.742479176598805246e+00
2.743194881182526856e+00
2.742026662810056692e+00
2.740955152734553479e+00
2.741378508258642377e+00
2.740166813993545336e+00
2.740102333813736024e+00
2.739331685503556102e+00
2.739386403595966080e+00
2.738839591981915067e+00
2.738712295241382488e+00
2.738006093820855913e+00
2.737892824259825719e+00
2.736973903529297480e+00
2.068453023201720420e+00
1.581141191507131616e+00
1.446538930844117665e+00
1.396299976642792595e+00
1.389735392860809382e+00
1.239700988455783248e+00
1.230389392005781568e+00
1.231422808260870028e+00
1.234858491902877997e+00
1.238134932938158350e+00
1.254465475821925802e+00
1.245453111578517236e+00
1.250359237619335540e+00
1.253165818123896047e+00
1.252042507514772529e+00
1.246911417277366096e+00
1.254024700319104069e+00
1.255389084471602468e+00
1.255970791445500945e+00
1.255330720252285870e+00
1.256144502685822228e+00
1.257380825496595689e+00
1.256650533531404434e+00
1.257330669960603720e+00
1.256682662016914254e+00
1.257275414122164037e+00
1.229132506792611323e+00
1.200408120349967023e+00
1.199803212114374684e+00
1.204058165647089007e+00
1.199458110731306926e+00
1.202020102340948027e+00
1.202690089733892131e+00
1.204477267775911242e+00
1.205541084793275708e+00
1.205903645402934821e+00
1.209997746637994309e+00
1.208930141747394549e+00
1.207682939259258070e+00
1.208025172294036054e+00
1.206757893530893577e+00
1.207376330632959682e+00
1.206539817344402188e+00
1.207052973861085787e+00
1.158860188123635782e+00
1.161690961590159832e+00
1.162274700559660756e+00
1.162272822645989523e+00
1.164442127748383404e+00
1.163773466430520376e+00
1.163506691771332591e+00
1.165124117676746840e+00
1.165083953604448164e+00
1.165711569339171083e+00
1.165746329720689367e+00
1.166168725363825098e+00
1.166852963770525831e+00
1.166225018606520614e+00
1.166776777911963103e+00
1.166441882139286568e+00
1.167370252058753000e+00
1.166678171782006057e+00
1.167222866934794157e+00
1.167067907219265122e+00
1.167478085720107028e+00
1.166709625062214206e+00
1.167195895583629905e+00
1.166821488200724399e+00
1.167215023920751049e+00
1.167263762020005036e+00
1.167573729457979104e+00
1.167725112937428422e+00
1.167343751788496364e+00
1.167702314406102948e+00
1.167375516253976953e+00
1.167780211773138399e+00
1.167124660596537744e+00
1.167497674043535216e+00
1.167108582341764844e+00
1.167493333742167128e+00
1.167117446119930735e+00
1.167462167123550554e+00
1.167391512026263900e+00
1.167633755720707045e+00
1.167178208747035928e+00
1.167534774058661462e+00
1.167112085036714264e+00
1.167402622661667833e+00
1.167189421335961041e+00
1.167507809813639552e+00
1.166805662664741394e+00
1.167183702310534477e+00
1.167034228166619947e+00
1.167407979056997558e+00
1.167216613228176492e+00
1.167491297294836361e+00
1.167325405316544051e+00
1.167409060249456898e+00
1.167767065218142220e+00
1.167424822186828859e+00
1.156304856142713611e+00
1.144640934240514829e+00
1.146659216292772898e+00
1.146859835323820409e+00
1.146419764708576983e+00
1.083537050671403490e+00
1.079490371638996082e+00
1.080180037403781768e+00
1.081773120247133013e+00
1.081000418568705879e+00
1.083842786653247847e+00
1.081903899200610697e+00
1.083480677430283423e+00
1.084006818583496123e+00
1.084874997939789809e+00
1.086399541766003285e+00
1.088148240681513723e+00
1.086739270157875970e+00
1.086723399764277787e+00
1.087357801416429570e+00
1.087925604868935636e+00
1.089378031397931323e+00
1.088167398142175557e+00
1.088859574258467244e+00
1.087896127743194441e+00
1.088118048099063540e+00
1.089589511991784443e+00
1.088755148847893039e+00
1.089228962057200212e+00
1.089695183670787770e+00
1.089220700012468956e+00
1.089814467375088025e+00
1.089671385865609965e+00
1.089619164325542844e+00
1.089725860599987106e+00
1.089393103116105266e+00
1.089908217661658352e+00
1.089799804334949496e+00
1.090184389636835505e+00
1.089472297662902989e+00
1.089209182079009741e+00
1.089360262208842300e+00
1.089324558842265978e+00
1.089028445297355541e+00
1.089232183337663251e+00
1.088570849766441251e+00
1.089055704951003678e+00
1.089032834856945797e+00
1.088942541880463022e+00
1.068953579159569012e+00
1.071046998581064669e+00
1.070099339744929212e+00
1.070935355109950526e+00
1.070269440962687391e+00
1.070734327154019061e+00
1.069875159037929180e+00
1.070415193418504662e+00
1.070947039817233826e+00
1.070374495582235630e+00
1.070817991952024872e+00
1.070047902827143682e+00
1.070605725926121243e+00
1.070934400750747750e+00
1.070580951327056551e+00
1.070979114846383640e+00
1.070369252687995321e+00
1.070816832372113447e+00
1.071148469654541469e+00
1.070820227867858687e+00
1.071151827270383494e+00
1.070506946497841838e+00
1.071036391901785789e+00
1.071406195181438870e+00
1.070981850815564407e+00
1.071359660091268928e+00
1.070741743564245896e+00
1.071246810489201673e+00
1.071371184477942551e+00
1.071125389157078445e+00
1.071442359440750725e+00
1.070945407095652779e+00
1.071354544534580677e+00
1.071778382877921487e+00
1.071344099782448156e+00
1.071656113019894718e+00
1.072007030183558474e+00
1.071604482947396519e+00
1.071973927524454639e+00
1.071549645940898854e+00
1.071854935815113485e+00
1.072308812867363237e+00
1.071801769380782643e+00
1.072185229134655637e+00
1.071437453728500744e+00
1.071897748684009999e+00
1.072278942523858802e+00
1.071959047405367960e+00
1.072278084092081363e+00
1.071777778450667462e+00
1.072241675723833554e+00
1.024425777399742499e+00
1.025114243432503791e+00
1.024285757351451664e+00
1.025659724108797022e+00
1.024439831831045922e+00
1.019881775510575572e+00
1.024078281611330521e+00
1.022934241356418639e+00
1.023056590190474680e+00
1.022768302497381931e+00
1.020235654341017817e+00
1.020310799486513265e+00
1.020535962431171173e+00
1.020584424650032185e+00
1.021142407753652614e+00
1.019291976325096716e+00
1.018714113520306830e+00
1.017023956288846120e+00
1.017518100853343821e+00
1.013283955301033101e+00
1.013136421199991810e+00
1.013671378250610600e+00
1.011535300072881949e+00
1.012112723663030511e+00
1.012415651655311333e+00
1.012085470468846449e+00
1.012830582636694787e+00
1.011231169049538581e+00
1.011873458479007892e+00
1.011045103573213755e+00
1.009705507147183656e+00
1.010628448917814115e+00
1.010739180979490781e+00
1.010886715834513172e+00
1.010595777082238689e+00
1.009696888330556819e+00
1.009930504416982400e+00
1.009905570895491822e+00
1.009839383231774468e+00
1.009865622297179355e+00
1.008923459400838940e+00
1.009212490169682619e+00
1.009141978877945434e+00
1.009193087477670003e+00
1.009107800662782717e+00
1.008224910643060523e+00
1.008509114491274117e+00
1.008426185918595896e+00
1.008588054865812822e+00
1.008548890519351149e+00
1.007713399115140795e+00
1.007936976604936863e+00
1.008059861510952837e+00
1.007839044552709229e+00
1.008073917664711772e+00
1.007268918667445279e+00
1.007572174652990427e+00
1.007490989063250852e+00
1.007689604609403045e+00
1.007485491239078712e+00
1.006965018620120000e+00
1.007133394728610520e+00
1.007161802402782413e+00
1.007258898610307485e+00
1.007210219768741588e+00
1.007182339840922092e+00
1.006412921767503965e+00
1.006838320071984372e+00
1.006731012325893015e+00
1.006855180522940207e+00
1.006839342819316530e+00
1.006866876199365102e+00
1.006943341556509219e+00
1.006190257639426378e+00
1.006483590876322776e+00
1.006433723924461399e+00
1.006644701409618925e+00
1.006552727105002099e+00
1.006620161066222430e+00
1.005682142028422765e+00
1.006209619044674541e+00
1.006008624782777527e+00
1.006206673616004243e+00
1.006047383204753176e+00
1.006182162944666558e+00
1.006141289972137587e+00
1.006283536114343180e+00
1.006188892264307189e+00
1.006263093931037300e+00
1.005389722809868491e+00
1.005758678131751571e+00
1.005591379111832939e+00
1.005850230655623401e+00
1.005678233685582290e+00
1.005859598053383319e+00
1.005703495710689399e+00
1.005936072522949143e+00
1.005125606893686463e+00
1.005495365046757739e+00
1.005528838769541800e+00
9.909407633697275841e-01
9.926206053787488548e-01
9.910855833747465038e-01
9.891450512385944194e-01
9.885767099751902043e-01
9.818904692666583500e-01
9.822184262898326912e-01
9.823474703164402078e-01
9.831107970368690996e-01
9.816017792637565798e-01
9.805031584763045371e-01
9.808212123611920186e-01
9.810162317707469271e-01
9.805323553691880356e-01
9.793052582988881483e-01
9.804194713395179006e-01
9.808224245873005120e-01
9.809358351451449298e-01
9.813531324239131992e-01
9.808134496627625154e-01
9.811634665557776858e-01
9.817927375700225001e-01
9.813446353360251173e-01
9.825752412683791404e-01
9.819971219353711422e-01
9.820288881513621337e-01
9.819876269258616119e-01
9.824834954976859880e-01
9.819321382741161841e-01
9.853231290316453173e-01
9.851472098282780809e-01
9.856496017961343670e-01
9.854643617030693914e-01
9.859349461409949722e-01
9.855332417851491167e-01
9.853118246482851506e-01
9.854816133441660631e-01
9.861954296831479949e-01
9.860669403308124359e-01
9.862394031636757541e-01
9.861895342011707255e-01
9.864422535245687129e-01
9.845566437386699121e-01
9.857435229213453720e-01
9.867480970108484239e-01
9.865018323101709674e-01
9.865781836107481162e-01
9.872097064559440804e-01
9.866589714632327812e-01
9.874480106708859450e-01
9.867009803562151182e-01
9.872503002834442931e-01
9.868007225198096588e-01
9.863351106278184233e-01
9.865754369964297998e-01
9.899807951844248333e-01
9.865821284616599351e-01
9.872413602460785587e-01
9.872023216728667006e-01
9.873965105740872827e-01
9.874718126000368024e-01
9.873394050446306913e-01
9.874553086594954898e-01
9.875655318271332472e-01
9.872805630398119314e-01
9.875670689575154482e-01
9.874504962272154795e-01
9.873791860751437444e-01
9.873578138889312905e-01
9.875661529089470037e-01
9.874168343594705854e-01
9.875610214735769388e-01
9.872956276316676716e-01
9.876254299390097025e-01
9.874565770290958389e-01
9.876157071015223554e-01
9.873129641441675819e-01
9.875120213525668822e-01
9.875920664814797911e-01
9.873147836353384221e-01
9.875272744056412533e-01
9.872884298828752403e-01
9.874057406540809323e-01
9.876541689834236193e-01
9.873098423713744243e-01
9.874902795485729357e-01
9.874892630741293198e-01
9.874127236283190001e-01
9.875724195970492225e-01
9.872769994917840464e-01
9.874774338287358733e-01
9.874845489224483019e-01
9.874195354790743506e-01
9.874079226337993953e-01
9.875128098176050306e-01
9.873111724530714284e-01
9.875134357598579493e-01
9.873870286138417551e-01
9.874931515604518095e-01
9.871909859937745280e-01
