4.939086611039276709e-01
4.872413203913166790e-01
4.779726751374378524e-01
4.754631522578588454e-01
4.719265447171505090e-01
4.583638827858158016e-01
4.620584453591079499e-01
4.537765061938355826e-01
4.536858319334201028e-01
4.505779564501019574e-01
4.542809688901993659e-01
4.603653523067142705e-01
4.581070233800249580e-01
4.631104435207390457e-01
4.625172892489740062e-01
4.610059035711090436e-01
4.936065600655161201e-01
4.906088108900701905e-01
4.977518211287131900e-01
4.963862069402477650e-01
4.973088525559828943e-01
5.305072565966831855e-01
5.139294841944234138e-01
5.329080464404672979e-01
5.202507742900494003e-01
5.492706091064442075e-01
5.684356212746538572e-01
5.608005149514524446e-01
5.782754239538004937e-01
5.684551094738543586e-01
5.860483464924074459e-01
5.922293155552593724e-01
5.889371882584535367e-01
6.003131542631999773e-01
5.966212389194246457e-01
6.086636739587567568e-01
6.184457687173059437e-01
6.216658195349676896e-01
6.266377336746944415e-01
6.237827757911794668e-01
6.398765383053363065e-01
6.559541267541151299e-01
6.489871044318789028e-01
6.497236602740671385e-01
6.499373277134938842e-01
6.674946471088210043e-01
6.795460937766816256e-01
6.779562074978421338e-01
6.775990921602104144e-01
6.777123434391537637e-01
6.839916238539925919e-01
7.008950940434461874e-01
6.944113921880182838e-01
6.947231679269888494e-01
6.950321222030584334e-01
6.954170889882229645e-01
7.091034226091761372e-01
7.045558833147589350e-01
7.049531840530472993e-01
7.049900903402679386e-01
7.050433661848187761e-01
7.051288483132023277e-01
7.052942056457514042e-01
7.049991612023043253e-01
7.051639942626799495e-01
7.051112383857619514e-01
7.052785116472130023e-01
7.050777839517362588e-01
7.052310416853585506e-01
7.051727954467587045e-01
7.054497423997351246e-01
7.051442704945533047e-01
7.052369267224064542e-01
7.052272158741612618e-01
7.052684322114818327e-01
7.052480594504288991e-01
7.054749706757279526e-01
7.052831649644472067e-01
7.053234866671729275e-01
7.051761965349686578e-01
7.054499808235926706e-01
7.052969072848592758e-01
7.055065585316604437e-01
7.053071296903985488e-01
7.054186035737062266e-01
7.054850830197206824e-01
7.054191963940986687e-01
7.054581461475134541e-01
7.055255691921376027e-01
7.055126216049005805e-01
7.056539356154860609e-01
7.055699797318567557e-01
7.054400943585417139e-01
7.055791833349243092e-01
7.052272463705240302e-01
7.055873907633661846e-01
7.055453808154433792e-01
7.055994127622792211e-01
7.055810938912538965e-01
7.055641016984588454e-01
7.168317954779677148e-01
7.280475661379181007e-01
7.378959169037474508e-01
7.500239591716999499e-01
7.596031994627676642e-01
8.123336658094209017e-01
8.056715617855326750e-01
8.332742237136492314e-01
8.279886921220195317e-01
8.458903126404450079e-01
8.759191167295379277e-01
8.834414377830832610e-01
9.061937249312576048e-01
9.071540177423794704e-01
9.165353663398746464e-01
9.360055295367946115e-01
9.426281111654370992e-01
9.489542705908418085e-01
9.493157518574694143e-01
9.495785980791429104e-01
9.495799824911000941e-01
9.536366690771651555e-01
9.534604770655760175e-01
9.533754059994981045e-01
9.534091837013539683e-01
9.533840070104999675e-01
9.535828750990850144e-01
9.535815765682428280e-01
9.536450089270663844e-01
9.536381091012335887e-01
9.535034444016362576e-01
9.537390496730570044e-01
9.536722950664365817e-01
9.537850036851555080e-01
9.537973054064545764e-01
9.538083829832707528e-01
9.538736491123118721e-01
9.538286300295926168e-01
9.539493100780040979e-01
9.539680707653606095e-01
9.538726921087180566e-01
9.542597549371286680e-01
9.540099478893686591e-01
9.541759692662179493e-01
9.541167608241712950e-01
9.540305834075371028e-01
9.542051880279398546e-01
9.542156243793364911e-01
9.542424498190381632e-01
9.543088169342814897e-01
9.543076111662536221e-01
9.543863395861911236e-01
9.543349515836426766e-01
9.544958953275965996e-01
9.544261093478677571e-01
9.545850124710347773e-01
9.544923535087223021e-01
9.547918686413552347e-01
9.547086703908406191e-01
9.547190098089092247e-01
9.548512549055957477e-01
9.547091512863854490e-01
9.547952471690405174e-01
9.547906709000540948e-01
9.549292608152860629e-01
9.548260977518153725e-01
9.548904654432887051e-01
9.550615051752097129e-01
9.549831614579264993e-01
9.549945189143876911e-01
9.550313784731048194e-01
9.550378841040020328e-01
9.552082632012811603e-01
9.551673125929630581e-01
9.550915829178863170e-01
9.552014312930120488e-01
9.552453441060486661e-01
9.551609376989118605e-01
9.552558845512997276e-01
9.553378703689768825e-01
9.553219623185660314e-01
9.552684454951484438e-01
9.553797712716809443e-01
9.553650444023921162e-01
9.553981041730481572e-01
9.553022773375836607e-01
9.555032464684036775e-01
9.554295788485280827e-01
9.555413649068460469e-01
9.554759983989091765e-01
9.554445156737771949e-01
9.555280930338975187e-01
9.555692405707448822e-01
9.555248110660655714e-01
9.556384552716546965e-01
9.557517906478087966e-01
9.556896928743634501e-01
9.558101195480654955e-01
9.557519764707386178e-01
9.558016897179455462e-01
9.504099281673360489e-01
9.787371901754550185e-01
9.869030487860876999e-01
1.008539491240731278e+00
1.015124517216805966e+00
1.021987479749238314e+00
1.029914487228783093e+00
1.036179402741739031e+00
1.041875511599211102e+00
1.044205012665462950e+00
1.044553015669060336e+00
1.044558231444012497e+00
1.044425992718845508e+00
1.044446116393217272e+00
1.044537635062178227e+00
1.053989712013690738e+00
1.055463279484933237e+00
1.055730753792032850e+00
1.055852146292371785e+00
1.055826443356234101e+00
1.055832578085108109e+00
1.055985859584599451e+00
1.055810145536930866e+00
1.056007820315811863e+00
1.055872780458034565e+00
1.055896138552327779e+00
1.055874282677636833e+00
1.055867873811297653e+00
1.055914639026100277e+00
1.055919594481704804e+00
1.055908138758823833e+00
1.056007876210373286e+00
1.055839282404032797e+00
1.055939839981311801e+00
1.055842170673875202e+00
1.055849769964868345e+00
1.055848896751198751e+00
1.055859388096241469e+00
1.055903679780576532e+00
1.055900945324017348e+00
1.055871396659665340e+00
1.055982883562658792e+00
1.055866660139100466e+00
1.055930685132305813e+00
1.055920057362685238e+00
1.055983212707445107e+00
1.055923936515652306e+00
1.056052319713623566e+00
1.055934687330198019e+00
1.056033240863412548e+00
1.056062096262404770e+00
1.056041926374727824e+00
1.055996251430665334e+00
1.056158828415453721e+00
1.056055145331704415e+00
1.056183525923146016e+00
1.056095189393623235e+00
1.056096969934278373e+00
1.056019309778707393e+00
1.056112240114830181e+00
1.056063560848370386e+00
1.056145853241845511e+00
1.056077628882302832e+00
1.056146812459745066e+00
1.056069915234776557e+00
1.056174284988580458e+00
1.056119067051978888e+00
1.056173304011258196e+00
1.056158051039500778e+00
1.056090916400215685e+00
1.056262307306037762e+00
1.056145195678729998e+00
1.056241210546192688e+00
1.056147226301200837e+00
1.056258200981081918e+00
1.056099868726651625e+00
1.056189740705420599e+00
1.056178101193005148e+00
1.056186542105211457e+00
1.056270848163215037e+00
1.056150239371553834e+00
1.056223990226932141e+00
1.056205511878091974e+00
1.056226273403330529e+00
1.056210360684718852e+00
1.056286577406953198e+00
1.056133237606382780e+00
1.056234428516577672e+00
1.056194685479678652e+00
1.056228402635250418e+00
1.056214935606263561e+00
1.056261085391908106e+00
1.056187987387505522e+00
1.056263077743182510e+00
1.056202418703642953e+00
1.056277999315722305e+00
1.056255570782764552e+00
1.056248256834687815e+00
1.056294964049135476e+00
1.056196832968913757e+00
1.055891962894691671e+00
1.068438174075040381e+00
1.078401303602865458e+00
1.081534527489081743e+00
1.086042013019349550e+00
1.091895775478818997e+00
1.099352787381861374e+00
1.099913048535147375e+00
1.103228952113512351e+00
1.105681749860423002e+00
1.106644226685700616e+00
1.113547880985296334e+00
1.115382455937927730e+00
1.115335624309523599e+00
1.115223320505950300e+00
1.115627125602113523e+00
1.115699825928111899e+00
1.117438938309671226e+00
1.117268938259510236e+00
1.117276343711472997e+00
1.117428241523088062e+00
1.117625223909860743e+00
1.117570265763776716e+00
1.117610009156934536e+00
1.117717086163138474e+00
1.117800533350923331e+00
1.117915176714485925e+00
1.117800696850827613e+00
1.117886816622055246e+00
1.117908288208231182e+00
1.117968237568965462e+00
1.117972247131301833e+00
1.118026923012402474e+00
1.118057976324888125e+00
1.118088183767258270e+00
1.118132958424331358e+00
1.118276284540815180e+00
1.118151289389856196e+00
1.118291585736287175e+00
1.118220494083946637e+00
1.118292103234153734e+00
1.118272649543625485e+00
1.118332830606794115e+00
1.118324729944008666e+00
1.118396663614066977e+00
1.118417156208076246e+00
1.118459341981377531e+00
1.118434088246460956e+00
1.118464892368776553e+00
1.118508952466416018e+00
1.118517293244705169e+00
1.118559876989108082e+00
1.118644839530511970e+00
1.118607039228311617e+00
1.118651313447128759e+00
1.118637168382062397e+00
1.118685819899761125e+00
1.118656956104229661e+00
1.118684039132853192e+00
1.118747664043323597e+00
1.118712212036394149e+00
1.118768518311736404e+00
1.118748321795543177e+00
1.118774036255619775e+00
1.118706223972560254e+00
1.118886235188529810e+00
1.118792723541562673e+00
1.118824761387080979e+00
1.118972046961617117e+00
1.118930051216818766e+00
1.118968773369607428e+00
1.119039777532286672e+00
1.118980013762153503e+00
1.119057168094308663e+00
1.119049694256776473e+00
1.119070690156362069e+00
1.119141424576120869e+00
1.119105851773539273e+00
1.119142867757446647e+00
1.119114572558072895e+00
1.119212033503237613e+00
1.119152129851994859e+00
1.119168148683812536e+00
1.119243673883381085e+00
1.119254026604145080e+00
1.119273225814510830e+00
1.119249942957346811e+00
1.119290516664728896e+00
1.119204350312311691e+00
1.119291153155101304e+00
1.119373821695978100e+00
1.119312140495853036e+00
1.119407111678194955e+00
1.119346882252493902e+00
1.119380490632477576e+00
1.119363600050522267e+00
1.119412824322883582e+00
1.119380928520269158e+00
1.119412387274395737e+00
1.119322678165745044e+00
1.119143052610026778e+00
1.120898681556349086e+00
1.124769317775971444e+00
1.125527514465215040e+00
1.128610792496085757e+00
1.127866634685890546e+00
1.130978549698225644e+00
1.130918303799447466e+00
1.130570261331663273e+00
1.130444126938441096e+00
1.133944932721010712e+00
1.134290179502069229e+00
1.134244838457887816e+00
1.136150803204681647e+00
1.136130197210318826e+00
1.136756042971459824e+00
1.138611818923027208e+00
1.138636482011489148e+00
1.138611515386488859e+00
1.138505532736523440e+00
1.138945121570430263e+00
1.138990353766614172e+00
1.138963379518541208e+00
1.138959941092185568e+00
1.138969704833082242e+00
1.138946675684596954e+00
1.139029710877196955e+00
1.139012886757879484e+00
1.139048299669636055e+00
1.139028198753814003e+00
1.139100850343240934e+00
1.138935035024620790e+00
1.139069474155356199e+00
1.139076753343680970e+00
1.139099606456907443e+00
1.139107915807648919e+00
1.139166125008878927e+00
1.139190949160996613e+00
1.139202019637864494e+00
1.139210002199991800e+00
1.139237537798332145e+00
1.139229867042753863e+00
1.139303589971359498e+00
1.139248920178229207e+00
1.139293574621273342e+00
1.139241121802576640e+00
1.139266707919246890e+00
1.139310686230908365e+00
1.139323070919112668e+00
1.139358131823391629e+00
1.139406611859839824e+00
1.139343447916236096e+00
1.139385233462256286e+00
1.139383347766553367e+00
1.139403883394815908e+00
1.139381808127104323e+00
1.139458919394509495e+00
1.139437025893693445e+00
1.139425785651088319e+00
1.139436600010272915e+00
1.139426792184466519e+00
1.139482466807455907e+00
1.139441195932278106e+00
1.139453888973743112e+00
1.139452740654110841e+00
1.139486923806199536e+00
1.139462323757090445e+00
1.139470407205344094e+00
1.139485039482000195e+00
1.139484162325504757e+00
1.139493235848353603e+00
1.139515080571140926e+00
1.139523888056714895e+00
1.139509422715793585e+00
1.139520119896993089e+00
1.139511105910025579e+00
1.139520846654275443e+00
1.139513856712123019e+00
1.139560501907326717e+00
1.139479411256888453e+00
1.139522132805344867e+00
1.139546680627458564e+00
1.139539842193681318e+00
1.139612091089619916e+00
1.139542977934378643e+00
1.139569387068551931e+00
1.139560618026016492e+00
1.139569545520350724e+00
1.139562922224416353e+00
1.139575310421591325e+00
1.139566562666877836e+00
1.139657508117462914e+00
1.139587640580999484e+00
1.139597292239545645e+00
1.139587863713293014e+00
1.139596759458627595e+00
1.139562442132426190e+00
1.139651332720572396e+00
1.139607392610832992e+00
1.139659755647310924e+00
