2.450749389012254753e-01
2.448645646331145398e-01
2.447342940113239607e-01
2.446084081031865698e-01
2.444470665348488225e-01
2.443747610733953690e-01
2.442563316483839231e-01
2.442061082636485247e-01
2.441537561991614924e-01
2.441301743055664941e-01
2.440961520991056788e-01
2.440735621783910736e-01
2.440340974451880585e-01
2.440112942999786150e-01
2.439450174235579805e-01
2.439318846166663446e-01
2.438923555467496507e-01
2.438418539081172731e-01
2.438429823050862755e-01
2.437991329426033305e-01
2.437764835964735255e-01
2.437647904667739340e-01
2.437425966946818456e-01
2.437415036850350269e-01
2.437181843206611132e-01
2.437289952594601794e-01
2.437366888761000605e-01
2.436964247814878137e-01
2.436943257443218713e-01
2.436683545811970941e-01
2.436866576989144551e-01
2.436772959154486773e-01
2.436277386933707045e-01
2.436242365698622625e-01
2.436031776046530262e-01
2.436352137115421757e-01
2.436190971429550434e-01
2.436002307022513136e-01
2.435836385806596505e-01
2.435704953151850982e-01
2.436023132726821694e-01
2.435880048296228118e-01
2.435673211633590240e-01
2.435486795133900706e-01
2.435356446963237165e-01
2.435619234842760772e-01
2.435536246356630741e-01
2.435279350998192094e-01
2.435267940640367668e-01
2.435083623685640741e-01
2.435259642849795236e-01
2.435209176344659276e-01
2.434900469095992448e-01
2.434861856972058147e-01
2.434711023247164152e-01
2.434575425130147408e-01
2.434448189239271643e-01
2.434285213597810749e-01
2.434139932200095335e-01
2.434133075511553668e-01
2.433966668424140667e-01
2.433972176123371800e-01
2.433807112080226542e-01
2.433814251161050823e-01
2.433694331787192855e-01
2.433680681975198268e-01
2.433528945755592532e-01
2.433482451928103418e-01
2.433384706117818486e-01
2.433308618368738852e-01
2.433223441602433146e-01
2.433148122343111175e-01
2.433040321380377513e-01
2.433014862558969538e-01
2.432911953214575151e-01
2.432858493522229992e-01
2.432730968665432203e-01
2.432708944556374875e-01
2.432573353970707564e-01
2.432456222661942002e-01
2.432404788930382089e-01
2.432313865559882771e-01
2.432274817175736348e-01
2.432183810848740080e-01
2.432128267835679258e-01
2.432040976548111300e-01
2.432020007556451868e-01
2.431942457836341054e-01
2.431870272830487512e-01
2.431781790408672483e-01
2.431724629569395890e-01
2.431682229678783780e-01
2.431643448978347555e-01
2.431586081279948908e-01
2.431548534367964920e-01
2.431503771781554912e-01
2.431432679150239140e-01
2.431378587168839256e-01
2.431307291218453570e-01
2.431293350891561844e-01
2.429799960493248534e-01
2.429173600411168310e-01
2.428210365448985331e-01
2.428162060481135198e-01
2.427375383993763680e-01
2.427668983613095188e-01
2.427130995739145980e-01
2.427183379122465900e-01
2.426751469412622153e-01
2.426675063518587416e-01
2.426624446452391726e-01
2.426454310678841930e-01
2.426349976270864572e-01
2.426309635392754072e-01
2.426105380013164892e-01
2.426294840523720298e-01
2.426022349316632742e-01
2.426003769555327150e-01
2.425812688943646267e-01
2.425670589968724200e-01
2.425753281348948798e-01
2.425546597819723260e-01
2.425449233807792093e-01
2.425262712977894475e-01
2.425181299309185079e-01
2.425388866550267919e-01
2.425183341390954594e-01
2.425216053405583050e-01
2.425044915098713005e-01
2.425044794236649592e-01
2.425254750251751024e-01
2.425120585675447360e-01
2.425132678091329319e-01
2.425047262673429016e-01
2.425055414805015741e-01
2.425197038101158109e-01
2.425136851591745413e-01
2.425109876265598152e-01
2.425077582430652245e-01
2.425016984700542333e-01
2.425147893864936788e-01
2.425086245645678151e-01
2.425065837961976889e-01
2.424976871333846262e-01
2.424964858876360041e-01
2.425095693176695932e-01
2.425013750797838374e-01
2.424987099557351644e-01
2.424923169594597749e-01
2.424882512491692566e-01
2.424968440760506827e-01
2.424884527814103186e-01
2.424872209245324539e-01
2.424862909391155008e-01
2.424807692650212398e-01
2.424824222311803834e-01
2.424766293983850740e-01
2.424777967006954693e-01
2.424723347876745483e-01
2.424728185122593527e-01
2.424674122582107516e-01
2.424684280048445550e-01
2.424618310219648354e-01
2.424640524293366073e-01
2.424569616591353283e-01
2.424597637202527967e-01
2.424536890431412406e-01
2.424563518708164334e-01
2.424513983950053186e-01
2.424545374881410253e-01
2.424491902911017627e-01
2.424522438766514021e-01
2.424474764737637178e-01
2.424489901797253488e-01
2.424448032528245811e-01
2.424469041950035320e-01
2.424415930444771272e-01
2.424452749840613486e-01
2.424399190845245855e-01
2.424428641779120541e-01
2.424375725405843729e-01
2.424410055519556628e-01
2.424357446111998493e-01
2.424397545180462799e-01
2.424344626403246439e-01
2.424361586125728107e-01
2.424314962384807592e-01
2.424333947193628991e-01
2.424290251881732472e-01
2.424316313763741626e-01
2.424266020728433890e-01
2.424291719534489020e-01
2.424249422678604882e-01
2.424261482727911032e-01
2.424224445506360237e-01
2.424241035348951856e-01
2.424202801518850758e-01
2.424223307221864410e-01
2.424182415603788332e-01
2.424199208421304874e-01
2.423959621015905896e-01
2.423778520627695443e-01
2.423645547067203310e-01
2.423568793082278017e-01
2.423460985322499484e-01
2.423466650341879469e-01
2.423355323152402152e-01
2.423368269063372049e-01
2.423299317404020714e-01
2.423315737036308426e-01
2.423295645874045667e-01
2.423318093959054842e-01
2.423289107611840965e-01
2.423289932322446050e-01
2.423264150027107100e-01
2.423311269236735899e-01
2.423289891881149072e-01
2.423299074804781406e-01
2.423284998905383125e-01
2.423285758218952368e-01
2.423313814088460527e-01
2.423303747921604079e-01
2.423319054432833131e-01
2.423328652644873848e-01
2.423324370217501966e-01
2.423333383296859822e-01
2.423332964755076924e-01
2.423331944152510020e-01
2.423333591518852248e-01
2.423334447771143541e-01
2.423392564558801143e-01
2.423394413441110895e-01
2.423407979024706227e-01
2.423401701616702819e-01
2.423408383293347568e-01
2.423443423123988472e-01
2.423457495458169186e-01
2.423446482075854447e-01
2.423473507902545454e-01
2.423458204467182631e-01
2.423494815800437407e-01
2.423496951935108501e-01
2.423507171971217011e-01
2.423508105331233509e-01
2.423517577624592911e-01
2.423554240010954985e-01
2.423558028422980459e-01
2.423560451144320393e-01
2.423573518419187278e-01
2.423570159077194641e-01
2.423604781786027340e-01
2.423598248619791840e-01
2.423607737575400045e-01
2.423601342182967189e-01
2.423601797708158923e-01
2.423604669102277231e-01
2.423606697146009070e-01
2.423599913563452557e-01
2.423601598077733399e-01
2.423600345955768398e-01
2.423602059238615103e-01
2.423593880479692486e-01
2.423598114968991690e-01
2.423591575493036776e-01
2.423592909926796934e-01
2.423591817628692746e-01
2.423589560011413790e-01
2.423585361955382933e-01
2.423585016064071229e-01
2.423580909989904719e-01
2.423585848806978638e-01
2.423578697709021235e-01
2.423581590114347872e-01
2.423575935471259102e-01
2.423580981843771187e-01
2.423576351846972732e-01
2.423579351042711716e-01
2.423575528164939596e-01
2.423573794706234408e-01
2.423568279549250803e-01
2.423568913877795772e-01
2.423562873806949236e-01
2.423564943541841321e-01
2.423558622236291482e-01
2.423562423862171411e-01
2.423555929737701009e-01
2.423558014792303039e-01
2.423551940767119661e-01
2.423554809415590650e-01
2.423546928744921836e-01
2.423550491459982581e-01
2.423542953702276237e-01
2.423548240003694232e-01
2.423532690956828883e-01
2.423542659805844879e-01
2.423529865256662807e-01
2.423534244491074852e-01
2.423523634750288369e-01
2.423523085408278432e-01
2.423518268073212856e-01
2.423513268135443488e-01
2.423384860733315271e-01
2.423374077214286992e-01
2.423329667783224173e-01
2.423331631725829660e-01
2.423321810691552447e-01
2.423309529776284388e-01
2.423310375704290920e-01
2.423306835405928394e-01
2.423305582010804871e-01
2.423317848147175935e-01
2.423312210066142225e-01
2.423329579289757729e-01
2.423315237368251496e-01
2.423330650104761896e-01
2.423319882991576413e-01
2.423340860700831934e-01
2.423325759341249663e-01
2.423344996174497945e-01
2.423333314244075221e-01
2.423334190289515855e-01
2.423329694542227242e-01
2.423338231261641940e-01
2.423334182120592817e-01
2.423343799755879879e-01
2.423349200763596500e-01
2.423351650309284733e-01
2.423347195751269778e-01
2.423353359767530524e-01
2.423351493972594195e-01
2.423352378033996612e-01
2.423358351291833579e-01
2.423358532929482112e-01
2.423362161707037776e-01
2.423363237143626725e-01
2.423365838910756520e-01
2.423372655391838881e-01
2.423371072261348846e-01
2.423372601856163544e-01
2.423374876001873901e-01
2.423381659110844799e-01
2.423381930916080618e-01
2.423383817914295524e-01
2.423384718249175507e-01
2.423390124909272081e-01
2.423394412734527770e-01
2.423398847254042976e-01
2.423399839518938503e-01
2.423403204804247257e-01
2.423405414314206696e-01
2.423412410465451694e-01
2.423415626766630415e-01
2.423415119743960733e-01
2.423416241613533806e-01
2.423415773757245095e-01
2.423418840290301468e-01
2.423417108340413517e-01
2.423420334251126518e-01
2.423421753415392899e-01
2.423422639656717947e-01
2.423424872288587884e-01
2.423424921893442829e-01
2.423429287592240577e-01
2.423427251129338100e-01
2.423438259242329529e-01
2.423431544681522720e-01
2.423433678619568155e-01
2.423433571267169795e-01
2.423433958610320682e-01
2.423434897276128264e-01
2.423432802067536640e-01
2.423434070057965128e-01
2.423436115953313263e-01
2.423435283072833957e-01
2.423436072779169281e-01
2.423433929175355384e-01
2.423434465764239265e-01
2.423434445377888602e-01
2.423434178203460743e-01
2.423433508156220551e-01
2.423433251299716706e-01
2.423431912277490552e-01
2.423432150947217034e-01
2.423431308463682154e-01
2.423431267145426116e-01
2.423430061884110365e-01
2.423427799634099433e-01
2.423427688784305367e-01
2.423423570074448030e-01
2.423424721861276998e-01
2.423420421125389301e-01
2.423422282043822817e-01
2.423419049682336290e-01
2.423419966724822405e-01
2.423418384421583693e-01
2.423417591350866818e-01
2.423417591350866818e-01
2.423417591350866818e-01
2.423417591350866818e-01
2.423417591350866818e-01
2.423450510112713785e-01
2.423436492523679264e-01
2.423449272125334231e-01
2.423440254136534355e-01
2.423448965808783773e-01
2.423439345203070583e-01
2.423433148465457820e-01
2.423433132397515011e-01
2.423432948198341874e-01
2.423427381563643401e-01
2.423419485998919987e-01
2.423412355335052837e-01
2.423408147169876514e-01
2.423407399947890284e-01
2.423401252601413980e-01
2.423397651363550509e-01
2.423399910701324877e-01
2.423398291850967778e-01
2.423396545463538665e-01
2.423395435111414531e-01
2.423391956736140607e-01
2.423389617277983688e-01
2.423391194560970685e-01
2.423389102150870777e-01
2.423390661624396369e-01
2.423387610664022029e-01
2.423388944956162139e-01
2.423388624155007609e-01
2.423388893340301109e-01
2.423389147211125472e-01
2.423387791105245104e-01
2.423386911836920010e-01
2.423386963119194271e-01
2.423384624448287061e-01
2.423385461079404224e-01
2.423384612621872769e-01
2.423385171235508118e-01
2.423384331255874491e-01
2.423382773058334883e-01
2.423383087347395770e-01
2.423379475990992959e-01
2.423380002540729272e-01
2.423378438143612701e-01
2.423377768834453494e-01
2.423377704142870293e-01
2.423378450267935635e-01
2.423374821166285054e-01
2.423376781273726133e-01
2.423373950688060829e-01
2.423375040218016807e-01
2.423375771465438033e-01
2.423374069294858268e-01
2.423373855115949216e-01
2.423373130262799491e-01
2.423371742232811599e-01
2.423372082992623355e-01
2.423371979429290168e-01
2.423371224361172138e-01
2.423371648759308772e-01
2.423371353328115929e-01
2.423370130728822180e-01
2.423369585548566796e-01
2.423369585548566796e-01
2.423369585548566796e-01
2.423369585548566796e-01
2.423369585548566796e-01
2.423369585548566796e-01
2.423369585548566796e-01
2.423369585548566796e-01
2.423369585548566796e-01
2.423369585548566796e-01
2.423369585548566796e-01
2.423369585548566796e-01
2.423369585548566796e-01
2.423369585548566796e-01
2.423369585548566796e-01
2.423369585548566796e-01
2.423369585548566796e-01
2.423369585548566796e-01
2.423369585548566796e-01
2.423369585548566796e-01
2.423369585548566796e-01
2.423369585548566796e-01
2.423369585548566796e-01
2.423369585548566796e-01
2.423369585548566796e-01
2.423369585548566796e-01
2.423369585548566796e-01
2.423369585548566796e-01
2.423369585548566796e-01
2.423369585548566796e-01
2.423369585548566796e-01
2.423369585548566796e-01
2.423369585548566796e-01
2.423369585548566796e-01
2.423369585548566796e-01
2.423369585548566796e-01
2.423369585548566796e-01
2.423369585548566796e-01
2.423369585548566796e-01
