3.713461791147182889e-01
3.368652719155187381e-01
3.199871309052273460e-01
3.021851684195656085e-01
2.914097397023170388e-01
2.927177050143233705e-01
2.868505941248063462e-01
2.710051926960994617e-01
2.636077816044472555e-01
2.578387087196352123e-01
2.728057688982576945e-01
2.664571464299115844e-01
2.654151739921337128e-01
2.586939586457314699e-01
2.549982806408460645e-01
2.579881817039632041e-01
2.509880983838654323e-01
2.467500971472766369e-01
2.435518779386494082e-01
2.434000784457809596e-01
2.435858274570824045e-01
2.409109073309265159e-01
2.388911087416368539e-01
2.358961312490039375e-01
2.349112478078352606e-01
2.338558623908281453e-01
2.263760818429643440e-01
2.257593151004471665e-01
2.229221081770824675e-01
2.220007253642651557e-01
2.211992809255627079e-01
2.170899974199960725e-01
2.155762990123774314e-01
2.131191988238064494e-01
2.126961519475559781e-01
2.130726245316170719e-01
2.134700837195755430e-01
2.116561930558456539e-01
2.120356786058877896e-01
2.119822926127390150e-01
2.136595743715619944e-01
2.125950405095547169e-01
2.121535109236066530e-01
2.119411759123585592e-01
2.116710653567421552e-01
2.153306956575162245e-01
2.151954157950318469e-01
2.144321078373169487e-01
2.159886511208591597e-01
2.135768726134889273e-01
2.157380559962593924e-01
2.109197328150406170e-01
2.123968881321512681e-01
2.124126433555093840e-01
2.123547702549412886e-01
2.123774870207466026e-01
2.123431324198342407e-01
2.115285439106212029e-01
2.117301021954783313e-01
2.117113092265788254e-01
2.117214133116924191e-01
2.116813923066798442e-01
2.116673158641449171e-01
2.116348660663830428e-01
2.116244157715467811e-01
2.115936888881323752e-01
2.105077144113946530e-01
2.104894298058549440e-01
2.106476772829493915e-01
2.106489693673812003e-01
2.106675143622626922e-01
2.106417772174970227e-01
2.106640524886478627e-01
2.106400984998319237e-01
2.106616087627427580e-01
2.032927129971753843e-01
2.028316303226654627e-01
2.028222250963901407e-01
2.027921435874232847e-01
2.027934035659932910e-01
2.027540785003920376e-01
2.027622320876861506e-01
2.024656837525330710e-01
2.023957748439956517e-01
2.023867416640889039e-01
2.023568793189972626e-01
2.023612666771790469e-01
2.025468654343658692e-01
2.025297599205720389e-01
2.025156546961464632e-01
2.025195207555905430e-01
2.025255402265225269e-01
2.025240421771097310e-01
2.025323272151142162e-01
2.025292828622917429e-01
2.025270826285663628e-01
2.025284218772683276e-01
2.025336962758934878e-01
2.025278064137772394e-01
2.025369723356202911e-01
2.010419401561674424e-01
1.960915718292761956e-01
1.946107055198340041e-01
1.927470059469932051e-01
1.917534367979266685e-01
1.903084353630042636e-01
1.878268454686468636e-01
1.875905322490498406e-01
1.875992285085635314e-01
1.875730949590907193e-01
1.873810166350036444e-01
1.873462377957567371e-01
1.873644923973219467e-01
1.873394648526735817e-01
1.872909819679918209e-01
1.872705021239602918e-01
1.872626105885200898e-01
1.859519151880673904e-01
1.859534858575611904e-01
1.859201256147331172e-01
1.859186258685811555e-01
1.858664290357952553e-01
1.855150201709051816e-01
1.854753732327445170e-01
1.854820475566952287e-01
1.854641942458534198e-01
1.854507063470489658e-01
1.854346690125893704e-01
1.854295472532904165e-01
1.854331379758978049e-01
1.854385051947682328e-01
1.854261175059213618e-01
1.854366618516923304e-01
1.854242596616545169e-01
1.811085849721467134e-01
1.810316972737909258e-01
1.807348888601977011e-01
1.806798136888336515e-01
1.806677770027447505e-01
1.806601423579073940e-01
1.806802902784605536e-01
1.806471357554420565e-01
1.806459553593506573e-01
1.806278217387232710e-01
1.805672856508313551e-01
1.805402883748947473e-01
1.805369780694766890e-01
1.805221240518853354e-01
1.800920346541759476e-01
1.800010925092367653e-01
1.800146704519922369e-01
1.799841529491413017e-01
1.799719632758401411e-01
1.799575531697273356e-01
1.799738862754349245e-01
1.799640643066471035e-01
1.800141732449520027e-01
1.800235974143124806e-01
1.799809716091164413e-01
1.799776019282387507e-01
1.799583604518360802e-01
1.799586558749771692e-01
1.797443498451450627e-01
1.797315590914487782e-01
1.797474117212125022e-01
1.797146898916789914e-01
1.797361931198351026e-01
1.797174517092778590e-01
1.797345687140086412e-01
1.797353458914263957e-01
1.797252176408608570e-01
1.797320575015889654e-01
1.797187498743428868e-01
1.797346076232920475e-01
1.797271666152904790e-01
1.797321387001692694e-01
1.797206870217684105e-01
1.797301698009335924e-01
1.797183694110774388e-01
1.797354645634224590e-01
1.797098440521832652e-01
1.797103785002748810e-01
1.797344271831040896e-01
1.797209008118941242e-01
1.797150361811236108e-01
1.797185870555451925e-01
1.797084147677195654e-01
1.797178863223391487e-01
1.797049929876272101e-01
1.797149555641722740e-01
1.797013988296385367e-01
1.797096135247956972e-01
1.796976087120199794e-01
1.797059848436937113e-01
1.796926999564198713e-01
1.796990735524308658e-01
1.750994088193160714e-01
1.751985053204387632e-01
1.751684512995676513e-01
1.751815299320203800e-01
1.750950496272058732e-01
1.751134155071979170e-01
1.751174457803528484e-01
1.751340839097839663e-01
1.751343356337392021e-01
1.751293720218554950e-01
1.751374032810480430e-01
1.751795760471545615e-01
1.751783813616543395e-01
1.751756101065322369e-01
1.751761720850461834e-01
1.751535617780155540e-01
1.751448777420490099e-01
1.751573976781141406e-01
1.751313574150906993e-01
1.751334687144734947e-01
1.751335131568679537e-01
1.751335357930288439e-01
1.751335362767935944e-01
1.751337934461957846e-01
1.751448773901055633e-01
1.751255784012186179e-01
1.751154610494115027e-01
1.751103639803485712e-01
1.751111817909821178e-01
1.751129993440055377e-01
1.751062215678505229e-01
1.751099064345979783e-01
1.750985407417353368e-01
1.751170957522552862e-01
1.751127616084816319e-01
1.751081726084645351e-01
1.751176962421289174e-01
1.751101262864726282e-01
1.751217699748140733e-01
1.751152973604657992e-01
1.751180379170970969e-01
1.751118812167766214e-01
1.751216857970564755e-01
1.750962728066801644e-01
1.751094355894684540e-01
1.750881039011306928e-01
1.751042950304451951e-01
1.751037029253869615e-01
1.751012895685232218e-01
1.751093264571853270e-01
1.751040651839567974e-01
1.750905710247091240e-01
1.750954295051324883e-01
1.750995268294817109e-01
1.750982484477044965e-01
1.751017879594141402e-01
1.750902145897414164e-01
1.750944295282983731e-01
1.750998145592075339e-01
1.751153902489742120e-01
1.751005255751881817e-01
1.750915448915893735e-01
1.750935917784900153e-01
1.750942483880641998e-01
1.750949497565025825e-01
1.751014521648784905e-01
1.750876937954765067e-01
1.750937669745123992e-01
1.750840693294136441e-01
1.750892828555103142e-01
1.751042947102496583e-01
1.750844923726623814e-01
1.750989131061495285e-01
1.750845720794368121e-01
1.750915208146771873e-01
1.750970590350680589e-01
1.750800965860634384e-01
1.750870229620996033e-01
1.750944072975686716e-01
1.750971281168227645e-01
1.750828944139439791e-01
1.750891699258503853e-01
1.750992408253410904e-01
1.750872261100197835e-01
1.750942996816982899e-01
1.750986902426706071e-01
1.750845040474433290e-01
1.750894146133706863e-01
1.750978843207678382e-01
1.751001622366279986e-01
1.750867856841204218e-01
1.750906270103663731e-01
1.751024904292486639e-01
1.750897296445567408e-01
1.751162338664183082e-01
1.750985847712774879e-01
1.750799107897779427e-01
1.750845186368133466e-01
1.750992299898193605e-01
1.751006936348333820e-01
1.751031378408334505e-01
1.750947831250210251e-01
1.750978938062818513e-01
1.751068376042758945e-01
1.750841185055347082e-01
1.750852487908170774e-01
1.750889309449554232e-01
1.750882573139428133e-01
1.750882151948253973e-01
1.750971435900782747e-01
1.750963290739222245e-01
1.750977739892518315e-01
1.750973752196969546e-01
1.750997474366345341e-01
1.751017081696365496e-01
1.751016231068917017e-01
1.750930098214182329e-01
1.750956476033379283e-01
1.750974028035895691e-01
1.751008500698985892e-01
1.751008326303896689e-01
1.751006834872756157e-01
1.751195971073143676e-01
1.751191771857881219e-01
1.751195734532867143e-01
1.751183573382902314e-01
1.751231212538775506e-01
1.751192731121198887e-01
1.751163841614965522e-01
1.751205476183873289e-01
1.751196778668289711e-01
1.751189775400186222e-01
1.751190089825296337e-01
1.751198358599028726e-01
1.751208526107023433e-01
1.751208902711326176e-01
1.751208847097784072e-01
1.751208202026149074e-01
1.751142569796655113e-01
1.751170731170819117e-01
1.751181473524454635e-01
1.751187003293106503e-01
1.751185469366764447e-01
1.751188894966302367e-01
1.751202453807258197e-01
1.751202378002544024e-01
1.751202377766246376e-01
1.751202233479497439e-01
1.751200587292581212e-01
1.751276030721282406e-01
1.751182229066628182e-01
1.751226252833500419e-01
1.751194050426261306e-01
1.751191061594658260e-01
1.751208507200828768e-01
1.751133890010149186e-01
1.751140978523861580e-01
1.751145101782308477e-01
1.751148709501954559e-01
1.751152609712305908e-01
1.751203462607122119e-01
1.751158876656604968e-01
1.751158946589815024e-01
1.751158947097757601e-01
1.751158947604828375e-01
1.751158948111008196e-01
1.751158948616338140e-01
1.751158949120829866e-01
1.751158949624481431e-01
1.751158950127324476e-01
1.751158950629367328e-01
1.751158951130610819e-01
1.751158951631074379e-01
1.751158952130901780e-01
1.751158952629975063e-01
1.751158953128256202e-01
1.751158953625790715e-01
1.751158954122586653e-01
1.751158954618652341e-01
1.751158955113994720e-01
1.751158955608622669e-01
1.751158956102543407e-01
1.751158956595765259e-01
1.751158957088295720e-01
1.751158957580143116e-01
1.751158958071312999e-01
1.751158958561814249e-01
1.751158959051652975e-01
1.751158959540835836e-01
1.751158960029370049e-01
1.751158960517262275e-01
1.751158961004518899e-01
1.751158961491146304e-01
1.751158961977145601e-01
1.751158962462529001e-01
1.751158962947301501e-01
1.751158963431469762e-01
1.751158963915039335e-01
1.751158964398014106e-01
1.751158964880399904e-01
1.751158965362204500e-01
1.751158965843433446e-01
1.751158966324091459e-01
1.751158966804184924e-01
1.750803813252071184e-01
1.750787440351088686e-01
1.750798982388770686e-01
1.750788477029348034e-01
1.750802685466409658e-01
1.750815632593805127e-01
1.750802640476342709e-01
1.750812713554124878e-01
1.750801230945321085e-01
1.750809189276833489e-01
1.750824061622766603e-01
1.750807764655225862e-01
1.750797805549716146e-01
1.750807045580606014e-01
1.750795491620471267e-01
1.750787556633933151e-01
1.750812619452201402e-01
1.750795551609811707e-01
1.750754832305842223e-01
1.750756837854546555e-01
1.750705430434634780e-01
1.750716363066539272e-01
1.750731858378697103e-01
1.750723726956021631e-01
1.750731379059780879e-01
1.750745436638645736e-01
1.750728391755409508e-01
1.750717750236115700e-01
1.750748667770527511e-01
1.750728303358853044e-01
1.750731254231142342e-01
1.750715420937392075e-01
1.750718666090435027e-01
1.750704888997706155e-01
1.750708603170897382e-01
1.750717125691175213e-01
1.750699943181602547e-01
1.750704958798632305e-01
1.750669084092144334e-01
1.750685427265623595e-01
1.750674182269401635e-01
1.750691451641996355e-01
1.750652064835815092e-01
1.750641947985197566e-01
1.750646853773845379e-01
1.750657375628205947e-01
1.750534984903478197e-01
1.750550091670341757e-01
1.750587760292507677e-01
1.750593398865973871e-01
1.750603149865104791e-01
1.750565214625123822e-01
1.750568223807009161e-01
1.750571822761818608e-01
1.750574386167999541e-01
1.750579414659310107e-01
1.750279938093682874e-01
1.750333669246674495e-01
1.750350520629133932e-01
1.750467761035501280e-01
1.750469659809446854e-01
1.750470601897103351e-01
1.750471140250683399e-01
1.750426989510198983e-01
1.750432565389851702e-01
1.750439236196493498e-01
1.750439073602952644e-01
1.750442747805490695e-01
1.750420606557387126e-01
1.750430860727539839e-01
1.750415178883827361e-01
1.750421495214172785e-01
1.750388790567609099e-01
1.750392564611567281e-01
1.750400326875160284e-01
1.750325700797110695e-01
1.750330923582424369e-01
1.750344600138866447e-01
1.750356274319770089e-01
1.750362438081241034e-01
1.750341694582827068e-01
1.750346714292608241e-01
1.750334259888953470e-01
1.750340260002628823e-01
1.750324806502789043e-01
1.750327407209039121e-01
1.750274837313220977e-01
1.750279718066716783e-01
1.750287795929005297e-01
1.750292056898735127e-01
1.750324157717897122e-01
1.750297949127717356e-01
1.750282546056457222e-01
1.750270562402540531e-01
1.750262885011690250e-01
1.750270853134529014e-01
1.750241769923833735e-01
1.750266289356422755e-01
1.750243619287362162e-01
1.750222546917791777e-01
