2.316404772731130990e-01
2.302495561340702490e-01
2.290776592770694398e-01
2.283543239040775608e-01
2.273939557564879643e-01
2.262371247496577364e-01
2.252269461892462132e-01
2.243098333841165859e-01
2.237842380225971428e-01
2.231992920148312132e-01
2.221440723239719861e-01
2.217584382630905238e-01
2.209924706424599705e-01
2.207225792226791827e-01
2.203354367321085638e-01
2.196160465987595234e-01
2.192734034714900748e-01
2.188387879188114782e-01
2.185546295778741377e-01
2.182548877137310273e-01
2.172295009015443312e-01
2.171879380390109027e-01
2.165766135986904040e-01
2.164651663345825150e-01
2.158431043799524662e-01
2.150293862602241091e-01
2.148584171288567268e-01
2.144855102069826991e-01
2.142313531754941047e-01
2.139023110141652084e-01
2.134351096514713053e-01
2.130495745394377083e-01
2.128029544062827183e-01
2.125019940739201196e-01
2.122649738413327769e-01
2.119760375448215273e-01
2.118111910044788715e-01
2.115078640970166901e-01
2.112277658978545802e-01
2.110864936851919726e-01
2.107984046022033098e-01
2.105134806301145745e-01
2.102790115063378484e-01
2.102301067254697675e-01
2.100174260836753237e-01
2.099508151626522934e-01
2.095419877783741835e-01
2.095313627598073269e-01
2.093507856759468377e-01
2.092637895244631174e-01
2.090483108779323251e-01
2.088484419290165262e-01
2.087439745254754675e-01
2.086405067753707154e-01
2.084888560042526540e-01
2.083814475237408259e-01
2.083087832574503917e-01
2.082548215088642907e-01
2.081850576963225341e-01
2.080799463205299238e-01
2.079628957571356407e-01
2.078701576689622466e-01
2.077577471787765695e-01
2.076761950773057530e-01
2.075467882541131293e-01
2.075025441434877049e-01
2.073944401759523770e-01
2.073580102422298010e-01
2.073457834508879993e-01
2.073457866700148811e-01
2.073457866700148811e-01
2.073457866700148811e-01
2.073457866700148811e-01
2.073457866700148811e-01
2.073457866700148811e-01
2.073457866700148811e-01
2.073457866700148811e-01
2.073457866700148811e-01
2.073457866700148811e-01
2.073457866700148811e-01
2.073457866700148811e-01
2.073457866700148811e-01
2.073457866700148811e-01
2.073457866700148811e-01
2.073457866700148811e-01
2.073457866700148811e-01
2.073457866700148811e-01
2.073457866700148811e-01
2.073457866700148811e-01
2.073457866700148811e-01
2.073457866700148811e-01
2.073457866700148811e-01
2.073457866700148811e-01
2.073457866700148811e-01
2.073457866700148811e-01
2.073457866700148811e-01
2.073457866700148811e-01
2.073457866700148811e-01
2.073457866700148811e-01
2.073457866700148811e-01
2.060092114697631149e-01
2.060451517494427676e-01
2.058198384301791750e-01
2.058364116402905675e-01
2.056380087555076674e-01
2.055161728955074707e-01
2.053005407669105387e-01
2.053524075467965948e-01
2.051527551797352744e-01
2.052200582778346549e-01
2.050046540793764027e-01
2.048716731050675699e-01
2.048673120240289969e-01
2.048170181217812691e-01
2.048190286800180837e-01
2.046341686406692451e-01
2.045579947093807693e-01
2.045377708851068010e-01
2.045008537498134715e-01
2.044874043381002815e-01
2.043227458527202001e-01
2.042918654643467447e-01
2.042191743492269285e-01
2.042432101247071696e-01
2.041748417785211878e-01
2.040832440762256894e-01
2.040210531386206783e-01
2.040257814116555879e-01
2.040047226068786579e-01
2.039936480191763823e-01
2.038495232930698786e-01
2.038430803207554598e-01
2.038273766963523970e-01
2.038416899317436193e-01
2.038211247374708268e-01
2.036979393954526096e-01
2.036733566362892434e-01
2.036717957371102505e-01
2.036522341866225105e-01
2.036547219887208660e-01
2.035664284727456974e-01
2.035677466340092001e-01
2.035230039623706633e-01
2.035307623453455339e-01
2.034993692787686603e-01
2.034316622156140952e-01
2.034038403698087971e-01
2.033792174023122401e-01
2.033712745791354248e-01
2.033595282833028373e-01
2.032552009138385574e-01
2.032800139211751456e-01
2.032287738401040988e-01
2.032517050020823113e-01
2.032182043727764897e-01
2.032425136306645064e-01
2.032177426670910558e-01
2.032177426670910558e-01
2.032177426670910558e-01
2.032177426670910558e-01
2.032177426670910558e-01
2.032177426670910558e-01
2.032177426670910558e-01
2.032177426670910558e-01
2.032177426670910558e-01
2.032177426670910558e-01
2.032177426670910558e-01
2.032177426670910558e-01
2.032177426670910558e-01
2.032177426670910558e-01
2.032177426670910558e-01
2.032177426670910558e-01
2.032177426670910558e-01
2.032177426670910558e-01
2.032177426670910558e-01
2.032177426670910558e-01
2.032177426670910558e-01
2.032177426670910558e-01
2.032177426670910558e-01
2.032177426670910558e-01
2.032177426670910558e-01
2.032177426670910558e-01
2.032177426670910558e-01
2.032177426670910558e-01
2.032177426670910558e-01
2.032177426670910558e-01
2.032177426670910558e-01
2.032177426670910558e-01
2.032177426670910558e-01
2.032177426670910558e-01
2.032177426670910558e-01
2.032177426670910558e-01
2.032177426670910558e-01
2.032177426670910558e-01
2.032177426670910558e-01
2.032177426670910558e-01
2.032177426670910558e-01
2.032177426670910558e-01
2.032177426670910558e-01
2.032177426670910558e-01
2.032259461289280811e-01
2.030951317060126216e-01
2.030458264499496179e-01
2.029903648889251067e-01
2.029374924748214015e-01
2.029683745412992346e-01
2.029166913760103996e-01
2.029284598868226486e-01
2.028690155015492325e-01
2.028844937117441072e-01
2.028858089399966369e-01
2.028738129547451308e-01
2.028605330720772426e-01
2.028394528902115468e-01
2.028360307010424191e-01
2.028257440087351537e-01
2.028095943377221100e-01
2.027965832564185000e-01
2.027861452941060738e-01
2.027713207640746418e-01
2.027675885843525927e-01
2.027436748883727213e-01
2.027370078456842417e-01
2.027079835986050349e-01
2.027004715407547952e-01
2.026795502078008460e-01
2.026616334493182847e-01
2.026550789745915626e-01
2.026550789745915626e-01
2.026550789745915626e-01
2.026260746497332288e-01
2.026313795877402457e-01
2.026274452978300555e-01
2.026274452978300555e-01
2.026274452978300555e-01
2.026198090295900089e-01
2.026068803304022781e-01
2.026065521013139803e-01
2.025905114301937981e-01
2.025923132998578013e-01
2.025831629951997392e-01
2.025892902293163211e-01
2.025839275946080820e-01
2.025839275946080820e-01
2.025839275946080820e-01
2.025664889270147595e-01
2.025692317780850016e-01
2.025692317780850016e-01
2.025692317780850016e-01
2.025692317780850016e-01
2.025552428205285027e-01
2.025599173185169966e-01
2.025599173185169966e-01
2.025599173185169966e-01
2.025599173185169966e-01
2.025599173185169966e-01
2.025599173185169966e-01
2.025599173185169966e-01
2.025599173185169966e-01
2.025599173185169966e-01
2.025599173185169966e-01
2.025599173185169966e-01
2.025599173185169966e-01
2.025599173185169966e-01
2.025599173185169966e-01
2.025599173185169966e-01
2.025599173185169966e-01
2.025599173185169966e-01
2.025599173185169966e-01
2.025599173185169966e-01
2.025599173185169966e-01
2.025599173185169966e-01
2.025599173185169966e-01
2.025599173185169966e-01
2.025599173185169966e-01
2.025599173185169966e-01
2.025599173185169966e-01
2.025599173185169966e-01
2.025599173185169966e-01
2.025599173185169966e-01
2.025599173185169966e-01
2.025599173185169966e-01
2.025599173185169966e-01
2.025599173185169966e-01
2.025599173185169966e-01
2.025599173185169966e-01
2.025599173185169966e-01
2.025599173185169966e-01
2.025599173185169966e-01
2.025599173185169966e-01
2.025599173185169966e-01
2.025599173185169966e-01
2.025599173185169966e-01
2.025599173185169966e-01
2.025599173185169966e-01
2.025599173185169966e-01
2.025599173185169966e-01
2.025599173185169966e-01
2.025599173185169966e-01
2.025599173185169966e-01
2.025072911289354793e-01
2.024394891744228098e-01
2.024407414943725780e-01
2.024453850765346452e-01
2.024247272166468381e-01
2.024022566734026141e-01
2.023905706609200883e-01
2.023770023722484823e-01
2.023715213283304171e-01
2.023663229104087913e-01
2.023684594537583648e-01
2.023622983795607400e-01
2.023625328239159193e-01
2.023533388439528458e-01
2.023475936116859997e-01
2.023394114365313357e-01
2.023394114365313357e-01
2.023394114365313357e-01
2.023394114365313357e-01
2.023394114365313357e-01
2.023536032062750734e-01
2.023464618389332337e-01
2.023464618389332337e-01
2.023464618389332337e-01
2.023464618389332337e-01
2.023527808625942281e-01
2.023527808625942281e-01
2.023527808625942281e-01
2.023527808625942281e-01
2.023527808625942281e-01
2.023548304169628387e-01
2.023485658733849279e-01
2.023485658733849279e-01
2.023485658733849279e-01
2.023485658733849279e-01
2.023431019100074280e-01
2.023431019100074280e-01
2.023431019100074280e-01
2.023431019100074280e-01
2.023431019100074280e-01
2.023528883991241034e-01
2.023473872166595133e-01
2.023473872166595133e-01
2.023473872166595133e-01
2.023473872166595133e-01
2.023447882426178679e-01
2.023415232975853406e-01
2.023415232975853406e-01
2.023415232975853406e-01
2.023415232975853406e-01
2.023381168748169812e-01
2.023363079325043168e-01
2.023363079325043168e-01
2.023363079325043168e-01
2.023363079325043168e-01
2.023363079325043168e-01
2.023363079325043168e-01
2.023363079325043168e-01
2.023363079325043168e-01
2.023363079325043168e-01
2.023363079325043168e-01
2.023363079325043168e-01
2.023363079325043168e-01
2.023363079325043168e-01
2.023363079325043168e-01
2.023363079325043168e-01
2.023363079325043168e-01
2.023363079325043168e-01
2.023363079325043168e-01
2.023363079325043168e-01
2.023363079325043168e-01
2.023363079325043168e-01
2.023363079325043168e-01
2.023363079325043168e-01
2.023363079325043168e-01
2.023363079325043168e-01
2.023363079325043168e-01
2.023363079325043168e-01
2.023363079325043168e-01
2.023363079325043168e-01
2.023363079325043168e-01
2.023363079325043168e-01
2.023363079325043168e-01
2.023363079325043168e-01
2.023363079325043168e-01
2.023363079325043168e-01
2.023363079325043168e-01
2.023363079325043168e-01
2.023363079325043168e-01
2.023363079325043168e-01
2.023363079325043168e-01
2.023363079325043168e-01
2.023363079325043168e-01
2.023363079325043168e-01
2.023363079325043168e-01
2.023363079325043168e-01
2.023363079325043168e-01
2.023363079325043168e-01
2.023363079325043168e-01
2.023363079325043168e-01
2.023293696236899142e-01
2.023217179178874170e-01
2.023229474794551452e-01
2.023343231427964795e-01
2.023369133752460358e-01
2.023458752668974570e-01
2.023472975469444157e-01
2.023513878549933198e-01
2.023480478313377795e-01
2.023514078386693948e-01
2.023656760959831880e-01
2.023672479679573810e-01
2.023672479679573810e-01
2.023672479679573810e-01
2.023672479679573810e-01
2.023721560506339945e-01
2.023684471649933314e-01
2.023687079840919278e-01
2.023687079840919278e-01
2.023687079840919278e-01
2.023696291490662547e-01
2.023713891278684507e-01
2.023718603406492733e-01
2.023718603406492733e-01
2.023718603406492733e-01
2.023808635885841756e-01
2.023808635885841756e-01
2.023808635885841756e-01
2.023808635885841756e-01
2.023808635885841756e-01
2.023748234112860978e-01
2.023802635845670661e-01
2.023780280742088489e-01
2.023780280742088489e-01
2.023780280742088489e-01
2.023707848276583288e-01
2.023707848276583288e-01
2.023707848276583288e-01
2.023707848276583288e-01
2.023707848276583288e-01
2.023743765061803701e-01
2.023737840275661448e-01
2.023737840275661448e-01
2.023737840275661448e-01
2.023737840275661448e-01
2.023753028566659395e-01
2.023753028566659395e-01
2.023753028566659395e-01
2.023753028566659395e-01
2.023753028566659395e-01
2.023750399533811306e-01
2.023750399533811306e-01
2.023750399533811306e-01
2.023750399533811306e-01
2.023750399533811306e-01
2.023750399533811306e-01
2.023750399533811306e-01
2.023750399533811306e-01
2.023750399533811306e-01
2.023750399533811306e-01
2.023750399533811306e-01
2.023750399533811306e-01
2.023750399533811306e-01
2.023750399533811306e-01
2.023750399533811306e-01
2.023750399533811306e-01
2.023750399533811306e-01
2.023750399533811306e-01
2.023750399533811306e-01
2.023750399533811306e-01
2.023750399533811306e-01
2.023750399533811306e-01
2.023750399533811306e-01
2.023750399533811306e-01
2.023750399533811306e-01
2.023750399533811306e-01
2.023750399533811306e-01
2.023750399533811306e-01
2.023750399533811306e-01
2.023750399533811306e-01
2.023750399533811306e-01
2.023750399533811306e-01
2.023750399533811306e-01
2.023750399533811306e-01
2.023750399533811306e-01
2.023750399533811306e-01
2.023750399533811306e-01
2.023750399533811306e-01
2.023750399533811306e-01
2.023750399533811306e-01
2.023750399533811306e-01
2.023750399533811306e-01
2.023750399533811306e-01
2.023750399533811306e-01
2.023750399533811306e-01
2.023750399533811306e-01
2.023750399533811306e-01
2.023750399533811306e-01
2.023750399533811306e-01
2.023750399533811306e-01
