6.586375834991297085e-01
5.755858352009610712e-01
5.553291277501553047e-01
5.389868869321650102e-01
5.268200193480513382e-01
5.360157069171352928e-01
5.347357734338822333e-01
5.216097110399775527e-01
5.169752145911816754e-01
5.104215052453372481e-01
7.609775111125985925e-01
8.408913734259318984e-01
1.168297113940611531e+00
1.384569005200594116e+00
1.747237356580629175e+00
2.140694270737400817e+00
2.303023903096725444e+00
2.275658602971243560e+00
2.269134603259203686e+00
2.268092561158508769e+00
2.481187043862215003e+00
2.615427392339010115e+00
2.661968654680939128e+00
2.695578674081601900e+00
2.712893001908180501e+00
2.835555534939262046e+00
3.201238953016487976e+00
3.155112776439148892e+00
3.155170962356817821e+00
3.155799046742444158e+00
3.281182765386202682e+00
3.279238687503668981e+00
3.280469583141702117e+00
3.281089272385595557e+00
3.280203287995082206e+00
3.288150384081463873e+00
3.288765654959817208e+00
3.301330688274510816e+00
3.302160463451292216e+00
3.305433004097262373e+00
3.313700285985725635e+00
3.314355942117527043e+00
3.329240585182298151e+00
3.328270889198001736e+00
3.331406901570409751e+00
3.337543373807690283e+00
3.340184049520877441e+00
3.341522642576848057e+00
3.342825297807608287e+00
3.343947036498097436e+00
3.349564412558286186e+00
3.350634587343448434e+00
3.355217145942527068e+00
3.357861651608892384e+00
3.359857413419762739e+00
3.359934418062405115e+00
3.361320074321657803e+00
3.360660361473514435e+00
3.363235448050333254e+00
3.362107182178804887e+00
3.924160950120303859e+00
3.918091341034091624e+00
3.916608687974931780e+00
3.914311125141369363e+00
3.906183413050919651e+00
3.906847450016898815e+00
3.905448001938244484e+00
3.905677511026135029e+00
3.904399028589432774e+00
3.904208095041409976e+00
3.902952791162227708e+00
3.851127697744989753e+00
3.850878650553051674e+00
3.847518777374768550e+00
3.847895613182673813e+00
3.821138388302332878e+00
3.820416272114704359e+00
3.819700464573846155e+00
3.818527003718999335e+00
3.818461537224941527e+00
3.817543102778353514e+00
3.818278208030230658e+00
3.815506763870975870e+00
3.817194145899611257e+00
3.805915512557693337e+00
3.804048238984796715e+00
3.804569624252221782e+00
3.803498887246484994e+00
3.799840454275082102e+00
3.799809008086855844e+00
3.800555314062409540e+00
3.799641112663062259e+00
3.794375990870304083e+00
3.793385764437955388e+00
3.791610068380490972e+00
3.791057712840361749e+00
3.791672809578944037e+00
3.790518528662349951e+00
3.790636851360890791e+00
3.788785240459246584e+00
3.573755032439317691e+00
3.291554103287307242e+00
3.294259056174556832e+00
3.288272760254231208e+00
3.285865653287245003e+00
3.284135804108373247e+00
3.284042369649133875e+00
3.281587319688179072e+00
3.282172323479983778e+00
3.278409557652159467e+00
3.279474147648372639e+00
3.277368910803853286e+00
3.276229402107873057e+00
3.274599357685422873e+00
3.273100763184605189e+00
3.270936791481109385e+00
3.271363243586827174e+00
3.270433387330250685e+00
3.271673511064816076e+00
3.270508080862033040e+00
3.269178019225260634e+00
3.268581656130024715e+00
3.270315912072748077e+00
3.268325539652301437e+00
3.269180209909670509e+00
3.267631649749315415e+00
3.266298387910865575e+00
3.267221867972660565e+00
3.088608171429059190e+00
3.083684583097727749e+00
3.080684454027861729e+00
3.077523870734200084e+00
3.074240663378362992e+00
3.072136296682549172e+00
3.069053581277801257e+00
3.068865296671750009e+00
3.069624299122815092e+00
3.068975249796846327e+00
3.069876699231219419e+00
3.070879799097192109e+00
3.069234668078354211e+00
3.065526241051794720e+00
3.067391172440809388e+00
3.067048615494469388e+00
3.066130806568182710e+00
3.066923850009218189e+00
3.065446796717265165e+00
3.066652300562221267e+00
3.063688468429732303e+00
3.066142666401398653e+00
3.069216504660601252e+00
3.066017291964951319e+00
3.063557758313455448e+00
3.066102911061204139e+00
3.066673164903201965e+00
3.065423763414019565e+00
3.067029688807990873e+00
3.066456297262496467e+00
3.065394262288383409e+00
3.067706587878034075e+00
3.067015894500115358e+00
3.065764981981168980e+00
3.067596339825561014e+00
3.066222552235433163e+00
3.067426019628975986e+00
3.066310807867654198e+00
3.066020475743436169e+00
3.066043722429672602e+00
3.066130519111537112e+00
3.066853198929972102e+00
3.065450336048841429e+00
3.067126434948326263e+00
3.066112811354108292e+00
2.979770351064579881e+00
2.977375351599816700e+00
2.975601357393220070e+00
2.976361917996694029e+00
2.976109456858562652e+00
2.977381203981556368e+00
2.974497487239288418e+00
2.973459724630645340e+00
2.972980962374581981e+00
2.972633924447797060e+00
2.973117291612455304e+00
2.972618645214418986e+00
2.971889197937025440e+00
2.970537878064904103e+00
2.970647329167665607e+00
2.970840740507691535e+00
2.969171105698257485e+00
2.967560081652949489e+00
2.968086671158430168e+00
2.966932126503487588e+00
2.966106525634532254e+00
2.967265282230025836e+00
2.966313631440836929e+00
2.964702181234030842e+00
2.966267383369109556e+00
2.964671831386113343e+00
2.957312881877672162e+00
2.895938983929077448e+00
2.897281170507310488e+00
2.897512030564524110e+00
2.899140022481155654e+00
2.898428541716229656e+00
2.898814943335334959e+00
2.899211487803195819e+00
2.898114391696483327e+00
2.897450393915009581e+00
2.897851016462142937e+00
2.899431099775272802e+00
2.896582143316260627e+00
2.894095276012113693e+00
2.894377931514429125e+00
2.894691566221306189e+00
2.893924287773530946e+00
2.893743840266546741e+00
2.893259950061619179e+00
2.893168329389491866e+00
2.894121191085433420e+00
2.892569229609691650e+00
2.892944041917062226e+00
2.891046197215385583e+00
2.891985461505169219e+00
2.890173419136393029e+00
2.889714685616694645e+00
2.888346888684150127e+00
2.888091802006590658e+00
2.746977451434503781e+00
2.748091495613176782e+00
2.746852013846162954e+00
2.748211193019698406e+00
2.748895357054088162e+00
2.750011074911442144e+00
2.742772110839091670e+00
2.745822291027686823e+00
2.746153437002126108e+00
2.745407771036438849e+00
2.743889077845919733e+00
2.745295167933396119e+00
2.745146462799257225e+00
2.744429203708794951e+00
2.745861506884844871e+00
2.742743143056671329e+00
2.743145187090735959e+00
2.744135690955468831e+00
2.741046945962275938e+00
2.741795631842949277e+00
2.741970545673412474e+00
2.741022313018489864e+00
2.740755538315661433e+00
2.740323545966779850e+00
2.740930529787432679e+00
2.739339893636507206e+00
2.739596887384168067e+00
2.737653671041087478e+00
2.737681580651600832e+00
2.736641910809582967e+00
2.737606622681670654e+00
2.735442199267055674e+00
2.734955134295905310e+00
2.733594070160803469e+00
2.733583267123764315e+00
2.733434198165210827e+00
2.731995071289019528e+00
2.728644919898364662e+00
2.729440706060487276e+00
2.728593385573525154e+00
2.728117793381672040e+00
2.727677843085179354e+00
2.727553875367387359e+00
2.727157602134189673e+00
2.724870763699729359e+00
2.725739860356823474e+00
2.725628749960954611e+00
2.723547967595910002e+00
2.724458344866005799e+00
2.723881835549134323e+00
2.724111488787126945e+00
2.722224946411476498e+00
2.723487474888027560e+00
2.721343705052278850e+00
2.721923046324001838e+00
2.722362931503766958e+00
2.720098188902972058e+00
2.721113251153210566e+00
2.721432756865442393e+00
2.718781957595797216e+00
2.719606148778714427e+00
2.718534411264247108e+00
2.718323812927788907e+00
2.719324199977643630e+00
2.717959958498229689e+00
2.717344229095555619e+00
2.716095361689960797e+00
2.715555241100949146e+00
2.716270432963820092e+00
2.714966354186956643e+00
2.716447476643570003e+00
2.715359817576700863e+00
2.721637935120395202e+00
2.719905679183877822e+00
2.720519770778212720e+00
2.720757478354998149e+00
2.720544615397395560e+00
2.720291455247084045e+00
2.722108490126987856e+00
2.721576396895575733e+00
2.721264590308862807e+00
2.713292794930689311e+00
2.714812536566897361e+00
2.713239305712331628e+00
2.712756807622542787e+00
2.713906196461930431e+00
2.711820467021506254e+00
2.712928723776856899e+00
2.711983823621723300e+00
2.711160454559699229e+00
2.711431975601163114e+00
2.711671287527018581e+00
2.709991311412254245e+00
2.712829861859255676e+00
2.712144322015059839e+00
2.710694660155182234e+00
2.712230021658970092e+00
2.711713478620145779e+00
2.712242613245499534e+00
2.709824955806519053e+00
2.710583942133098390e+00
2.709025997895884608e+00
2.709574832263811572e+00
2.710212829977982185e+00
2.709259504918222206e+00
2.708873812475569576e+00
2.708706060280043459e+00
2.708587984608431753e+00
2.707702046060635581e+00
2.709133341857012933e+00
2.707067722353999173e+00
2.707743134703248788e+00
2.707310492363929288e+00
2.706898652485258072e+00
2.707342428396450451e+00
2.707674791844399742e+00
2.706843302768719095e+00
2.706707509897482655e+00
2.706732180522657849e+00
2.705081488069668971e+00
2.705373665936642968e+00
2.704240040689322555e+00
2.705372646804882208e+00
2.704752552723588277e+00
2.705844161112289648e+00
2.704796988670491675e+00
2.703563686291947654e+00
2.704444443766749639e+00
2.703751837398580715e+00
2.704065489439776648e+00
2.702079259354385421e+00
2.703559001657759975e+00
2.702546150293071658e+00
2.702726591534918121e+00
2.702960243612046121e+00
2.701807650444279396e+00
2.702435697969128192e+00
2.702967841694810414e+00
2.702269865411675465e+00
2.700651051572044103e+00
2.701374599022515977e+00
2.701250861661733005e+00
2.700595359733570344e+00
2.700576122059198614e+00
2.700943963388258595e+00
2.698150934628806841e+00
2.699783873435634529e+00
2.699690422181115323e+00
2.699199498901184047e+00
2.699242483540218451e+00
2.698450428755749364e+00
2.698480625269341626e+00
2.698689748629759855e+00
2.697941241701844017e+00
2.697698450303948725e+00
2.697993128538474394e+00
2.697406206944731544e+00
2.696371253361486531e+00
2.696867758924566871e+00
2.695486859602441054e+00
2.696261088462578392e+00
2.696209538177103848e+00
2.694285969124121216e+00
2.695653449136011570e+00
2.694527972907699187e+00
2.694695897605691393e+00
2.694835840931889770e+00
2.694446970035086597e+00
2.694017811514298533e+00
2.693875493923864717e+00
2.695041508160596067e+00
2.694252033915588207e+00
2.686856834868337707e+00
2.687719467514781524e+00
2.685952106796944960e+00
2.686985565240294083e+00
2.686671081806979444e+00
2.686819589602175373e+00
2.687720664264408921e+00
2.687341249193857973e+00
2.687683436129440384e+00
2.687144252411271861e+00
2.687034231077777058e+00
2.687547127200939023e+00
2.687602391847881744e+00
2.687502027946640393e+00
2.688064213680282144e+00
2.688060471011061825e+00
2.688451523639538099e+00
2.688226274142205163e+00
2.688589847672160360e+00
2.687240598917480572e+00
2.687531725874859667e+00
2.687974425838970394e+00
2.687148233385452389e+00
2.687786679216401353e+00
2.687471763781536183e+00
2.688193279852374662e+00
2.686469422219333048e+00
2.687238362801779079e+00
2.686989094271358791e+00
2.686864267126843675e+00
2.686748142107904247e+00
2.686861294643877685e+00
2.686863626181508202e+00
2.686800140549697957e+00
2.686276992152164311e+00
2.686501626653594599e+00
2.684822268877819607e+00
2.686064200431288906e+00
2.686480940030026243e+00
2.685812985259439234e+00
2.685334502425982262e+00
2.685984373206802722e+00
2.685508504342120517e+00
2.685582347172206674e+00
2.685491783078610695e+00
2.685881965793942783e+00
2.684749395375868986e+00
2.685276155411733257e+00
2.685484408855447480e+00
2.685675535954566318e+00
2.686187859442362047e+00
2.685415653370231581e+00
2.685497872178411072e+00
2.685623146386702853e+00
2.685438545173059133e+00
2.685462099728546992e+00
2.685431767960743343e+00
2.684819725804405977e+00
2.685433587347038742e+00
2.684398895491671766e+00
2.684828952217061637e+00
2.684373877350230586e+00
2.684024773267582376e+00
2.683152727035450269e+00
2.682539530549939766e+00
2.682717540875688034e+00
2.681953448684976760e+00
2.682818499249592037e+00
2.681386739416644183e+00
2.681479919978510207e+00
2.681792903082723445e+00
2.681110154586729966e+00
2.680617266723982706e+00
2.680855046146777720e+00
2.680542569597631264e+00
2.679609539006605257e+00
2.679461192196916031e+00
2.679722443715486069e+00
2.678639169386983987e+00
2.678534445747012160e+00
2.678070529520108156e+00
2.678243184687713274e+00
2.676858662465928074e+00
2.676842916532060190e+00
2.676892324626208630e+00
2.676227546159740456e+00
2.676009378137016004e+00
2.675524040558238781e+00
2.675339719403410310e+00
2.674722147590319565e+00
2.674443015399204260e+00
2.674244904374758480e+00
2.673533185195956285e+00
2.673288699367298182e+00
2.673178926106791753e+00
2.672660598517625274e+00
2.672132184230886942e+00
2.672435433459230847e+00
2.671964404082836086e+00
2.671593589946532621e+00
