2.510161142672265311e-01
2.508257827568318721e-01
2.507268457400061989e-01
2.506730939466097485e-01
2.506542538565649236e-01
2.504911003571869688e-01
2.504519252722687828e-01
2.503682122558841816e-01
2.503074866734729675e-01
2.502635655773133849e-01
2.502218855787775587e-01
2.501976466942656407e-01
2.501477168604471779e-01
2.501275248210746427e-01
2.500949855800234101e-01
2.501711339934411527e-01
2.501568545911386221e-01
2.501309231903597885e-01
2.501307756853407560e-01
2.501065864091145952e-01
2.502457780601517467e-01
2.502663446558018312e-01
2.502270782348874345e-01
2.502409826316990826e-01
2.501942566881818486e-01
2.503413713793245510e-01
2.503485866319168363e-01
2.503278514469973182e-01
2.503081648232035050e-01
2.502921611590532835e-01
2.504333783121605039e-01
2.504315955578351738e-01
2.504237177409665005e-01
2.503989092603268740e-01
2.503813009706739034e-01
2.504546105217223539e-01
2.504779667157601697e-01
2.504160243061362423e-01
2.504226252850940693e-01
2.503883231340714444e-01
2.505241140780282705e-01
2.505268525662188162e-01
2.504995384946137604e-01
2.504844249696349667e-01
2.504525125983341760e-01
2.505726185928023320e-01
2.505543084359774797e-01
2.505331330238673160e-01
2.505238522468952733e-01
2.505091362183638481e-01
2.506212756048050716e-01
2.505967313509667171e-01
2.506001274059594941e-01
2.505793862685432027e-01
2.505592831007386057e-01
2.505551457859426234e-01
2.505407244537784517e-01
2.505349168625370382e-01
2.505251323569823163e-01
2.505169387975564321e-01
2.505050716319806581e-01
2.505002897184050448e-01
2.504887345382705299e-01
2.504884661386686528e-01
2.504611273563357443e-01
2.504507814480147476e-01
2.504390674377987014e-01
2.504342590673040436e-01
2.504226741927135236e-01
2.504242801555199849e-01
2.504158141899545109e-01
2.504157003272605153e-01
2.503986835600503502e-01
2.503988008773845864e-01
2.503944818313025289e-01
2.503911212914068374e-01
2.503855665796008712e-01
2.503852040453479755e-01
2.503811080906349074e-01
2.503793230782440649e-01
2.503727702800502275e-01
2.503723386648386562e-01
2.503665449516820352e-01
2.503614002770558900e-01
2.503559326662804230e-01
2.503497155752745229e-01
2.503500451348988354e-01
2.503463064579800057e-01
2.503393825300392339e-01
2.503378056120704742e-01
2.503380358735516342e-01
2.503383738688358395e-01
2.503383740276177716e-01
2.503383741602210333e-01
2.503383742815693536e-01
2.503383743964571195e-01
2.503383745016685147e-01
2.503383746018660316e-01
2.503383746993566028e-01
2.503383747924285418e-01
2.501929080759409119e-01
2.501164314125170485e-01
2.500268228660982306e-01
2.499686897964699950e-01
2.499047427416661304e-01
2.498906694124237438e-01
2.498387840538888460e-01
2.498167749865249088e-01
2.497745084097876545e-01
2.497548009846660977e-01
2.497331399426614140e-01
2.497156333716814280e-01
2.496857703835588527e-01
2.496713759150494538e-01
2.496286502546673225e-01
2.496294339842022592e-01
2.495661200651797806e-01
2.495570098083622068e-01
2.495030380569738804e-01
2.494946476862796025e-01
2.494632035396630032e-01
2.494435168840058170e-01
2.494160856349790789e-01
2.494009987383566662e-01
2.493784543365600848e-01
2.493637075845829276e-01
2.493451408099136291e-01
2.493359738604905562e-01
2.493174020189366513e-01
2.493072647287831178e-01
2.492880995755681894e-01
2.492827220349025652e-01
2.492684621504153430e-01
2.492576734405434480e-01
2.492514997196267346e-01
2.492317544148493769e-01
2.492231831875225956e-01
2.492126842162732392e-01
2.492066170498516975e-01
2.492012800312994047e-01
2.491916861214473755e-01
2.491895519428381778e-01
2.491783004045745320e-01
2.491766536478031979e-01
2.491675844743152235e-01
2.491580951988494885e-01
2.491510469702039321e-01
2.491447276584902726e-01
2.491391200449947774e-01
2.491318657940968517e-01
2.491253837679442973e-01
2.491186293276094199e-01
2.491122170619444742e-01
2.491071275628774506e-01
2.490993217712223207e-01
2.490942532953944188e-01
2.490871702745545979e-01
2.490835984549793214e-01
2.490766083371717399e-01
2.490746303853266230e-01
2.490688639407835359e-01
2.490665660844412765e-01
2.490621972626659297e-01
2.490557754732535822e-01
2.490530879313379298e-01
2.490478365939828298e-01
2.490459298531364496e-01
2.490418890831317678e-01
2.490384854779352508e-01
2.490325116965051155e-01
2.490284038853002313e-01
2.490249556766395700e-01
2.490203846748181293e-01
2.490174306883014277e-01
2.490122052477614645e-01
2.490089940919124334e-01
2.490052399620130974e-01
2.490018042723580183e-01
2.489989128273256969e-01
2.489948279824373556e-01
2.489930545996494882e-01
2.489896792343451182e-01
2.489879708387284230e-01
2.489847359443622954e-01
2.489819385711355137e-01
2.489797868492125144e-01
2.489775423409141264e-01
2.489748461428397397e-01
2.489737705301314774e-01
2.489703362918695984e-01
2.489679931620785991e-01
2.489649385203184240e-01
2.489630441097300251e-01
2.489603728162095853e-01
2.489589229259048520e-01
2.489556910521947553e-01
2.489550939821176812e-01
2.489526562635448192e-01
2.489515047027959782e-01
2.489459809050862671e-01
2.489222446008686473e-01
2.489046857321585426e-01
2.488735961827094334e-01
2.488566454795844984e-01
2.488422934703160283e-01
2.488354289147108878e-01
2.488116384044678497e-01
2.488039889219531842e-01
2.487788148605920568e-01
2.487758870951533030e-01
2.487684622153227554e-01
2.487576042172681967e-01
2.487529974053082904e-01
2.487437588264912458e-01
2.487389027522227958e-01
2.487329006847976420e-01
2.487243935299866815e-01
2.487197854626304050e-01
2.487137867653226031e-01
2.487065871670711692e-01
2.487013919370862913e-01
2.486896029012585219e-01
2.486874629674168113e-01
2.486780565485784966e-01
2.486756468524392583e-01
2.486677098368978711e-01
2.486598516720244512e-01
2.486543393278458081e-01
2.486526379763456251e-01
2.486447359772306909e-01
2.486421701385215788e-01
2.486337626352968511e-01
2.486320153097081875e-01
2.486260976798092270e-01
2.486241174823134448e-01
2.486211133223761582e-01
2.486149916196952470e-01
2.486128293485803664e-01
2.486078048227025883e-01
2.486040579914744475e-01
2.486046316913042564e-01
2.485966812913197876e-01
2.485967774445817791e-01
2.485855524914437897e-01
2.485864907488850584e-01
2.485850427443484223e-01
2.485808526213184044e-01
2.485787583325569927e-01
2.485749936381948522e-01
2.485724686115697024e-01
2.485703905309504247e-01
2.485674654589359323e-01
2.485652030048720040e-01
2.485628264347357896e-01
2.485603964000198673e-01
2.485583644400270742e-01
2.485561894094321378e-01
2.485544764883478863e-01
2.485519460382196733e-01
2.485502514166636201e-01
2.485481593226682162e-01
2.485462934582680639e-01
2.485441725882120978e-01
2.485419461586329537e-01
2.485393534271513327e-01
2.485373129187679331e-01
2.485351489565469363e-01
2.485337130403335038e-01
2.485308738086698666e-01
2.485287324856562952e-01
2.485268882036252014e-01
2.485254465000136526e-01
2.485231457819502554e-01
2.485215646293657543e-01
2.485196011517862846e-01
2.485179849956934139e-01
2.485163146973378423e-01
2.485147166826311149e-01
2.485128358565186768e-01
2.485113932073332865e-01
2.485101130557354487e-01
2.485091426284069815e-01
2.485071074860707163e-01
2.485055027150049334e-01
2.485042025207018501e-01
2.485025455941117789e-01
2.485004923597653737e-01
2.484991117518126069e-01
2.484968816467172936e-01
2.484959254393596662e-01
2.484937979838922895e-01
2.484926682939873066e-01
2.484905466478775637e-01
2.484899614586695560e-01
2.484870365086452315e-01
2.484865190912902699e-01
2.484840102614584434e-01
2.484837095874282142e-01
2.484807707914375441e-01
2.484805375939821426e-01
2.484733092997691295e-01
2.484706872232463615e-01
2.484690643930743126e-01
2.484674698626950229e-01
2.484655090140890921e-01
2.484625140465619997e-01
2.484584976367905373e-01
2.484574692371047389e-01
2.484537804611176848e-01
2.484526714029855754e-01
2.484520628195157899e-01
2.484461345348962513e-01
2.484449567736101705e-01
2.484428134420120504e-01
2.484413640606253082e-01
2.484383774051380500e-01
2.484361125770198908e-01
2.484344048158153573e-01
2.484330536507226295e-01
2.484309860602864906e-01
2.484292178698456754e-01
2.484263519757688998e-01
2.484254776088796191e-01
2.484230091547942887e-01
2.484218963586606321e-01
2.484195979829621204e-01
2.484187250492929377e-01
2.484166871061506410e-01
2.484157618253561572e-01
2.484138358132087498e-01
2.484108034439050927e-01
2.484102834512397495e-01
2.484079067929143569e-01
2.484068271716625698e-01
2.484046519003819120e-01
2.484026991857743449e-01
2.484008195988560708e-01
2.483998327893492952e-01
2.483980711306717493e-01
2.483962296780333201e-01
2.483959902288979393e-01
2.483940083319684800e-01
2.483928871714435604e-01
2.483914426959176747e-01
2.483889500564496478e-01
2.483889101545503908e-01
2.483860618233222906e-01
2.483856609803990756e-01
2.483835204997575652e-01
2.483832790009938007e-01
2.483823001474620151e-01
2.483795944488913499e-01
2.483790870139410134e-01
2.483761794419384050e-01
2.483760894769116989e-01
2.483739529827550530e-01
2.483737928707067666e-01
2.483716444879813523e-01
2.483715704843537098e-01
2.483695155584298986e-01
2.483693193675263200e-01
2.483663964784795231e-01
2.483661993041607896e-01
2.483645092019180767e-01
2.483643228940962677e-01
2.483620150686116357e-01
2.483616547472108915e-01
2.483601420877927235e-01
2.483595919281197939e-01
2.483577808980541313e-01
2.483576136802224110e-01
2.483550291659360476e-01
2.483547340141840920e-01
2.483522614738840062e-01
2.483520016707803924e-01
2.483492386711977085e-01
2.483491498454218072e-01
2.483460588576570649e-01
2.483462430795307929e-01
2.483441907417764660e-01
2.483437917945165718e-01
2.483427952084830970e-01
2.483420622880843087e-01
2.483408697707196744e-01
2.483405647602100197e-01
2.483388405036397462e-01
2.483386278504125799e-01
2.483364977849753519e-01
2.483362526623117683e-01
2.483348397825045351e-01
2.483345997455414511e-01
2.483309346599094358e-01
2.483311028442171386e-01
2.483299524577093076e-01
2.483294453476962427e-01
2.483274342669601620e-01
2.483273856010319580e-01
2.483255398761854138e-01
2.483254835238062896e-01
2.483224220254014736e-01
2.483162354123984727e-01
2.483161621414355091e-01
2.483140943499202447e-01
2.483147364025015680e-01
2.483118684295294865e-01
2.483114044230412820e-01
2.483102294188881953e-01
2.483089621423958393e-01
2.483065742286726663e-01
2.483058897096239170e-01
2.483043648120990821e-01
2.483035194594275796e-01
2.483008251361547292e-01
2.483006215495112134e-01
2.482991222046206092e-01
2.482987924261622070e-01
2.482977120250981218e-01
2.482971515726725142e-01
2.482962174856285509e-01
2.482956276749298530e-01
2.482952077001620850e-01
2.482946849320936678e-01
2.482932450376641731e-01
2.482930494717365544e-01
2.482916402997916716e-01
2.482913168800666426e-01
2.482893714227201731e-01
2.482893996127276404e-01
2.482886629422441371e-01
2.482881869494590332e-01
2.482881505216490980e-01
2.482870444327858195e-01
2.482867282655752683e-01
2.482848796806748637e-01
2.482846141543753882e-01
2.482846828692917562e-01
2.482831997227449017e-01
2.482827530820567175e-01
2.482819753017437570e-01
2.482811981267795121e-01
2.482812262664154113e-01
2.482794650415515725e-01
2.482790598304638607e-01
2.482782004488304217e-01
2.482774479866898254e-01
2.482770226530127966e-01
2.482759999270153228e-01
2.482757910558173742e-01
2.482747574006497204e-01
2.482739482593747382e-01
2.482732231719838312e-01
2.482728774715566578e-01
2.482713650024853946e-01
2.482711858638376734e-01
2.482699027509525924e-01
2.482696151469571955e-01
2.482687003262843140e-01
2.482681473300205888e-01
2.482677071144599457e-01
2.482663543881318269e-01
2.482659875588552612e-01
2.482648595887822218e-01
2.482644100309059076e-01
2.482631079399848228e-01
2.482629012864608908e-01
2.482616658400842446e-01
2.482614916844097519e-01
2.482607074415720538e-01
2.482603315386483767e-01
2.482599784473250581e-01
2.482586127768262041e-01
2.482583071274666042e-01
2.482568715219701239e-01
2.482567845614762625e-01
2.482557008730353343e-01
2.482555067381544411e-01
2.482547537791193470e-01
2.482539227185295849e-01
2.482533467227459600e-01
2.482520072164739466e-01
2.482518960492973992e-01
2.482509586699233328e-01
2.482504294514498444e-01
2.482493760414951345e-01
2.482489390765053039e-01
2.482481511076465308e-01
2.482477766837992705e-01
2.482462685010408676e-01
2.482461869433973123e-01
2.482441320984713207e-01
2.482440771310341632e-01
2.482433127541355811e-01
2.482427008288802528e-01
2.482419681027982772e-01
2.482416326232478043e-01
2.482408940784658347e-01
2.482406407177941698e-01
2.482382483678570728e-01
2.482379251628345773e-01
2.482369299111757410e-01
