2.578930706093309766e-01
2.359899257587499966e-01
2.286340739293256930e-01
2.234189465446623224e-01
2.184057338679921134e-01
2.142087483078971288e-01
2.077461205062736127e-01
2.044653877622261140e-01
2.001597747614044520e-01
1.989359531478497034e-01
2.711027021490375888e-01
2.750400713198512537e-01
2.829304588067597659e-01
2.785979539839222308e-01
2.799057793079346435e-01
5.094115221694279771e-01
4.320080733150192809e-01
4.964416492000958137e-01
4.964416487491676300e-01
4.964416482982402234e-01
7.302134394703571063e-01
7.554867336024055913e-01
8.041963429416755238e-01
7.736341182875730027e-01
7.736341135013040660e-01
1.261476003578570593e+00
1.261476013387466955e+00
1.261476024706069232e+00
1.261476036497677145e+00
1.261476047772898124e+00
1.514347731413578035e+00
1.514347734845737037e+00
1.514347738277895372e+00
1.514347741710054596e+00
1.514347745142214041e+00
1.832387677251652081e+00
1.832387663386352505e+00
1.832387649521071582e+00
1.832387635655808644e+00
1.832387621790561916e+00
2.086977300721762685e+00
2.086977300721762685e+00
2.086977300721762685e+00
2.086977300721762685e+00
2.086977300721762685e+00
2.272756508606985637e+00
2.272756508606985637e+00
2.272756508606985637e+00
2.272756508606985637e+00
2.272756508606985637e+00
2.277824198937496547e+00
2.277824198937496547e+00
2.277824198937496547e+00
2.277824198937496547e+00
2.277824198937496547e+00
2.277824198937496547e+00
2.277824198937496547e+00
2.277824198937496547e+00
2.277824198937496547e+00
2.277824198937496547e+00
2.277824198937496547e+00
2.277824198937496547e+00
2.277824198937496547e+00
2.277824198937496547e+00
2.277824198937496547e+00
2.277824198937496547e+00
2.277824198937496547e+00
2.277824198937496547e+00
2.277824198937496547e+00
2.277824198937496547e+00
2.277824198937496547e+00
2.277824198937496547e+00
2.277824198937496547e+00
2.277824198937496547e+00
2.277824198937496547e+00
2.277824198937496547e+00
2.277824198937496547e+00
2.277824198937496547e+00
2.277824198937496547e+00
2.277824198937496547e+00
2.277824198937496547e+00
2.277824198937496547e+00
2.277824198937496547e+00
2.277824198937496547e+00
2.277824198937496547e+00
2.277824198937496547e+00
2.277824198937496547e+00
2.277824198937496547e+00
2.277824198937496547e+00
2.277824198937496547e+00
2.277824198937496547e+00
2.277824198937496547e+00
2.277824198937496547e+00
2.277824198937496547e+00
2.277824198937496547e+00
2.277824198937496547e+00
2.277824198937496547e+00
2.277824198937496547e+00
2.277824198937496547e+00
2.277824198937496547e+00
1.643110013104187361e+00
1.715095431469054965e+00
1.707083720230272217e+00
1.707083720230272217e+00
1.707083720230272217e+00
1.615435307529670572e+00
1.615435307529670572e+00
1.615435307529670572e+00
1.615435307529670572e+00
1.615435307529670572e+00
1.615460299895769447e+00
1.615460299895769447e+00
1.615460299895769447e+00
1.615460299895769447e+00
1.615460299895769447e+00
1.615460292458018365e+00
1.615460292458018365e+00
1.615460292458018365e+00
1.615460292458018365e+00
1.615460292458018365e+00
1.615460285020263287e+00
1.615460285020263287e+00
1.615460285020263287e+00
1.615460285020263287e+00
1.615460285020263287e+00
1.615460277582508208e+00
1.615460277582508208e+00
1.615460277582508208e+00
1.615460277582508208e+00
1.615460277582508208e+00
1.615460270144752908e+00
1.615460270144752908e+00
1.615460270144752908e+00
1.615460270144752908e+00
1.615460270144752908e+00
1.615460262706995387e+00
1.615460262706995387e+00
1.615460262706995387e+00
1.615460262706995387e+00
1.615460262706995387e+00
1.615460255269239420e+00
1.615460255269239420e+00
1.615460255269239420e+00
1.615460255269239420e+00
1.615460255269239420e+00
1.615460247831487006e+00
1.615460247831487006e+00
1.615460247831487006e+00
1.615460247831487006e+00
1.615460247831487006e+00
1.615460240393738145e+00
1.615460240393738145e+00
1.615460240393738145e+00
1.615460240393738145e+00
1.615460240393738145e+00
1.615460240393738145e+00
1.615460240393738145e+00
1.615460240393738145e+00
1.615460240393738145e+00
1.615460240393738145e+00
1.615460240393738145e+00
1.615460240393738145e+00
1.615460240393738145e+00
1.615460240393738145e+00
1.615460240393738145e+00
1.615460240393738145e+00
1.615460240393738145e+00
1.615460240393738145e+00
1.615460240393738145e+00
1.615460240393738145e+00
1.615460240393738145e+00
1.615460240393738145e+00
1.615460240393738145e+00
1.615460240393738145e+00
1.615460240393738145e+00
1.615460240393738145e+00
1.615460240393738145e+00
1.615460240393738145e+00
1.615460240393738145e+00
1.615460240393738145e+00
1.615460240393738145e+00
1.615460240393738145e+00
1.615460240393738145e+00
1.615460240393738145e+00
1.615460240393738145e+00
1.615460240393738145e+00
1.615460240393738145e+00
1.615460240393738145e+00
1.615460240393738145e+00
1.615460240393738145e+00
1.615460240393738145e+00
1.615460240393738145e+00
1.615460240393738145e+00
1.615460240393738145e+00
1.615460240393738145e+00
1.615460240393738145e+00
1.615460240393738145e+00
1.615460240393738145e+00
1.615460240393738145e+00
1.615460240393738145e+00
1.478950166458971038e+00
1.480342330936012196e+00
1.480343082389601994e+00
1.480343832158212969e+00
1.480344583532566816e+00
1.480318394687945682e+00
1.481322002432746254e+00
1.481319726683167914e+00
1.481317449588990476e+00
1.481315183127263513e+00
1.481232922795827633e+00
1.481232445999539848e+00
1.481231966118243593e+00
1.481231487624786736e+00
1.481231003762246701e+00
1.481164175258011362e+00
1.481163692923048503e+00
1.481163211452058759e+00
1.481162729467825567e+00
1.481162253439704646e+00
1.481099029320107618e+00
1.481098547524060782e+00
1.481098065027070865e+00
1.481097583170288390e+00
1.481097099881431234e+00
1.481088444880832578e+00
1.481087564570542803e+00
1.479925491143987859e+00
1.479859032199352997e+00
1.479382573607809892e+00
1.477299414283770540e+00
1.477299276303054132e+00
1.477299140167042557e+00
1.476067229155135552e+00
1.475980359724156754e+00
1.475951816835787467e+00
1.474204526435800799e+00
1.474204488447387273e+00
1.473624775355616867e+00
1.473467124562230390e+00
1.473460317737384173e+00
1.473460140644669236e+00
1.473459963324707411e+00
1.473459785501670449e+00
1.473212590239323161e+00
1.461272959267858607e+00
1.461270974272472101e+00
1.461268986916431256e+00
1.461267003341520043e+00
1.461265039307176439e+00
1.461120123922809544e+00
1.460896273849900506e+00
1.460647817266724990e+00
1.459517957993108572e+00
1.459517756008103850e+00
1.459517554200449485e+00
1.459517352132754020e+00
1.459517150321792300e+00
1.459516947755768124e+00
1.459516745323523823e+00
1.459516542354444946e+00
1.459516339034672150e+00
1.459516135937714898e+00
1.459515933050465453e+00
1.459515730346348406e+00
1.459515527820372860e+00
1.459515325534302077e+00
1.459515123426078809e+00
1.459514920887422962e+00
1.459514718526805144e+00
1.459514516087532909e+00
1.459514313930142970e+00
1.459514111436962969e+00
1.459513909122000186e+00
1.459513706954079337e+00
1.459513504920116223e+00
1.459513303063199041e+00
1.459513101383061784e+00
1.459512899950435871e+00
1.459512698567764666e+00
1.459512497371192374e+00
1.459512296428365996e+00
1.459512095685826072e+00
1.459511894890332728e+00
1.459511694301026674e+00
1.459511493924505077e+00
1.459511293065830273e+00
1.459511092774490537e+00
1.459510892528711690e+00
1.459510692682777444e+00
1.459510491408631649e+00
1.459510290449768766e+00
1.459510089371896191e+00
1.459509888756102658e+00
1.459509688316131149e+00
1.459509488050158676e+00
1.459509287924502852e+00
1.459509088623600626e+00
1.459508889462713954e+00
1.459508690398930497e+00
1.465060559783327498e+00
1.465064159400233157e+00
1.465067702466336330e+00
1.465071190770649512e+00
1.465074554307227883e+00
1.469438108067862903e+00
1.469433188125919498e+00
1.469428293180452760e+00
1.469423427441100882e+00
1.469418590061077667e+00
1.469420166870175404e+00
1.469626833271760358e+00
1.471260468563179602e+00
1.471260507205274237e+00
1.471260546622644050e+00
1.471273566595995064e+00
1.471487628374506862e+00
1.475561514512291117e+00
1.475559926294859325e+00
1.475558348293498634e+00
1.475581591941400594e+00
1.475582976326845319e+00
1.475584345570546629e+00
1.475585736345611521e+00
1.475587076981650148e+00
1.475606110263997905e+00
1.475607205551702217e+00
1.475608294144811872e+00
1.475609386808797163e+00
1.475820544045405747e+00
1.475829015250482268e+00
1.475829434048082422e+00
1.475829851796066849e+00
1.475830268500589071e+00
1.475830684167744433e+00
1.475839250239227685e+00
1.475839636585079218e+00
1.475840022067337998e+00
1.475840406690569928e+00
1.475840790459295615e+00
1.475849667378363206e+00
1.475850020601354506e+00
1.475850373126551318e+00
1.475850724955800608e+00
1.475851076092387082e+00
1.475858600887681504e+00
1.475858933475969081e+00
1.475859264838642604e+00
1.475859595602944330e+00
1.475859925772173620e+00
1.475867140772300079e+00
1.475867453701767751e+00
1.475867766114710378e+00
1.475868078010138973e+00
1.475868389390140534e+00
1.475868700514851639e+00
1.475869011127480590e+00
1.475869321230079523e+00
1.475869631595074116e+00
1.475869940699695348e+00
1.475870249267116074e+00
1.475870557332662036e+00
1.475870864898325419e+00
1.475871171970046136e+00
1.475871478546120663e+00
1.475871876381459780e+00
1.475872182069613681e+00
1.475872487267553712e+00
1.475872791974912168e+00
1.475873096195847722e+00
1.475873399932257968e+00
1.475873703140626159e+00
1.475874005778068376e+00
1.475874307944730068e+00
1.475874609634727497e+00
1.475874910849899635e+00
1.475875211592076353e+00
1.475875511863074863e+00
1.475875811664703496e+00
1.475876110998760149e+00
1.475876409867030059e+00
1.475876708271214088e+00
1.475877006213614173e+00
1.475877303687592068e+00
1.475877600693089153e+00
1.475877897241617331e+00
1.475878193334903221e+00
1.475878489591008647e+00
1.475878784778074104e+00
1.475879079515012737e+00
1.475879373803510530e+00
1.475879667958803987e+00
1.475879961668229656e+00
1.475880254937071978e+00
1.475880764501853459e+00
1.475881056616837883e+00
1.475881348286984585e+00
1.475881639520507216e+00
1.475881935052667737e+00
1.475882230133700013e+00
1.461463485034731669e+00
1.461595149856164344e+00
1.461795100676440251e+00
1.461669775904165025e+00
1.461669722278201133e+00
1.461674750874172979e+00
1.461675248821561857e+00
1.461675752071837087e+00
1.461676254105643391e+00
1.461676754680988566e+00
1.461677376435597031e+00
1.461677878469680003e+00
1.461678377563059072e+00
1.461678875838419822e+00
1.461679372876501626e+00
1.461679711836226137e+00
1.461680207009380839e+00
1.461680705482264919e+00
1.461681204979475845e+00
1.461681720478759772e+00
1.461682061863400106e+00
1.461682555866810951e+00
1.461683070671234042e+00
1.461683585663012153e+00
1.461684093809824114e+00
1.461684712342730785e+00
1.461685222484066404e+00
1.461685731577654135e+00
1.461686239599331527e+00
1.461686746736996945e+00
1.461686977096402495e+00
1.461687482762085155e+00
1.461687991027077915e+00
1.461688497996228797e+00
1.461689004300910089e+00
1.461689341109578599e+00
1.461689844799466620e+00
1.461690352196621800e+00
1.461690859301928436e+00
1.461691364432830653e+00
1.461691711053584530e+00
1.461692215639589509e+00
1.461692721592377175e+00
1.461693226171558058e+00
1.461693729748812176e+00
1.461694068626050447e+00
1.461694572437951756e+00
1.461695077841330015e+00
1.461695582733979482e+00
1.461696087361836538e+00
1.461697080720882669e+00
1.461697956477515215e+00
1.461698836938522872e+00
1.461699716929841131e+00
1.461700593187027053e+00
1.461701469464868453e+00
1.461702340878349382e+00
1.461703216258290361e+00
1.461704090606689377e+00
1.461704981373655343e+00
1.461705849364744125e+00
1.461706721281749166e+00
1.461707608345411691e+00
1.461708483143438375e+00
1.461709384158421443e+00
1.461710286215138987e+00
1.461711184149623088e+00
1.461712086562303003e+00
1.461712988824718007e+00
1.461713908686465224e+00
1.461714816293271380e+00
1.461715722568651676e+00
1.461716627351207887e+00
1.461717530021877876e+00
1.461718448477419940e+00
1.461719342262477017e+00
1.461720234995557366e+00
1.461721131519659655e+00
1.461722025412398152e+00
1.461722919298495071e+00
1.461723821012276270e+00
1.461724716183138373e+00
1.461725610772973694e+00
1.461726505006599286e+00
1.461727398119791577e+00
1.461728294967132191e+00
1.461729169702877140e+00
1.461730044241631443e+00
1.461730912148140993e+00
1.461731778724509212e+00
1.461732670143688351e+00
1.461733524024520170e+00
1.461734375909602202e+00
1.461735231650599154e+00
1.461736089496522784e+00
1.461736944512416425e+00
1.461737814870264662e+00
1.461738665213635713e+00
1.461739516677364348e+00
1.461740368154740732e+00
