4.398863383514258207e-01
3.402657480145538371e-01
3.668445026672391140e-01
3.401978251128368047e-01
3.670355890338304894e-01
3.399413724149226157e-01
3.622436684505819793e-01
3.373796071648277883e-01
3.628986306944661511e-01
3.373808813782113725e-01
3.631895122988818558e-01
3.372168247249127115e-01
3.586551381468210398e-01
3.348830148394585926e-01
3.592811479976381062e-01
3.348959450848190689e-01
3.596161826611640744e-01
3.347832237648275533e-01
3.554521421959591088e-01
3.327168801027136080e-01
3.560511450902199559e-01
3.327362412832012284e-01
3.564134438498700042e-01
3.326594170621724467e-01
3.526327272964667747e-01
3.308492886570739699e-01
3.532098210859313525e-01
3.308734591862861341e-01
3.535884503079352315e-01
3.308220909107330021e-01
3.501598606625504484e-01
3.292369282188804536e-01
3.507176258297683424e-01
3.292643354267957845e-01
3.511047944706113255e-01
3.292310957009629280e-01
3.513135078299747249e-01
3.291279538924251069e-01
3.477058173831968912e-01
3.274912386474026493e-01
3.480949478477978198e-01
3.275068728225128400e-01
3.484393132396667592e-01
3.274733685306877584e-01
3.486343126996934161e-01
3.273845006507623556e-01
3.452937957962448068e-01
3.259296620349108609e-01
3.456470963600251634e-01
3.259458034276212501e-01
3.459827403348069708e-01
3.259226460471694176e-01
3.461917431424058056e-01
3.258558363669766256e-01
3.462746241842112327e-01
3.257430681471543688e-01
3.429372484989280379e-01
3.243583484738394307e-01
3.432332378234776438e-01
3.243679757281007769e-01
3.435303790164705440e-01
3.243458131780896925e-01
3.437209273872920967e-01
3.242892739335246355e-01
3.438075468154339065e-01
3.241974437271439302e-01
3.437963361433944987e-01
3.240713994488871874e-01
3.405383005667822482e-01
3.227921926718560486e-01
3.407832555582550604e-01
3.227687536721117190e-01
3.409657087952226995e-01
3.227543477161181618e-01
3.411541133841498041e-01
3.227139113951655869e-01
3.412579488605299582e-01
3.226471680902223693e-01
3.412830319401038981e-01
3.225551585871015425e-01
3.412370223877854158e-01
3.224401257486652628e-01
3.382020945664462874e-01
3.213204626041109013e-01
3.384107573267571833e-01
3.212997347749066424e-01
3.385698380781037020e-01
3.212663308641470761e-01
3.386793749471230797e-01
3.212446681838284634e-01
3.388092005816321639e-01
3.212034347504870158e-01
3.388741029856544018e-01
3.211433658500781885e-01
3.388803732935727342e-01
3.210660171685578157e-01
3.388353612358371292e-01
3.209735807321388301e-01
3.387469784702000775e-01
3.208686267149523097e-01
3.386231390733238089e-01
3.207538522778867196e-01
3.384713257457166447e-01
3.206318757606678171e-01
3.355618181741041872e-01
3.196461075802404794e-01
3.357202468598290968e-01
3.196294374935811367e-01
3.358422766253301162e-01
3.196044043151588521e-01
3.359289938726860436e-01
3.195708784989372275e-01
3.359820673518300604e-01
3.195290356247734720e-01
3.360037566149916000e-01
3.195026467024749128e-01
3.360641288886752065e-01
3.194643327717819337e-01
3.360836403350559443e-01
3.194153938141888749e-01
3.360679666062640902e-01
3.193573577471991443e-01
3.360226817511852704e-01
3.192918340810660949e-01
3.359531327304138837e-01
3.192204380820723442e-01
3.358642264948580869e-01
3.191446859684272108e-01
3.357602917337511039e-01
3.190659280175610069e-01
3.225081465348408338e-01
3.191346145417054414e-01
3.332907040499655804e-01
3.180927486160124995e-01
3.333540981334501274e-01
3.180729769258349160e-01
3.333975683697606995e-01
3.180494208180551508e-01
3.334225782992352727e-01
3.180222585409310243e-01
3.334308024299422191e-01
3.179917897120677073e-01
3.334240324636381092e-01
3.179583961125658775e-01
3.334040986924921568e-01
3.179225075821822677e-01
3.333727864143209985e-01
3.178845685792623388e-01
3.333318067487520686e-01
3.178450182375026078e-01
3.332827614369064384e-01
3.178042767634872701e-01
3.332271096510611708e-01
3.177627302561636391e-01
3.331661768116803146e-01
3.177207316136153592e-01
3.331011354384485479e-01
3.176785921159230308e-01
3.330330040474951958e-01
3.176365791601897803e-01
3.329626555557856360e-01
3.175949189522236371e-01
3.328908426221757755e-01
3.175538026364691513e-01
3.328182043096867271e-01
3.175133884039812449e-01
3.327452759236809721e-01
3.174738051311871145e-01
3.326725046823379439e-01
3.174351557049058803e-01
3.326002551010008856e-01
3.173975195925695658e-01
3.325288086679472066e-01
3.173609527580945611e-01
3.324584150773766678e-01
3.173255015547548630e-01
3.323892704254996500e-01
3.172911975799728723e-01
3.323215346139493653e-01
3.172580622476329215e-01
3.322553334712877171e-01
3.172261081246093850e-01
3.321907644382921521e-01
3.171953401194442801e-01
3.321278976424168472e-01
3.171657563163131077e-01
3.320667828826224244e-01
3.171373488861213841e-01
3.320074545012379197e-01
3.171101065394133500e-01
3.319499333190290558e-01
3.170840152886388874e-01
3.318942287061747987e-01
3.170590583671249463e-01
3.318403413940177460e-01
3.170352176021314361e-01
3.317882598215008971e-01
3.170124713986894327e-01
3.317379741031942220e-01
3.169907993658552803e-01
3.316894679929381362e-01
3.169701797469151594e-01
3.316427198305483826e-01
3.169505903493295973e-01
3.315977008029318274e-01
3.169320078527647078e-01
3.315543865863976869e-01
3.169144103670500368e-01
3.315127509180303966e-01
3.168977755807750873e-01
3.314727638466974935e-01
3.168820810541841393e-01
3.314343957479480851e-01
3.168673048002301207e-01
3.313976153513272793e-01
3.168534245444801223e-01
3.313623892551121886e-01
3.168404184119849032e-01
3.313286839508456927e-01
3.168282651187758758e-01
3.312964656070969682e-01
3.168169433577524563e-01
3.312656989253809914e-01
3.168064325621093857e-01
3.312363546835854766e-01
3.167967131088400001e-01
3.312084007903721150e-01
3.167877651101553282e-01
3.311818049005251785e-01
3.167795696335629074e-01
3.311565337576443113e-01
3.167721076304376160e-01
3.311325533982515390e-01
3.167653602429735260e-01
3.311098318931969819e-01
3.167593096699801158e-01
3.310883386344926071e-01
3.167539386448677274e-01
3.310680467507835512e-01
3.167492305727029889e-01
3.310489278630405208e-01
3.167451692004172870e-01
3.310309526222377507e-01
3.167417383333546166e-01
3.310140934107810851e-01
3.167389224514994828e-01
3.309983232253028707e-01
3.167367065798228909e-01
3.309836159472338002e-01
3.167350760305935875e-01
3.309699460380172709e-01
3.167340165468506274e-01
3.309572888127255696e-01
3.167335143707034062e-01
3.309456192328411039e-01
3.167335558733768153e-01
3.309349107155964975e-01
3.167341273647814037e-01
3.309251405931312728e-01
3.167352163086832317e-01
3.309162881961164593e-01
3.167368107199066141e-01
3.309083319648178922e-01
3.167388985988635053e-01
3.309012476734748964e-01
3.167414676817292274e-01
3.308950140010629148e-01
3.167445064951798783e-01
3.203962595838917848e-01
3.195075533890471275e-01
3.328083559161558180e-01
3.173223492632437082e-01
3.305650205726685664e-01
3.167477877173865974e-01
3.306144655432270985e-01
3.167654581732159413e-01
3.306585193341841089e-01
3.167822262009561407e-01
3.306978326635162113e-01
3.167982066328646762e-01
3.307330089877462687e-01
3.168135107246943249e-01
3.307645936740713499e-01
3.168282420367762309e-01
3.307930742528011892e-01
3.168424950781370542e-01
3.205996425098795455e-01
3.202935163380444816e-01
3.333792182073912480e-01
3.176457587191950926e-01
3.310424950247284892e-01
3.170362813428754256e-01
3.208445580916312045e-01
3.208875798185605865e-01
3.249470845837542088e-01
3.164314555509896709e-01
3.258961920533761658e-01
3.164862889744740615e-01
3.266282404672785633e-01
3.165349835444852267e-01
3.270415215570172118e-01
3.165867399548114580e-01
3.274287125810506072e-01
3.166410613512164463e-01
3.277949554203632987e-01
3.166975679050677006e-01
3.281437968343268730e-01
3.167559474307909961e-01
3.284778127166886330e-01
3.168211585620162585e-01
3.288331289855971895e-01
3.168877941339909854e-01
3.291727632821538352e-01
3.169555635909022673e-01
3.294441480862755345e-01
3.170146272404352206e-01
3.296952762530279135e-01
3.170720962771362283e-01
3.299268218505653771e-01
3.171266636452759191e-01
3.301347842551168310e-01
3.171789245003888702e-01
3.303244139495708498e-01
3.172287531898927426e-01
3.304968373621999800e-01
3.172760835007314983e-01
3.306531883698689556e-01
3.173209095949666159e-01
3.307946360768963534e-01
3.173632693134856853e-01
3.309223212803806269e-01
3.174032390495260536e-01
3.310373954182930234e-01
3.174409339549470466e-01
3.215205436903887937e-01
3.226382177165725840e-01
3.253959928278834512e-01
3.424281352274994306e-01
3.424281498543882418e-01
3.424281644811586478e-01
3.424281791078102044e-01
3.424281937343433557e-01
3.424282083607578797e-01
3.424282229870537764e-01
3.424282376132311567e-01
3.424282522392897987e-01
3.424282668652299799e-01
3.424282814910517003e-01
3.424282961167547379e-01
3.424283107423391481e-01
3.424283253678051531e-01
3.424283399931523642e-01
3.424283546183811699e-01
3.424283692434913484e-01
3.424283838684828440e-01
3.424283984933560454e-01
3.424284131181105639e-01
3.424284277427464551e-01
3.424284423672639965e-01
3.424284569916627996e-01
3.424284716159431419e-01
3.424284862401049123e-01
3.424285008641481109e-01
3.424285154880727933e-01
3.424285301118789593e-01
3.424285447355666090e-01
3.424285593591356869e-01
3.424285739825861929e-01
3.424285886059181827e-01
3.424286032291316562e-01
3.424286178522266133e-01
3.424286324752029986e-01
3.424286470980609232e-01
3.424286617208003869e-01
3.424286763434212788e-01
3.424286909659236544e-01
3.424287055883074582e-01
3.424287202105728012e-01
3.424287348327195724e-01
3.424287494547479938e-01
3.424287640766578433e-01
3.424287786984491766e-01
3.424287933201219380e-01
3.424288079416763497e-01
3.424288225631122451e-01
3.424288371844296242e-01
3.424288518056284869e-01
3.424288664267089444e-01
3.424288810476708855e-01
3.424288956685141994e-01
3.424289102892391079e-01
3.424289249098456667e-01
3.424289395303336536e-01
3.424289541507031798e-01
3.424289687709543561e-01
3.424289833910867942e-01
3.424289980111010490e-01
3.424290126309966764e-01
3.424290272507738431e-01
3.424290418704325489e-01
3.424290564899727940e-01
3.424290711093946893e-01
3.424290857286981793e-01
3.424291003478830975e-01
3.424291149669497214e-01
3.424291295858977180e-01
3.424291442047274203e-01
3.424291588234387729e-01
3.424291734420314981e-01
3.424291880605057625e-01
3.424292026788616772e-01
3.424292172970991310e-01
3.424292319152182351e-01
3.424292465332188784e-01
3.424292611511011164e-01
3.424292757688648381e-01
3.424292903865102100e-01
3.424293050040371766e-01
3.424293196214457380e-01
3.424293342387359496e-01
3.424293488559076448e-01
3.424293634729609903e-01
3.424293780898958750e-01
3.424293927067124099e-01
3.424294073234106506e-01
3.424294219399903749e-01
3.424294365564516385e-01
3.424294511727946633e-01
3.424294657890192273e-01
3.424294804051254415e-01
3.424294950211131394e-01
3.424295096369827096e-01
3.424295242527337080e-01
3.424295388683663011e-01
3.424295534838806554e-01
3.424295680992764934e-01
3.424295827145540372e-01
3.424295973297133422e-01
3.424296119447541864e-01
3.424296265596766253e-01
3.424296411744808810e-01
3.424296557891665649e-01
3.424296704037339545e-01
3.424296850181830498e-01
3.424296996325137954e-01
3.424297142467260247e-01
3.424297288608201817e-01
3.424297434747957114e-01
3.424297580886530579e-01
3.424297727023921101e-01
3.424297873160127570e-01
3.424298019295149431e-01
3.424298165428989460e-01
3.424298311561646546e-01
3.424298457693120135e-01
3.424298603823408560e-01
3.424298749952515153e-01
3.424298896080438803e-01
3.424299042207179511e-01
3.424299188332735611e-01
3.424299334457108768e-01
3.424299480580300092e-01
3.424299626702307919e-01
3.424299772823131693e-01
3.424299918942773635e-01
3.424300065061232079e-01
3.424300211178508135e-01
3.424300357294599584e-01
3.424300503409510310e-01
3.424300649523236983e-01
3.424300795635781269e-01
3.424300941747142057e-01
3.424301087857319348e-01
3.424301233966314251e-01
3.424301380074127321e-01
3.424301526180756339e-01
3.424301672286201859e-01
3.424301818390466656e-01
3.424301964493546291e-01
3.424302110595445203e-01
3.424302256696160063e-01
3.424302402795693090e-01
3.424302548894043730e-01
3.424302694991210871e-01
3.424302841087195626e-01
3.424302987181999103e-01
3.424303133275619082e-01
3.424303279368055564e-01
3.424303425459310768e-01
3.424303571549383030e-01
3.424303717638272349e-01
3.424303863725979835e-01
3.424304009812504379e-01
3.424304155897847091e-01
3.424304301982007415e-01
3.424304448064985351e-01
3.424304594146780900e-01
3.424304740227392951e-01
3.424304886306824280e-01
3.424305032385072112e-01
