2.355750611936461292e-01
2.341144678533007839e-01
2.334934546198756122e-01
2.327999520676246881e-01
2.323450111427860232e-01
2.328044548633604882e-01
2.320743985648915098e-01
2.311363204709437624e-01
2.306742022294068772e-01
2.301287622466524907e-01
2.298939929260198911e-01
2.291378399364030483e-01
2.287860143703388249e-01
2.285968845200743171e-01
2.284083289337615064e-01
2.283188904886816750e-01
2.281142290982198784e-01
2.279133925881302036e-01
2.278029154363581388e-01
2.275289103359321996e-01
2.274837902979733040e-01
2.271706767684150696e-01
2.269165509359885313e-01
2.265519999135008899e-01
2.265379909134792036e-01
2.265083320059584904e-01
2.264956735502293428e-01
2.264903955045675099e-01
2.264461155716721852e-01
2.263480043707459255e-01
2.281237325188121834e-01
2.277166494069740588e-01
2.286026736762196976e-01
2.281303279768649717e-01
2.285130384888050259e-01
2.305578636647323543e-01
2.314616884460142243e-01
2.323848913115199588e-01
2.324897607120829657e-01
2.330645225781822483e-01
2.363488355967339194e-01
2.362694757499226583e-01
2.378764748108107840e-01
2.375325647533610418e-01
2.377754377306617872e-01
2.410173785021397785e-01
2.408765206370411527e-01
2.416557138468161392e-01
2.425663337884811643e-01
2.432365069392933288e-01
2.447101753196601337e-01
2.448632702817689355e-01
2.465320033745888872e-01
2.470174326040371071e-01
2.470136472688541085e-01
2.469957265487076337e-01
2.470150960786013927e-01
2.470076964144011511e-01
2.470198500070273639e-01
2.470098513295454767e-01
2.470205606691422973e-01
2.470114128435648704e-01
2.470248022672513477e-01
2.470133932339925176e-01
2.470249528863635580e-01
2.470239080879130245e-01
2.470313889261514517e-01
2.470228478072279410e-01
2.470318944043952414e-01
2.470240313921099884e-01
2.470375021854916420e-01
2.470245476551416464e-01
2.470358017761234981e-01
2.470306896124285778e-01
2.470349848040356566e-01
2.470337212067657828e-01
2.470386764831127568e-01
2.470334417057201415e-01
2.470438109043105457e-01
2.470358878393410229e-01
2.470397723151942226e-01
2.470387420923488286e-01
2.470493040111704230e-01
2.470380220583813513e-01
2.470505135606634317e-01
2.470411127445601429e-01
2.470498583674803905e-01
2.470474745048791831e-01
2.470454085501345709e-01
2.470497239942988088e-01
2.470493521701722373e-01
2.470487400137049150e-01
2.470475743395086077e-01
2.470561991449073125e-01
2.470450739447872524e-01
2.470545869076044843e-01
2.470547237825815590e-01
2.470532847485807648e-01
2.470585132209602020e-01
2.470513781950503529e-01
2.451411290353241179e-01
2.450768003211532264e-01
2.455295179879262435e-01
2.452218604352905118e-01
2.450037188624680506e-01
2.460067775519002298e-01
2.459946628827641424e-01
2.457141512988028076e-01
2.456920941977900619e-01
2.451482379676340473e-01
2.456574977150363104e-01
2.453257529090920597e-01
2.456405664234457276e-01
2.458062207268654209e-01
2.460382541488078667e-01
2.471295128707727273e-01
2.465505248474022804e-01
2.472466408991410014e-01
2.470350083640583949e-01
2.473098871476354932e-01
2.479023179964975621e-01
2.477932890064745708e-01
2.478541925180909877e-01
2.477697801481095197e-01
2.476548324289082059e-01
2.483964174319486240e-01
2.479622123331665651e-01
2.482273240143745840e-01
2.479855246033427218e-01
2.480285821061185003e-01
2.480930175788272907e-01
2.482191412993702828e-01
2.479631277492343744e-01
2.480459184248634819e-01
2.480440102431719640e-01
2.481400879282827654e-01
2.481322581722198717e-01
2.481010519852221707e-01
2.480753677085325848e-01
2.480639045440018176e-01
2.482028853759433995e-01
2.478847201584477022e-01
2.479024253479918116e-01
2.478944039423485457e-01
2.478915848611406569e-01
2.480322078406765052e-01
2.478783934979347237e-01
2.479852819065245240e-01
2.479790201208804945e-01
2.479729340419830896e-01
2.480252890894445172e-01
2.478857385883844189e-01
2.479091224514251846e-01
2.479099799974052720e-01
2.479159285650615607e-01
2.479131191144988422e-01
2.479136803189452842e-01
2.479152609988294897e-01
2.479172838747581153e-01
2.479132224577083599e-01
2.479145222291085360e-01
2.479140976812063135e-01
2.479158855974036291e-01
2.479143519046340949e-01
2.479141127562664859e-01
2.479175015290319695e-01
2.479136569646251398e-01
2.479158588009461872e-01
2.479121387283125533e-01
2.479172655911302259e-01
2.479138983153940934e-01
2.479145685943567046e-01
2.479138118785533251e-01
2.479150882997487038e-01
2.479142472775724138e-01
2.479136629695694038e-01
2.479140548326769222e-01
2.479128948200194360e-01
2.479148034633910369e-01
2.479142012187904587e-01
2.479130534568142197e-01
2.479152311764567518e-01
2.479139589203919747e-01
2.479142850134809783e-01
2.479124316884969703e-01
2.479146326994532690e-01
2.479126035510480497e-01
2.479149985945942047e-01
2.479118302696425580e-01
2.479145397962742303e-01
2.479130353495303807e-01
2.479140105282832962e-01
2.479126648036878711e-01
2.479130869772931400e-01
2.479138255312320904e-01
2.479143571501808974e-01
2.479127394731082124e-01
2.479129003212036664e-01
2.479123179463185445e-01
2.479135706157645502e-01
2.478114953753916549e-01
2.475310179164195434e-01
2.478282036921089226e-01
2.480268771664963512e-01
2.483275959102679287e-01
2.490240994066532099e-01
2.485008185616311704e-01
2.486310478117982892e-01
2.484891950855380172e-01
2.484372604373177307e-01
2.487010981920083907e-01
2.486418498440243208e-01
2.487319737695640187e-01
2.486370202515473526e-01
2.487182573230671545e-01
2.486175618297845613e-01
2.487528115873076928e-01
2.486161997080133246e-01
2.487668073426869131e-01
2.486788666272983506e-01
2.486892982083205861e-01
2.488052138956438064e-01
2.488987025105688644e-01
2.489022651503428885e-01
2.489781386486970005e-01
2.489425165860341405e-01
2.489459636005338095e-01
2.489425832547697282e-01
2.489465400982280030e-01
2.489433255222633368e-01
2.489784200255693580e-01
2.490044884034731676e-01
2.490064611879727885e-01
2.490048887933678234e-01
2.490070011173433628e-01
2.490697733716384921e-01
2.490476341078716460e-01
2.490368933480184011e-01
2.490331024418960815e-01
2.490266524596693454e-01
2.489559798256260059e-01
2.489605881780501684e-01
2.489648451662165585e-01
2.489673680603973482e-01
2.489687153033025568e-01
2.489633907957206349e-01
2.489605337315202171e-01
2.489582907447896176e-01
2.489543117893579238e-01
2.489529896018755351e-01
2.489511498631663267e-01
2.489493700198528170e-01
2.489475519015785510e-01
2.489455358695048526e-01
2.489452931962282678e-01
2.489413659116835875e-01
2.489407487110609218e-01
2.489393241314189487e-01
2.489382816010045352e-01
2.489379167177135088e-01
2.489378966117185010e-01
2.489366927157982967e-01
2.489353954304635574e-01
2.489353092664013944e-01
2.489366010258771966e-01
2.489342995241328182e-01
2.489357457006436680e-01
2.489337432435382302e-01
2.489361721895261004e-01
2.489337688335847010e-01
2.489354731560937117e-01
2.489341706938426046e-01
2.489358513644795989e-01
2.489337092122872186e-01
2.489369246031155891e-01
2.489349263556934755e-01
2.489363146226693246e-01
2.489361457275000855e-01
2.489360087126572252e-01
2.489371681046708695e-01
2.489372673384259715e-01
2.489386504726155691e-01
2.489371206949096693e-01
2.489397314218298185e-01
2.489360732068823523e-01
2.489397185497736753e-01
2.489365172154273942e-01
2.489388544383432933e-01
2.489385562779181382e-01
2.489383290810449623e-01
2.489394633258611989e-01
2.489371491520974977e-01
2.489393829407016701e-01
2.489388862573876648e-01
2.489396417873648015e-01
2.489383179453466266e-01
2.489396089251629529e-01
2.489386236929324037e-01
2.489390569000171360e-01
2.489400901877167338e-01
2.486529106701294567e-01
2.487568133373639079e-01
2.488345252499694349e-01
2.488848737426737068e-01
2.490278033831665738e-01
2.491586725651483980e-01
2.492232940672109431e-01
2.493074569693625731e-01
2.493239524995237155e-01
2.493450616265691366e-01
2.494243190418650724e-01
2.494187980911743152e-01
2.494245869114196656e-01
2.494206525313851786e-01
2.494106959370465670e-01
2.493907213487903396e-01
2.493914007606440053e-01
2.495078422091285830e-01
2.494765713501251592e-01
2.494703019024210877e-01
2.494686564929078088e-01
2.494746677800797063e-01
2.494761554732353726e-01
2.494757228963405404e-01
2.494768892388110615e-01
2.494695469428978574e-01
2.494692363962763559e-01
2.494712715901150346e-01
2.494704755231514359e-01
2.494715112636904097e-01
2.494738236918204732e-01
2.494726415493784821e-01
2.494734144541071730e-01
2.494743396307873839e-01
2.494735435195430950e-01
2.494755027105090006e-01
2.494745332283730133e-01
2.494758878035871486e-01
2.494743461829820319e-01
2.494754218331680928e-01
2.494751724011618765e-01
2.494750374505389223e-01
2.494752571858127044e-01
2.494753550312109880e-01
2.494751164632529328e-01
2.494747626492964387e-01
2.494749224823562261e-01
2.494757453060922892e-01
2.494744511004114984e-01
2.494757467016291697e-01
2.494747467682894015e-01
2.494759647001379699e-01
2.494745065944267148e-01
2.494763551497729825e-01
2.494742783417736309e-01
2.494760439128672902e-01
2.494744579664635309e-01
2.494761330963411183e-01
2.494751459909081426e-01
2.494753636181532563e-01
2.494755386732693536e-01
2.494758666698757010e-01
2.494758630429628754e-01
2.494755408825326537e-01
2.494756526061197022e-01
2.494758901631334291e-01
2.494751479682837392e-01
2.494760236971347023e-01
2.494761539917470239e-01
2.494757856120335127e-01
2.494757990146525828e-01
2.494747532131420253e-01
2.494762768559663224e-01
2.494747244917009110e-01
2.494760938252910953e-01
2.494743067660440128e-01
2.494761110293086948e-01
2.494749179643353798e-01
2.494761389034417520e-01
2.494754546418516405e-01
2.494758244857593343e-01
2.494755974659678688e-01
2.494762085801931484e-01
2.494759881431500292e-01
2.494763825957269088e-01
2.494758897075155524e-01
2.494760251571329912e-01
2.494763153990981197e-01
2.494753566851392601e-01
2.494767678918022868e-01
2.494753268184647099e-01
2.494766684492910613e-01
2.494749582634715468e-01
2.494773315422615934e-01
2.494758022666680730e-01
2.494768108600219914e-01
2.494755472588259249e-01
2.494771785909000450e-01
2.494759062400530858e-01
2.494764126519929126e-01
2.493199817961022080e-01
2.494236352493182096e-01
2.494967903742728588e-01
2.496064954550701875e-01
2.496978086139927389e-01
2.496532478296583646e-01
2.496472978091987538e-01
2.497617811808538757e-01
2.497613680639659828e-01
2.497563143095683502e-01
2.497154441841460126e-01
2.497181054885097284e-01
2.497458524513033462e-01
2.497418175916706340e-01
2.497438765649704906e-01
2.497392076152623319e-01
2.497380990615150065e-01
2.497387015018723289e-01
2.497384826997181007e-01
2.497389735560733293e-01
2.497361337030837292e-01
2.497362773061066188e-01
2.497352205326436869e-01
2.497356705842113112e-01
2.497351384719529166e-01
2.497328790694220702e-01
2.497330619724486278e-01
2.497325639054080726e-01
2.497322566445569214e-01
2.497324525641896054e-01
2.497284480389573846e-01
2.497301383268003550e-01
2.497289381663445607e-01
2.497294862852575681e-01
2.497286759524557087e-01
2.497267852672882815e-01
2.497268440805861245e-01
2.497262152884118791e-01
2.497261615041045935e-01
2.497262034423740062e-01
2.497237054201493500e-01
2.497247868062494047e-01
2.497233378647256974e-01
2.497245440258762383e-01
2.497233737051187397e-01
2.497220835542825201e-01
2.497220377917417078e-01
2.497217595557431891e-01
2.497219448712431622e-01
2.497216443339466962e-01
2.497200317139001979e-01
2.497207346015640483e-01
2.497203680528042868e-01
2.497206977738487821e-01
2.497204596906361096e-01
2.497204724268015652e-01
2.497204055006385370e-01
2.497205474612553266e-01
2.497199858876099077e-01
2.497204028155654287e-01
2.497200584911690169e-01
2.497202499694774480e-01
2.497202318591726922e-01
2.497198075572350517e-01
2.497202612797627397e-01
2.497203021796765010e-01
2.497205609385515501e-01
2.497201489468126312e-01
2.497206770721569213e-01
2.497201051850372611e-01
2.497207883369190473e-01
2.497209621393662038e-01
2.497206739725597591e-01
2.497211249969058522e-01
2.497210060072156956e-01
2.497212523858979849e-01
2.497206139235566835e-01
2.497211257216809810e-01
2.497208083085181163e-01
2.497216925894101269e-01
2.497211827541353790e-01
2.497216559891054233e-01
2.497212573424541227e-01
2.497222669370368353e-01
2.497219019638786675e-01
2.497223698471162379e-01
2.497220909925680354e-01
2.497223837297547766e-01
2.497227403608762164e-01
2.497230914707156135e-01
2.497226785589474474e-01
2.497228832119863240e-01
2.497230372841690582e-01
2.497235074041288250e-01
2.497236400932848210e-01
2.497240344647798094e-01
2.497236899188730319e-01
2.497248622097675008e-01
2.497239918827245664e-01
2.497254007798197784e-01
