2.855162949135632844e-01
2.520386326528871734e-01
3.131859610256355619e-01
2.919864524704853803e-01
2.919864381740428505e-01
2.919864238776579413e-01
2.919864095813300975e-01
2.919863952850595967e-01
2.919863809888463835e-01
2.919863666926904577e-01
2.919863523965923191e-01
2.919863381005511349e-01
2.919863238045672382e-01
2.919863095086405735e-01
2.919862952127713074e-01
2.919862809169599949e-01
2.919862666212056368e-01
2.919862523255085107e-01
2.919862380298688942e-01
2.919862237342865097e-01
2.919862094387618012e-01
2.919861951432941582e-01
2.919861808478840803e-01
2.919861665525310679e-01
2.919861522572355095e-01
2.919861379619971276e-01
2.919861236668161997e-01
2.919861093716921152e-01
2.919860950766259844e-01
2.919860807816168635e-01
2.919860664866652522e-01
2.919860521917707064e-01
2.919860378969338366e-01
2.919860236021546984e-01
2.919860093074323482e-01
2.919859950127678960e-01
2.919859807181605094e-01
2.919859664236099661e-01
2.919859521291167104e-01
2.919859378346811862e-01
2.919859235403027831e-01
2.919859092459816674e-01
2.919858949517182278e-01
2.919858806575116317e-01
2.919858663633623785e-01
2.919858520692708570e-01
2.919858377752366785e-01
2.919858234812592324e-01
2.919858091873390737e-01
2.919857948934769798e-01
2.919857805996715627e-01
2.919857663059237107e-01
2.919857520122332573e-01
2.919857377186004799e-01
2.919857234250244349e-01
2.919857091315061770e-01
2.919856948380449846e-01
2.919856805446413017e-01
2.919856662512946843e-01
2.919856519580056875e-01
2.919856376647735896e-01
2.919856233715986127e-01
2.919856090784812563e-01
2.919855947854209099e-01
2.919855804924185727e-01
2.919855661994731899e-01
2.919855519065858163e-01
2.919855376137555636e-01
2.919855233209827094e-01
2.919855090282673094e-01
2.919854947356084196e-01
2.919854804430075945e-01
2.919854661504640014e-01
2.919854518579776403e-01
2.919854375655484002e-01
2.919854232731767252e-01
2.919854089808624487e-01
2.919853946886054041e-01
2.919853803964054806e-01
2.919853661042631221e-01
2.919853518121778846e-01
2.919853375201497681e-01
2.919853232281792721e-01
2.919853089362662857e-01
2.919852946444106978e-01
2.919852803526117313e-01
2.919852660608703854e-01
2.919852517691864935e-01
2.919852374775596116e-01
2.919852231859902947e-01
2.919852088944784874e-01
2.919851946030236900e-01
2.919851803116264577e-01
2.919851660202864574e-01
2.919851517290030785e-01
2.919851374377776532e-01
2.919851231466093489e-01
2.919851088554989427e-01
2.919850945644453244e-01
2.919850802734491602e-01
2.919850659825101724e-01
2.919850516916287497e-01
2.919850374008041705e-01
2.919850231100371563e-01
2.919850088193273741e-01
2.919849945286749904e-01
2.919849802380798387e-01
2.919849659475417525e-01
2.919849516570612313e-01
2.919849373666380532e-01
2.919849230762719405e-01
2.919849087859630599e-01
2.919848944957113557e-01
2.919848802055171610e-01
2.919848659153801984e-01
2.919848516253006343e-01
2.919848373352781357e-01
2.919848230453131466e-01
2.919848087554056115e-01
2.919847944655551975e-01
2.919847801757622929e-01
2.919847658860265094e-01
2.919847515963478468e-01
2.919847373067264718e-01
2.919847230171627728e-01
2.919847087276561948e-01
2.919846944382067933e-01
2.919846801488147348e-01
2.919846658594799638e-01
2.919846515702024248e-01
2.919846372809818957e-01
2.919846229918188207e-01
2.919846087027133663e-01
2.919845944136652549e-01
2.919845801246739869e-01
2.919845658357401730e-01
2.919845515468636465e-01
2.919845372580445741e-01
2.919845229692824562e-01
2.919845086805777923e-01
2.919844943919304714e-01
2.919844801033404380e-01
2.919844658148078032e-01
2.919844515263322893e-01
2.919844372379138964e-01
2.919844229495531795e-01
2.919844086612494727e-01
2.919843943730034974e-01
2.919843800848145876e-01
2.919843657966831318e-01
2.919843515086085195e-01
2.919843372205916943e-01
2.919843229326312128e-01
2.919843086447287406e-01
2.919842943568832228e-01
2.919842800690950479e-01
2.919842657813644937e-01
2.919842514936910050e-01
2.919842372060746927e-01
2.919842229185160010e-01
2.919842086310142082e-01
2.919841943435696474e-01
2.919841800561823741e-01
2.919841657688520553e-01
2.919841514815793571e-01
2.919841371943639463e-01
2.919841229072061006e-01
2.919841086201052094e-01
2.919840943330616612e-01
2.919840800460754560e-01
2.919840657591458166e-01
2.919840514722740199e-01
2.919840371854596217e-01
2.919840228987019004e-01
2.919840086120016887e-01
2.919839943253589865e-01
2.919839800387736273e-01
2.919839657522457776e-01
2.919839514657745494e-01
2.919839371793612748e-01
2.919839228930043995e-01
2.919839086067056999e-01
2.919838943204636217e-01
2.919838800342787755e-01
2.919838657481514388e-01
2.919838514620810566e-01
2.919838371760684614e-01
2.919838228901124877e-01
2.919838086042139680e-01
2.919837943183727913e-01
2.919837800325888466e-01
2.919837657468623560e-01
2.919837514611928198e-01
2.919837371755816258e-01
2.919837228900268866e-01
2.919837086045300456e-01
2.919836943190902701e-01
2.919836800337077820e-01
2.919836657483826370e-01
2.919836514631148905e-01
2.919836371779043760e-01
2.919836228927510935e-01
2.919836086076548765e-01
2.919835943226162245e-01
2.919835800376344714e-01
2.919835657527101724e-01
2.919835514678430499e-01
2.919835371830327708e-01
2.919835228982802233e-01
2.919835086135842417e-01
2.919834943289456586e-01
2.919834800443649181e-01
2.919834657598406880e-01
2.919834514753738564e-01
2.919834371909642012e-01
2.919834229066118891e-01
2.919834086223167535e-01
2.919833943380789054e-01
2.919833800538981783e-01
2.919833657697751828e-01
2.919833514857090861e-01
2.919833372017001105e-01
2.919833229177483669e-01
2.919833086338539108e-01
2.919832943500173528e-01
2.919832800662379158e-01
2.919832657825156552e-01
2.919832514988505157e-01
2.919832372152426081e-01
2.919832229316919880e-01
2.919832086481987665e-01
2.919831943647621109e-01
2.919831800813832978e-01
2.919831657980618278e-01
2.919831515147975898e-01
2.919831372315905282e-01
2.919831229484406432e-01
2.919831086653479346e-01
2.919830943823121805e-01
2.919830800993341025e-01
2.919830658164128123e-01
2.919830515335492538e-01
2.919830372507424832e-01
2.919830229679930556e-01
2.919830086853011375e-01
2.919829944026665625e-01
2.919829801200891639e-01
2.919829658375691084e-01
2.919829515551057297e-01
2.919829372726996941e-01
2.919829229903508350e-01
2.919829087080591523e-01
2.919828944258250347e-01
2.919828801436478161e-01
2.919828658615282180e-01
2.919828515794654633e-01
2.919828372974599962e-01
2.919828230155119275e-01
2.919828087336207023e-01
2.919827944517872642e-01
2.919827801700106140e-01
2.919827658882913624e-01
2.919827516066292317e-01
2.919827373250243330e-01
2.919827230434771659e-01
2.919827087619868422e-01
2.919826944805534730e-01
2.919826801991777243e-01
2.919826659178588191e-01
2.919826516365975899e-01
2.919826373553938148e-01
2.919826230742469941e-01
2.919826087931575165e-01
2.919825945121251598e-01
2.919825802311500906e-01
2.919825659502322535e-01
2.919825516693711487e-01
2.919825373885677200e-01
2.919825231078218564e-01
2.919825088271325031e-01
2.919824945465005483e-01
2.919824802659258811e-01
2.919824659854084459e-01
2.919824517049479651e-01
2.919824374245452159e-01
2.919824231441996987e-01
2.919824088639110804e-01
2.919823945836801382e-01
2.919823803035062615e-01
2.919823660233888951e-01
2.919823517433294824e-01
2.919823374633271351e-01
2.919823231833816313e-01
2.919823089034935260e-01
2.919822946236627081e-01
2.919822803438887893e-01
2.919822660641723799e-01
2.919822517845130916e-01
2.919822375049106467e-01
2.919822232253662109e-01
2.919822089458788406e-01
2.919821946664484802e-01
2.919821803870747412e-01
2.919821661077588448e-01
2.919821518285001805e-01
2.919821375492984705e-01
2.919821232701541591e-01
2.919821089910671352e-01
2.919820947120370658e-01
2.919820804330643393e-01
2.919820661541488449e-01
2.919820518752905270e-01
2.919820375964895520e-01
2.919820233177455870e-01
2.919820090390591316e-01
2.919819947604296306e-01
2.919819804818575837e-01
2.919819662033425467e-01
2.919819519248841866e-01
2.919819376464836691e-01
2.919819233681409387e-01
2.919819090898547187e-01
2.919818948116262858e-01
2.919818805334543632e-01
2.919818662553400057e-01
2.919818519772831023e-01
2.919818376992830422e-01
2.919818234213401031e-01
2.919818091434552843e-01
2.919817948656265316e-01
2.919817805878560102e-01
2.919817663101418881e-01
2.919817520324853310e-01
2.919817377548860615e-01
2.919817234773437464e-01
2.919817091998584413e-01
2.919816949224308122e-01
2.919816806450602487e-01
2.919816663677469171e-01
2.919816520904909285e-01
2.919816378132917278e-01
2.919816235361502588e-01
2.919816092590654666e-01
2.919815949820380729e-01
2.919815807050676892e-01
2.919815664281542045e-01
2.919815521512985623e-01
2.919815378744999301e-01
2.919815235977584744e-01
2.919815093210741397e-01
2.919814950444467039e-01
2.919814807678768886e-01
2.919814664913637503e-01
2.919814522149083436e-01
2.919814379385096137e-01
2.919814236621686709e-01
2.919814093858846826e-01
2.919813951096580928e-01
2.919813808334883465e-01
2.919813665573758876e-01
2.919813522813204942e-01
2.919813380053224439e-01
2.919813237293815145e-01
2.919813094534977060e-01
2.919812951776711296e-01
2.919812809019018407e-01
2.919812666261897838e-01
2.919812523505347923e-01
2.919812380749371994e-01
2.919812237993969495e-01
2.919812095239132654e-01
2.919811952484872020e-01
2.919811809731187036e-01
2.919811666978067155e-01
2.919811524225518484e-01
2.919811381473544909e-01
2.919811238722135882e-01
2.919811095971304171e-01
2.919810953221038674e-01
2.919810810471349938e-01
2.919810667722234632e-01
2.919810524973686094e-01
2.919810382225715428e-01
2.919810239478314862e-01
2.919810096731484395e-01
2.919809953985224582e-01
2.919809811239540420e-01
2.919809668494424137e-01
2.919809525749884616e-01
2.919809383005913528e-01
2.919809240262511985e-01
2.919809097519682761e-01
2.919808954777424748e-01
2.919808812035740719e-01
2.919808669294625680e-01
2.919808526554084072e-01
2.919808383814113673e-01
2.919808241074715038e-01
2.919808098335888724e-01
2.919807955597636395e-01
2.919807812859955831e-01
2.919807670122843146e-01
2.919807527386303891e-01
2.919807384650333626e-01
2.919807241914937901e-01
2.919807099180114496e-01
2.919806956445862856e-01
2.919806813712181870e-01
2.919806670979070984e-01
2.919806528246537414e-01
2.919806385514572278e-01
2.919806242783181682e-01
2.919806100052360076e-01
2.919805957322109680e-01
2.919805814592428828e-01
2.919805671863318075e-01
2.919805529134782418e-01
2.919805386406821301e-01
2.919805243679424733e-01
2.919805100952599930e-01
2.919804958226350777e-01
2.919804815500664508e-01
2.919804672775556109e-01
2.919804530051019476e-01
2.919804387327055717e-01
2.919804244603665389e-01
2.919804101880843494e-01
2.919803959158598361e-01
2.919803816436920552e-01
2.919803673715815617e-01
2.919803530995281893e-01
2.919803388275313827e-01
2.919803245555923632e-01
2.919803102837100206e-01
2.919802960118856872e-01
2.919802817401178641e-01
2.919802674684074950e-01
2.919802531967538028e-01
2.919802389251578423e-01
2.919802246536186696e-01
2.919802103821367290e-01
2.919801961107119648e-01
2.919801818393443771e-01
2.919801675680332442e-01
2.919801532967797875e-01
2.919801390255833962e-01
2.919801247544439038e-01
2.919801104833625316e-01
2.919800962123377808e-01
2.919800819413705950e-01
2.919800676704604747e-01
2.919800533996074754e-01
2.919800391288112085e-01
2.919800248580721735e-01
2.919800105873907037e-01
2.919799963167662438e-01
2.919799820461992934e-01
2.919799677756891865e-01
2.919799535052363115e-01
2.919799392348403355e-01
2.919799249645013139e-01
2.919799106942199685e-01
2.919798964239952443e-01
2.919798821538280853e-01
2.919798678837182138e-01
2.919798536136654077e-01
2.919798393436696671e-01
2.919798250737308809e-01
2.919798108038495488e-01
2.919797965340251156e-01
2.919797822642579699e-01
2.919797679945479452e-01
2.919797537248953190e-01
2.919797394552993142e-01
2.919797251857606524e-01
2.919797109162788340e-01
2.919796966468545807e-01
2.919796823774866712e-01
2.919796681081767709e-01
2.919796538389238250e-01
2.919796395697282221e-01
2.919796253005894071e-01
2.919796110315081017e-01
2.919795967624835287e-01
2.919795824935159656e-01
2.919795682246056345e-01
2.919795539557524799e-01
2.919795396869562243e-01
2.919795254182174227e-01
2.919795111495357975e-01
2.919794968809106828e-01
2.919794826123426335e-01
2.919794683438322602e-01
2.919794540753788969e-01
2.919794398069827657e-01
2.919794255386434223e-01
2.919794112703612554e-01
2.919793970021364871e-01
2.919793827339686731e-01
2.919793684658582023e-01
