4.844465508993459624e-01
4.816412003740324077e-01
4.796555601883266129e-01
4.785341789893144959e-01
4.773893451489552020e-01
4.781716122039892936e-01
4.776141959234637691e-01
4.762971363531595670e-01
4.759681990611738245e-01
4.752749186336204801e-01
4.755116668983470074e-01
4.736936326415679965e-01
4.726918315647916646e-01
4.719192962241594014e-01
4.712892425310037936e-01
4.710919962336480582e-01
4.692053089632525764e-01
4.685538920395361240e-01
4.677960564338154992e-01
4.675049842710919945e-01
4.671231078282209737e-01
4.662560162423690091e-01
4.652967722909225334e-01
4.647953563231062013e-01
4.643885650481230365e-01
4.645664450123437872e-01
4.632027213790178566e-01
4.627816162729278537e-01
4.616416986519059074e-01
4.610209357052725276e-01
4.619751756252214459e-01
4.602812711618194941e-01
4.601663203645923184e-01
4.588538567917424538e-01
4.584648956975011513e-01
4.596742331123702119e-01
4.584478800626033412e-01
4.589013133221596097e-01
4.577580333564034154e-01
4.579984829288042403e-01
4.579834558093776598e-01
4.579029662339750839e-01
4.579629275054770132e-01
4.579257704262045259e-01
4.580084861927216644e-01
4.583854343136965492e-01
4.578306539974651979e-01
4.584320090944161152e-01
4.580516788116070770e-01
4.587062152199865017e-01
4.585195802657898723e-01
4.586002635780343506e-01
4.584490617198868634e-01
4.588130399330042630e-01
4.589741544440579801e-01
4.590829773338656605e-01
4.591148631572236072e-01
4.591976675536304509e-01
4.592487498917940947e-01
4.593636515180645752e-01
4.593975975902699349e-01
4.595700947156436400e-01
4.595768193954583025e-01
4.599484348462669070e-01
4.598360579767915568e-01
4.602797968629442349e-01
4.600621314991247823e-01
4.605122890081900788e-01
4.602642985667487752e-01
4.606075750458965556e-01
4.606401804844281744e-01
4.607870505544239825e-01
4.607873630668089526e-01
4.610707277621753919e-01
4.609833240049412972e-01
4.609940151923103691e-01
4.610218188826551433e-01
4.610151999281594803e-01
4.610225540474363060e-01
4.610255708925499740e-01
4.610223968139086081e-01
4.610274851622497838e-01
4.610173680404557883e-01
4.610243230467574449e-01
4.610266666828891635e-01
4.610190351143536036e-01
4.610266079527705618e-01
4.610234072866810640e-01
4.610276116679756786e-01
4.610206595301220012e-01
4.610263561622270911e-01
4.610250747834313545e-01
4.610275570033190995e-01
4.610287448946143174e-01
4.610265159553039171e-01
4.610281650185153457e-01
4.610262861394782696e-01
4.610272519788997658e-01
4.610289929876528192e-01
4.610253124493441934e-01
4.618729154184779140e-01
4.637420235455711470e-01
4.651044917601089290e-01
4.673990682918193751e-01
4.671278342064408284e-01
4.692300714846543985e-01
4.691036314345646274e-01
4.706384598822200283e-01
4.707077069242316947e-01
4.717929924560437249e-01
4.720729738720398916e-01
4.732795766759247402e-01
4.731080047331059357e-01
4.738176902848437733e-01
4.737252040583340706e-01
4.743990668231926056e-01
4.740044190979542660e-01
4.747608049317630918e-01
4.744328036569056550e-01
4.753729921870175623e-01
4.751443879167189244e-01
4.759379365670751705e-01
4.757195076122121558e-01
4.761161715106553283e-01
4.759923712627583958e-01
4.766764111996564246e-01
4.764224972644648948e-01
4.770335426918024813e-01
4.768531147891701405e-01
4.768735541678338907e-01
4.775911835188707544e-01
4.774005627193863011e-01
4.773767908249357816e-01
4.773880779302104305e-01
4.773899094243792551e-01
4.774059603689599918e-01
4.773590492758829074e-01
4.773647709904038083e-01
4.773445511454920132e-01
4.773505894861064247e-01
4.773179489100179418e-01
4.773459726373574519e-01
4.773165080813107086e-01
4.773107216685184562e-01
4.773278231014376205e-01
4.773198381540040836e-01
4.773070920192151179e-01
4.773223107789991704e-01
4.772885333992902823e-01
4.773150324245915010e-01
4.772915149425120407e-01
4.773190048273864283e-01
4.773054648378480258e-01
4.773263355245113693e-01
4.773191112518105350e-01
4.773301214713987495e-01
4.773138067224608760e-01
4.773341081148302911e-01
4.773199083355399441e-01
4.773316178032180890e-01
4.773266442913149388e-01
4.773396962067224525e-01
4.773259356403528053e-01
4.773446087263996107e-01
4.773272241892604351e-01
4.773301097738412158e-01
4.773382617829123320e-01
4.773283585298850329e-01
4.773311739916686336e-01
4.773370390618112968e-01
4.773270415980351844e-01
4.773527561770786742e-01
4.773360444001089054e-01
4.773498359608626118e-01
4.773314524880480358e-01
4.773494400916725722e-01
4.773408833813624352e-01
4.773368709190344839e-01
4.773475798195704889e-01
4.773457762820575434e-01
4.773603455846028298e-01
4.773527311224929903e-01
4.773493976437477859e-01
4.773585506101155618e-01
4.773465221869125363e-01
4.773576982195927854e-01
4.773459883585257080e-01
4.773647103043905382e-01
4.773512614767957962e-01
4.773644141932906204e-01
4.773541509106289937e-01
4.773631611745044467e-01
4.773494813800395753e-01
4.773614683672628423e-01
4.773508880033823787e-01
4.773625558713835981e-01
4.773508121324617770e-01
4.773649389323216807e-01
4.773543459924912136e-01
4.773612741281835214e-01
4.774677327283772810e-01
4.786465469257014105e-01
4.785994786449704885e-01
4.790530299083445298e-01
4.787791715869046394e-01
4.790896963603787362e-01
4.787042669904428283e-01
4.793043426863987655e-01
4.790709270816149168e-01
4.793323316527922651e-01
4.794366397588704087e-01
4.794374539773905153e-01
4.794914802954300392e-01
4.794919462946783395e-01
4.794557260078101679e-01
4.795913938311200941e-01
4.795730478670398034e-01
4.795564328399083420e-01
4.794916105020541330e-01
4.794688132998670138e-01
4.796321822166873527e-01
4.795394936562895061e-01
4.795661938129388013e-01
4.795302661511723352e-01
4.795530853913154701e-01
4.795371168139025975e-01
4.795560084979498261e-01
4.795602238509383830e-01
4.795898670516842155e-01
4.795848481061338320e-01
4.795698848442117579e-01
4.795851075364362393e-01
4.795849128209722090e-01
4.795833631675771591e-01
4.795777689019563028e-01
4.795767450156123712e-01
4.795882492614795822e-01
4.795818745348233714e-01
4.795879101832876135e-01
4.795845320133188538e-01
4.795723825193318746e-01
4.795799050020554399e-01
4.795856159093894733e-01
4.795827256209085343e-01
4.795782321875847742e-01
4.795672428490632688e-01
4.795830236022490811e-01
4.795835958837628143e-01
4.795759536357174779e-01
4.795778439657317205e-01
4.795842827289794608e-01
4.795869272706798636e-01
4.795947623165701112e-01
4.795841977583873983e-01
4.795860539058497407e-01
4.795929291882404244e-01
4.795836522824231118e-01
4.796007025148558700e-01
4.795864894191524397e-01
4.795931800748302609e-01
4.795987912602530101e-01
4.795793849456568836e-01
4.795971436654712372e-01
4.795950441553233357e-01
4.795959561510100277e-01
4.795979828540025691e-01
4.795986312806500007e-01
4.795960424230146790e-01
4.796042396776393768e-01
4.795919416567203664e-01
4.795987468548887911e-01
4.795989218583568969e-01
4.795994494747325976e-01
4.796046244006235137e-01
4.795943658450786962e-01
4.796106485919609530e-01
4.795985167815126626e-01
4.796020224931545339e-01
4.796044088616309153e-01
4.796129332514059151e-01
4.795977441815701403e-01
4.796068764713563026e-01
4.795927060103952755e-01
4.796091647306151007e-01
4.795960651947820397e-01
4.796065299582898955e-01
4.796009055838914015e-01
4.796146269597247325e-01
4.796075260385957439e-01
4.796063825058222707e-01
4.796023659703668729e-01
4.796123153259529426e-01
4.796090437783775418e-01
4.795978316031844768e-01
4.796093599224787174e-01
4.796001334353098278e-01
4.796087460637302180e-01
4.795783665991705802e-01
4.796062643276551296e-01
4.796092699916833513e-01
4.790240642908280555e-01
4.794498307940553983e-01
4.792297718369222803e-01
4.795456971102287080e-01
4.793416398121973510e-01
4.795538233785951454e-01
4.793978219654673190e-01
4.796126790088789948e-01
4.795333987620943872e-01
4.795076687656447123e-01
4.795707234993046852e-01
4.795399133334898867e-01
4.795349549551010115e-01
4.797173676130931375e-01
4.797165323419179117e-01
4.797129741891415500e-01
4.796958313692223363e-01
4.797235403513192553e-01
4.797218641272203987e-01
4.797251905997326760e-01
4.797157050191487859e-01
4.797300218177624753e-01
4.797207219829801028e-01
4.797242811577169253e-01
4.797377282378496588e-01
4.797235880487406012e-01
4.797345205580161309e-01
4.797370488898182184e-01
4.796863461422566921e-01
4.797298023305615056e-01
4.797392227382617502e-01
4.797474883465925322e-01
4.797574853804342787e-01
4.797791536700058979e-01
4.797661248974281478e-01
4.797655169643130768e-01
4.797683218047268383e-01
4.797875098585050457e-01
4.797546287982198954e-01
4.797750517127752912e-01
4.797811399716304104e-01
4.797735087374907503e-01
4.797792153665355053e-01
4.797717264461502373e-01
4.797820072404971325e-01
4.797743479860113736e-01
4.797764147799417067e-01
4.797797301425659744e-01
4.797786760873739009e-01
4.797779406217885789e-01
4.797694782013431913e-01
4.797906654233350388e-01
4.797749032307058181e-01
4.797783756168442215e-01
4.799705148759189077e-01
4.798805215611084418e-01
4.798571703439528657e-01
4.798769292218442728e-01
4.798696559379054816e-01
4.798633693482709517e-01
4.798727301216422769e-01
4.798599063086451677e-01
4.798737658235613934e-01
4.798711202996566727e-01
4.798805018549420764e-01
4.798865340708771687e-01
4.799005564648769484e-01
4.798839088892272731e-01
4.798898116176992801e-01
4.798802044442573855e-01
4.798900219637160514e-01
4.798834635530324078e-01
4.798880819506357587e-01
4.798832369989431967e-01
4.798870850891006068e-01
4.798826585572653625e-01
4.798869639075903359e-01
4.798765926333826703e-01
4.798858527427912191e-01
4.798961936933319739e-01
4.798738796959144959e-01
4.798872292305055853e-01
4.798950541586153307e-01
4.798831922894261082e-01
4.798890372536548932e-01
4.798879604994575887e-01
4.798854256429964660e-01
4.798802489244755609e-01
4.798956738363722718e-01
4.798900811449370307e-01
4.798865015512254195e-01
4.798879387399629382e-01
4.798828864742237799e-01
4.798983517083111328e-01
4.798836053032444759e-01
4.798898243700931987e-01
4.798889992082299161e-01
4.798896898389477528e-01
4.798856496452342246e-01
4.798904774977724719e-01
4.798492030282390242e-01
4.797895675974842011e-01
4.798399630991882492e-01
4.797754140212860396e-01
4.798265245843988391e-01
4.798644265668958742e-01
4.798287170081308450e-01
4.798068811276572920e-01
4.798296731717487384e-01
4.798204473349215182e-01
4.798203337012437730e-01
4.798324378401730428e-01
4.798229635739626464e-01
4.798315599418625510e-01
4.797416643729226493e-01
4.798070778171982242e-01
4.798020135911746364e-01
4.797981665520690830e-01
4.797986907152124725e-01
4.797655288611579194e-01
4.797794317894911176e-01
4.797934079110940941e-01
4.797988277357290166e-01
4.797928565893034847e-01
4.797982581888501907e-01
4.797932289998400046e-01
4.798112705475164330e-01
4.798148271148300892e-01
4.798166913185330507e-01
4.798146851125016932e-01
4.798117710885081988e-01
4.798149354421822332e-01
4.798152792958715884e-01
4.798157740145527206e-01
4.798185587292441157e-01
4.798166510074720059e-01
4.798180564836886375e-01
4.798209205830920032e-01
4.798112709489913419e-01
4.798133308422939391e-01
4.798149238862860488e-01
4.798235983407090344e-01
4.797964512386908575e-01
4.798195350060908138e-01
4.798248762283551794e-01
4.798247740717122012e-01
4.798210165231759916e-01
4.798222999160128288e-01
4.798255499341421704e-01
4.798226775791982202e-01
4.798224675505679548e-01
4.798298461396219849e-01
4.798304524421964090e-01
4.798299674049438246e-01
4.798273240466475742e-01
4.798285180745232026e-01
4.798289351756813148e-01
4.798278721489071530e-01
4.798318410225851927e-01
4.798285839126570362e-01
4.798278347217225237e-01
4.798255247082802710e-01
4.798311275485402372e-01
4.798266189203228560e-01
4.798333518735056202e-01
4.798294950117533708e-01
4.798275911903399082e-01
4.798309118127273010e-01
4.798282659402519634e-01
4.798357165333340668e-01
4.798348948980247775e-01
4.798402601585074478e-01
4.798223994900661649e-01
4.798354336516752472e-01
4.798260483213140359e-01
4.798336424611161499e-01
4.798343024128997047e-01
4.798343131935779993e-01
4.798174424888261846e-01
4.798337584028241065e-01
4.798259811760184901e-01
4.798317950733391180e-01
4.798319420219267495e-01
4.798315241797131425e-01
4.798357095101651315e-01
4.798319671790338692e-01
4.798338357379384744e-01
4.798249652931207976e-01
4.798341183073991933e-01
4.798244215640810606e-01
4.798355199712951991e-01
4.798284095059178189e-01
4.798349704950100603e-01
4.798298566021373945e-01
4.798342974984439180e-01
4.798316589515535524e-01
4.798404866480634468e-01
4.798377130665560375e-01
4.798332617801026045e-01
4.798379093928917816e-01
