5.034298241638917037e-01
5.022681549167272719e-01
4.991798606663631621e-01
4.975580570378024259e-01
4.971272095134771085e-01
4.970833183493140739e-01
4.951513457180428679e-01
4.942259229752565264e-01
4.935174344218097309e-01
4.930804570556682198e-01
4.915138674565541210e-01
4.900604080614566760e-01
4.892663926654884921e-01
4.886902419125838670e-01
4.883075320709407974e-01
4.868796042453658046e-01
4.856770478962235127e-01
4.846094740708192239e-01
4.841640389878406614e-01
4.836464381384891764e-01
4.830843690554733616e-01
4.806118657652226900e-01
4.798931830323840964e-01
4.791467523495488434e-01
4.786368414064803289e-01
4.780299615210600872e-01
4.769417967342446940e-01
4.756719927649474822e-01
4.749793700934712426e-01
4.741786449656599234e-01
4.737451405774927848e-01
4.715721679390383891e-01
4.711404253869013736e-01
4.712779239277848364e-01
4.732938640030283084e-01
4.920438927477604474e-01
4.945277119174503744e-01
5.140239953695646680e-01
5.068429821649522715e-01
5.238090570919250455e-01
5.350861855030344394e-01
5.594081236616663677e-01
5.597079002594325114e-01
5.766407238644959410e-01
5.747830604925066034e-01
6.099529881132512710e-01
6.160233043614803394e-01
6.409208431745806456e-01
6.233964369601813216e-01
6.471520062760846015e-01
6.331397557959426159e-01
6.711196416280194033e-01
6.589679639227358221e-01
6.870255510605077776e-01
6.708263186555396551e-01
6.959855757101284235e-01
6.834968943617774073e-01
7.036558836396601402e-01
6.908603078358829253e-01
7.142935923463786807e-01
6.963285666793291862e-01
7.184986702437909933e-01
7.037819945972763058e-01
7.306943560638438084e-01
7.107736355947498197e-01
7.376669936044392140e-01
7.375162997076776250e-01
7.375228438924582575e-01
7.284253205551017851e-01
7.283809824502837094e-01
7.283940351297145677e-01
7.283345213251753991e-01
7.283637558382128896e-01
7.284627003907161447e-01
7.285476151947706258e-01
7.285480374542171456e-01
7.285523875279659167e-01
7.285714845063868683e-01
7.285714845063868683e-01
7.285714845063868683e-01
7.285714845063868683e-01
7.285714845063868683e-01
7.285714845063868683e-01
7.285714845063868683e-01
7.285714845063868683e-01
7.285714845063868683e-01
7.285714845063868683e-01
7.285714845063868683e-01
7.285714845063868683e-01
7.285714845063868683e-01
7.285714845063868683e-01
7.285714845063868683e-01
7.285714845063868683e-01
7.285714845063868683e-01
7.285714845063868683e-01
7.285714845063868683e-01
7.285714845063868683e-01
7.285714845063868683e-01
7.285714845063868683e-01
7.285714845063868683e-01
7.741009199109474270e-01
7.593019214525282834e-01
7.692764443448220080e-01
7.809711603375514288e-01
7.803244422912857248e-01
8.076352807091496944e-01
8.107425863172724734e-01
8.307088897125292082e-01
8.275576190422504474e-01
8.471126616308093382e-01
8.458963738174561930e-01
8.604547568343842157e-01
8.578779602267389004e-01
8.700685460393934312e-01
8.700641571889644599e-01
8.766656222038259338e-01
8.775096220316603857e-01
8.838673406818067235e-01
8.841640600861582211e-01
8.885376508284217323e-01
8.890322313619648531e-01
8.929266047672099749e-01
8.915650877295707710e-01
8.947862966366101345e-01
8.943324066346940437e-01
8.960287243805405977e-01
8.967907441243980760e-01
8.969372422876679130e-01
8.974091994223023505e-01
8.974087246282989039e-01
8.973595049025853143e-01
8.973733188725260268e-01
8.973595911471869968e-01
8.973851058701648453e-01
8.973709414850759014e-01
8.973867357615340490e-01
8.974121308966269694e-01
8.974096677470130290e-01
8.974387595943648099e-01
8.974360873261366667e-01
8.974468733469346260e-01
8.974613918557665659e-01
8.974625816943900825e-01
8.974811869055966396e-01
8.974928541239517443e-01
8.974647095129940633e-01
8.974857236153531703e-01
8.974579286477205597e-01
8.974907030825923782e-01
8.974710742276058584e-01
8.974866423156061535e-01
8.974802499147541690e-01
8.975085915843760143e-01
8.975070025290908804e-01
8.974958473493507283e-01
8.975106702923533186e-01
8.975089882061935143e-01
8.975122961898264196e-01
8.975105176148007180e-01
8.975056483604650914e-01
8.975244888800733012e-01
8.975206517160421171e-01
8.975409244069145753e-01
8.975186002591930556e-01
8.975417655515824933e-01
8.975293357936365846e-01
8.975448566267177908e-01
8.975380844202671682e-01
8.975609712015817365e-01
8.975611730413675105e-01
8.975625487261351676e-01
8.975723228809698861e-01
8.975560303805180107e-01
8.975726342137312352e-01
8.975830582513736333e-01
8.975702464837379546e-01
8.975949995250077640e-01
8.975903415303705390e-01
8.975918107859106598e-01
8.975970995667412744e-01
8.975951870873664085e-01
8.976222052924593964e-01
8.976002717461238900e-01
8.976254381907261548e-01
8.976014118055877233e-01
8.976237427741736719e-01
8.976375835774055290e-01
8.976206168420182152e-01
8.976407518394939888e-01
8.976440334642717955e-01
8.976496926846563307e-01
8.976529771582153483e-01
8.976547880626096765e-01
8.976409397115476807e-01
8.976699085302194403e-01
8.976524703892774237e-01
8.976767868184625243e-01
8.976577848533183746e-01
8.976689326590311380e-01
8.976799397841254136e-01
8.959347801869628203e-01
8.990194372922000188e-01
9.032184347843517092e-01
9.063090985725654747e-01
9.094859963306038964e-01
9.102913983549635324e-01
9.134651474291454187e-01
9.136615921446328281e-01
9.154578431093146618e-01
9.161394134208603601e-01
9.172587138074299595e-01
9.184740388635710406e-01
9.197982620734154180e-01
9.198179083142764556e-01
9.197968962429979856e-01
9.197464850406963377e-01
9.203150119823760855e-01
9.216613087067553334e-01
9.220360757362141557e-01
9.236683196491771719e-01
9.236303673659224112e-01
9.236221700571326521e-01
9.238136591539953812e-01
9.255393358386815317e-01
9.255213824261080413e-01
9.255008389511382161e-01
9.255063801940732748e-01
9.254909766228602841e-01
9.255023106667866761e-01
9.255217494782314036e-01
9.254991706404024354e-01
9.254832461225290796e-01
9.254921231483982380e-01
9.255273750546531009e-01
9.255200320969462213e-01
9.255637760108519352e-01
9.255650420103455067e-01
9.255647846241136234e-01
9.255779136258052153e-01
9.255983919514200187e-01
9.255927130386155666e-01
9.256061236870611886e-01
9.256569185527202537e-01
9.256540824998443773e-01
9.256682680589749523e-01
9.256604749668413401e-01
9.256679770616969005e-01
9.256771319158172417e-01
9.256811563890713357e-01
9.256905966600057489e-01
9.256885715824788585e-01
9.257006119422880319e-01
9.256988063671289790e-01
9.257114502599310679e-01
9.257280367904019425e-01
9.257290223251682937e-01
9.257137041816182466e-01
9.257348708182547847e-01
9.257165848553065013e-01
9.257378376783179652e-01
9.257465977062425688e-01
9.257463829845464787e-01
9.257607430480826460e-01
9.257554759267916378e-01
9.257666606614266547e-01
9.257660756480831088e-01
9.257753741605031506e-01
9.257793116259621646e-01
9.257886942951263354e-01
9.257836891308501848e-01
9.257989573733282906e-01
9.257920074892972417e-01
9.258205983139716766e-01
9.258070646810547810e-01
9.258023441703604473e-01
9.258383462125039376e-01
9.258179849581551490e-01
9.258257823338310599e-01
9.258184797563088209e-01
9.258246887628016619e-01
9.257930116363722872e-01
9.258277497550089219e-01
9.258310963837920182e-01
9.258445675908247852e-01
9.258397390819899098e-01
9.258661862097197215e-01
9.258603912979396222e-01
9.258555137335545693e-01
9.258675482841034476e-01
9.258715098359561191e-01
9.258806450108657549e-01
9.258677555959820005e-01
9.258776870888713040e-01
9.258940245193524321e-01
9.258822477834397491e-01
9.258937800351679792e-01
9.258901346614007988e-01
9.259025460797002394e-01
9.258939726116151014e-01
9.259177058999162879e-01
9.261521887639259099e-01
9.282137558957155310e-01
9.292075551979463999e-01
9.314818201130123931e-01
9.316200581229354682e-01
9.322449014359447395e-01
9.321976551409347778e-01
9.321985881687853137e-01
9.322027930452561062e-01
9.321977203448652549e-01
9.320986954379391065e-01
9.342013689771542229e-01
9.345833578276968590e-01
9.345953077392779029e-01
9.345962730907125815e-01
9.345856606962430480e-01
9.345800333675774452e-01
9.358062262998061431e-01
9.359759774677425259e-01
9.359801129907439066e-01
9.359834503869726152e-01
9.359753646357871215e-01
9.364959396526645330e-01
9.366542824584840332e-01
9.366550670113098498e-01
9.366534624826041711e-01
9.366612865421057865e-01
9.366593132922237386e-01
9.366702580966969061e-01
9.366732031097606548e-01
9.366713688210295263e-01
9.366827861242292830e-01
9.366756621148022433e-01
9.366819917746472823e-01
9.366816739652872315e-01
9.366831484757660586e-01
9.366869161289737011e-01
9.366826527857146090e-01
9.366987965653977843e-01
9.366930678349938422e-01
9.366918865568103492e-01
9.366947474260077788e-01
9.366930742477747041e-01
9.366963540169589431e-01
9.366903712991778708e-01
9.367042503163011125e-01
9.367007816336480053e-01
9.367051812021742752e-01
9.367080571589747606e-01
9.367090138647354847e-01
9.367229496780498099e-01
9.367240448695793864e-01
9.367190911667294673e-01
9.367237770226939375e-01
9.367191875654587996e-01
9.367241438711262358e-01
9.367294674657314912e-01
9.367371913490820656e-01
9.367405362434479965e-01
9.367395645221311407e-01
9.367474983438609515e-01
9.367453887567485094e-01
9.367457771685822054e-01
9.367478734696811360e-01
9.367466700385476130e-01
9.367532117569159489e-01
9.367610630927490911e-01
9.367687445676540214e-01
9.367674485431349840e-01
9.367724514549577997e-01
9.367756813015478690e-01
9.367791475871247719e-01
9.367782344941281147e-01
9.367836890514331660e-01
9.367938281747816287e-01
9.368004676889799542e-01
9.367969586167012030e-01
9.367987253632081845e-01
9.367972106264866872e-01
9.368013009243512101e-01
9.368106719514422975e-01
9.368138955990633621e-01
9.368126264285456806e-01
9.368232984394173624e-01
9.368280131797421806e-01
9.368254725588535115e-01
9.368298668819828867e-01
9.368349309806018876e-01
9.368351297062216254e-01
9.368519869241003217e-01
9.368419689889417867e-01
9.368554763776909544e-01
9.368440858324580400e-01
9.368510501496768450e-01
9.368444335125045708e-01
9.368517456688906231e-01
9.368582692366699272e-01
9.368671319137827913e-01
9.368597492804363602e-01
9.368632101654750244e-01
9.371294618841544688e-01
9.378430304581503174e-01
9.390620580162091224e-01
9.396890783173882378e-01
9.397091160545224531e-01
9.403851165044032623e-01
9.404302105682740276e-01
9.404355931866119622e-01
9.404584761059822107e-01
9.404552140422826056e-01
9.404465247911419912e-01
9.415239101957068035e-01
9.416200810137136390e-01
9.416371483181756874e-01
9.416347781146718887e-01
9.416268515661578853e-01
9.416315048827901268e-01
9.424540673847112693e-01
9.431236693795057580e-01
9.431376565123539280e-01
9.431344145394876533e-01
9.431384589502848081e-01
9.431441515208779380e-01
9.431429339268924128e-01
9.431465851208795659e-01
9.431464600726015002e-01
9.433947757930007949e-01
9.433945759313683288e-01
9.433964332830634403e-01
9.433927616543525962e-01
9.440982645044873056e-01
9.446545758302905549e-01
9.446477296801586432e-01
9.446671295475423946e-01
9.446701284403538068e-01
9.446768093643491682e-01
9.446822779082708621e-01
9.446811901252806232e-01
9.454953967291245265e-01
9.455153374115237153e-01
9.454939565385899192e-01
9.454954412133402819e-01
9.454925348485684333e-01
9.454898924264945048e-01
9.454922417339843843e-01
9.454888628308018017e-01
9.454908688415155638e-01
9.454896770668304029e-01
9.454885732578761637e-01
9.457037125848793968e-01
9.457107803505556687e-01
9.457064842705660279e-01
9.457088199685445007e-01
9.457050582927559734e-01
9.457105712931856978e-01
9.457067016455403818e-01
9.457193879924089552e-01
9.457168713025636553e-01
9.457209663816978917e-01
9.457205005775284334e-01
9.457230164062210287e-01
9.457209197187543825e-01
9.457247909606775194e-01
9.457222947853753947e-01
9.457235404151160818e-01
9.457173883659241165e-01
9.457233073904310894e-01
9.457204246963536454e-01
9.457288328184578763e-01
9.457255137971403158e-01
9.457197920378703770e-01
9.457302634103671446e-01
9.457283370860214422e-01
9.457231248699200510e-01
9.457295021148075520e-01
9.457304245927222741e-01
9.457294376957556814e-01
9.457329312204296734e-01
9.457248829037919746e-01
9.457337368213529771e-01
9.457358261729256199e-01
9.457345391508865662e-01
9.457353883613368595e-01
9.457412769044301060e-01
9.457428525866311553e-01
9.457467758026679716e-01
9.457540755335389626e-01
9.457513642823970335e-01
9.457502416784140387e-01
9.457614831489472573e-01
9.457539383189592641e-01
9.457589176185986490e-01
9.457586799384511966e-01
9.457789614940759204e-01
9.457749386382655610e-01
9.457752368072362970e-01
9.457711328343063606e-01
9.457734855098505200e-01
9.457727921243064273e-01
9.457781419147112123e-01
