4.753064791791214994e-01
4.714551966745753053e-01
4.692027827568962528e-01
4.683782615189066023e-01
4.677828354198954042e-01
4.664966736473994402e-01
4.650146332908269287e-01
4.644003595040431254e-01
4.632200115738103752e-01
4.629581565905004359e-01
4.624422607302716703e-01
4.623289800828176421e-01
4.619475526740900451e-01
4.616084627659544082e-01
4.612203972251892048e-01
4.610986891722199665e-01
4.608456136087612509e-01
4.605712871420862276e-01
4.602961063426461163e-01
4.600566892246215067e-01
4.598626611101070960e-01
4.601537530514057117e-01
4.595902552699138166e-01
4.597327667807349361e-01
4.591917621224742563e-01
4.592699525361608193e-01
4.594896235996487333e-01
4.592213088083036410e-01
4.590980862976107302e-01
4.589445271885113642e-01
4.589120411233647556e-01
4.589354042115281196e-01
4.588313995083445063e-01
4.588313995083445063e-01
4.588313995083445063e-01
4.589165051757696512e-01
4.588881256238906969e-01
4.588921575192778657e-01
4.588768947525113662e-01
4.588768947525113662e-01
4.588479277481395946e-01
4.588212034185743526e-01
4.588212034185743526e-01
4.588212034185743526e-01
4.588212034185743526e-01
4.587837617104372212e-01
4.585464481835472839e-01
4.584890803276702176e-01
4.584890803276702176e-01
4.584890803276702176e-01
4.584183712076013717e-01
4.583326486963378854e-01
4.583407587459280008e-01
4.583407587459280008e-01
4.583407587459280008e-01
4.583407587459280008e-01
4.583407587459280008e-01
4.583407587459280008e-01
4.583407587459280008e-01
4.583407587459280008e-01
4.583407587459280008e-01
4.583407587459280008e-01
4.583407587459280008e-01
4.583407587459280008e-01
4.583407587459280008e-01
4.583407587459280008e-01
4.583407587459280008e-01
4.583407587459280008e-01
4.583407587459280008e-01
4.583407587459280008e-01
4.583407587459280008e-01
4.583407587459280008e-01
4.583407587459280008e-01
4.583407587459280008e-01
4.583407587459280008e-01
4.583407587459280008e-01
4.583407587459280008e-01
4.583407587459280008e-01
4.583407587459280008e-01
4.583407587459280008e-01
4.583407587459280008e-01
4.583407587459280008e-01
4.583407587459280008e-01
4.583407587459280008e-01
4.583407587459280008e-01
4.583407587459280008e-01
4.583407587459280008e-01
4.583407587459280008e-01
4.583407587459280008e-01
4.583407587459280008e-01
4.583407587459280008e-01
4.583407587459280008e-01
4.583407587459280008e-01
4.583407587459280008e-01
4.583407587459280008e-01
4.583407587459280008e-01
4.583407587459280008e-01
4.583407587459280008e-01
4.583407587459280008e-01
4.583407587459280008e-01
4.582863741661215018e-01
4.579668703944472785e-01
4.578529365511173066e-01
4.577176795021122846e-01
4.576089513747117477e-01
4.576764698222563488e-01
4.576764698222563488e-01
4.576764698222563488e-01
4.576764698222563488e-01
4.576764698222563488e-01
4.575424187183012026e-01
4.576253417708492921e-01
4.576241851153787232e-01
4.576241851153787232e-01
4.576241851153787232e-01
4.576147289656773420e-01
4.576147289656773420e-01
4.576147289656773420e-01
4.576147289656773420e-01
4.576147289656773420e-01
4.576132855611555472e-01
4.576112127250041572e-01
4.576112127250041572e-01
4.576112127250041572e-01
4.576112127250041572e-01
4.576109881008861846e-01
4.576109881008861846e-01
4.576109881008861846e-01
4.576109881008861846e-01
4.576109881008861846e-01
4.576109880924032480e-01
4.576109880924032480e-01
4.576109880924032480e-01
4.576109880924032480e-01
4.576109880924032480e-01
4.576109880839204780e-01
4.576109880839204780e-01
4.576109880839204780e-01
4.576109880839204780e-01
4.576109880839204780e-01
4.575678933075832955e-01
4.575678933075832955e-01
4.575678933075832955e-01
4.575678933075832955e-01
4.575678933075832955e-01
4.575702642421598521e-01
4.575702642421598521e-01
4.575702642421598521e-01
4.575702642421598521e-01
4.575702642421598521e-01
4.575702583236091470e-01
4.575702583236091470e-01
4.575702583236091470e-01
4.575702583236091470e-01
4.575702583236091470e-01
4.575702583236091470e-01
4.575702583236091470e-01
4.575702583236091470e-01
4.575702583236091470e-01
4.575702583236091470e-01
4.575702583236091470e-01
4.575702583236091470e-01
4.575702583236091470e-01
4.575702583236091470e-01
4.575702583236091470e-01
4.575702583236091470e-01
4.575702583236091470e-01
4.575702583236091470e-01
4.575702583236091470e-01
4.575702583236091470e-01
4.575702583236091470e-01
4.575702583236091470e-01
4.575702583236091470e-01
4.575702583236091470e-01
4.575702583236091470e-01
4.575702583236091470e-01
4.575702583236091470e-01
4.575702583236091470e-01
4.575702583236091470e-01
4.575702583236091470e-01
4.575702583236091470e-01
4.575702583236091470e-01
4.575702583236091470e-01
4.575702583236091470e-01
4.575702583236091470e-01
4.575702583236091470e-01
4.575702583236091470e-01
4.575702583236091470e-01
4.575702583236091470e-01
4.575702583236091470e-01
4.575702583236091470e-01
4.575702583236091470e-01
4.575702583236091470e-01
4.575702583236091470e-01
4.575702583236091470e-01
4.575702583236091470e-01
4.575702583236091470e-01
4.575702583236091470e-01
4.575702583236091470e-01
4.575702583236091470e-01
4.575709790714490022e-01
4.575709790714490022e-01
4.575709790714490022e-01
4.575709790714490022e-01
4.575709790714490022e-01
4.575709790587343395e-01
4.575709790587343395e-01
4.575709790587343395e-01
4.575709790587343395e-01
4.575709790587343395e-01
4.575709790460200654e-01
4.575709790460200654e-01
4.575709790460200654e-01
4.575709790460200654e-01
4.575709790460200654e-01
4.575709790333054583e-01
4.575709790333054583e-01
4.575709790333054583e-01
4.575709790333054583e-01
4.575709790333054583e-01
4.575709790205911287e-01
4.575709790205911287e-01
4.575709790205911287e-01
4.575709790205911287e-01
4.575709790205911287e-01
4.575709790078765771e-01
4.575709790078765771e-01
4.575709790078765771e-01
4.575709790078765771e-01
4.575709790078765771e-01
4.575709789951619699e-01
4.575709789951619699e-01
4.575709789951619699e-01
4.575709789951619699e-01
4.575709789951619699e-01
4.575709789824474183e-01
4.575709789824474183e-01
4.575709789824474183e-01
4.575709789824474183e-01
4.575709789824474183e-01
4.575709789697328667e-01
4.575709789697328667e-01
4.575709789697328667e-01
4.575709789697328667e-01
4.575709789697328667e-01
4.575709789570184816e-01
4.575709789570184816e-01
4.575709789570184816e-01
4.575709789570184816e-01
4.575709789570184816e-01
4.575709789443039299e-01
4.575709789443039299e-01
4.575709789443039299e-01
4.575709789443039299e-01
4.575709789443039299e-01
4.575709789443039299e-01
4.575709789443039299e-01
4.575709789443039299e-01
4.575709789443039299e-01
4.575709789443039299e-01
4.575709789443039299e-01
4.575709789443039299e-01
4.575709789443039299e-01
4.575709789443039299e-01
4.575709789443039299e-01
4.575709789443039299e-01
4.575709789443039299e-01
4.575709789443039299e-01
4.575709789443039299e-01
4.575709789443039299e-01
4.575709789443039299e-01
4.575709789443039299e-01
4.575709789443039299e-01
4.575709789443039299e-01
4.575709789443039299e-01
4.575709789443039299e-01
4.575709789443039299e-01
4.575709789443039299e-01
4.575709789443039299e-01
4.575709789443039299e-01
4.575709789443039299e-01
4.575709789443039299e-01
4.575709789443039299e-01
4.575709789443039299e-01
4.575709789443039299e-01
4.575709789443039299e-01
4.575709789443039299e-01
4.575709789443039299e-01
4.575709789443039299e-01
4.575709789443039299e-01
4.575709789443039299e-01
4.575709789443039299e-01
4.575709789443039299e-01
4.575709789443039299e-01
4.575709789443039299e-01
4.575709789443039299e-01
4.575709789443039299e-01
4.575709789443039299e-01
4.575709789443039299e-01
4.575709789443039299e-01
4.575704123389751077e-01
4.575704123389751077e-01
4.575704123389751077e-01
4.575704123389751077e-01
4.575704123389751077e-01
4.575704123334538020e-01
4.575704123334538020e-01
4.575704123334538020e-01
4.575704123334538020e-01
4.575704123334538020e-01
4.575704123279327185e-01
4.575704123279327185e-01
4.575704123279327185e-01
4.575704123279327185e-01
4.575704123279327185e-01
4.575704123224116349e-01
4.575704123224116349e-01
4.575704123224116349e-01
4.575704123224116349e-01
4.575704123224116349e-01
4.575704123168906623e-01
4.575704123168906623e-01
4.575704123168906623e-01
4.575704123168906623e-01
4.575704123168906623e-01
4.575704123113694122e-01
4.575704123113694122e-01
4.575704123113694122e-01
4.575704123113694122e-01
4.575704123113694122e-01
4.575704123058480510e-01
4.575704123058480510e-01
4.575704123058480510e-01
4.575704123058480510e-01
4.575704123058480510e-01
4.575704123003269119e-01
4.575704123003269119e-01
4.575704123003269119e-01
4.575704123003269119e-01
4.575704123003269119e-01
4.575704122948056618e-01
4.575704122948056618e-01
4.575704122948056618e-01
4.575704122948056618e-01
4.575704122948056618e-01
4.575704122892843007e-01
4.575704122892843007e-01
4.575704122892843007e-01
4.575704122892843007e-01
4.575704122892843007e-01
4.575704122837630505e-01
4.575704122837630505e-01
4.575704122837630505e-01
4.575704122837630505e-01
4.575704122837630505e-01
4.575704122837630505e-01
4.575704122837630505e-01
4.575704122837630505e-01
4.575704122837630505e-01
4.575704122837630505e-01
4.575704122837630505e-01
4.575704122837630505e-01
4.575704122837630505e-01
4.575704122837630505e-01
4.575704122837630505e-01
4.575704122837630505e-01
4.575704122837630505e-01
4.575704122837630505e-01
4.575704122837630505e-01
4.575704122837630505e-01
4.575704122837630505e-01
4.575704122837630505e-01
4.575704122837630505e-01
4.575704122837630505e-01
4.575704122837630505e-01
4.575704122837630505e-01
4.575704122837630505e-01
4.575704122837630505e-01
4.575704122837630505e-01
4.575704122837630505e-01
4.575704122837630505e-01
4.575704122837630505e-01
4.575704122837630505e-01
4.575704122837630505e-01
4.575704122837630505e-01
4.575704122837630505e-01
4.575704122837630505e-01
4.575704122837630505e-01
4.575704122837630505e-01
4.575704122837630505e-01
4.575704122837630505e-01
4.575704122837630505e-01
4.575704122837630505e-01
4.575704122837630505e-01
4.575704122837630505e-01
4.575704122837630505e-01
4.575704122837630505e-01
4.575704122837630505e-01
4.575704122837630505e-01
4.575704122837630505e-01
4.575704568117600068e-01
4.575704568117600068e-01
4.575704568117600068e-01
4.575704568117600068e-01
4.575704568117600068e-01
4.575704568065566691e-01
4.575704568065566691e-01
4.575704568065566691e-01
4.575704568065566691e-01
4.575704568065566691e-01
4.575195335286840748e-01
4.575195335286840748e-01
4.575195335286840748e-01
4.575195335286840748e-01
4.575195335286840748e-01
4.575196309118100824e-01
4.575196309118100824e-01
4.575196309118100824e-01
4.575196309118100824e-01
4.575196309118100824e-01
4.575196309052992905e-01
4.575196309052992905e-01
4.575196309052992905e-01
4.575196309052992905e-01
4.575196309052992905e-01
4.575196308987892202e-01
4.575196308987892202e-01
4.575196308987892202e-01
4.575196308987892202e-01
4.575196308987892202e-01
4.575196308922786503e-01
4.575196308922786503e-01
4.575196308922786503e-01
4.575196308922786503e-01
4.575196308922786503e-01
4.575196308857681360e-01
4.575196308857681360e-01
4.575196308857681360e-01
4.575196308857681360e-01
4.575196308857681360e-01
4.575196308792577327e-01
4.575196308792577327e-01
4.575196308792577327e-01
4.575196308792577327e-01
4.575196308792577327e-01
4.575196308727472738e-01
4.575196308727472738e-01
4.575196308727472738e-01
4.575196308727472738e-01
4.575196308727472738e-01
4.575196308662367595e-01
4.575196308662367595e-01
4.575196308662367595e-01
4.575196308662367595e-01
4.575196308662367595e-01
4.575196308662367595e-01
4.575196308662367595e-01
4.575196308662367595e-01
4.575196308662367595e-01
4.575196308662367595e-01
4.575196308662367595e-01
4.575196308662367595e-01
4.575196308662367595e-01
4.575196308662367595e-01
4.575196308662367595e-01
4.575196308662367595e-01
4.575196308662367595e-01
4.575196308662367595e-01
4.575196308662367595e-01
4.575196308662367595e-01
4.575196308662367595e-01
4.575196308662367595e-01
4.575196308662367595e-01
4.575196308662367595e-01
4.575196308662367595e-01
4.575196308662367595e-01
4.575196308662367595e-01
4.575196308662367595e-01
4.575196308662367595e-01
4.575196308662367595e-01
4.575196308662367595e-01
4.575196308662367595e-01
4.575196308662367595e-01
4.575196308662367595e-01
4.575196308662367595e-01
4.575196308662367595e-01
4.575196308662367595e-01
4.575196308662367595e-01
4.575196308662367595e-01
4.575196308662367595e-01
4.575196308662367595e-01
4.575196308662367595e-01
4.575196308662367595e-01
4.575196308662367595e-01
4.575196308662367595e-01
4.575196308662367595e-01
4.575196308662367595e-01
4.575196308662367595e-01
4.575196308662367595e-01
4.575196308662367595e-01
