1.774189335607932738e-01
1.650771453227113383e-01
1.629239967046671456e-01
1.606715707374988256e-01
1.610685172467373472e-01
1.616158238804377978e-01
1.589549370005944318e-01
1.581100485060766558e-01
1.560810231846414542e-01
1.558197914326425737e-01
1.661531580090260529e-01
1.625501937197752211e-01
1.659504796571082408e-01
1.656718930428230097e-01
1.656105248922874751e-01
2.101241223539480618e-01
2.101239281916219837e-01
2.101237333680359420e-01
2.101235390609687004e-01
2.101233452987762151e-01
2.669889134379199169e-01
2.669888043254073362e-01
2.669886954120282430e-01
2.669885715188947128e-01
2.669884475857428607e-01
2.788086874782587099e-01
2.788095265257126143e-01
2.788103687634326255e-01
2.788112132163751422e-01
2.788120469043339211e-01
2.809140466099988021e-01
2.824566782295164780e-01
2.824571905883626055e-01
2.824576999367558461e-01
2.824582065384277363e-01
2.825676271618333124e-01
2.842923943181561164e-01
2.842936745676610255e-01
2.842949565742498574e-01
2.842962329488320505e-01
2.843566771472861299e-01
2.843600424206585986e-01
2.843634655325733007e-01
2.843668576872955267e-01
2.843703941337634156e-01
2.843745557978025196e-01
2.843783109241057039e-01
2.843820411336904219e-01
2.843859487599258440e-01
2.843898891554105246e-01
2.843942642198890036e-01
2.843981218648625742e-01
2.844021347408660083e-01
2.844062609420749954e-01
2.872788877725895862e-01
2.872825141675879879e-01
2.872858463605653667e-01
2.872893474738172914e-01
2.872928681268008266e-01
2.872963796865942165e-01
2.873000485112596758e-01
2.873035691643039957e-01
2.873069883197584273e-01
2.873104234024244641e-01
2.873137678403420714e-01
2.873171656582569344e-01
2.873202531887922850e-01
2.873231572527064070e-01
2.873258886812666280e-01
2.873285386860806589e-01
2.873311670660643746e-01
2.873336764841855628e-01
2.873363532209123883e-01
2.873389911045859391e-01
2.873416057835644910e-01
2.873441573679966776e-01
2.873466659564608561e-01
2.873491179554953368e-01
2.873515291604357147e-01
2.873539202807324777e-01
2.873562994028684425e-01
2.873586328439192150e-01
2.873609492186288139e-01
2.873633159300069684e-01
2.873656271296086695e-01
2.873678920962588479e-01
2.873702364323011960e-01
2.873725500025240964e-01
2.873748309400449563e-01
2.873771016111424936e-01
2.873793027570934466e-01
2.873814665440830307e-01
2.873835980495564324e-01
2.873857405812597632e-01
2.873878543876166591e-01
2.873899465579156098e-01
2.873920197939245358e-01
2.873940437705883588e-01
2.873960668331821955e-01
2.873981246089195585e-01
2.795379175907355407e-01
2.760058700596961234e-01
2.760354112971881158e-01
2.760353908093811648e-01
2.760353703546399307e-01
2.761139273344311307e-01
2.761139512732500578e-01
2.761139751783895369e-01
2.761139993758938704e-01
2.761140236221977240e-01
2.761111071681491835e-01
2.761111413512762347e-01
2.761111753836092975e-01
2.761112093096455000e-01
2.761112430990772526e-01
2.761112451640410081e-01
2.761112787329702556e-01
2.761113121695082939e-01
2.761113454704691716e-01
2.761113786044934182e-01
2.761113805605562854e-01
2.761114139515767341e-01
2.761114471880767862e-01
2.761114802327815920e-01
2.761115131891784258e-01
2.761115152830661557e-01
2.761115485280321025e-01
2.761115816667328859e-01
2.761116147459388159e-01
2.761116476425535260e-01
2.761116496757066163e-01
2.761116828122826550e-01
2.761117158072932121e-01
2.761117489737373587e-01
2.761117820646040721e-01
2.761117840915829902e-01
2.761118170837211783e-01
2.761118500218782135e-01
2.761118827991921876e-01
2.761119154858738267e-01
2.761119173497636470e-01
2.761119503308163692e-01
2.761119831392214730e-01
2.761120160874647178e-01
2.761120491824269330e-01
2.761120506858971702e-01
2.761120833659827523e-01
2.761121159958295768e-01
2.761121486150944215e-01
2.761121811430207185e-01
2.761121833557895200e-01
2.761122160137347570e-01
2.761122486478951865e-01
2.761122810723122267e-01
2.761123134299341975e-01
2.761123458207663806e-01
2.761123783695248468e-01
2.761124107126236016e-01
2.761124198539900432e-01
2.761124520603146504e-01
2.761124842262424606e-01
2.761125163414226980e-01
2.761125483325204133e-01
2.761125801745240027e-01
2.761126118913687089e-01
2.761126434533642815e-01
2.761126524326784071e-01
2.761126837523162902e-01
2.761127150541284880e-01
2.761127464993121117e-01
2.761127781169959161e-01
2.761128098308601175e-01
2.761128414616808580e-01
2.761128729786393454e-01
2.761128817666805846e-01
2.761129130052747405e-01
2.761129440749324759e-01
2.761129751533236143e-01
2.761130060610930137e-01
2.761130368621323439e-01
2.761130674962710696e-01
2.761130980915265654e-01
2.761131066129879907e-01
2.761131369530870905e-01
2.761131671789316955e-01
2.761131972540771806e-01
2.761132273911772739e-01
2.761132574517843330e-01
2.761132873896094408e-01
2.761133171920290841e-01
2.761133255163070177e-01
2.761133552605450348e-01
2.761133847433469568e-01
2.761134141576820356e-01
2.761134435747764626e-01
2.761134729145306443e-01
2.761135025106771224e-01
2.761135319459044335e-01
2.761135400782943616e-01
2.761135692381975759e-01
2.577140322322547528e-01
2.576338691384220114e-01
2.576338699389351117e-01
2.576338707570116071e-01
2.576338715910044264e-01
2.576345662371847811e-01
2.576345355942538662e-01
2.576345058105098396e-01
2.576344762076442918e-01
2.576344467563520535e-01
2.576342807665481516e-01
2.576342513382173238e-01
2.576342225147451592e-01
2.576341938620868577e-01
2.576341652505502178e-01
2.576340004767010416e-01
2.576339719289067465e-01
2.576339438585915631e-01
2.576339163839567181e-01
2.576338886638624426e-01
2.576337254495935092e-01
2.576336966188605970e-01
2.576336684021588441e-01
2.576336403162823863e-01
2.576336137589971820e-01
2.576334541248328502e-01
2.576334262113822438e-01
2.576333988195415037e-01
2.576333713035633410e-01
2.576333443697584324e-01
2.576331850916034338e-01
2.576331576603140272e-01
2.576331311702605986e-01
2.576331044118763680e-01
2.576330782408561282e-01
2.576329219460463116e-01
2.576328953949769129e-01
2.576328697090518594e-01
2.576328441713043871e-01
2.576328187774625800e-01
2.576326676294530826e-01
2.576326421091401087e-01
2.576326170848969865e-01
2.576325921903807603e-01
2.576325674242589403e-01
2.576324187570023794e-01
2.576323938884136355e-01
2.576323695506579359e-01
2.576323453330637836e-01
2.576323211097006349e-01
2.576321737805392642e-01
2.576321494029468195e-01
2.576321254286540463e-01
2.576321015588431962e-01
2.576320774262284008e-01
2.576320539701393852e-01
2.576320306274834659e-01
2.576320073817563450e-01
2.576318645660478635e-01
2.576318419980833108e-01
2.576318185616357503e-01
2.576317952473826667e-01
2.576317716633662602e-01
2.576317484925440549e-01
2.576317254145878977e-01
2.576317023589587696e-01
2.576315619983520766e-01
2.576315391825419465e-01
2.576315173865861285e-01
2.576314943968517346e-01
2.576314717829835121e-01
2.576314492534992895e-01
2.576314267083013587e-01
2.576312873620157373e-01
2.576312650405931381e-01
2.576312429027679540e-01
2.576312214753966878e-01
2.576311995057700699e-01
2.576311776475234683e-01
2.576311554391575998e-01
2.576311335735415597e-01
2.576309965448458361e-01
2.576309743970676136e-01
2.576309526471742273e-01
2.576309309945233883e-01
2.576309100838791721e-01
2.576308886497162276e-01
2.576308673150349282e-01
2.576308457077955416e-01
2.576307111780072878e-01
2.576306901121163118e-01
2.576306687813907925e-01
2.576306478221306318e-01
2.576306279416118450e-01
2.576306068149485928e-01
2.576305861432888200e-01
2.576304543424089988e-01
2.576304334836076460e-01
2.576304127090415785e-01
2.576303919934545550e-01
2.527214960703268454e-01
2.527215099988360802e-01
2.527215239247924128e-01
2.527215378481136310e-01
2.527215517688069513e-01
2.527223742222692859e-01
2.527223812470312247e-01
2.527223882690380341e-01
2.527223953693393810e-01
2.527224023858359314e-01
2.527223852390410030e-01
2.527223922512873977e-01
2.527223992608015890e-01
2.527224063486795402e-01
2.527224133527371519e-01
2.527224062284023076e-01
2.527224132273480084e-01
2.527224202236202366e-01
2.527224272983328857e-01
2.527224342892069875e-01
2.527224271371366626e-01
2.527224344150108548e-01
2.527224416901826531e-01
2.527224489626712089e-01
2.527224563156639792e-01
2.527224490921194389e-01
2.527224560649617979e-01
2.527224630352263302e-01
2.527224700839992844e-01
2.527224770489656103e-01
2.527224698253930923e-01
2.527224767855044685e-01
2.527224837429707938e-01
2.527224907794266007e-01
2.527224977316100962e-01
2.527224905200463612e-01
2.527224974677251823e-01
2.527225044127560105e-01
2.527225114365738712e-01
2.527225183763646132e-01
2.527225111008352676e-01
2.527225180361165613e-01
2.527225249684807995e-01
2.527225319797543612e-01
2.527225389069209238e-01
2.527225314817279633e-01
2.527225384043758627e-01
2.527225453244422715e-01
2.527225523234915561e-01
2.527225592384421127e-01
2.527225519282615962e-01
2.527225588385144106e-01
2.527225657462069952e-01
2.527225727328207272e-01
2.527225796347276066e-01
2.527225866157229439e-01
2.527225935125337331e-01
2.527226004072417598e-01
2.527226073804093587e-01
2.527226142694002364e-01
2.527226211558649682e-01
2.527226281215309012e-01
2.527226350029936341e-01
2.527226419631534715e-01
2.527226488359656797e-01
2.527226557057928313e-01
2.527226391227408997e-01
2.527226459878600950e-01
2.527226529322263437e-01
2.527226597924897566e-01
2.527226666503157859e-01
2.527226735874426033e-01
2.527226804403734928e-01
2.527226873725885725e-01
2.527226942205899607e-01
2.527227010661353135e-01
2.527227079910687180e-01
2.527227148317085503e-01
2.527227217517713509e-01
2.527227285875615626e-01
2.527227354209160559e-01
2.527227423337071177e-01
2.527227491621962252e-01
2.527227324646327267e-01
2.527227393256024079e-01
2.527227461848958745e-01
2.527227531238587788e-01
2.527227599785443202e-01
2.527227668308377195e-01
2.527227737626603354e-01
2.527227806101842167e-01
2.527227875372648480e-01
2.527227943800296472e-01
2.527228012204222884e-01
2.527228081404267468e-01
2.527228149760626930e-01
2.527228218913459834e-01
2.527228287223644565e-01
2.527228355510301450e-01
2.527228188395128639e-01
2.516837750448552846e-01
2.517174587073895409e-01
2.517174506479277762e-01
2.517174425961727913e-01
2.517174345521102086e-01
2.517175994172145548e-01
2.517175853901310045e-01
2.517175713817498828e-01
2.517175345207945392e-01
2.517175206567272561e-01
2.517174831217084408e-01
2.517174692711103834e-01
2.517174554392211938e-01
2.517174188758449227e-01
2.517174051595779671e-01
2.517173673929363198e-01
2.517173536919894428e-01
2.517173400084011248e-01
2.517173037397641977e-01
2.517172901700950316e-01
2.517172308722702700e-01
2.517172174722793754e-01
2.517172040894206098e-01
2.517171682518243858e-01
2.517171549805337083e-01
2.517171183684986380e-01
2.517171049594990051e-01
2.517170915668747178e-01
2.517170558664938995e-01
2.517170425843283654e-01
2.517170062431660083e-01
2.517169929734779377e-01
2.517169797196164294e-01
2.517169442950341063e-01
2.517169311500370155e-01
2.517168952288029171e-01
2.517168822467371614e-01
2.517168692793638751e-01
2.517168342662093328e-01
2.517168214054313347e-01
2.517167856095300915e-01
2.517167726099716063e-01
2.517167596255778239e-01
2.517167247478316328e-01
2.517167118696668759e-01
2.517166763399270035e-01
2.517166634715682361e-01
2.517166506172580642e-01
2.517166160012981324e-01
2.517166032518319274e-01
2.517165679919073362e-01
2.517165552521909433e-01
2.517165425262097300e-01
2.517165081642229185e-01
2.517164955406017146e-01
2.517164613545910812e-01
2.517164487839106957e-01
2.517164362751665441e-01
2.517164023449314780e-01
2.517163898881453199e-01
2.517163561303406016e-01
2.517163437717036545e-01
2.517163101844687167e-01
2.517162978767691350e-01
2.517162856293312934e-01
2.517162522919188516e-01
2.517162400939175204e-01
2.517162069391662427e-01
2.517161948143318839e-01
2.517161827972193011e-01
2.517161498273093323e-01
2.517161378331952970e-01
2.517161050613295203e-01
2.517160931147993108e-01
2.517160605281303365e-01
2.517160486517256435e-01
2.517160368806632409e-01
2.517160044728881108e-01
2.517159927233045269e-01
2.517159605096305763e-01
2.517159488052356231e-01
2.517159372276054907e-01
2.517159052099830485e-01
2.517158936761862975e-01
2.517158618365498146e-01
2.517158503695912652e-01
2.517158186603119518e-01
2.517158071902917404e-01
2.517157958443539401e-01
2.517157643601350969e-01
2.517157530568166490e-01
2.517157217457774432e-01
2.517157105061044731e-01
2.517156992303766216e-01
2.517156681167919685e-01
2.517156569947364142e-01
2.517156260277838009e-01
2.517156149974789092e-01
2.517155843448483643e-01
2.517155733766138770e-01
