4.828178191375372408e-01
4.772262556913816622e-01
4.730349868020239379e-01
4.713736727601029464e-01
4.703498845683640184e-01
4.685332133350550987e-01
4.667888463620005757e-01
4.644796105959466681e-01
4.644798752325468016e-01
4.627705955618540701e-01
4.633030605891376164e-01
4.614966547466111679e-01
4.615544337763876070e-01
4.603811049463104599e-01
4.604490604880903670e-01
4.602357177929738419e-01
4.603579897934231835e-01
4.588840125429411443e-01
4.589093425463400266e-01
4.575208403713336702e-01
4.658357944510787552e-01
4.631279820764123700e-01
4.680560706707754814e-01
4.631322807538569841e-01
4.655767722623824212e-01
4.913384695359419574e-01
4.805672736329225092e-01
4.985093513430695622e-01
4.883066717444760063e-01
5.016787806695490737e-01
5.644210434131222698e-01
5.432682419751072578e-01
5.928159413449857196e-01
5.615632819640768991e-01
6.080438280583700950e-01
6.800191705952960408e-01
6.858363344098975523e-01
7.188856889076729040e-01
7.227873831315583253e-01
7.612195856600558752e-01
7.772990942032399486e-01
8.171331812447495402e-01
8.282680752565273474e-01
8.717720843952578846e-01
8.962414785718358923e-01
9.922539816853130912e-01
1.008638302054853941e+00
1.094694380213651508e+00
1.080801089427521289e+00
1.081034466283576023e+00
1.182280218334831323e+00
1.127769067917469670e+00
1.148004830105256779e+00
1.148032529022102954e+00
1.148332002913129646e+00
1.148639526496331387e+00
1.148820114818788207e+00
1.149142578245005542e+00
1.149163284511346417e+00
1.149413511391559561e+00
1.149462603041038644e+00
1.149532370651550339e+00
1.149571168054234205e+00
1.149580567060255021e+00
1.149661463891407331e+00
1.149686525852045005e+00
1.150016447925774843e+00
1.150047211019126214e+00
1.150107924597034925e+00
1.150139762137866839e+00
1.150761505633462134e+00
1.150829290397908711e+00
1.150873943759732843e+00
1.150924076575972066e+00
1.150952858616359098e+00
1.151049000911827713e+00
1.151102307938258740e+00
1.151117359930785788e+00
1.151133568484598690e+00
1.151172879581479958e+00
1.151195397911281670e+00
1.151271462322605244e+00
1.151285113535062354e+00
1.151329496642747419e+00
1.151337951411568028e+00
1.151504531309866186e+00
1.151555920156034585e+00
1.151803001324310793e+00
1.151807804101538490e+00
1.151844063848247224e+00
1.151937621605077400e+00
1.152019399766296415e+00
1.152052190880248794e+00
1.152061281809836579e+00
1.152147728955596362e+00
1.152164536539956874e+00
1.152195585819811408e+00
1.152229388434386825e+00
1.152289012274554159e+00
1.152347405347114107e+00
1.137011139256853820e+00
1.205735143370952001e+00
1.251016977307078504e+00
1.233342841046889404e+00
1.253274305221319773e+00
1.257344109638243390e+00
1.257401536374295192e+00
1.257498438281313247e+00
1.257505274036054166e+00
1.257592705006949529e+00
1.257879020305505691e+00
1.257891718882464094e+00
1.273399217372381598e+00
1.272095827474313934e+00
1.272207414961416427e+00
1.272398439366385192e+00
1.272396380050386133e+00
1.272711520396568430e+00
1.272712300356175996e+00
1.272717717658607972e+00
1.272780038319220486e+00
1.272807807149482828e+00
1.272827735547322314e+00
1.272913547349536545e+00
1.272913194599351261e+00
1.272954200487707466e+00
1.273155432043333146e+00
1.273155450093427898e+00
1.273155467733882995e+00
1.273155484987122277e+00
1.273219431435192339e+00
1.273306851583799304e+00
1.273321602459194013e+00
1.273327910160582332e+00
1.273329886173238945e+00
1.273338611001903375e+00
1.273347278213222911e+00
1.273391381206325557e+00
1.273502751695762880e+00
1.273500686987018460e+00
1.273500989204982448e+00
1.273501105963737112e+00
1.273501146968218256e+00
1.273501274205284250e+00
1.273501284882028850e+00
1.273501297830546219e+00
1.273501317650177489e+00
1.273501335813317370e+00
1.273501353801680835e+00
1.273501370726221271e+00
1.273501390991724325e+00
1.273501399415989388e+00
1.273501407678355513e+00
1.273501415786527202e+00
1.273501423747656291e+00
1.273501431568359044e+00
1.273501467368960194e+00
1.273501505957794100e+00
1.273501666798916965e+00
1.273501676434372065e+00
1.273501685932390659e+00
1.273501695192314820e+00
1.273501704441833526e+00
1.273501713465456042e+00
1.273501722279845039e+00
1.273501730896939632e+00
1.273501739327605131e+00
1.273501747581792687e+00
1.273501755668666080e+00
1.273501763596566638e+00
1.273501771373245273e+00
1.273501779005878021e+00
1.273501786501044730e+00
1.273501793864864284e+00
1.273501801103048559e+00
1.273501808221018328e+00
1.273501815223639477e+00
1.273501822115455484e+00
1.273501828900999833e+00
1.273501835584281761e+00
1.273501842169445730e+00
1.273501848659784663e+00
1.273501855058708054e+00
1.273501861369432442e+00
1.273505274666983267e+00
1.273605926092794105e+00
1.273582548876178056e+00
1.273662141712982754e+00
1.273725621724318691e+00
1.273737269036550712e+00
1.273874580114768174e+00
1.273864259134248611e+00
1.273933765719730937e+00
1.273935946578079070e+00
1.273966037760000614e+00
1.273967537674819850e+00
1.273970011059728513e+00
1.273974275185296712e+00
1.274233727855246023e+00
1.274272794025859135e+00
1.291747070784596829e+00
1.305557846775222464e+00
1.305573487093451668e+00
1.305972762780930996e+00
1.305968866542725593e+00
1.306407902456947046e+00
1.306424102855973768e+00
1.306443023921998847e+00
1.306453474413704186e+00
1.306473607908558376e+00
1.306454259743391022e+00
1.306451272959654464e+00
1.306450108856239689e+00
1.306446380286824471e+00
1.306450424240289676e+00
1.306453563034415621e+00
1.306520616756818631e+00
1.306543754732257812e+00
1.306546167210947518e+00
1.306552999703489926e+00
1.306553154255023719e+00
1.306551974635951296e+00
1.306554115584592557e+00
1.306554239862687705e+00
1.306558023741248853e+00
1.306558272075058369e+00
1.306572190111955356e+00
1.306583425264310261e+00
1.306588159045295461e+00
1.306594515491757091e+00
1.306591179934472713e+00
1.306632149095152906e+00
1.306649933447035838e+00
1.306655618911233052e+00
1.306673964118941544e+00
1.306687017588311850e+00
1.306719557762159756e+00
1.306719543821901031e+00
1.306719532771539072e+00
1.306719521127278849e+00
1.306719554461281740e+00
1.306719474069333753e+00
1.306719566840247593e+00
1.306724715132764114e+00
1.306724740806195051e+00
1.306743948914755649e+00
1.306746578368585654e+00
1.306758375605571842e+00
1.306763577767035889e+00
1.306775827667085332e+00
1.306776685508370228e+00
1.306826561640523687e+00
1.306901177003724435e+00
1.306883598789220446e+00
1.306932575136659613e+00
1.306933551372809310e+00
1.306943624259194525e+00
1.306945268648302516e+00
1.306951975965342294e+00
1.306953874943751037e+00
1.306955550579157910e+00
1.307020938249062514e+00
1.307024101411393247e+00
1.307027717530210964e+00
1.307031580365490608e+00
1.307035923573910408e+00
1.307041933950026547e+00
1.307043782536670751e+00
1.307048350377358892e+00
1.307056121119572145e+00
1.307057582686382835e+00
1.307062267368725328e+00
1.307072174157043687e+00
1.307071680327618335e+00
1.307074461784626829e+00
1.307075214383962125e+00
1.307080237730918970e+00
1.307082702523965523e+00
1.307084592149768021e+00
1.307086199028081985e+00
1.307094603889049633e+00
1.307094421663871353e+00
1.307104998069210211e+00
1.307105083473473206e+00
1.307105092650951317e+00
1.307105100866613023e+00
1.307105112152094017e+00
1.307105175896686955e+00
1.307105182917106756e+00
1.307105189516061472e+00
1.307105195735114966e+00
1.307105201623454560e+00
1.307105207227009513e+00
1.307105213865993099e+00
1.307105220120659439e+00
1.307105226057980296e+00
1.307105259664562036e+00
1.307105281043871026e+00
1.307105880563889766e+00
1.307107543899627133e+00
1.306033833519549603e+00
1.315197188155618813e+00
1.315960732243889764e+00
1.315928367568794943e+00
1.315928839809939355e+00
1.316059315740982116e+00
1.316035848854868018e+00
1.316041644384366993e+00
1.316063876147308020e+00
1.316063872010741820e+00
1.316074081977411714e+00
1.316085044709645047e+00
1.316103281472955189e+00
1.316098652529854363e+00
1.316102107569575130e+00
1.316102468773974188e+00
1.316110769764252231e+00
1.316111054730193963e+00
1.316111217710528969e+00
1.316111614974888600e+00
1.316141175674268249e+00
1.316123909547463500e+00
1.316123946038016745e+00
1.316132349755940734e+00
1.316140055673168829e+00
1.316142915049993478e+00
1.316167368927591230e+00
1.316165941046610888e+00
1.316165938981017636e+00
1.316165929958583503e+00
1.316169228895394117e+00
1.316170511504603624e+00
1.316170538540230694e+00
1.316170703802929554e+00
1.316208092705176691e+00
1.316208015993192371e+00
1.316208016041380491e+00
1.316208016089565724e+00
1.316208016137750736e+00
1.316208016185935081e+00
1.316208014976173901e+00
1.316208015036971268e+00
1.316208015097763528e+00
1.316208015158550904e+00
1.316208015219334948e+00
1.316208014008940497e+00
1.316208014057052234e+00
1.316208014105162194e+00
1.316208014153271044e+00
1.316208014201380117e+00
1.316208012991596288e+00
1.316208013052281522e+00
1.316208013112961206e+00
1.316208013173636004e+00
1.316208013234306584e+00
1.316208013294973167e+00
1.316208013355635531e+00
1.316208013416300115e+00
1.316208013476960481e+00
1.316208016755937571e+00
1.316208016816441839e+00
1.316208016876942111e+00
1.316208016937438385e+00
1.316208016997930885e+00
1.316208017058436264e+00
1.316208017118937423e+00
1.316208017179434808e+00
1.316208017477232151e+00
1.316208017537707553e+00
1.316208017598179847e+00
1.316208017658647034e+00
1.316208017719110890e+00
1.316208017779570749e+00
1.316208017840025946e+00
1.316208017900477145e+00
1.316208017960925014e+00
1.316208018021368220e+00
1.316208018081808095e+00
1.316208018142244418e+00
1.316208018202676966e+00
1.316208018263126167e+00
1.316208018323573148e+00
1.316208018384016576e+00
1.316208018444458006e+00
1.316208018504896105e+00
1.316208018565332427e+00
1.316208018631309207e+00
1.316208018697286430e+00
1.316208018763258547e+00
1.316208018829240212e+00
1.316208018895220100e+00
1.316208018961199322e+00
1.316208019027177878e+00
1.316208019093156434e+00
1.316208019159134324e+00
1.316208019225111547e+00
1.316208019291087439e+00
1.316208019357062664e+00
1.316208019423038778e+00
1.316208019489013115e+00
1.319321764961391752e+00
1.321594165019559730e+00
1.325220823030100581e+00
1.326679989525638259e+00
1.327098257959212768e+00
1.328312023458189994e+00
1.328375867370506169e+00
1.328367873559075596e+00
1.328368376836902121e+00
1.328388761726911893e+00
1.328389251520959435e+00
1.328388949540590280e+00
1.328388327589651974e+00
1.328388324433003032e+00
1.328388314597934716e+00
1.328388301937559079e+00
1.328382989093181754e+00
1.328405136199501291e+00
1.328458438289275012e+00
1.328470877469168254e+00
1.328486754389865521e+00
1.328507170728540521e+00
1.328619201560055973e+00
1.328625051027326531e+00
1.328625051027326531e+00
1.328625076423473717e+00
1.328625076423473717e+00
1.328625076423473717e+00
1.328625076423473717e+00
1.328625076423473717e+00
1.328634168553157746e+00
1.328637434533859851e+00
1.328642024343140937e+00
1.328645961916758766e+00
1.328691871169083605e+00
1.328688644317636003e+00
1.328695790747086658e+00
1.328705872194968496e+00
1.328711019382414094e+00
1.328725153840520923e+00
1.328725215817481153e+00
1.328725523210706916e+00
1.328726843796029566e+00
1.328727037287037449e+00
1.328727111133440664e+00
1.328727317087496251e+00
1.328727411580635565e+00
1.328730686829570740e+00
1.328730737696444120e+00
1.328730791107311626e+00
1.328746104167561448e+00
1.328748977845907175e+00
1.328749505458941549e+00
1.328813501332975822e+00
1.328813506622931406e+00
1.328813511836808514e+00
1.328813518000135252e+00
1.328813523992340206e+00
1.328813529834052654e+00
1.328813535529647094e+00
1.328813541089743699e+00
1.328813546537077395e+00
1.328813551861246278e+00
1.328813557068375673e+00
1.328813562472749288e+00
1.328813567755751768e+00
1.328813572924525177e+00
1.328813578100175308e+00
1.328813583161905898e+00
1.328813588122828682e+00
1.328813592985987002e+00
1.328813597756491660e+00
1.328813603278575783e+00
1.328813608673717672e+00
1.328813613946433270e+00
1.328813619101933519e+00
1.328813624143150074e+00
1.328813629191039958e+00
1.328813634134392796e+00
1.328813638978560752e+00
1.328813643731653116e+00
1.328813649258393514e+00
1.328862044517828744e+00
1.328862026422755083e+00
1.328862009646661901e+00
1.328861994528861334e+00
1.328861979664994752e+00
1.328861965643836518e+00
1.328861819984152870e+00
1.328861713562190516e+00
1.328861675873873605e+00
1.328861635255892182e+00
1.328861605192439344e+00
1.328861582278532127e+00
1.328861556371126129e+00
1.328861535984048992e+00
1.328861518869815406e+00
1.328861503428707014e+00
1.328861488815916481e+00
1.328861472149031275e+00
