3.298778113731408168e-01
1.506384892813366294e+00
1.709994995261425066e+00
1.520507306781231804e+00
1.738283523597459634e+00
1.527973155099439762e+00
1.748752818089068128e+00
1.420923172524553912e+00
1.613489853255255513e+00
1.514259701106416278e+00
3.479488128129391455e+00
3.209951444766587780e+00
2.678694985511096416e+00
2.982711980243502925e+00
2.536747644007489644e+00
2.878984647297173627e+00
3.110029353604452318e+00
2.815223483744764277e+00
3.009292801164423548e+00
2.716192830963535254e+00
2.934216612953344683e+00
1.111813141184026188e+00
2.448742168159862675e+00
2.448742134518636426e+00
2.448742100877578043e+00
2.448742067236685305e+00
2.448742033595959544e+00
2.448741999955399429e+00
2.448741966315004959e+00
2.448741932674777910e+00
2.448741899034717395e+00
2.448741865394822526e+00
2.448741831755094189e+00
2.448741798115531054e+00
2.448741764476135785e+00
2.448741730836907049e+00
2.448741697197843958e+00
2.448741663558947845e+00
2.448741629920216933e+00
2.448741596281652999e+00
2.448741562643256042e+00
2.448741529005024287e+00
2.448741495366959064e+00
2.448741461729060376e+00
2.448741428091328221e+00
2.448741394453763043e+00
2.448741360816363066e+00
2.448741327179130067e+00
2.448741293542062269e+00
2.448741259905162337e+00
2.448741226268427607e+00
2.448741192631859409e+00
2.448741158995458189e+00
2.448741125359222615e+00
2.448741091723153573e+00
2.448741058087250622e+00
2.448741024451513759e+00
2.448740990815944318e+00
2.448740957180540079e+00
2.448740923545302817e+00
2.448740889910231200e+00
2.448740856275326117e+00
2.448740822640587567e+00
2.448740789006015550e+00
2.448740755371609179e+00
2.448740721737368897e+00
2.448740688103295149e+00
2.448740654469387934e+00
2.448740620835647697e+00
2.448740587202073105e+00
2.448740553568663714e+00
2.448740519935422189e+00
2.448740486302346309e+00
2.448740452669436518e+00
2.448740419036693705e+00
2.448740385404116093e+00
2.448740351771705459e+00
2.448740318139461802e+00
2.448740284507382903e+00
2.448740250875472313e+00
2.448740217243726480e+00
2.448740183612147181e+00
2.448740149980733527e+00
2.448740116349486406e+00
2.448740082718406708e+00
2.448740049087492654e+00
2.448740015456744690e+00
2.448739981826162815e+00
2.448739948195747917e+00
2.448739914565499110e+00
2.448739880935415503e+00
2.448739847305498873e+00
2.448739813675747889e+00
2.448739780046164327e+00
2.448739746416746410e+00
2.448739712787495026e+00
2.448739679158409288e+00
2.448739645529489639e+00
2.448739611900737412e+00
2.448739578272151274e+00
2.448739544643730337e+00
2.448739511015476378e+00
2.448739477387388952e+00
2.448739443759467171e+00
2.448739410131711924e+00
2.448739376504121878e+00
2.448739342876700142e+00
2.448739309249442719e+00
2.448739275622352274e+00
2.448739241995428806e+00
2.448739208368670095e+00
2.448739174742078806e+00
2.448739141115652718e+00
2.448739107489393163e+00
2.448739073863300142e+00
2.448739040237372766e+00
2.448739006611612368e+00
2.448738972986017615e+00
2.448738939360589839e+00
2.448738905735327265e+00
2.448738872110232112e+00
2.448738838485301716e+00
2.448738804860537410e+00
2.448738771235940970e+00
2.448738737611509286e+00
2.448738703987244580e+00
2.448738670363145520e+00
2.448738636739213437e+00
2.448738603115446999e+00
2.448738569491846651e+00
2.448738535868412836e+00
2.448738502245145998e+00
2.448738468622044362e+00
2.448738434999108371e+00
2.448738401376339802e+00
2.448738367753737322e+00
2.448738334131300043e+00
2.448738300509029742e+00
2.448738266886925974e+00
2.448738233264987407e+00
2.448738199643215374e+00
2.448738166021610319e+00
2.448738132400170464e+00
2.448738098778897587e+00
2.448738065157790356e+00
2.448738031536848769e+00
2.448737997916073716e+00
2.448737964295465197e+00
2.448737930675022767e+00
2.448737897054746426e+00
2.448737863434635731e+00
2.448737829814692457e+00
2.448737796194914829e+00
2.448737762575302845e+00
2.448737728955857396e+00
2.448737695336577591e+00
2.448737661717464320e+00
2.448737628098517138e+00
2.448737594479736490e+00
2.448737560861121043e+00
2.448737527242672130e+00
2.448737493624389749e+00
2.448737460006273903e+00
2.448737426388323701e+00
2.448737392770539589e+00
2.448737359152922011e+00
2.448737325535470077e+00
2.448737291918183789e+00
2.448737258301064923e+00
2.448737224684111702e+00
2.448737191067324570e+00
2.448737157450703084e+00
2.448737123834248575e+00
2.448737090217960155e+00
2.448737056601836937e+00
2.448737022985880696e+00
2.448736989370089656e+00
2.448736955754465150e+00
2.448736922139007621e+00
2.448736888523716182e+00
2.448736854908589944e+00
2.448736821293630239e+00
2.448736787678836624e+00
2.448736754064209098e+00
2.448736720449747661e+00
2.448736686835451870e+00
2.448736653221322168e+00
2.448736619607359888e+00
2.448736585993562365e+00
2.448736552379931819e+00
2.448736518766467363e+00
2.448736485153169440e+00
2.448736451540036718e+00
2.448736417927069642e+00
2.448736384314269543e+00
2.448736350701634645e+00
2.448736317089167613e+00
2.448736283476864894e+00
2.448736249864728709e+00
2.448736216252759057e+00
2.448736182640955050e+00
2.448736149029317577e+00
2.448736115417846637e+00
2.448736081806540454e+00
2.448736048195401249e+00
2.448736014584428577e+00
2.448735980973621107e+00
2.448735947362980170e+00
2.448735913752504878e+00
2.448735880142196564e+00
2.448735846532053895e+00
2.448735812922076871e+00
2.448735779312266381e+00
2.448735745702621536e+00
2.448735712093142780e+00
2.448735678483830558e+00
2.448735644874683981e+00
2.448735611265703493e+00
2.448735577656889095e+00
2.448735544048241231e+00
2.448735510439759011e+00
2.448735476831442881e+00
2.448735443223292840e+00
2.448735409615309333e+00
2.448735376007491027e+00
2.448735342399839254e+00
2.448735308792354015e+00
2.448735275185033977e+00
2.448735241577880029e+00
2.448735207970892613e+00
2.448735174364070843e+00
2.448735140757415607e+00
2.448735107150926460e+00
2.448735073544603402e+00
2.448735039938445546e+00
2.448735006332453779e+00
2.448734972726628989e+00
2.448734939120969845e+00
2.448734905515477234e+00
2.448734871910150268e+00
2.448734838304988948e+00
2.448734804699993717e+00
2.448734771095165463e+00
2.448734737490501523e+00
2.448734703886005004e+00
2.448734670281673687e+00
2.448734636677508902e+00
2.448734603073510652e+00
2.448734569469677602e+00
2.448734535866011086e+00
2.448734502262510215e+00
2.448734468659176322e+00
2.448734435056006298e+00
2.448734401453003695e+00
2.448734367850166294e+00
2.448734334247496314e+00
2.448734300644991979e+00
2.448734267042652846e+00
2.448734233440479802e+00
2.448734199838473735e+00
2.448734166236632426e+00
2.448734132634957206e+00
2.448734099033448519e+00
2.448734065432106366e+00
2.448734031830929858e+00
2.448733998229918996e+00
2.448733964629074222e+00
2.448733931028395538e+00
2.448733897427883388e+00
2.448733863827535995e+00
2.448733830227356467e+00
2.448733796627341697e+00
2.448733763027492571e+00
2.448733729427809536e+00
2.448733695828293033e+00
2.448733662228941732e+00
2.448733628629756964e+00
2.448733595030738286e+00
2.448733561431885253e+00
2.448733527833198753e+00
2.448733494234678343e+00
2.448733460636323578e+00
2.448733427038134014e+00
2.448733393440111428e+00
2.448733359842254931e+00
2.448733326244564079e+00
2.448733292647038429e+00
2.448733259049678868e+00
2.448733225452485840e+00
2.448733191855458902e+00
2.448733158258596720e+00
2.448733124661901517e+00
2.448733091065372403e+00
2.448733057469009378e+00
2.448733023872811110e+00
2.448732990276781152e+00
2.448732956680915507e+00
2.448732923085215063e+00
2.448732889489682041e+00
2.448732855894314220e+00
2.448732822299112044e+00
2.448732788704077290e+00
2.448732755109206405e+00
2.448732721514502497e+00
2.448732687919964679e+00
2.448732654325592062e+00
2.448732620731386422e+00
2.448732587137346428e+00
2.448732553543471635e+00
2.448732519949763375e+00
2.448732486356220761e+00
2.448732452762844680e+00
2.448732419169633356e+00
2.448732385576589454e+00
2.448732351983711197e+00
2.448732318390998586e+00
2.448732284798451619e+00
2.448732251206070742e+00
2.448732217613855511e+00
2.448732184021806368e+00
2.448732150429923760e+00
2.448732116838205464e+00
2.448732083246655034e+00
2.448732049655269805e+00
2.448732016064049777e+00
2.448731982472995838e+00
2.448731948882108878e+00
2.448731915291386674e+00
2.448731881700831448e+00
2.448731848110440534e+00
2.448731814520217043e+00
2.448731780930158308e+00
2.448731747340266107e+00
2.448731713750539996e+00
2.448731680160978641e+00
2.448731646571584264e+00
2.448731612982355088e+00
2.448731579393292446e+00
2.448731545804395893e+00
2.448731512215664097e+00
2.448731478627099722e+00
2.448731445038699661e+00
2.448731411450466133e+00
2.448731377862398695e+00
2.448731344274496902e+00
2.448731310686761642e+00
2.448731277099191583e+00
2.448731243511787614e+00
2.448731209924549290e+00
2.448731176337477056e+00
2.448731142750570910e+00
2.448731109163829966e+00
2.448731075577255556e+00
2.448731041990845902e+00
2.448731008404603227e+00
2.448730974818525752e+00
2.448730941232614811e+00
2.448730907646869515e+00
2.448730874061288976e+00
2.448730840475875858e+00
2.448730806890627942e+00
2.448730773305546116e+00
2.448730739720629934e+00
2.448730706135879398e+00
2.448730672551294951e+00
2.448730638966876150e+00
2.448730605382622993e+00
2.448730571798536371e+00
2.448730538214615393e+00
2.448730504630860505e+00
2.448730471047271706e+00
2.448730437463847220e+00
2.448730403880589268e+00
2.448730370297496517e+00
2.448730336714571187e+00
2.448730303131810615e+00
2.448730269549216576e+00
2.448730235966788182e+00
2.448730202384524990e+00
2.448730168802428331e+00
2.448730135220497317e+00
2.448730101638731949e+00
2.448730068057132225e+00
2.448730034475698591e+00
2.448730000894430603e+00
2.448729967313328260e+00
2.448729933732392006e+00
2.448729900151620953e+00
2.448729866571016434e+00
2.448729832990578448e+00
2.448729799410305219e+00
2.448729765830197636e+00
2.448729732250256586e+00
2.448729698670480293e+00
2.448729665090870089e+00
2.448729631511426419e+00
2.448729597932147506e+00
2.448729564353036015e+00
2.448729530774088836e+00
2.448729497195308191e+00
2.448729463616692748e+00
2.448729430038244281e+00
2.448729396459960128e+00
2.448729362881842953e+00
2.448729329303890978e+00
2.448729295726104205e+00
2.448729262148483965e+00
2.448729228571028926e+00
2.448729194993741753e+00
2.448729161416617561e+00
2.448729127839660791e+00
2.448729094262869221e+00
2.448729060686243297e+00
2.448729027109783019e+00
2.448728993533489717e+00
2.448728959957361617e+00
2.448728926381399162e+00
2.448728892805601465e+00
2.448728859229970301e+00
2.448728825654505226e+00
2.448728792079205352e+00
2.448728758504071124e+00
2.448728724929103429e+00
2.448728691354300935e+00
2.448728657779664086e+00
2.448728624205193327e+00
2.448728590630889101e+00
2.448728557056748745e+00
2.448728523482776254e+00
2.448728489908968964e+00
2.448728456335325987e+00
2.448728422761849988e+00
2.448728389188538301e+00
2.448728355615393593e+00
2.448728322042414085e+00
2.448728288469600223e+00
2.448728254896953338e+00
2.448728221324471210e+00
2.448728187752155172e+00
2.448728154180004335e+00
2.448728120608020031e+00
2.448728087036201373e+00
2.448728053464547028e+00
2.448728019893059660e+00
2.448727986321737937e+00
2.448727952750581860e+00
2.448727919179591428e+00
2.448727885608765753e+00
2.448727852038107500e+00
2.448727818467614892e+00
2.448727784897286597e+00
2.448727751327125279e+00
2.448727717757127831e+00
2.448727684187297804e+00
2.448727650617633866e+00
2.448727617048135130e+00
2.448727583478801595e+00
2.448727549909633261e+00
2.448727516340631905e+00
2.448727482771796193e+00
2.448727449203125683e+00
2.448727415634621263e+00
2.448727382066281155e+00
2.448727348498108025e+00
2.448727314930100540e+00
2.448727281362258701e+00
2.448727247794582951e+00
2.448727214227071958e+00
2.448727180659727942e+00
2.448727147092548684e+00
2.448727113525535071e+00
2.448727079958688435e+00
2.448727046392005668e+00
2.448727012825488991e+00
2.448726979259138847e+00
2.448726945692953016e+00
2.448726912126934163e+00
2.448726878561080511e+00
2.448726844995392060e+00
2.448726811429870143e+00
2.448726777864513426e+00
2.448726744299321911e+00
2.448726710734296930e+00
2.448726677169437593e+00
2.448726643604743902e+00
2.448726610040214968e+00
2.448726576475852568e+00
2.448726542911655812e+00
2.448726509347624258e+00
2.448726475783757905e+00
2.448726442220058530e+00
2.448726408656523468e+00
2.448726375093154939e+00
2.448726341529952055e+00
2.448726307966914373e+00
2.448726274404042336e+00
2.448726240841336388e+00
2.448726207278795641e+00
2.448726173716421428e+00
2.448726140154211972e+00
