4.917083382606506348e-01
4.770330786705017090e-01
4.746080040931701660e-01
4.651383757591247559e-01
4.534027576446533203e-01
4.527135789394378662e-01
4.468443691730499268e-01
4.284372627735137939e-01
4.248544573783874512e-01
4.095549285411834717e-01
4.051769077777862549e-01
3.912114799022674561e-01
3.853401541709899902e-01
3.709940314292907715e-01
3.657335340976715088e-01
3.586638569831848145e-01
3.574211299419403076e-01
3.529585897922515869e-01
3.499694764614105225e-01
3.385628759860992432e-01
3.380193412303924561e-01
3.361020088195800781e-01
3.263355493545532227e-01
3.195617794990539551e-01
3.175126612186431885e-01
3.139722049236297607e-01
3.079261183738708496e-01
2.998252511024475098e-01
3.057744503021240234e-01
3.056169152259826660e-01
2.933643162250518799e-01
2.836977541446685791e-01
2.851707637310028076e-01
2.882481515407562256e-01
2.805517017841339111e-01
2.830842733383178711e-01
2.871049642562866211e-01
2.819333672523498535e-01
2.771583795547485352e-01
2.788287997245788574e-01
2.695217728614807129e-01
2.749140858650207520e-01
2.701315283775329590e-01
2.758812904357910156e-01
2.709832489490509033e-01
2.841798663139343262e-01
2.674663364887237549e-01
2.687051594257354736e-01
2.717919349670410156e-01
2.730807065963745117e-01
2.686975002288818359e-01
2.668053805828094482e-01
2.704167962074279785e-01
2.669956386089324951e-01
2.616912722587585449e-01
2.612509429454803467e-01
2.606354057788848877e-01
2.574447095394134521e-01
2.546345889568328857e-01
2.560922801494598389e-01
2.633317112922668457e-01
2.578620016574859619e-01
2.518173456192016602e-01
2.602815926074981689e-01
2.521853148937225342e-01
2.506544589996337891e-01
2.518949210643768311e-01
2.575973272323608398e-01
2.559534311294555664e-01
2.476663440465927124e-01
2.406875193119049072e-01
2.477802634239196777e-01
2.389584481716156006e-01
2.442357391119003296e-01
2.488452047109603882e-01
2.529948055744171143e-01
2.374660968780517578e-01
2.462685853242874146e-01
2.395059913396835327e-01
2.466293871402740479e-01
2.462093830108642578e-01
2.454998344182968140e-01
2.402516752481460571e-01
2.389294654130935669e-01
2.396065741777420044e-01
2.333741486072540283e-01
2.376696467399597168e-01
2.403247058391571045e-01
2.424503564834594727e-01
2.358905673027038574e-01
2.394439131021499634e-01
2.331670373678207397e-01
2.379185110330581665e-01
2.299046516418457031e-01
2.374893873929977417e-01
2.357692122459411621e-01
2.429008930921554565e-01
2.356006056070327759e-01
2.378159314393997192e-01
2.337562441825866699e-01
2.420215010643005371e-01
2.317644655704498291e-01
2.368242591619491577e-01
2.407419234514236450e-01
2.387021929025650024e-01
2.343313843011856079e-01
2.353244572877883911e-01
2.320301085710525513e-01
2.317466586828231812e-01
2.281396836042404175e-01
2.296524941921234131e-01
2.233538180589675903e-01
2.329475730657577515e-01
2.246479839086532593e-01
2.279291152954101562e-01
2.251361161470413208e-01
2.287025004625320435e-01
2.327896654605865479e-01
2.326226681470870972e-01
2.262566089630126953e-01
2.355402559041976929e-01
2.257035076618194580e-01
2.255978882312774658e-01
2.322374135255813599e-01
2.226462960243225098e-01
2.185244709253311157e-01
2.292739003896713257e-01
2.236464917659759521e-01
2.243011146783828735e-01
2.384495884180068970e-01
2.311598807573318481e-01
2.247205823659896851e-01
2.237981855869293213e-01
2.305636554956436157e-01
2.304566651582717896e-01
2.322389185428619385e-01
2.258637100458145142e-01
2.254568338394165039e-01
2.274734079837799072e-01
2.356179803609848022e-01
2.329529672861099243e-01
2.298830598592758179e-01
2.306293249130249023e-01
2.324504256248474121e-01
2.204421311616897583e-01
2.277625799179077148e-01
2.317598909139633179e-01
2.225209027528762817e-01
2.247452884912490845e-01
2.373808920383453369e-01
