4.084874945901431076e+00
3.024119534710878909e+00
2.231430281856252584e+00
1.880579510418344480e+00
1.572341774007309345e+00
1.335756985695840005e+00
1.051474521823929864e+00
8.467900110512315281e-01
7.551296593305357741e-01
6.704654721816398766e-01
8.722526335653421059e-01
7.815899213672216073e-01
6.788877633778352960e-01
5.886866503157842656e-01
4.911119678614407902e-01
6.274821253045146374e-01
5.489758688595769431e-01
4.820997846086071403e-01
4.329585966881747128e-01
3.670474935449508647e-01
5.597884846817947624e-01
4.935851436465992226e-01
4.314529885632549244e-01
3.438646437696379898e-01
2.838726168051424747e-01
4.032193757339528339e-01
3.400619759204728254e-01
2.823377945903658426e-01
2.369429530769251169e-01
2.069659909941681530e-01
3.967498936435996382e-01
3.256152967079957161e-01
2.727132838658000158e-01
2.176792012061661008e-01
1.933143477135129129e-01
3.648704682319811599e-01
2.840307461241195486e-01
2.160579177437500775e-01
1.701864257922622858e-01
1.365860205008689876e-01
3.369385729168049570e-01
2.640479990628474272e-01
2.188055769225932534e-01
1.902484441730240838e-01
1.752989120356156227e-01
2.583703815365605005e-01
2.268077358298808965e-01
1.994440808917873342e-01
1.768423274252912403e-01
1.548211245813373993e-01
2.729005001894750371e-01
2.336553753266112365e-01
2.040681197597624674e-01
1.634284000049781027e-01
1.281673558220260689e-01
1.036316454670637294e-01
8.545531700945992182e-02
7.827617643173080675e-02
7.190693479744113270e-02
6.642745786524210938e-02
6.038149772847823532e-02
5.444157462826416244e-02
5.064572784489241447e-02
4.802194635338620510e-02
4.586133312081119850e-02
4.402670074187447352e-02
4.161592484768713435e-02
3.991280823906320080e-02
3.817253371557445540e-02
3.670824195463044670e-02
3.529769675066687928e-02
3.319041366645836960e-02
3.187067781115941051e-02
3.053648087235113356e-02
2.919013090877363437e-02
2.773470842402234182e-02
2.650176408500223499e-02
2.532327596608494741e-02
2.417262464570095123e-02
2.315994044147325417e-02
2.238863846291481302e-02
2.158772371526768499e-02
2.111837680920604018e-02
2.072123587094566038e-02
2.034295863313369604e-02
2.006907742552922064e-02
1.978594132389114094e-02
1.945148619035314344e-02
1.901530284098640680e-02
1.862214757132521492e-02
1.830417395318271329e-02
1.789697867628554928e-02
1.756750775770519329e-02
1.719405044546520184e-02
1.688141004798007772e-02
1.665592164171758940e-02
1.645007302104670513e-02
1.625469221925364069e-02
1.603349533967600091e-02
1.588076396011469521e-02
4.459970956733932262e-02
1.931664542471930174e-02
1.216007745692482961e-02
9.309672755468271013e-03
7.733906232640174079e-03
1.030931678048122198e-02
8.312895823668675632e-03
7.113787054222558623e-03
6.043118808683955838e-03
5.060896429002494611e-03
6.122395429934529044e-03
5.441108076157045136e-03
4.884268803335872419e-03
4.335930657062057533e-03
3.819303977480727023e-03
4.250087449312694304e-03
3.835596146653770869e-03
3.604457950707735774e-03
3.337048166498868523e-03
3.057822026371088010e-03
3.440301900668135768e-03
3.210694242276041291e-03
3.052872629306167818e-03
2.931575079903013525e-03
2.649593007068159860e-03
2.976241988808884294e-03
2.803013114338801046e-03
2.673990138673145237e-03
2.535625752709793051e-03
2.375250445597273247e-03
2.651721017088385073e-03
2.513967712138096954e-03
2.397747584870576435e-03
2.276235280038398003e-03
2.072984009647789016e-03
2.366883091417210355e-03
2.214677302646628643e-03
2.130689071127326965e-03
2.036096514412090875e-03
1.887056163799588279e-03
2.135339015547152528e-03
2.008763850903984641e-03
1.929544662700247810e-03
1.844535022880175196e-03
1.735511464395692602e-03
1.915479511147569246e-03
1.814843484522091731e-03
1.747901794146724782e-03
1.646904159786288617e-03
1.561033475482282102e-03
1.722569876441922693e-03
1.631001418064009388e-03
1.571891701544946441e-03
1.500645743872428169e-03
1.436554442732107962e-03
1.367295885448123168e-03
1.314064493753527635e-03
1.241324959339406772e-03
1.185362433204988292e-03
1.137516771144520293e-03
1.089981329318341543e-03
1.042064879527116817e-03
1.002613981894058537e-03
9.635810110406930204e-04
9.363342607648037766e-04
9.186276286426996217e-04
8.995045922740342592e-04
8.806499030359648574e-04
8.609818025820984658e-04
8.446049928163473558e-04
8.311119084058501538e-04
8.154941824939696384e-04
7.979735700035589996e-04
7.836585751421794440e-04
7.634473859777900911e-04
7.488218044653929470e-04
7.305921708583672366e-04
7.092048377733839318e-04
6.874802811886333289e-04
6.698189473293249870e-04
6.533353296766143551e-04
6.378813968181429881e-04
6.213869998216146363e-04
6.041296757233404705e-04
5.912228023588634576e-04
5.790248605824064752e-04
5.626024667082451212e-04
5.448290880456727872e-04
5.271992437592373012e-04
5.052478015110146862e-04
4.889954126254110424e-04
4.724281804795298100e-04
4.572455583716967024e-04
4.459340888670118835e-04
4.333295876590323686e-04
4.220780848684203357e-04
4.100188644874096125e-04
4.013663819769074667e-04
3.890523947903190083e-04
3.788955623942356975e-04
