3.028976674187139562e+00
4.655876179144549654e-01
1.035243338455570788e-01
3.737254340967624544e-02
1.881037717822994781e-02
3.481316792314172875e-02
1.039659665176829485e-02
4.878074571039737670e-03
3.185558669723787938e-03
2.008830423899282940e-03
8.074356797788126774e-03
3.308923494682433977e-03
1.852085164449014361e-03
1.235028263269804822e-03
1.033297515532632504e-03
4.391108672916982890e-03
2.542036340129313725e-03
1.843889768491907945e-03
1.383317185317303830e-03
1.101875609407913445e-03
3.048624042252812139e-03
1.802563867365448427e-03
1.395488516676291011e-03
1.140487078229461678e-03
9.406823878437082977e-04
2.148485240480931934e-03
1.383294583103204150e-03
1.161767583617292479e-03
9.272435567728288088e-04
7.697784665133599940e-04
1.382236016858162230e-03
1.032795283309010997e-03
8.634540044686578016e-04
7.380095402972484302e-04
6.376259049508211556e-04
1.337133583116124512e-03
9.580119158625661656e-04
7.793639949255661264e-04
6.552334774625764944e-04
5.593332947067641663e-04
1.269380764671002157e-03
8.655915964303321792e-04
7.211725657770965726e-04
6.408377529309986940e-04
5.709777602631575149e-04
1.500398937700780748e-03
9.429637832172086493e-04
7.690406125458674590e-04
6.904544223034436929e-04
6.192021115054348887e-04
1.692920236392292128e-03
1.130314947071566888e-03
9.310847693231149701e-04
8.154355000875657469e-04
7.379033376396159586e-04
6.410351338937850339e-04
5.720592697036498003e-04
5.169092775376117827e-04
4.722346494483173145e-04
4.255693659776459657e-04
3.892627665394115632e-04
3.569666462510276373e-04
3.154642524085688187e-04
2.835506520900020391e-04
2.603443251883239408e-04
2.445636403174991603e-04
2.311407727568474838e-04
2.217258482230023979e-04
2.089709096712144402e-04
1.987587802357241706e-04
1.890820374215228608e-04
1.788659963516347985e-04
1.718259004741739746e-04
1.624686881644332650e-04
1.574454526685564824e-04
1.524125186802054112e-04
1.456523973790943864e-04
1.348011596755471027e-04
1.286809482410969385e-04
1.240452532558264484e-04
1.211800692752984987e-04
1.194501932070414604e-04
1.177084577453374893e-04
1.156050668331356802e-04
1.132237043267722760e-04
1.115039341270758006e-04
1.103144540647324023e-04
1.086834535262530408e-04
1.065998586745602755e-04
1.042863116479326232e-04
1.010596196879570588e-04
9.922219500470043634e-05
9.859184262661433568e-05
9.742471664904000508e-05
9.648845366804177442e-05
9.536582525713199201e-05
9.436270055213255537e-05
9.356254672771560025e-05
9.270370625814591608e-05
9.189014212490284605e-05
5.722487404925252893e-04
2.685278090542515578e-04
1.745741965570811981e-04
1.287328087077880732e-04
1.012065721025993368e-04
1.483177242204885887e-04
1.168649746209923481e-04
1.021731626629621598e-04
8.551869184495235687e-05
7.318831281545046805e-05
9.350168209530264189e-05
8.015519419033001578e-05
7.170322613315625523e-05
6.418614787885694461e-05
5.867555989089339640e-05
7.032054878855830218e-05
6.226934407782646187e-05
5.828735135749281643e-05
5.496181280924862929e-05
5.091562848151437887e-05
5.754040504956188577e-05
5.305716777637101990e-05
5.093296436638895645e-05
4.818598599312230675e-05
4.634920407298736975e-05
5.101654339376983474e-05
4.768911943381022361e-05
4.578110521380338244e-05
4.422597668150944899e-05
4.283300687868295449e-05
4.609906645162299954e-05
4.420759915563124247e-05
4.284696405376333577e-05
4.151925000348000161e-05
3.945294085509901745e-05
4.335000145731982322e-05
4.141358784163670073e-05
4.024847523580222679e-05
3.890104829195323972e-05
3.724462718264252923e-05
4.153911444300553799e-05
3.886748495450205123e-05
3.815727212062678682e-05
3.717471956107061304e-05
3.590369795316084766e-05
3.999110775657874927e-05
3.835832913766727659e-05
3.753099728949964791e-05
3.677149623698673463e-05
3.589664583693538713e-05
4.096118032429437220e-05
3.816910669808070246e-05
3.688680338085356078e-05
3.614521274417636118e-05
3.521447795745097316e-05
3.400390060754620751e-05
3.284223703147673700e-05
3.186891263020577586e-05
3.005958257180616587e-05
2.819796479138664844e-05
2.650445805458320482e-05
2.482981789312650888e-05
2.369706890983683156e-05
2.300482131370414535e-05
2.241250850864116506e-05
2.215811170905762672e-05
2.197628921663399382e-05
2.185229713590352863e-05
2.158428146590054612e-05
2.131244498256526593e-05
2.090531115896774320e-05
2.062031216711852569e-05
2.037300844352544317e-05
2.003014560565994457e-05
1.974799125876852815e-05
1.954324396196714650e-05
1.930728963983673217e-05
1.917682658312447775e-05
1.904739829613741385e-05
1.876004346318387112e-05
1.849547958686064694e-05
1.831417397945040858e-05
1.824382548778447655e-05
1.808726045183332989e-05
1.799152956748625178e-05
1.799525919319418992e-05
1.788119220640143676e-05
1.780824410262224662e-05
1.775826265421747585e-05
1.760622871147699364e-05
1.736670889083579192e-05
1.720593096925815435e-05
1.693123734669756757e-05
1.672080469067218156e-05
1.655521350515509732e-05
1.642692787117128975e-05
1.626532879444456269e-05
1.608003947554434269e-05
1.596444972378819978e-05
1.592687683364097954e-05
