8.708013801847773294e+00
4.973141747767939158e+00
4.948166672857929882e+00
4.943532309087561138e+00
4.940299497135319129e+00
4.923088142108375642e+00
4.921537955620178373e+00
4.919813250215727685e+00
4.913574012377825539e+00
4.899890178569992649e+00
4.895194273859436507e+00
4.887552345835703527e+00
4.876859513223729792e+00
4.870459195122588625e+00
4.858296177674415794e+00
4.817618972871683170e+00
4.789506130528361716e+00
4.752505120279082895e+00
4.597334528954006849e+00
4.523669848553653061e+00
4.338209151557313348e+00
4.135137623988952349e+00
3.988014044254224011e+00
3.828107914065848050e+00
3.726144837835749790e+00
3.575756143422379907e+00
3.435510506146895349e+00
2.976632608835566796e+00
2.696422216567064378e+00
2.508844438894064943e+00
2.277356652686711058e+00
2.180327356409015316e+00
2.142847161667930322e+00
2.086065416920136251e+00
2.061105157599563587e+00
2.028069165305764976e+00
1.959715477624850655e+00
1.909209710024108331e+00
1.866998941054781147e+00
1.826483414646580927e+00
1.810926213567742193e+00
1.782897485343235999e+00
1.753581883024257548e+00
1.707616132120520325e+00
1.671207192388673102e+00
1.633636917401811939e+00
1.545756631585449625e+00
1.529515069132063809e+00
1.490748489425456125e+00
1.389393378076303698e+00
1.308309375498831972e+00
1.263542073432225576e+00
1.201389665804433404e+00
1.056754768454008619e+00
8.392470340540852947e-01
6.165695737060362669e-01
5.092250741156076899e-01
4.583389865608471503e-01
4.163287574739495400e-01
3.256408337993508817e-01
2.085172729513592449e-01
1.464045734365086171e-01
1.010831277282904089e-01
8.523200471068557993e-02
7.667357871089962307e-02
7.395899518011866958e-02
7.021594987884592631e-02
6.919485765300086022e-02
6.810922785942637170e-02
6.582439840871059933e-02
6.142740838426873767e-02
5.586906386234091054e-02
5.112259042722170493e-02
4.940407457366588484e-02
4.782587575791739931e-02
4.648435964722363173e-02
4.126554541288794675e-02
3.730408353269509120e-02
3.343409010560121492e-02
3.159986033028468200e-02
2.988258409251924944e-02
2.869709077549528059e-02
2.608500086708968532e-02
2.506225984511577937e-02
2.440538349492282419e-02
2.401978819956104502e-02
2.362064055529719195e-02
2.320648630960526343e-02
2.275166084352040971e-02
2.246356809117112940e-02
2.168828770185253149e-02
2.148218934271788755e-02
2.138243913248897080e-02
2.130641611192999468e-02
2.122391620125531689e-02
2.118606336492431796e-02
2.110120800172737496e-02
2.100260483061211492e-02
2.079399096650876022e-02
2.066542988276294165e-02
2.024128141868475339e-02
1.977070653650980780e-02
1.946000996615080553e-02
1.899018281424739302e-02
1.870119844282968485e-02
1.829995786772944596e-02
1.791874285762239116e-02
1.768484481735917851e-02
1.757134176712856280e-02
1.731991835281774042e-02
1.717842242070362693e-02
1.705254524649050737e-02
1.694431394456663575e-02
1.680930983953539057e-02
1.640479346161213825e-02
1.602001132572385828e-02
1.576419871891958369e-02
1.554027233291029736e-02
1.522924213621564687e-02
1.480074878316135767e-02
1.452833275047371933e-02
1.439353603743373858e-02
1.424619671219501393e-02
1.411728957748691927e-02
1.387018853683377739e-02
1.370883227627978963e-02
1.362186276875214201e-02
1.340154509152899701e-02
1.318504827521722184e-02
1.302996879101431249e-02
1.288549780589277188e-02
1.275714907585698797e-02
1.255367769053331722e-02
1.243266238413186925e-02
1.227150588207054360e-02
1.216548894896463985e-02
1.206381867559299867e-02
1.193384097887989666e-02
1.177316978579218132e-02
1.169810871317901457e-02
1.165434386850907472e-02
1.161182204679657437e-02
1.151552679945624588e-02
1.144894509558235483e-02
1.140063881582848923e-02
1.137389104873788061e-02
1.133757044723167177e-02
1.116676054038549457e-02
1.091749571194726084e-02
1.083148913522977846e-02
1.076399396246650528e-02
1.073268099865576537e-02
1.067127083838293085e-02
1.061483976878587789e-02
1.059754389680904463e-02
1.055519052872550337e-02
1.050644343630430591e-02
1.048855655926228016e-02
1.046946516157591656e-02
1.043025694337118038e-02
1.038079716519563211e-02
1.031453789686557175e-02
1.025073391878165638e-02
1.017728665660454918e-02
1.012515038582082090e-02
1.006032760754250674e-02
9.981929049880813518e-03
9.915701125469704794e-03
9.732685758874424706e-03
9.605847294087657695e-03
9.451910132492805788e-03
9.411951960796562100e-03
9.364556159683932318e-03
9.344475749986912508e-03
9.299336516216333628e-03
9.264462676493362414e-03
9.176572444274463600e-03
9.137498949849750043e-03
8.968398513306578487e-03
8.739628363453856574e-03
8.613878045111563950e-03
8.551810548416775501e-03
8.470396489612154467e-03
8.420413044105149944e-03
8.337745372360705343e-03
8.280392093131430653e-03
8.198116319371074809e-03
8.094055862928302772e-03
7.995302284524311368e-03
7.854606735038599519e-03
7.712106608412809539e-03
7.614350465575036621e-03
7.565799342156343844e-03
7.461647414156225011e-03
7.292252926592624612e-03
7.146523921979577865e-03
7.088491562944355777e-03
7.002301383535098483e-03
6.860614305869413253e-03
6.737770876488492593e-03
