1.077205424821748636e+00
3.775303447701311432e-02
6.307080868170045033e-03
2.880069368650308489e-03
1.359833393206726039e-03
7.837554893011565785e-03
2.159819821286663132e-03
1.047632893320566121e-03
6.356810261639219686e-04
3.958528899464554274e-04
2.014522090038128356e-03
8.742620201283673965e-04
5.220714918349740434e-04
3.180729109879415766e-04
2.314265206526466096e-04
6.653367721892215151e-04
3.388455299655389005e-04
2.234213241493329324e-04
1.780196780859700416e-04
1.370196813803024384e-04
3.633269655717823307e-04
2.377656270761504707e-04
1.838174105055019787e-04
1.472263547602238587e-04
1.219736549941760362e-04
3.468002533217148689e-04
2.077873009927941057e-04
1.643783670615871434e-04
1.456289264567706978e-04
1.267314047486311395e-04
3.007222412768243780e-04
1.888592695133844176e-04
1.500285030510978962e-04
1.305321001436760833e-04
1.175673720204950247e-04
2.540995947492495047e-04
1.597764789414986937e-04
1.303026837998606747e-04
1.167018973038901866e-04
1.082920146569281092e-04
2.190181817694596144e-04
1.459865583555294496e-04
1.218939322788197422e-04
1.072266308510685067e-04
9.597066371458965383e-05
1.994367872135438015e-04
1.233071259008079984e-04
1.087602485292210429e-04
9.932470442627052895e-05
8.808973229871656918e-05
2.332729323071764456e-04
1.565248504929349024e-04
1.354373569974391222e-04
1.172303566591839717e-04
1.015165558193302671e-04
9.254209695524939403e-05
8.379501500368437739e-05
7.817034972310498656e-05
6.778519172333568254e-05
5.832753468394424087e-05
5.123686585399814822e-05
4.570683035220606026e-05
4.288113081355984557e-05
3.851522733739037429e-05
3.509026356638300404e-05
3.224472986236291455e-05
2.970363619840936330e-05
2.687049554221321914e-05
2.509942363951072071e-05
2.377222035334149196e-05
2.195997946501813600e-05
2.081587854120846415e-05
1.989060622568814969e-05
1.914237272666655167e-05
1.800921683552506690e-05
1.709844687977592534e-05
1.651327434207848293e-05
1.591200600054671152e-05
1.546429318079242784e-05
1.505940835134589235e-05
1.448105484655945937e-05
1.413907591576567104e-05
1.390600466321184549e-05
1.372275608690347444e-05
1.359164215810858820e-05
1.340553870414695727e-05
1.324667331934266891e-05
1.306667361023875187e-05
1.290789244113561645e-05
1.262499361483350430e-05
1.232367385314310047e-05
1.209612328547799825e-05
1.187745994321256319e-05
1.173364937716250714e-05
1.155784269164261644e-05
1.138571802799347770e-05
1.124143592275581357e-05
1.110621848841342387e-05
1.101280848185864195e-05
1.095777458712477957e-05
5.764575832023799168e-05
3.187953938076089859e-05
2.336768369055236186e-05
1.778423514373417345e-05
1.443904639785708025e-05
1.786795073345339701e-05
1.591280958136501302e-05
1.411314155291750142e-05
1.188893952296782896e-05
1.052277591791753834e-05
1.246496755000670883e-05
1.164683402600587799e-05
1.111310193350069269e-05
1.043242277232098088e-05
9.648653422771055220e-06
1.043188424797460135e-05
1.014444959348680384e-05
9.634535572102000247e-06
9.097120284617606450e-06
8.697443567437596816e-06
9.350901884074285815e-06
9.151554364961676972e-06
8.834211805021321932e-06
8.499367769386824455e-06
8.114026644636343911e-06
8.540161094602953304e-06
8.385237789240900785e-06
8.142882754834703866e-06
7.789666958735880976e-06
7.488593765240133744e-06
7.964694012252425176e-06
7.814071347864009817e-06
7.510538311659695603e-06
7.228698868009400849e-06
6.865507242103016537e-06
7.361161568266260000e-06
7.155570252749011566e-06
6.946826250073512571e-06
6.689377066461485877e-06
6.418204866711397868e-06
6.763639007961066947e-06
6.604187932365772618e-06
6.483736037908871044e-06
6.267980100564702658e-06
6.055696859736250392e-06
6.522563124221330224e-06
6.366132260474850531e-06
6.220156582918530591e-06
6.035547202449305218e-06
5.878925677087995311e-06
6.234662112757856038e-06
6.113756899804467267e-06
5.940903125389775294e-06
5.777663955201407893e-06
5.606874176524735191e-06
5.308644004252964108e-06
4.935457971068655107e-06
4.607799125724689477e-06
4.279296196806179717e-06
4.059436050326424214e-06
3.920723445332316252e-06
3.780149863474052746e-06
3.637177857281382357e-06
3.501360465555950604e-06
3.350425256535707114e-06
3.270111196041988901e-06
3.151552137408798373e-06
3.044866941476566672e-06
2.948527515460049625e-06
2.858840523161971109e-06
2.779365946469816933e-06
2.694701687062909230e-06
2.619211464564161983e-06
2.543118999200720808e-06
2.496669010964098179e-06
2.448269138978088838e-06
2.403015740808912692e-06
2.362300359976006368e-06
2.331988657731842089e-06
2.300702124442941404e-06
2.245027961805619172e-06
2.193716758691349004e-06
2.158329943628626808e-06
2.131067439742088912e-06
2.117937820809413307e-06
2.087681846859717626e-06
2.044626843051566884e-06
2.009398727256477257e-06
1.972247941471490399e-06
1.941290856566559397e-06
1.919205095659112480e-06
1.904974763971628116e-06
1.889123817645610571e-06
1.870355142666231257e-06
1.862559613074534766e-06
1.849056169701709557e-06
1.844916819062275802e-06
1.834451694252512244e-06
1.832032148283577668e-06
1.809656730208599826e-06
