3.212495235671317118e-01
7.980886045125640607e-03
9.818441898479884043e-04
4.777526087031301258e-04
2.551118468048120124e-04
1.670769905406340079e-03
3.436210682985236381e-04
1.420198108576936082e-04
7.430438438497434257e-05
5.059399397306481376e-05
1.025425255828169414e-04
5.236058828678687225e-05
3.618956752590895334e-05
2.974771382582761840e-05
2.488795196016930049e-05
4.196882163109623713e-05
3.301381301857758178e-05
2.866751897877700491e-05
2.615776638684117267e-05
2.256223048932801066e-05
3.165301947073379196e-05
2.720421429703548901e-05
2.540209901199504282e-05
2.362779225706635353e-05
2.022073906561868128e-05
2.714209576202027734e-05
2.288576835370710076e-05
2.124647981609296466e-05
1.957676592361154896e-05
1.724836040965149598e-05
2.325602058395328264e-05
1.925274186291308875e-05
1.773570001777587438e-05
1.686648184533621141e-05
1.564593849210980413e-05
1.854497940485311437e-05
1.702788514953314231e-05
1.600546158481816510e-05
1.510966737482190991e-05
1.434203831661052922e-05
1.627721720901854308e-05
1.506301152909307730e-05
1.407313622472305622e-05
1.327178932187596446e-05
1.248420920687963311e-05
1.383430329026466107e-05
1.279182633553878622e-05
1.216187193867961353e-05
1.175979763312894280e-05
1.123166318556927913e-05
1.209761895570583621e-05
1.153765418740712768e-05
1.112797546229839969e-05
1.077615019711235630e-05
1.007594294509425252e-05
9.498728182150121508e-06
8.991496531232695649e-06
8.348136141517628907e-06
7.850658786044871848e-06
7.549442955478201928e-06
6.902522614707466968e-06
6.395137728993540464e-06
5.537420017587984648e-06
4.956719239726879977e-06
4.777421564121080894e-06
4.618555336498647344e-06
4.448205936224364172e-06
4.300389006648383052e-06
4.166391057640647967e-06
4.083124292119924144e-06
3.986743165803990197e-06
3.905699868553680541e-06
3.844542179193231936e-06
3.727689731344952077e-06
3.657010733165937315e-06
3.542614109807288480e-06
3.368992201050456308e-06
3.263774943695769638e-06
2.939809049560105939e-06
2.792333743755636440e-06
2.589204063835519803e-06
2.550759101078007896e-06
2.517010064665992656e-06
2.478479503115802473e-06
2.442663916808887984e-06
2.422006158304483311e-06
2.404960873735820592e-06
2.375303905989516196e-06
2.350640218935500437e-06
2.312766137685976401e-06
2.266078063635354266e-06
2.216228749724602436e-06
2.150526635669409023e-06
2.102429599683252656e-06
2.053943485305286791e-06
2.023855089839881281e-06
2.006404567668190957e-06
1.979361651413958942e-06
1.945407862155080696e-06
1.926407717241761659e-06
2.926838688061803574e-06
2.162795743439468837e-06
1.920966990758002812e-06
1.668756050238126412e-06
1.406088248500026535e-06
1.413629649881117325e-06
1.342024200440031642e-06
1.287393173081685380e-06
1.298267467128018403e-06
1.263645691803722143e-06
1.196518241716728464e-06
1.153101874206126147e-06
1.187702048298458721e-06
1.208337562710241391e-06
1.201828152748456023e-06
1.229729760307972091e-06
1.210616608015795683e-06
1.298392021513273902e-06
1.322644290307520594e-06
1.321873008855420185e-06
1.303587137105941725e-06
1.286311719712143292e-06
1.279876450680983927e-06
1.293188835137639476e-06
1.281804841817655556e-06
1.292943007397350340e-06
1.278513354684502223e-06
1.303428771214199340e-06
1.348388187172662062e-06
1.337944888064977934e-06
1.259344328941965253e-06
1.197394966456611446e-06
1.150341962908480727e-06
1.157238023025581328e-06
1.207412218180214024e-06
1.154972363879913887e-06
1.204445656171867942e-06
1.218300817385159377e-06
1.227936048050864362e-06
1.266232170292597434e-06
1.259826363170628237e-06
1.280685003970873817e-06
1.344324979620288228e-06
1.371182964871626263e-06
1.400662747277592876e-06
1.380701537747284163e-06
1.388676920621413932e-06
1.392189197442216923e-06
1.410201525983548177e-06
1.488383006175191391e-06
1.394165413590748657e-06
1.307116414065886229e-06
1.295730919047083353e-06
1.255549793693486395e-06
1.248604164100522126e-06
1.273506669246476754e-06
1.348463502149902217e-06
1.373903856130667219e-06
1.457634750147773668e-06
1.527281360981743279e-06
1.645499069053229107e-06
1.652773933686131067e-06
1.745033791859907732e-06
1.812264504287185869e-06
1.873927970605119272e-06
1.958859088086427675e-06
2.073689967040922565e-06
2.153321320840903855e-06
2.272476580342570630e-06
2.668420016174089325e-06
2.748081910356103895e-06
3.014430589571866876e-06
3.374516705560852678e-06
4.026954610035143435e-06
4.419028039837134651e-06
4.482696629460350369e-06
4.592743550935115788e-06
4.630018953764993747e-06
4.718051880334265164e-06
4.774571965629552836e-06
4.858616976235229640e-06
4.898717469578348960e-06
4.957053782569304180e-06
5.005358057651830996e-06
5.080148347054245695e-06
5.187246130847235721e-06
5.231433570440873893e-06
5.283299037481219417e-06
5.398344511393754114e-06
5.584997990976753936e-06
5.719388430858586046e-06
5.839095225731159335e-06
5.995010685044584316e-06
6.101046038235049144e-06
6.209555873516167620e-06
6.437386390845537459e-06
6.483449570056120670e-06
6.534073781040130212e-06
6.575843357596252162e-06
6.603492843325705287e-06
