8.950986351055302492e+00
4.011675333034550484e+00
5.249336801905053473e-01
4.004831080396795695e-01
8.891175232126306838e-02
2.596444215109991460e-02
2.190778477649251224e-02
1.522739877758971794e-02
9.419573207725786754e-03
9.132877818179591101e-03
8.289011956620771088e-03
7.905228370120462311e-03
7.307924514321783444e-03
7.000014299918848153e-03
6.471730812497537323e-03
6.111079882391536738e-03
5.917812601510631827e-03
5.793761078298640711e-03
4.412396985360515257e-03
3.610521100455922443e-03
3.011688612733127469e-03
2.927882259012571514e-03
2.701556142676991672e-03
2.453159949752994028e-03
2.085848820022387622e-03
1.609101054062224683e-03
1.335156263578013468e-03
1.227316579707288030e-03
8.226278730325182770e-04
7.070278130961443882e-04
5.561617369768008783e-04
5.228145004899357627e-04
4.064258451666888307e-04
3.271481953471674030e-04
3.191553123254695264e-04
3.143625608374304753e-04
2.999540639140446381e-04
2.922595472660936161e-04
2.861835246065134704e-04
2.800880876704889841e-04
2.732471342962985365e-04
2.618271972098609756e-04
2.528594435348516679e-04
2.471997217361690145e-04
2.402524876282445218e-04
2.343750071274584455e-04
2.310234573050317199e-04
2.242963413655030529e-04
2.214260271704449209e-04
2.191125202286320220e-04
2.183372008994093657e-04
2.171960549245292112e-04
2.164054305313878833e-04
2.149219400799067393e-04
2.130245622956499819e-04
2.124356585820111592e-04
2.122387439442351099e-04
2.115532431291811339e-04
2.106940395355508711e-04
2.098346730374078123e-04
2.086719381124211138e-04
2.057688197227971268e-04
2.036635557264722233e-04
1.929481962880241883e-04
1.888717054876816351e-04
1.836525062335974637e-04
1.667586738319871476e-04
1.576434226294466114e-04
1.486069759933696392e-04
1.434603553045276194e-04
1.420323485398022965e-04
1.406756134996371504e-04
1.312680386946988437e-04
1.282719478189879331e-04
1.143627920011539099e-04
1.045606467321870658e-04
1.000716552946902667e-04
9.893423660017536324e-05
9.549738958894450332e-05
9.468132191833736160e-05
9.341613125066261568e-05
9.293628348634502736e-05
9.112801616856625422e-05
8.623969683648613624e-05
8.496812980346177898e-05
8.251224755355857001e-05
7.827442619620733025e-05
7.727551652168614831e-05
7.276412444487277882e-05
6.958556357642263642e-05
6.836780330720439733e-05
6.544216543907892790e-05
6.377252881497177744e-05
6.324500317640493487e-05
6.269133143059337843e-05
6.122644256922177546e-05
5.908225014310073276e-05
5.804986788815407026e-05
5.745587945976773122e-05
5.694870886591424776e-05
5.560021222841577960e-05
5.436653852467706889e-05
5.372401864573112060e-05
5.308727413643527426e-05
5.260314389670799626e-05
5.223688634337011750e-05
5.043882881396822220e-05
4.953439547614006000e-05
4.942469546931801261e-05
4.925819358813285760e-05
4.899866765237578255e-05
4.857095060100420755e-05
4.842832973433504876e-05
4.839020743446318399e-05
4.825490757568054554e-05
4.797340339079155089e-05
4.791558776010820721e-05
4.777049835772261411e-05
4.764447051961442713e-05
4.721909582596679360e-05
4.704327263833506836e-05
4.696060042040054328e-05
4.683048420275984789e-05
4.678343481360908445e-05
4.666162937702547105e-05
4.655830979903339504e-05
4.630364439555318046e-05
4.600667141287791785e-05
4.580676855294117238e-05
4.560551930920224976e-05
4.543830365614379623e-05
4.437241771496776673e-05
4.422008415252507704e-05
4.402082871800790852e-05
4.375599786016911127e-05
4.348892768459772034e-05
4.325331766881910020e-05
4.308415505004570181e-05
4.249589179171349266e-05
4.197142378704479891e-05
4.114953984325508171e-05
4.061910332744105717e-05
4.038485040350192206e-05
4.003519812396112411e-05
3.992485959355613115e-05
3.967704511332290784e-05
3.960000488280326848e-05
3.932353090994878520e-05
3.912550475743178377e-05
3.895483285776283808e-05
3.867176400483919357e-05
3.863222883795275656e-05
3.856541217919262664e-05
3.851051418936336497e-05
3.843558655745349416e-05
3.836075154615405049e-05
3.827739978735304993e-05
3.822452871397294437e-05
3.816397188530867531e-05
3.763184102081908042e-05
3.744918136955655333e-05
3.702750075266116866e-05
3.679232604429939069e-05
3.655962273021650061e-05
3.614044718033267649e-05
3.524915956455525450e-05
3.459866567233409141e-05
3.438200947286424223e-05
3.425945050469479273e-05
3.404850745899956149e-05
3.399322821506660012e-05
3.393073148442302995e-05
3.391933758253054499e-05
3.388969168158944591e-05
3.386560693111184949e-05
3.377917656104358670e-05
3.367669263583720173e-05
3.356562708457270578e-05
3.341086567390188600e-05
3.335593155774025032e-05
3.326663254593938401e-05
3.284205601343666812e-05
3.215739811335127646e-05
3.197432927646143953e-05
3.171002361251559504e-05
3.151830513015405923e-05
3.142504478221864870e-05
3.087620835645422853e-05
2.998924075847068244e-05
2.963995348502947559e-05
2.917374479392110349e-05
2.903380794814769056e-05
2.872075834633869358e-05
2.820275729126387932e-05
2.812827893386376124e-05
2.806180329202172816e-05
2.799831342501176611e-05
2.782336183695024171e-05
2.778900161943503557e-05
2.773416142340607763e-05
