1.904584856469662579e+00
2.118015616120744737e-01
3.860218139438346963e-02
1.263899196586878992e-02
6.710524814533183786e-03
1.892246768447817043e-02
7.129725541561939342e-03
3.809590142971515988e-03
2.722217481772639443e-03
1.923365231307897763e-03
2.158949681803697465e-02
5.714398803608951825e-03
3.813524004194730928e-03
2.282308621869640671e-03
1.263358282309936511e-03
4.397430175822770321e-03
2.191777306608762039e-03
1.446855542570059123e-03
9.960925629259259964e-04
7.734029260503634193e-04
1.969269781032333046e-03
1.227751536214728234e-03
7.671175283038077046e-04
6.189745873181766228e-04
4.456024150717244618e-04
1.451923801429588420e-03
7.999687997516821648e-04
5.226021782640949409e-04
4.245357639478070599e-04
3.526024670237993901e-04
1.159364055732638957e-03
6.365164552452814159e-04
4.810740287794457951e-04
3.990463965850769130e-04
3.271822147802154490e-04
1.001610554342890385e-03
5.288461909605751774e-04
4.482392072845298885e-04
3.643031893953388336e-04
2.927343881548101121e-04
9.522652788643945661e-04
5.488343033921892983e-04
4.544588908798853025e-04
3.993640921609110982e-04
3.537213112916445172e-04
6.881059391485833902e-04
5.111261487084478843e-04
4.312315196702722194e-04
3.619524052590197762e-04
3.248560244787182549e-04
6.134513280178562501e-04
4.490824560093276911e-04
3.907516481503242644e-04
3.273401324866299770e-04
2.945449677488003572e-04
2.707242754758406710e-04
2.346312099072757622e-04
2.151784484571130031e-04
1.989324217089992626e-04
1.829254184712772577e-04
1.648033616534538620e-04
1.484743872700090047e-04
1.356314751983978733e-04
1.242418635511859950e-04
1.155512160235046997e-04
1.091709825189798308e-04
1.029401917116181520e-04
9.630724059329953993e-05
9.137866704359665993e-05
8.637177817214071538e-05
8.302428296215310841e-05
8.024552030534713493e-05
7.643578100930045456e-05
7.338429738933303589e-05
7.049866174265465241e-05
6.842356912861456198e-05
6.614268751841233663e-05
6.351771766262802321e-05
6.011341900952470060e-05
5.870153843740911933e-05
5.730092592346220791e-05
5.603200354068106913e-05
5.427030626315798248e-05
5.303079472791008667e-05
5.157128260843745691e-05
5.034476471361953317e-05
4.904416662302751607e-05
4.765058344336652908e-05
4.642441712524860239e-05
4.429079766410377969e-05
4.340530018026222736e-05
4.248601815254841326e-05
4.186550244998813673e-05
4.099583956749380391e-05
3.933907136407657843e-05
3.834890513260448688e-05
3.810991657190779914e-05
3.756401044627852119e-05
3.692269998270632285e-05
3.638000877726059625e-05
2.313681032227980913e-04
9.237178040034113797e-05
6.030083408587709611e-05
4.495926543030672942e-05
3.486428528263747599e-05
4.809207669595949239e-05
4.000794739783733033e-05
3.549163478548139790e-05
3.114694492264694005e-05
2.841471531496734328e-05
3.343865842365386981e-05
3.092715577594253029e-05
2.866759127713366115e-05
2.672935500797320803e-05
2.468335992964163390e-05
2.857107346668051476e-05
2.744651134944551488e-05
2.653262530547644129e-05
2.478937288158927275e-05
2.304713556770245450e-05
2.707324452672569398e-05
2.590978925339707927e-05
2.567348612179585593e-05
2.492623082718707105e-05
2.450910262551042395e-05
2.492382262086767643e-05
2.457703002709713699e-05
2.437752686909377069e-05
2.426314158263940241e-05
2.333962578779394067e-05
2.344988468089492255e-05
2.319601399127584301e-05
2.250634876042593543e-05
2.212576841381674016e-05
2.181317613615346590e-05
2.365518778592641620e-05
2.314268420759857736e-05
2.272573760570449836e-05
2.235530567729661423e-05
2.211961930103451614e-05
2.348018857684498498e-05
2.242067748614396953e-05
2.220347579497468184e-05
2.177401887083329013e-05
2.151213060021325439e-05
2.193307898616776326e-05
2.125198373943952156e-05
2.130694717350670612e-05
2.096953917735087732e-05
2.081378962439724590e-05
2.158713484786793375e-05
2.122818003782317521e-05
2.072315898353512242e-05
2.065044336012571605e-05
2.058967584908916922e-05
2.026677389123558858e-05
2.013996488283925100e-05
1.927688196672534317e-05
1.903512602721560689e-05
1.863225851662355111e-05
1.864320586306136019e-05
1.768598901213743629e-05
1.760626978592494757e-05
1.722451955962973121e-05
1.690729614409940894e-05
1.665033247623181950e-05
1.634962099801320383e-05
1.627263197471950367e-05
1.631677567876396810e-05
1.604329734069401674e-05
1.587678990532472817e-05
1.605145412883472218e-05
1.585444993817269210e-05
1.580054858202957924e-05
1.589858563798296904e-05
1.582199195074931341e-05
1.548805671888164092e-05
1.547374491799788016e-05
1.551679590195809727e-05
1.534420998644771874e-05
1.519582631219173861e-05
1.487596039582238426e-05
1.483758886988893588e-05
1.466310871678312613e-05
1.454495219019836926e-05
1.445996541815248135e-05
1.427742880084831129e-05
1.423933598329189683e-05
1.389628775788862883e-05
1.381129578703701818e-05
1.355366244843564395e-05
1.363462781833066872e-05
1.358715298289045188e-05
1.343659558451363601e-05
1.331042834969325485e-05
1.343096260569330452e-05
1.325581757271204469e-05
1.319110030478053159e-05
1.318577983690828375e-05
1.319549026817371457e-05
