8.701157795601366374e+00
5.034070870087302474e+00
4.946664575499627681e+00
4.943118967805540720e+00
4.939390967973309898e+00
4.939274228443469639e+00
4.939231101259212053e+00
4.939044042153808434e+00
4.938999093337385737e+00
4.938958907768263629e+00
4.938291401354338639e+00
4.938171971556668538e+00
4.938132734404751645e+00
4.938126158027128731e+00
4.938117351513608533e+00
4.938105364709048928e+00
4.938095125343608949e+00
4.938056814017334872e+00
4.937809931635384508e+00
4.937788902061885921e+00
4.937770752920601858e+00
4.937761805862276532e+00
4.937756636738508398e+00
4.937748727331119802e+00
4.937746585126199683e+00
4.937744986947236292e+00
4.937742943970467202e+00
4.937721942654172302e+00
4.937647025785205201e+00
4.937592591043833856e+00
4.937580868937205381e+00
4.937572383924254460e+00
4.937534637893881140e+00
4.937529897141124557e+00
4.937512950556993019e+00
4.937508108160072240e+00
4.937502643424273252e+00
4.937497298040240068e+00
4.937496197154692901e+00
4.937492502986359888e+00
4.937480760267261459e+00
4.937460100244188688e+00
4.937440870834681306e+00
4.937432057886632641e+00
4.937382607141546309e+00
4.937335108361660119e+00
4.937292885369698681e+00
4.937229735109742279e+00
4.937209696485129307e+00
4.937157521541920779e+00
4.937083456388980274e+00
4.937061132961693133e+00
4.937048623434782790e+00
4.937041757602107950e+00
4.937040588654361351e+00
4.937031743524389782e+00
4.937030762437966125e+00
4.937028993838330493e+00
4.937019451782948209e+00
4.937012511430030948e+00
4.937000861346629854e+00
4.936989693952012814e+00
4.936984016064910108e+00
4.936979847319888925e+00
4.936926975073657076e+00
4.936898976007100259e+00
4.936888790662969484e+00
4.936854656759320115e+00
4.936766714532240918e+00
4.936725222459643625e+00
4.936693087631889298e+00
4.936633831624938296e+00
4.936618589734358409e+00
4.936546884731279228e+00
4.936486118338534901e+00
4.936367931643292017e+00
4.936247989610686560e+00
4.936202228083364396e+00
4.936134415087069627e+00
4.936097602513369154e+00
4.936095484743323603e+00
4.936058915975504391e+00
4.935947003861232751e+00
4.935936322853075708e+00
4.935925258729334075e+00
4.935884853713849552e+00
4.935834825224140410e+00
4.935747137500369419e+00
4.935717057218686143e+00
4.935646314646538357e+00
4.935602562102557656e+00
4.935589772755732518e+00
4.935553855072566165e+00
4.935431986496878309e+00
4.935381931394147159e+00
4.935259573602532868e+00
4.935117546775723341e+00
4.935064657826052859e+00
4.935022439332210631e+00
4.934981085759634567e+00
4.934966715237828261e+00
4.934954118111190446e+00
4.934915401351640085e+00
4.934886158038950477e+00
4.934825287792815374e+00
4.934645731458569884e+00
4.934403022719805243e+00
4.934318116035785629e+00
4.934198949411968904e+00
4.934177395777564534e+00
4.934152444216062250e+00
4.934115955560910649e+00
4.934065331040850211e+00
4.933958829998498885e+00
4.933887078512098512e+00
4.933803174622788390e+00
4.933575555161610282e+00
4.933343412786127757e+00
4.933150006139959132e+00
4.932914426725250934e+00
4.932781110101883471e+00
4.932750033101828357e+00
4.932727577429874444e+00
4.932708506796577907e+00
4.932685791513033102e+00
4.932650118593430832e+00
4.932609371160075362e+00
4.932589737168952659e+00
4.932485154308181130e+00
4.932442753574616923e+00
4.932418444207662844e+00
4.932406362936514910e+00
4.932388044624224754e+00
4.932370361729415897e+00
4.932352091655507031e+00
4.932345423341555346e+00
4.932334031938212071e+00
4.932314964623657261e+00
4.932286295581763902e+00
4.932249776446771428e+00
4.932220321309147337e+00
4.932190745413699950e+00
4.932148340927418495e+00
4.932117175916094887e+00
4.932067430746768899e+00
4.931987494640714509e+00
4.931923677325618094e+00
4.931890779513961931e+00
4.931880906262693820e+00
4.931804124461987904e+00
4.931707682761063083e+00
4.931642847884753600e+00
4.931629546406644415e+00
4.931590327221249126e+00
4.931573767829073418e+00
4.931562506317467509e+00
4.931388728947888822e+00
4.931334496311278848e+00
4.931281260493080687e+00
4.931235810217245330e+00
4.931159115832560502e+00
4.931100881972610317e+00
4.931081564872328293e+00
4.931073681672017983e+00
4.931061506322056864e+00
4.931050591785817616e+00
4.931034164621215687e+00
4.930985307407652840e+00
4.930866807553898390e+00
4.930804852187417708e+00
4.930662102848865302e+00
4.930558629714162144e+00
4.930458813797343076e+00
4.930295824922724002e+00
4.930193770082123450e+00
4.930026300153731889e+00
4.929975970277050479e+00
4.929912776632264126e+00
4.929844613649689400e+00
4.929804238290562246e+00
4.929743084778351658e+00
4.929705846167709460e+00
4.929606384682483800e+00
4.929448658226221802e+00
4.929396504594190986e+00
4.929149181538090119e+00
4.928979068905116279e+00
4.928923217860096351e+00
4.928785338918176606e+00
4.928625193762176337e+00
4.928484592838404232e+00
4.928322049108937897e+00
4.928286486949464695e+00
4.928205854824789789e+00
4.928086235992180875e+00
4.927522502020393880e+00
4.926957971979414985e+00
4.926810424576856029e+00
4.926771345779351385e+00
4.926733977580560975e+00
