8.704118218342276947e+00
4.961621167886675288e+00
4.951372098901678953e+00
4.948057160911085717e+00
4.940871128306759452e+00
4.940793111162086859e+00
4.940682390135686219e+00
4.939318889583618422e+00
4.936993417580101351e+00
4.935741594911487340e+00
4.935599410366118711e+00
4.935531288452357224e+00
4.934898502398382014e+00
4.934644249080638367e+00
4.934368986706803462e+00
4.933844474138901148e+00
4.933728689470369133e+00
4.933273489696047953e+00
4.932806662568173017e+00
4.932464296389518665e+00
4.932025328227323868e+00
4.931084868091556217e+00
4.930795881468390540e+00
4.930546476740983231e+00
4.930246376647123618e+00
4.930129935674096409e+00
4.929710569933769548e+00
4.929490858606204284e+00
4.929361675564026157e+00
4.928194912313650811e+00
4.927315014496494783e+00
4.926649681301502604e+00
4.925934640776699069e+00
4.925442839551842589e+00
4.924001560407469391e+00
4.923152431108555938e+00
4.922545736733486166e+00
4.922145312813808182e+00
4.921684671432593916e+00
4.920513439490821206e+00
4.919591927519014973e+00
4.918664195398796402e+00
4.918269154764997708e+00
4.917202103918892675e+00
4.916398332158179230e+00
4.914871774103159119e+00
4.913865144334810253e+00
4.913041280840388936e+00
4.912596785640477748e+00
4.912073295377910043e+00
4.911704499683796854e+00
4.910941452516571104e+00
4.910527845754488752e+00
4.909001823424715027e+00
4.905993701044869759e+00
4.905158728035560856e+00
4.900358532969233849e+00
4.893217855793558613e+00
4.873780775135003296e+00
4.869626220020083274e+00
4.864398548889275808e+00
4.844705920514008390e+00
4.822857676443796926e+00
4.812706556117666068e+00
4.804760076074054531e+00
4.791237542026187235e+00
4.760954072781086843e+00
4.736152334135170783e+00
4.730094358276547339e+00
4.717101360444575953e+00
4.686552700861537524e+00
4.655836380266792141e+00
4.626879455969363342e+00
4.600894590477563995e+00
4.561695850221814119e+00
4.545864501591895923e+00
4.524037574336547962e+00
4.514741424751664844e+00
4.511204353580172466e+00
4.507974578439805313e+00
4.501327444527407629e+00
4.488568950628958554e+00
4.479932571733579394e+00
4.472714527386448147e+00
4.470182686643981995e+00
4.465454709589692150e+00
4.464234060123453141e+00
4.460369098914154229e+00
4.459715784364588487e+00
4.455873146751208935e+00
4.451444501914077811e+00
4.448853364020320278e+00
4.447630784833961570e+00
4.446738642929837226e+00
4.444920451554819962e+00
4.444310068562072225e+00
4.443591579537305769e+00
4.442393960412341691e+00
4.441165860344819194e+00
4.440445099344636048e+00
4.439402079432344550e+00
4.438507586855786613e+00
4.437657422647740546e+00
4.437229178356061787e+00
4.435866038547255030e+00
4.434619797394239171e+00
4.433183574971551799e+00
4.430948455177362355e+00
4.427422999028602035e+00
4.423601096613536399e+00
4.421065749283454416e+00
4.417460908074716031e+00
4.414336390091242457e+00
4.406731589450648912e+00
4.402221850034733208e+00
4.398149972760694304e+00
4.391514015533465098e+00
4.382873965302597874e+00
4.380036393628366831e+00
4.377617233959173682e+00
4.374468991023531039e+00
4.371350142639091274e+00
4.367838417977580434e+00
4.365564319925390180e+00
4.362579554042207874e+00
4.358439876448868766e+00
4.355701307976043601e+00
4.354474466214761641e+00
4.351376774517589752e+00
4.347532342985534370e+00
4.345938197379675572e+00
4.341815070401676913e+00
4.341094133724785031e+00
4.339748669950652449e+00
4.338763851807997618e+00
4.335156679156616732e+00
4.329666427074224444e+00
4.324021655897450245e+00
4.298427536158549778e+00
4.290567977601535077e+00
4.275836958295927026e+00
4.264327975223447531e+00
4.247165655966186115e+00
4.242835677553321361e+00
4.237663970175679751e+00
4.228379438578851790e+00
4.208812993357831544e+00
4.195426304141627760e+00
4.190664219642179056e+00
4.181900502675263809e+00
4.167474781532839678e+00
4.157381707606920607e+00
4.143771557899809999e+00
4.128519504704082799e+00
4.113682909501861218e+00
4.087972802624674884e+00
4.072801910287952687e+00
4.063158850664811084e+00
4.037641522886612933e+00
4.030852395712070546e+00
4.016651249611136620e+00
4.005517302955388104e+00
3.993013705555801707e+00
3.985933987318150962e+00
3.965834611216326078e+00
3.958659492393890034e+00
3.950841435469872209e+00
3.945844829600412940e+00
3.943054077988138229e+00
3.934398059529300884e+00
3.927918479696931975e+00
3.911874018103833173e+00
3.884323631560503642e+00
3.834551421064972043e+00
3.803466278952879698e+00
3.788366399029435172e+00
3.782606398671169767e+00
3.775335497759296111e+00
3.769370124360252206e+00
3.765916858279529933e+00
3.758261181688923980e+00
3.752367256535610540e+00
3.748407812926126237e+00
3.745150658852390180e+00
3.741598629108208396e+00
3.735701036926649898e+00
3.729384639867348916e+00
3.725840072446617857e+00
3.713364763537037483e+00
3.702796752615881370e+00
3.673232652414306187e+00
3.652891676398986043e+00
3.648720836853336369e+00
3.640773916818998313e+00
3.629194542192713424e+00
3.615208244877989863e+00
3.607573304494040123e+00
3.603728419584949272e+00
3.599558138637058313e+00
3.594782813184578263e+00
