8.735272882911086612e+00
5.024927677299504403e+00
4.938973974771941222e+00
4.773842946367739870e+00
4.539690057450176397e+00
3.577625689690934863e+00
2.248309434954920416e+00
1.440522769242473577e+00
6.251879817507628445e-01
5.057430795276762758e-01
4.252996516677921557e-01
3.271505882372790497e-01
2.396946910060894220e-01
2.039089271025349703e-01
1.678385247477836850e-01
1.520870818646937184e-01
1.332697522509166954e-01
1.043077300667385049e-01
7.153400534299257651e-02
5.285146643874813477e-02
3.819510836849981245e-02
3.016528800423006959e-02
2.233042563838792682e-02
2.169908765705575240e-02
2.143088583033126229e-02
2.124593397751795357e-02
2.075219546920032201e-02
1.935934613250850367e-02
1.731797445926878259e-02
1.673001529303202312e-02
1.578948500934266794e-02
1.564350353678957070e-02
1.534325129214924623e-02
1.495495716878441315e-02
1.479791377389154047e-02
1.467430458474766955e-02
1.454297081679860673e-02
1.397221009402852508e-02
1.337964389360145334e-02
1.298684883803953929e-02
1.260230124706248137e-02
1.195939703277400928e-02
1.142270182387221736e-02
1.004386695108832814e-02
9.663962389439329642e-03
8.854921063458032204e-03
8.588443212893176471e-03
8.351059489226594218e-03
7.933259577785411326e-03
7.765855348413857120e-03
7.218882654259711762e-03
7.047936596547553847e-03
6.719233026336745088e-03
6.223268137441289802e-03
5.903494579691179189e-03
5.782353021439083640e-03
5.742442719628012941e-03
5.525262485717908137e-03
5.335268525120788648e-03
5.261952622012729813e-03
5.146465623725637352e-03
5.054892422614563202e-03
4.987521985521739705e-03
4.957103131326413316e-03
4.932164929954544093e-03
4.836909002890160680e-03
4.767400878731380826e-03
4.717450530914712135e-03
4.666240826190110567e-03
4.638833779681483631e-03
4.596914441515507002e-03
4.529327156614266353e-03
4.339027726317405166e-03
4.131815569268945838e-03
3.911123629518408612e-03
3.818143939349588102e-03
3.634079905787170224e-03
3.417709065895997537e-03
3.156742683346332786e-03
2.882894987659984174e-03
2.819889458788112438e-03
2.760904614115679539e-03
2.706950829102881036e-03
2.607427091866234940e-03
2.552794206477434266e-03
2.526004100674894299e-03
2.462750716374494109e-03
2.419240021258707921e-03
2.351658445402897250e-03
2.322198927611908870e-03
2.313021970940948042e-03
2.294842526112728966e-03
2.279838026083578183e-03
2.270818404498856254e-03
2.216673481033621523e-03
2.181169264322129018e-03
2.124423629960681993e-03
2.035098833386853392e-03
1.970289924427164226e-03
1.945456000024701516e-03
1.913622127033123409e-03
1.839735467063127652e-03
1.749386138395110819e-03
1.721314696543688010e-03
1.703018160791873025e-03
1.689986977249923654e-03
1.681930744972961675e-03
1.677121839468772658e-03
1.633594671336877947e-03
1.602941739079122426e-03
1.583688539513685442e-03
1.575449677520464244e-03
1.559803709739661587e-03
1.557285046205017726e-03
1.550929101494439742e-03
1.545596852012182370e-03
1.537394585817113005e-03
1.532016199541115162e-03
1.527659232185082363e-03
1.519396393613390260e-03
1.511340999311440794e-03
1.507968134240736955e-03
1.500661438294009081e-03
1.496658476802226927e-03
1.488016084324464069e-03
1.478201939615127625e-03
1.467637399449556483e-03
1.463589512266453597e-03
1.449887909122567773e-03
1.429035478523979497e-03
1.422798446844918780e-03
1.406243392705002360e-03
1.397601037134808951e-03
1.389831030069515029e-03
1.386470910435770934e-03
1.373139107554783222e-03
1.361260100275564098e-03
1.344832371471126227e-03
1.341593055799387979e-03
1.335721375863390976e-03
1.328387763750388121e-03
1.323354358181221555e-03
1.312605264891082485e-03
1.285624970612545166e-03
1.275908822306324889e-03
1.263827438822757998e-03
1.226917350330450525e-03
1.175605479157330489e-03
1.146240091906812432e-03
1.128540407453892383e-03
1.120959781731620990e-03
1.114738363474598827e-03
1.108834164986229054e-03
1.102709435266925478e-03
1.099948433512982571e-03
1.098113445497680149e-03
1.092141836981923688e-03
1.084609451370232690e-03
1.060647973374712278e-03
1.053349563510728179e-03
1.047259458453223989e-03
1.043750861567037088e-03
1.033180206483089820e-03
1.027435807064253689e-03
1.012968384893376227e-03
9.944562894239857617e-04
9.848545397184338586e-04
9.767826936610130018e-04
9.740102053157909329e-04
9.712462831278373008e-04
9.702611708338622874e-04
9.679099311129245884e-04
9.647204300240631988e-04
9.613417680213742506e-04
9.560640096714649767e-04
9.509490252357362221e-04
9.484623284437143512e-04
9.465010357744910998e-04
9.418883241502735634e-04
9.370777204786647115e-04
9.326479828489477259e-04
9.248932360326938065e-04
9.177339384432397877e-04
9.109660229385306649e-04
9.079245954668064547e-04
8.988559817628578039e-04
8.842825956599401158e-04
8.727026990643958282e-04
8.600294531551467636e-04
8.445043505744890796e-04
8.416208913205596321e-04
8.381447474076193869e-04
8.344265500790315699e-04
8.309254520701398307e-04
8.223379758035185248e-04
8.207099297796970061e-04
8.201268335120426040e-04
8.185929821443283612e-04
8.178169930032260513e-04
8.165983167865379505e-04
