1.683445757245947971e-01
6.892052691899685189e-03
2.312124000848151664e-04
1.469390074949806124e-04
1.213026636514327977e-04
2.910575849142219311e-04
2.113328941115632186e-04
1.864516562070683869e-04
1.670120908064540372e-04
1.038225849344560654e-04
1.462856466826780420e-04
1.200096742576568917e-04
9.080192378134643502e-05
5.517429159899614021e-05
1.904154236189461880e-05
5.082901099436902743e-05
4.921387232044118669e-05
2.704490308781133041e-05
1.356375539985588121e-05
8.677938722057585561e-06
2.722251439241361417e-05
2.496141591156196592e-05
1.345842175817997938e-05
1.016423465888026138e-05
8.199587958779628569e-06
2.519759236535120114e-05
1.914826938835306242e-05
1.349574489514985213e-05
9.303742349619556061e-06
4.319938422348585149e-06
2.203903305577114682e-05
1.273629377208153221e-05
9.473437380145165643e-06
5.635752064901930072e-06
2.679254780472850837e-06
1.056689556228127020e-05
6.727768927728052588e-06
5.081835180131655517e-06
2.188373479170075449e-06
6.036675864008410673e-07
5.737870245410647611e-06
4.710508657491626820e-06
3.570324169881217761e-06
2.322901989991680066e-06
1.310630547634564423e-06
7.864690735323994565e-06
6.840065996502595316e-06
3.568497755110733697e-06
1.658674578673989409e-06
1.003563732971837488e-06
7.244525194329817230e-06
6.557179085972082883e-06
4.059276900377004089e-06
1.582916125248885241e-06
8.446960426627773167e-07
3.374022519467647802e-07
2.882434470444734277e-08
2.469517674251474639e-07
5.001444397378595450e-07
7.518307496046222757e-07
8.710571160642770817e-07
4.542275273537823562e-07
2.888930372688821322e-07
1.486611954054382787e-07
4.029789803949880252e-08
9.220246155309980781e-09
1.255364893469947234e-08
3.686089896251798399e-08
1.031317408259011261e-07
7.687589752928080904e-08
2.198834623131472792e-08
7.709314572028598842e-09
1.743860305664556726e-08
1.091845554952434569e-08
1.208677650059565527e-08
2.995181103227122582e-08
4.943007306654761998e-08
5.511513275238521764e-08
3.292368876544356800e-08
3.350819041252534005e-08
1.674995447095780598e-08
1.334563342122439553e-08
1.948235428557205847e-08
1.821909141850853537e-08
1.106889785124909509e-08
6.133208395130185557e-09
9.542925372318886387e-09
3.895429472848617685e-09
9.684088982022130492e-09
1.063150227039774600e-08
1.135927663755481359e-08
9.819820348088049167e-09
6.976455312690388515e-09
4.900415600902217643e-09
2.550422898210039121e-09
2.901017888268600432e-09
3.339065968810264230e-09
2.695125555830622643e-09
1.549006750570427687e-09
1.516775092263262786e-09
9.186820802616799693e-08
4.273780653723228757e-08
3.091937318992623084e-08
5.275710182640442229e-08
9.434450664750619388e-08
9.542478660630909576e-08
8.508831138247882966e-08
1.237205835991400956e-07
1.337354988603794396e-07
1.257294434800299752e-07
1.323539581908930377e-07
1.446410789964198299e-07
1.483627164584858767e-07
1.599319028422285442e-07
1.637049461335515641e-07
1.732527116037842822e-07
1.477938929209047404e-07
7.998534470205930278e-08
4.785278175886582189e-08
2.243016530642239680e-08
1.803988169350021501e-08
1.823046222844121592e-08
2.406833781108221115e-08
1.646534017889514655e-08
1.414376030655347454e-08
1.062283426524177836e-08
1.046178691379150414e-08
8.566645839362113531e-09
8.083428871297188156e-09
1.189914180366042153e-08
2.781656940061822760e-09
7.808112893953694082e-10
2.671920207640054868e-09
4.061723563490020225e-09
3.814347838178723302e-09
1.476341588766967295e-09
1.451243214552645832e-09
5.394175492395417497e-09
8.121753641177051627e-09
5.498486061652195592e-09
1.059444186573880671e-08
4.706856595813818594e-09
1.625321670487792256e-09
1.350953315325543088e-09
2.456557207097334953e-09
2.722329432334347313e-09
1.138726077086804473e-09
7.747814720363565610e-10
1.727011834372401340e-09
4.148070288791239706e-09
9.313899086694751029e-09
3.797728832246521043e-09
4.325628262150253299e-09
5.032160705868429482e-09
3.038472840637094496e-09
3.846518930843555128e-09
7.652749114454162491e-09
5.037345336446004544e-09
5.174344891909743942e-09
5.448595456543995171e-09
2.222339976284239666e-09
7.251212896235613032e-10
1.064740072912047871e-09
1.063861820024955549e-09
8.261271075478706049e-10
5.471086907188958895e-10
1.105535225222306669e-09
1.719452900330924550e-09
1.889997713686667292e-09
1.441563021356201641e-09
8.354782365655755765e-10
7.963596784575717694e-10
5.442466533595511733e-10
2.069652870876091386e-10
2.109309951945790927e-10
2.739076657564643509e-10
1.924545126082531097e-10
3.631058925092571374e-10
5.551835504628805869e-10
5.887991133090928608e-10
8.684328698521541146e-10
8.463797480549530839e-10
4.003939046146291399e-10
2.947687614346859540e-10
2.282061852145459334e-10
2.598218888149634572e-10
4.611907244856925548e-10
6.277855082454712518e-10
4.935093434087367974e-10
9.132258448945946059e-10
4.779496602541111497e-10
7.423639102141256837e-10
6.528165526873398888e-10
8.013404167857703773e-10
8.594690802171505930e-10
8.024367277382783950e-10
3.144389189356244668e-10
2.628604030287963971e-10
7.494941121791928181e-10
1.785048076072206358e-09
