5.504733083080588507e-01
1.398018211878742645e-01
1.534086330061701017e-02
1.397236060538429615e-02
2.858426504933462946e-03
1.553431952682415244e-04
1.929160660126734981e-04
1.734074638488713289e-04
4.193669855564309226e-05
4.572896979260362375e-05
7.903285715962569253e-05
6.066614800403881885e-05
3.986458466277579741e-05
5.046151976440723112e-05
3.169669020462404787e-05
2.890342383172289588e-05
3.335964813812405288e-05
2.626944461569559464e-05
3.952182673903751643e-05
6.898582167159922731e-05
1.257618719843397597e-05
1.423300709395701778e-05
2.710561469113425152e-05
1.223456033933441110e-05
3.724869961760412450e-05
1.529134963474326281e-05
7.757718263952862234e-06
8.014133516324135884e-06
2.258776955903179696e-05
6.505994226718839663e-06
2.354685655071854478e-06
4.066661469093956549e-06
6.509227848430929372e-06
1.254426852402016878e-06
1.093568140412778260e-06
9.513449301346581586e-07
8.625381189566487469e-07
7.445809118778753592e-07
7.241708518075269290e-07
8.335553433903775292e-07
1.064420661948973164e-06
7.480018606352087991e-07
1.040627410081089160e-06
5.958298075322991122e-07
7.101041992756987135e-07
6.761660117545016203e-07
5.691495473857823558e-07
5.560104413618586413e-07
4.509728778549045053e-07
4.172420792758503813e-07
4.557955549712675449e-07
3.839926385377220052e-07
4.081755577823301347e-07
3.966193490181062109e-07
3.966311342545692502e-07
3.790418869879897617e-07
3.817649468480162403e-07
3.920805925580132663e-07
4.003634143543403676e-07
3.999431638659460869e-07
4.400468977323124922e-07
4.797965440990222859e-07
4.522580407599736156e-07
5.362113673465863912e-07
4.209524155016095163e-07
8.153394815782480226e-07
4.866738530634785056e-07
3.605891520200076818e-07
3.604896078383864592e-07
2.967962645455845202e-07
2.601458880149670420e-07
4.927873440107153981e-07
3.073225580001410738e-07
2.556931423719788045e-07
1.514352114329176693e-06
1.344070854545430685e-06
2.240734316922597511e-07
2.016981806450776362e-07
2.527549459463681288e-07
1.953350389591550168e-07
1.737570801557399356e-07
2.097144915110850976e-07
2.606378532372502000e-07
4.904714292387105269e-07
1.803106916698643032e-07
2.038876203031593158e-07
2.427026237050246527e-07
1.602574842108188102e-07
1.583238101898654869e-07
1.943193678969554701e-07
1.411127260040076435e-07
2.300972977650868682e-07
1.206699846368180337e-07
1.189780834885454479e-07
1.243338646133944629e-07
1.269217446361026597e-07
1.749207519733971126e-07
1.247665426407823844e-07
1.265649073473922484e-07
1.013466847589333740e-07
1.218759562043313971e-07
1.054729587163099297e-07
1.628080996437010202e-07
1.021557168325074113e-07
9.911472768078231004e-08
9.166722237969854026e-08
1.063688513635948019e-07
1.009735101621403412e-07
1.091843473534026149e-07
1.014579584572863546e-07
9.667869965028206468e-08
9.486319390675698144e-08
9.075435999560187623e-08
9.996305246398059728e-08
9.562451514970395315e-08
9.073792448003398326e-08
8.871172235434426047e-08
8.743192417914801156e-08
8.997358637771692827e-08
8.925752156363826256e-08
9.423977241676159326e-08
8.646286435990204378e-08
8.831858908198874234e-08
8.743130871079175031e-08
8.772786088219778295e-08
9.976810760262325935e-08
9.640726394107300551e-08
9.457408547952038726e-08
1.026053170766092031e-07
9.609714275427422603e-08
9.383323773330016912e-08
9.420594732633641961e-08
8.873404417756302023e-08
9.447475504450092920e-08
9.906819635085659151e-08
1.004704272120672577e-07
8.425869867785545704e-08
9.615813396625466023e-08
1.184108227229150954e-07
9.519703934032892905e-08
8.767827308267783747e-08
9.592666946050853292e-08
9.934020823764614609e-08
8.601058315476038175e-08
8.671132235529934323e-08
8.456833055896928344e-08
8.343306760375515358e-08
8.210311169386003180e-08
8.074011070674550660e-08
7.895751228466249623e-08
7.932728308297320389e-08
8.090724633557918408e-08
7.960523193073726718e-08
7.644438824925591960e-08
7.714079223998263414e-08
7.672021053580658146e-08
7.683725674469522460e-08
7.583803578236968620e-08
7.533531383602475135e-08
8.641213982125316311e-08
7.351034988088943307e-08
7.035883757503410367e-08
7.962837565890653311e-08
6.997622664187204159e-08
7.684032824134107807e-08
6.395121281861494170e-08
8.850963653495912237e-08
6.119026276687762866e-08
6.232179609832350011e-08
5.843323316127799412e-08
5.691760585656444722e-08
5.643801509659430093e-08
5.804587985723847690e-08
5.714136782421968626e-08
5.549832937289219366e-08
5.460329278486696562e-08
5.790620988424201900e-08
5.566960891842760967e-08
5.511852187365729873e-08
5.413792103573785140e-08
6.333118583146971859e-08
6.437274894323205653e-08
6.616404344134447226e-08
5.166510687403860799e-08
5.232432939878067788e-08
5.202554867306223357e-08
5.347128516863882458e-08
5.746230695900625620e-08
6.139574125121164463e-08
4.829274084029720648e-08
5.292253927948192110e-08
4.979471459176956139e-08
8.721715136383924168e-08
4.525936649245124355e-08
4.592120372792033524e-08
4.519155718427172619e-08
4.970009959915907529e-08
4.285444898250108214e-08
4.340862052775961383e-08
4.409947406187641415e-08
