4.615506979405263333e-01
3.213387821559460233e-02
3.567221295807780634e-02
3.252215338286946339e-02
4.774983540374076046e-02
3.202931924666405084e-02
6.640574154748586644e-02
1.747690490812268266e-02
5.445059406197885581e-03
1.036484555883219680e-02
3.635401728590698534e-03
2.827342754183993952e-03
1.312094848288066070e-03
1.314551378010020812e-03
6.258597791441158562e-04
9.407215289935338129e-04
6.005069873810153823e-04
1.751749759383604103e-03
3.727519416971972134e-04
8.392180269243136636e-04
1.608221504820579663e-04
1.460156546055311750e-04
5.072953959285646198e-05
5.481447642611766042e-05
5.012134904410227954e-05
3.555530590499127348e-05
4.909439298814705760e-05
5.367620363917113081e-05
6.602482797295335885e-05
7.034539465542233370e-05
2.844215669268984248e-05
3.664268441179631956e-05
2.699697379912685628e-05
2.587313853897765762e-05
2.312138494964959440e-05
2.562852375611487007e-05
2.367514615306924044e-05
3.045464297756686337e-05
3.525116304486306380e-05
2.950918236147793004e-05
2.608389653609614965e-05
2.444213342389674526e-05
3.462833437530127946e-05
5.021608394823747585e-05
1.993419024573553266e-05
2.227689150845196938e-05
1.609422340253752285e-05
1.286452942383955358e-05
1.427780072633101391e-05
1.465563734890986276e-05
1.635419134864216830e-05
1.365880191767876780e-05
1.811748117162101000e-05
9.769491094947018733e-06
1.001642875323335667e-05
7.683000370991600541e-06
7.391851279781423773e-06
8.132484419124828070e-06
8.578295418332596586e-06
1.203896890269298001e-05
8.592373832921866656e-06
1.060214475738665629e-05
6.198556448253983489e-06
6.295073315830043116e-06
7.054914566542487863e-06
6.457921662674981551e-06
6.272536633183715397e-06
5.994167738986177379e-06
8.836827755523717746e-06
5.601201570507799878e-06
7.139592686431473658e-06
7.661139608386813594e-06
1.588762940415287640e-05
2.364550970412600766e-05
1.308344240830737942e-05
6.835756254372603624e-06
2.577521756649673286e-05
7.780847002367940245e-06
1.097864385829050930e-05
4.737385690875999066e-06
4.689635687823622997e-06
3.784470893973661530e-06
4.114732051201086550e-06
3.251343094067867611e-06
4.916651771313499112e-06
3.519519814478345359e-06
3.844712369258211309e-06
5.366173418317588544e-06
3.662425932342178355e-06
2.570862891927403654e-06
4.921006197648261750e-06
2.766116046709502801e-06
2.643096071411191706e-06
2.595822619974055051e-06
5.289961846474535010e-06
4.276920908235064041e-06
2.773838151166760913e-06
2.271571357685775401e-06
2.372543475003399984e-06
4.302743111502325805e-06
3.172347460691590860e-06
2.652900783523368979e-06
2.551295924152825569e-06
1.925929388345409387e-06
2.135567785083718053e-06
1.875226025737699123e-06
1.844603505412488736e-06
1.673462251545420731e-06
1.748420080359526583e-06
2.028174720061531125e-06
1.445896548531664338e-06
1.514936874038024395e-06
1.258956600016898989e-06
1.212878067622823559e-06
1.199258969103326822e-06
1.435868904133525586e-06
1.225491693446712045e-06
1.181980311831465875e-06
1.271230588326720722e-06
1.268032833920336832e-06
1.375660291089594137e-06
1.451086552334755777e-06
1.173063187040568872e-06
1.424626184598448888e-06
1.285958293360862145e-06
1.293410164492071084e-06
1.265551255216435658e-06
1.325137005834352342e-06
1.962470097500594464e-06
1.289984833903223071e-06
1.790331832437135592e-06
1.323872038514967593e-06
1.401007913682498091e-06
1.138394034675154015e-06
1.491333383603912988e-06
1.193964519985258838e-06
2.542871450678977188e-06
1.531819783665426299e-06
1.240781305059733921e-06
1.223052383108358965e-06
1.197484812725945496e-06
1.288482668514343232e-06
2.245459223720457775e-06
1.341173721630680228e-06
1.494317588876291254e-06
1.403998148778405574e-06
1.388754603292985427e-06
1.711816484461731784e-06
1.558161602062717508e-06
1.308564665092646023e-06
1.048997480392697816e-06
1.087944117597181143e-06
1.081512928796280885e-06
9.661189876754332864e-07
9.140541603031276924e-07
9.122559746438356704e-07
1.062978723846564571e-06
1.277643660090821453e-06
9.547301489538679763e-07
8.761631366456658714e-07
9.637001232798669945e-07
8.644516525316088879e-07
1.000584904646474688e-06
8.620809074553814913e-07
1.404623552284938874e-06
1.171735779753561403e-06
8.683881903794441396e-07
7.899144134486872531e-07
7.923551619965020804e-07
7.497151001362882686e-07
7.725184141354498879e-07
8.026949883916962896e-07
8.200454908530203446e-07
7.833471854015361169e-07
8.003854467845316896e-07
8.240111585359870932e-07
7.722192024036917528e-07
8.818974605006754312e-07
8.803546386782608462e-07
7.938220853222099468e-07
7.657563047324276250e-07
7.618729855924743548e-07
8.675281791772327490e-07
7.786580024049490522e-07
8.189941182368006196e-07
8.636661994573322324e-07
1.220899140388346697e-06
8.247210072996831048e-07
9.797409227399511675e-07
7.092177771539354566e-07
6.601485213376997279e-07
6.531073879506771169e-07
8.442872887423677933e-07
6.501481287226678846e-07
6.770012309544075575e-07
6.265985957782302060e-07
6.374250421780898671e-07
6.841628070037929321e-07
6.295822751582461337e-07
6.859410657160715540e-07
