4.434403054314705606e-01
8.917371911129736220e-03
7.971281368700082817e-03
7.868361731970013179e-03
7.996413475489509703e-03
7.961379446233214641e-03
8.002651633026906450e-03
7.943885891430225998e-03
9.196834643731832681e-03
8.065809514722275392e-03
8.241785960131382122e-03
8.614268037379819304e-03
8.953353810253375511e-03
7.955425757406885817e-03
8.803038989533756159e-03
8.329543083848360563e-03
1.012884458300461477e-02
1.144415378197414894e-02
1.255256708791134199e-02
1.014159460756725722e-02
1.693867093469061599e-02
9.150189006925725163e-03
9.147763695123283315e-03
9.352657399189947054e-03
7.437303108300547493e-03
1.308694628409661463e-02
8.222003721099657714e-03
2.080862364847824164e-02
2.184761841153872591e-02
8.156139615475913041e-03
5.093375009484720113e-03
4.402493276726818922e-03
4.037370752087461080e-03
3.890564699571198715e-03
3.534965925358107570e-03
3.404528023165420518e-03
6.096619959592378818e-03
4.223058902167366006e-03
5.746645499059241727e-03
3.344537355221975823e-03
3.598648539105118484e-03
2.901660034182918565e-03
2.914718497189671548e-03
2.896004278906097202e-03
4.040624374673091636e-03
6.223719981982858696e-03
2.849403583214339588e-03
3.841713249427695584e-03
4.891632372860377914e-03
3.757882679388313118e-03
2.259553226158580227e-03
2.940573037270376167e-03
3.139050561904552835e-03
6.289778435370593085e-03
2.541158883192435117e-02
5.995934155857714394e-03
6.894021697701747248e-03
1.161411036021804243e-03
5.984763077395859401e-03
1.114904737484910925e-03
8.508475453568740878e-04
4.665468895774764349e-04
2.807107456757318149e-04
3.744830238962314553e-04
9.266192531334638423e-05
8.363187439786177373e-05
1.008671202605029805e-04
9.352386688003808189e-05
8.025980221282296302e-05
1.271187936130538929e-04
1.188912632403668797e-04
1.423476769945741403e-04
6.236424239795107776e-05
1.646478672348272970e-04
6.877204738871476306e-05
6.653635914965702353e-05
1.663216973677674100e-04
8.352173316941961399e-05
4.331255084431617297e-05
1.256487760982765605e-04
8.100726752210571054e-05
3.607835405904742996e-05
6.929444719796255738e-05
2.669322971223804153e-05
1.446054688373452982e-05
1.867760829448471664e-05
1.493867603315360222e-05
1.372182293128087859e-05
1.252725363856491599e-05
1.810597504876999960e-05
1.587039859918271879e-05
1.247901229654282615e-05
1.122044897687939973e-05
1.398506678310636070e-05
1.046405255108105411e-05
1.178707469950592685e-05
1.455544601403633079e-05
1.086160009964509939e-05
1.319203274294076947e-05
1.532390333592368760e-05
1.556852303957916082e-05
3.578040365523820165e-05
1.253787765400092104e-05
2.465399559684097443e-05
1.194482740771518588e-05
1.360351874892541748e-05
1.286756470951082444e-05
9.034310723947062548e-06
1.199846657608247842e-05
1.114304267796614313e-05
1.088295060848072445e-05
1.255326744254641926e-05
1.215762373543550928e-05
8.759782806880301928e-06
1.076515846956004789e-05
8.477549096111390705e-06
1.278391801164919561e-05
1.099700856797849010e-05
1.111532160103291657e-05
1.324519357795338782e-05
1.373406909386271909e-05
7.868440647854982859e-06
9.805303630927931152e-06
7.088404759305628734e-06
1.555188579136566575e-05
9.363885596350311744e-06
1.080444421806870151e-05
7.614452477977077055e-06
9.481470793992899661e-06
1.156218821157369174e-05
7.091270113498653891e-06
1.005780820639651729e-05
6.207531295358576984e-06
5.846407678922377957e-06
7.198749405347744046e-06
6.626232314456665412e-06
6.982728197828717319e-06
7.972419704489530417e-06
6.376456139501536772e-06
6.441008744122375290e-06
5.254304441502877686e-06
5.429033172679129499e-06
5.417570317652750929e-06
5.629261312979451187e-06
5.458021860669459455e-06
5.247153492243420103e-06
5.399326933970206249e-06
8.871640557618552962e-06
1.104380371455701539e-05
5.042663967902493557e-06
5.507322394498568999e-06
5.589123239201172554e-06
6.160865829369523405e-06
5.502564881617689914e-06
5.014240158726484466e-06
5.080849038361045176e-06
4.760457349585947500e-06
4.724828914396552578e-06
5.044394421062247946e-06
4.849731085008504550e-06
5.849898016041912138e-06
5.371170045112822245e-06
7.307044845376548949e-06
6.751916480756915585e-06
7.763933552732539564e-06
8.605061713465505930e-06
4.891672096894868816e-06
8.921402479775103790e-06
1.151880639745788479e-05
5.152183376266293004e-06
7.838360280297306985e-06
5.190365745738862643e-06
4.859629729609633941e-06
5.320890500364150485e-06
4.287095690468313753e-06
4.178888864963537428e-06
4.929253068258295050e-06
5.657092383446005639e-06
1.085428744171011607e-05
4.997963271947970167e-06
4.371476605569172404e-06
7.143210361534654247e-06
7.454557222806215062e-06
4.860695853439129826e-06
5.022592778400796347e-06
4.037474765334858946e-06
4.875054590794232244e-06
4.281705101518340747e-06
5.551660947869959202e-06
7.893461686591259527e-06
4.301407471226448024e-06
4.612682722714783691e-06
4.396544253076270740e-06
6.120615859387529787e-06
1.174881198513332958e-05
4.041441702248097476e-06
6.042317165133104508e-06
6.573733808871490262e-06
4.793216143947350362e-06
5.652776323352381046e-06
