1.495056862732153935e-02
1.652749270505992404e-03
6.406394561025734816e-06
5.486551655907377036e-06
8.992953515684320414e-08
3.894439425802443978e-06
6.009723588326029383e-07
2.062203061133202776e-07
2.504370277229698048e-07
9.361632811737520308e-08
1.273581620479102481e-07
7.493925116899620613e-08
1.442415340257054705e-07
5.755656972750061933e-08
2.960171945495859709e-08
1.446285145382520741e-08
1.993423377982320216e-08
3.363382719570854707e-08
4.403452016153725576e-09
7.741268406881107556e-08
2.339030011055208603e-08
7.817893325307038279e-09
2.112374209213752579e-08
2.594106797639369368e-08
9.487755150068835516e-09
1.513933981819122358e-08
7.888954612148342526e-09
1.066392550022733386e-08
6.043040544686599151e-09
7.159940809052837749e-09
8.337065645215740258e-09
1.565294196399410111e-08
1.566311946827672956e-08
6.601711573607728915e-09
4.105041036030457230e-09
7.923390798707981645e-09
1.176210139516567917e-08
9.684601401905584939e-09
4.253115962256803985e-09
1.438630790997954147e-09
1.075592971373828670e-08
9.438253860989129738e-09
3.780871862061158318e-09
2.158950170016663974e-09
2.675987370662273936e-09
4.215241281994642989e-09
7.070924761361033807e-09
1.813685939563369692e-09
1.031683246505708989e-09
1.515008270518800721e-09
3.910577314173815402e-09
3.153253558906941806e-09
1.071920537339323394e-09
1.501929892125543288e-09
1.763542023032528079e-09
1.687707131825834930e-09
5.837216380841276013e-09
2.599329729488693395e-09
5.295184560894941134e-09
1.361271932327528986e-09
3.462252385227450150e-09
4.732461741873585500e-09
1.342896939670027481e-08
4.703659186065497610e-10
4.947895961667833970e-10
4.642416493040597086e-10
3.460272876426762553e-10
1.141009332202337037e-09
3.376777783927839358e-10
7.831031625226449891e-10
1.833173107222211271e-09
1.309476632429088652e-09
3.738879267853566474e-10
3.711814454998095334e-09
5.054984620868510853e-10
7.685551106775662979e-10
9.090843376724717745e-10
1.799607926379020833e-09
1.754425349290763014e-09
5.141962708972570718e-09
2.135770025403449037e-09
5.991713707439165214e-10
4.941414664586108184e-10
1.008951856134919518e-09
3.903460111107767571e-10
5.100491900317211583e-10
3.434246507018946196e-10
1.576916968066236205e-10
8.466043984743137596e-10
2.844191639802871945e-10
1.956107120061485961e-10
4.210045374778938492e-10
5.563152616346205357e-10
2.151320426296799586e-10
2.330548444105122287e-10
1.242831038188878659e-10
1.718902479920686577e-10
1.192426582100566386e-10
1.522045951728264109e-10
1.467752437544975024e-10
5.165103963724614946e-10
4.546285904739450082e-10
2.803725376180955079e-10
5.678978917621011720e-10
6.018867514714173854e-10
4.774472584791476238e-10
2.617648991699655569e-10
9.692585416694205970e-10
1.251125554626191033e-09
4.043133777975730286e-10
4.756833683960652294e-10
2.302975092994424567e-10
3.024715815775323775e-10
4.279167414424763385e-10
3.523733944722561541e-10
4.651333766362289774e-10
4.182601485688791134e-11
4.388997139107401623e-10
4.400174172970370922e-10
4.032284352692296806e-10
1.649645844771414567e-10
2.759039901670872150e-11
4.679200136227199174e-10
9.555256010008858024e-10
4.738237618955922021e-11
3.983699397605841337e-10
3.508506560912059032e-11
6.095683939075951999e-11
5.744414358689234714e-10
1.259528295450666968e-10
1.058512297931517012e-10
4.585754767198177717e-11
3.913253967914378143e-10
5.264059936059360633e-10
3.191366955923634829e-10
5.945321400172319125e-11
5.940599621150993184e-10
2.614036041568061307e-10
2.895991390718138636e-11
7.133372194149004241e-11
1.347504826159695108e-10
1.341249762180275433e-10
3.941557634672867640e-10
8.577688976914221579e-11
1.007285331310898876e-10
3.535832307636188641e-10
1.162866571900322305e-10
4.195834559371382462e-10
1.401805390022224616e-10
6.295115376873305124e-11
1.103544452197440523e-09
1.570480661837521484e-10
2.583896787690858640e-10
2.598828031970777271e-10
4.749204069830925145e-10
2.572223094898342056e-10
6.390471423826829587e-10
6.024194302116242525e-10
1.144475398518120453e-10
9.082666978669880150e-11
1.678929690748195231e-10
2.008460590982321079e-10
2.152371447808671616e-10
1.783187120783279463e-10
9.536530853075233156e-11
2.602849161483891960e-10
6.414530618974725551e-11
6.451178761021485655e-11
3.324675096779080321e-10
1.100568704531536575e-09
7.633029065503620622e-11
5.534675992599128336e-10
1.246225147472074063e-09
1.125978545331153181e-09
2.659208140958675600e-10
8.842380509823263370e-10
4.619579593967084722e-10
5.697288597276975653e-10
7.127014939817048859e-11
6.017586347792260295e-10
1.658883438541265526e-09
1.622021929092917942e-09
4.747413576314576678e-10
3.697100005577477331e-10
2.015285454032160731e-09
4.897264208588369177e-10
4.952704093832629921e-11
1.163967672040299737e-09
3.061267223655774079e-09
2.473914385787101006e-09
5.364435559311218292e-10
5.689684996432011625e-11
3.301799699460684569e-10
1.452162793452335582e-09
5.340948419057030687e-10
2.042692179708229458e-10
7.298967184850124020e-11
5.696178291672407466e-11
4.231285733614701604e-11
1.797353300728882573e-10
