4.289541368182821501e-01
3.281307023108194412e-03
2.049996844660685689e-03
1.999431828303210174e-03
1.968076199120717771e-03
1.965680445200065646e-03
1.964506729604367351e-03
2.033916560249825461e-03
1.992357857453365411e-03
1.968529867345885330e-03
1.969438120405832878e-03
1.970549224145639808e-03
1.993961815063193845e-03
1.979279172106602862e-03
1.975372800648717009e-03
1.998393284812158017e-03
1.976736311133270828e-03
1.979144020367759951e-03
2.014163573948671380e-03
2.025352206665506985e-03
2.019401070038744431e-03
1.997724047304535056e-03
2.002384029965356433e-03
2.024492903013171315e-03
1.983116591412205278e-03
1.984476604681333859e-03
2.010377210272921728e-03
1.982895465032566418e-03
1.983816327506121840e-03
1.992954245438144541e-03
1.992480629309259250e-03
2.086393028301568309e-03
2.011238470681178322e-03
2.016566675810513038e-03
2.001055017913149110e-03
1.995354326299994801e-03
1.993921960004843043e-03
2.001493260223117816e-03
1.993015614695647572e-03
2.011310514148347255e-03
2.014878713300585159e-03
2.007160651764895980e-03
1.991485256317306225e-03
1.978587063034920133e-03
2.005245155896636863e-03
1.979680895280533023e-03
1.997062615877502612e-03
1.982964824459628427e-03
1.977736572339170319e-03
1.987866880394406708e-03
1.996809761696521825e-03
2.001126771760478647e-03
2.006906473690331025e-03
2.049944982925878435e-03
2.045477112737449556e-03
2.054946130619805540e-03
2.228588655172033476e-03
2.318632148283593895e-03
2.197598398479617184e-03
2.075998318224097153e-03
2.139330705650440475e-03
2.088906313164601205e-03
2.237641508220166321e-03
2.107406000001863997e-03
2.974366140291347538e-03
2.239721325272097090e-03
2.344271858212192052e-03
2.150229676614913432e-03
2.082778120407593157e-03
2.208643548400168743e-03
3.313902151372542619e-03
2.439768382958116318e-03
3.095556920834019888e-03
2.724144440595757753e-03
2.386903777985691609e-03
2.225723358514262746e-03
2.069064161961262343e-03
2.107090138614305195e-03
1.943157686656536796e-03
1.962365860182944174e-03
2.112605481212817462e-03
1.964026721685451643e-03
2.311702358916583634e-03
1.935865872239556995e-03
1.959578077396047051e-03
1.869455190032675261e-03
1.888343556121737212e-03
1.849392088835880976e-03
1.850302113470213760e-03
1.866513885725534349e-03
1.883949381507983405e-03
1.821687315229219032e-03
1.817866967833454235e-03
1.798907408496873027e-03
1.801049989661907208e-03
1.799952357735210874e-03
1.805518590407180057e-03
1.799717426461013361e-03
1.787880345327995954e-03
1.799493851230107118e-03
1.779408754203156426e-03
1.789553099082823043e-03
1.787985022915039406e-03
1.809022848924181359e-03
1.787049708299172108e-03
1.786007697119999143e-03
1.789261037202060549e-03
2.237671899487586082e-03
1.788014293343413892e-03
1.790656567452160192e-03
1.873530717963201031e-03
1.939902912628017938e-03
1.809608696276754228e-03
2.217089139115609436e-03
1.794253852149907706e-03
1.979063660349913295e-03
1.880727642165092158e-03
1.861623523358334068e-03
1.804245856342275196e-03
1.840122040823019686e-03
1.802983849995225870e-03
1.824827255732660311e-03
1.766001704850280688e-03
1.786962547827401727e-03
1.838848426637165615e-03
1.856891354605419301e-03
1.755636204025507732e-03
1.768077147801100845e-03
1.851919724996826727e-03
1.763741023020241839e-03
1.760243862150928217e-03
1.759736035973119908e-03
1.772312295870476402e-03
1.770823135474090858e-03
1.790884442265812046e-03
1.848718092069964129e-03
1.820385786451131534e-03
1.856139845791017224e-03
1.964933583196574671e-03
1.850059649659943281e-03
1.904655667522563373e-03
2.071842391987124138e-03
1.856758770890529816e-03
1.797730378710227011e-03
1.772548893150221409e-03
1.913533851545200703e-03
1.849011472197234236e-03
1.743613214651378246e-03
1.810497526783612062e-03
1.827525668302281770e-03
1.798498003328837360e-03
1.905072888372066073e-03
1.877868916836482154e-03
2.163739445182017579e-03
2.013794106048284478e-03
1.999216780811417099e-03
1.935396533024705788e-03
2.051675198621946781e-03
1.883775626372354668e-03
1.856163914063646038e-03
1.955352897012033273e-03
2.186665101272898884e-03
1.962397122186643021e-03
2.050000906748622974e-03
1.840476168510444491e-03
1.831518250813807085e-03
1.804469820757326204e-03
1.743092233557303394e-03
1.906391618742863704e-03
1.788428787258318324e-03
1.829467479422319971e-03
1.991681616307393494e-03
2.077350057874812958e-03
1.746432446465049412e-03
2.241520285560232896e-03
2.065774853984938143e-03
1.694813245973548696e-03
1.733417696417795511e-03
1.634922658268471657e-03
1.824518811763458769e-03
1.972780874724822456e-03
1.710984184231264605e-03
1.721335567684315190e-03
1.687758969377999452e-03
1.823342032639914574e-03
1.796938600521946717e-03
1.848495306998098079e-03
1.649609984094031105e-03
1.889181688172528054e-03
1.699196128209587734e-03
2.638566754017407714e-03
2.652880044558341647e-03
1.611746451249480546e-03
1.937601468154175749e-03
1.732202590979020455e-03
1.606652279045431373e-03
1.648028181478819118e-03
1.510436127866350954e-03
1.524885150424549465e-03
1.867922291452098075e-03
