4.275662234572296105e-01
1.742565626491711719e-02
5.881635531498291634e-04
6.833608518032312923e-04
4.995397882509109572e-04
4.947263679245561844e-04
4.965389959770294013e-04
4.974498104285669884e-04
4.957803447589214166e-04
5.037798019578750962e-04
5.033052615002084297e-04
4.934359805278058352e-04
4.912712112290529591e-04
4.913431303900158299e-04
4.911561787525975473e-04
4.917459088098723305e-04
4.929237897434090524e-04
4.981454117046476638e-04
4.924644170138180828e-04
4.925351167036903311e-04
4.923641031758386587e-04
4.920459346070196879e-04
4.910085740147885269e-04
4.907048978403466761e-04
4.904321184353834179e-04
4.902935143180829581e-04
4.904158560746580070e-04
4.934043471207284499e-04
4.924308046976010609e-04
4.930500526395013502e-04
4.921567351642186679e-04
4.923074782884059386e-04
4.922370525626471299e-04
4.925717158979810032e-04
4.941038600642126341e-04
4.924037004320620499e-04
4.924399703690007617e-04
4.920909135526374415e-04
4.920080406288092865e-04
4.917691812600984841e-04
4.915101562329130154e-04
4.919338847510382282e-04
4.945996275681033586e-04
4.925935158989140205e-04
4.913042074506426262e-04
4.921153648041038092e-04
4.938667932058958543e-04
4.907998236657993988e-04
4.919186103856713031e-04
4.946966462411355641e-04
4.907117444045601407e-04
4.924102863785238511e-04
4.912152808402355398e-04
4.908568002861024874e-04
4.910593829466225078e-04
4.903168693938443233e-04
4.904185337533377041e-04
4.906609996369097832e-04
4.903141106683591832e-04
4.907024058803042795e-04
4.912206618676547617e-04
4.914526419881620365e-04
4.914755247989994026e-04
4.923820296193350638e-04
4.941270266629077968e-04
4.916434732261690211e-04
4.933714795859890211e-04
4.981262560833101503e-04
4.906051822652973335e-04
4.941574710733230959e-04
4.949827922913596200e-04
4.915296660788793246e-04
4.912455102762633722e-04
4.926470311325068657e-04
4.927552713123115871e-04
4.921832481112931078e-04
4.944758850083586692e-04
4.927937249487542894e-04
4.924349772462860994e-04
4.908313492325920135e-04
4.911590836137980868e-04
4.969589535351170029e-04
4.929342031849542069e-04
4.930497935579729839e-04
4.947921443847695232e-04
4.940026456250739152e-04
4.989686511040899389e-04
4.946983921185470635e-04
4.953296322441970738e-04
4.943616901412991628e-04
4.947278414515205846e-04
4.958962246783000637e-04
4.940807047613299556e-04
5.000685778952786110e-04
4.949703019509957410e-04
4.993743818897506369e-04
4.930530440926154338e-04
4.939044731210954489e-04
4.934520527356004100e-04
4.918014972286792810e-04
4.915380884230552503e-04
4.929086132790674131e-04
4.967985946792493213e-04
4.935471326043786456e-04
4.983540839445125886e-04
4.968753686768384364e-04
5.029126222570819062e-04
4.947394571299850233e-04
4.946505145701370586e-04
4.943263542337443441e-04
4.961585462990279489e-04
4.967550105017462655e-04
4.956500680142395714e-04
4.967803967177892048e-04
4.973462152903747931e-04
4.959140877100234575e-04
5.071473252312732292e-04
4.975808997975306094e-04
4.973554299108288307e-04
4.937299469865826180e-04
4.953536750715219292e-04
4.924432278599180689e-04
4.935033532665807640e-04
4.937016858458995313e-04
4.923101334730132757e-04
4.926403169400966984e-04
4.925369740079004995e-04
4.974495043036264875e-04
4.944031512620925082e-04
4.913614195706945400e-04
4.912286664460457225e-04
4.915792871061825959e-04
4.909444026808903625e-04
4.905239364087013183e-04
4.906568360973765676e-04
4.904670417584623210e-04
4.919966649805426057e-04
4.921323283900569520e-04
4.934813557482046987e-04
4.939840584898610044e-04
4.920211446596213425e-04
4.933924461784475364e-04
4.924439750650028754e-04
4.915408762075300884e-04
4.918337826665167799e-04
4.940536797194058092e-04
4.921628816133012240e-04
4.923864092840480981e-04
4.915541136843754478e-04
4.920889358189348313e-04
4.925723371759647062e-04
4.917126511929619101e-04
4.922044816518474130e-04
4.931931589282769575e-04
4.925799470584442960e-04
4.915501885890373934e-04
4.937095970760085883e-04
4.938065569879759864e-04
4.931979482513583089e-04
4.931387218079268586e-04
4.955189750286228580e-04
4.933147219753152663e-04
4.937719422379135059e-04
4.938143373091568146e-04
4.940711807367404677e-04
4.938509229780569353e-04
4.943356465708958255e-04
4.950550875528858356e-04
4.948642103414576006e-04
4.954731067346978667e-04
4.984147354882896043e-04
4.970342809824839555e-04
5.047555973313685735e-04
4.979530987840332344e-04
4.984373868664900269e-04
4.983151107270411854e-04
4.943510715260717109e-04
4.945778483325015277e-04
4.942358443497768235e-04
4.984167695258838850e-04
4.938857699805710615e-04
4.942631465118732656e-04
5.006075196087049397e-04
4.972976409291831592e-04
4.954307990658176827e-04
4.962774423790824140e-04
4.961549677300735456e-04
4.946455074683497226e-04
4.935829512221360030e-04
4.976299730791831780e-04
4.994790614638037118e-04
4.990054260510267715e-04
4.953895789906708879e-04
4.954812711222998309e-04
5.043624545124568122e-04
5.890452275391638978e-04
4.987937361156712188e-04
4.966395581589039699e-04
4.939792021956461530e-04
4.944270680402710911e-04
