1.222057828472240537e-01
9.459356253668269043e-03
1.325849479736486035e-03
6.212869214587683113e-04
4.248880419187563368e-04
5.450730375399228615e-04
3.267971398300327339e-04
1.747028572910390432e-04
1.115102672418176997e-04
4.077850541319006083e-05
3.662512685525693974e-05
2.418412288841114159e-05
1.219384024097510465e-05
1.480552783102472765e-06
1.137558548501680042e-07
5.223401842212715754e-06
5.101729075237621028e-06
2.135798684452819411e-06
9.837920225673787459e-07
1.798287371994069486e-07
1.382477544050695348e-05
4.026640386621866477e-06
5.539327443544186879e-07
1.867595058266688946e-06
1.564848978046251002e-06
2.962564885516692439e-06
7.014858084122533216e-07
6.083815605038886704e-07
2.778553710602266227e-06
1.876744191833132308e-07
9.149103566293312911e-07
2.118603719110214044e-07
7.530576440286091977e-07
1.005385365248318826e-06
1.767386805207290247e-07
8.475714797974830322e-07
4.218682024474624600e-07
2.842839096246709106e-07
4.408919405680764855e-07
1.954380463049193285e-07
1.303347488333179537e-06
5.684437221358508782e-07
1.988508304157470411e-07
3.456783396029230470e-07
1.233339339436686660e-07
2.419123978947383697e-06
2.736772939297874364e-06
1.619419649676201571e-06
1.020235179709146589e-06
6.495699924384699767e-07
5.191629856926554381e-06
6.874341010118524351e-06
4.553180830357159918e-06
1.463016949688610447e-06
3.517464192951814429e-07
4.606124385561377948e-07
1.263461979204354631e-06
1.908166469223375739e-06
1.136524229154228768e-06
2.043957145434596684e-07
6.632809001260904394e-08
1.602054559027832334e-07
3.921042980981958388e-07
1.323880116693017123e-07
4.682797136718795697e-08
7.380860994511514770e-08
2.877473640589981072e-07
3.112294075161259023e-07
9.996031448851655504e-08
1.364718682977067497e-08
6.786762401447135464e-08
1.278127051856046880e-07
6.944358443176056199e-08
9.110697600978259405e-09
6.912554804896913981e-08
8.200710010925069981e-08
2.624614463783990520e-08
2.266378172726642257e-08
3.878296949758770887e-08
4.144119487804884130e-08
1.489015597284997329e-08
9.658568009889942069e-09
1.639479372340184048e-08
2.038012067948945282e-08
9.645100099506762280e-09
3.275917254507067635e-09
3.068795059544078217e-09
2.837282668139059983e-09
1.023213131421463303e-08
6.771159365764075808e-09
6.992125712449652417e-09
5.319950261164247135e-09
2.501390039705500908e-09
3.431137745959092333e-09
4.054680031397265872e-09
2.682838430573006671e-09
3.630660862302928788e-09
2.308886634809594891e-09
3.433483113823950936e-09
3.178409768246369240e-09
3.929408509072571847e-07
1.128405745526712907e-07
4.705962657741500726e-08
5.645947277700719273e-08
3.622916040511127924e-08
6.170434590158778700e-08
9.352021120288920703e-09
1.442658591848154035e-08
2.152975823572336365e-08
5.693584604807860749e-08
4.131438567618759512e-08
3.773210229920424679e-08
2.790462462005852453e-08
1.673643629151148932e-08
5.619948857628292966e-09
4.409010966844893920e-09
2.871794437047436701e-09
1.204570966698949905e-08
1.374507503869300013e-08
1.455829522580373066e-08
1.503985389188653519e-08
7.227944419484457620e-09
7.100561585770774818e-09
3.579127032282113172e-09
2.207440613444511187e-09
4.448539205205705032e-09
1.509271202566591132e-08
1.225048244048916461e-08
1.386286354343437645e-08
5.870746678118045731e-09
5.217600148843768491e-09
8.537225944023038409e-09
1.469938437919363149e-08
1.573096485682533516e-08
1.035056838773066248e-08
2.687300318770819323e-09
4.336483142764304668e-09
5.456993565005791765e-09
1.515020842088365961e-09
1.020005706629567595e-09
4.200311812311430845e-09
2.913365296651360287e-09
2.085619477197391151e-09
5.657373668386178367e-09
1.314689721934928202e-08
1.208131497651728402e-08
5.040737468645577574e-09
4.082910622679161271e-09
8.309218051839131220e-09
1.268145116743081168e-08
1.109217465278206276e-08
2.053084461157402406e-09
4.372480215016029941e-09
3.567106167263351731e-09
4.931893098636253557e-09
2.864380414939246764e-09
2.197224510077620580e-09
1.136919223350245964e-09
6.432842016868488785e-09
9.918186256942449640e-09
1.116865178004241199e-08
1.363174126001754299e-08
2.741934558612497898e-09
1.013199559148534482e-09
8.056890836061407945e-10
1.263908193220338030e-09
3.654213670549843445e-09
4.302060938084334053e-09
4.040521512873759376e-09
1.301972735249870466e-09
3.912879291853842940e-10
7.196306334242831385e-10
2.889546397953417754e-10
5.911469785577318747e-10
4.767726779442654557e-10
4.378632753698782935e-10
4.143432888016777801e-10
2.717287712705224882e-10
3.604540459644857785e-10
8.147928875277760281e-10
1.915264827335076016e-09
2.070471653287479930e-09
1.545811785804253080e-09
5.336556612802270181e-10
2.623273284945361032e-10
3.131628093266059515e-10
2.169936981987203394e-10
2.422651155513574295e-10
2.199495116856696642e-10
3.779056572669784983e-10
5.473933503790682767e-10
9.584253996332514324e-10
9.062366860626475863e-10
2.057400475872175200e-10
5.208386584916109854e-10
6.360638695400953826e-10
8.274814856405036481e-10
3.292756127821111593e-10
2.457132491116957801e-10
4.343728496592802721e-10
