7.911396360998504407e-02
1.362493814255915292e-03
5.027996400009902009e-04
2.678245719570404885e-04
7.774764169212598937e-05
4.586523853583211394e-05
5.111435030348849954e-05
2.338023569283725954e-05
1.145720185617578912e-05
5.730285023878593600e-07
2.726413359777517087e-06
2.107827994126266855e-06
4.195247117250457273e-06
3.255744292075036704e-06
5.308430439935848222e-07
9.281849801627127029e-07
4.570398585572962578e-07
7.474017978703829882e-07
1.118883997534853943e-06
7.770134698042375388e-07
1.206763594811408120e-06
1.402394456809177897e-06
1.370539661575051757e-06
1.035485080854346398e-06
3.726025656036290053e-07
9.472792015041321557e-07
1.592971066685091794e-06
1.105978629192031009e-06
7.201728466457858302e-07
7.412979202820588209e-08
6.175817075219073444e-07
1.816075792442714610e-06
1.281316948317244313e-06
5.663831932793264872e-07
4.771869521375056822e-08
3.684645779734383062e-07
8.378476383199379593e-07
7.097284552588913293e-07
3.462763204185437477e-07
1.033670691953272276e-07
3.258212874584515520e-07
7.737778307812723276e-07
5.264277926686797515e-07
3.605367678616772961e-07
1.199901230483496471e-07
2.932914747934857489e-07
2.264359885775361401e-07
1.196267981320460290e-07
6.270466948596151105e-08
2.131601103125003051e-08
1.167878531119797105e-07
5.311920268991700994e-08
4.317634315813690454e-08
2.349938232427356408e-08
5.442785283230587842e-08
1.718239987835187077e-08
1.861103657253176256e-08
1.234049445431146878e-07
1.224673121909099776e-07
6.914644538559575039e-08
2.572714729164571569e-08
2.334900525410071680e-08
1.715304504151730925e-08
1.693990829551991076e-08
1.227948451040939392e-08
2.543342166472222977e-08
1.540997452894476073e-08
2.689660911288205959e-08
2.015358176576744671e-08
4.909209906572280236e-09
9.823778697057870518e-09
1.387861134835837811e-08
3.384439138719487854e-09
7.958160132078342688e-09
3.983089150330576241e-08
1.816631834706578531e-08
7.458989936188805288e-09
7.151569215124302358e-10
5.768278147820455279e-09
7.590710105155100598e-09
7.132205286961325582e-09
2.496024644015951762e-09
2.987936689438117161e-09
5.990557350626764287e-10
1.961339247698597772e-09
2.952276382152120538e-09
2.941812831300764044e-09
1.219870239385853427e-09
6.834036234799281923e-10
1.620187123595086545e-09
8.465787291444269455e-10
4.113416870810082751e-10
9.356727272230478716e-10
6.728169216102962689e-10
8.268491917548450619e-10
1.367897105227784891e-09
1.773843705813079468e-09
3.992621989358120857e-10
3.162424239018410504e-10
3.888487438267034439e-10
8.976535706358099766e-09
8.297640548523882620e-09
1.627557029644060870e-08
5.084658633447348402e-08
4.130897503023411792e-08
6.669519375657582519e-08
6.406340736084216662e-08
5.926938007633642395e-08
4.803843710450955225e-08
1.836933085695117025e-08
3.873468497967235204e-08
2.343518090838135545e-08
1.689834236157594528e-08
8.543092244555458753e-09
2.076266555598647944e-09
4.071117003677553780e-09
4.848043164776251032e-09
4.203108923983687895e-09
2.863974939692982474e-09
2.339928920691540726e-09
6.822182016671260205e-09
5.977964326978896891e-09
5.571947269068046638e-09
2.918872672636852004e-09
2.151495439422217463e-09
2.119724778757704577e-09
1.975381383396245399e-09
2.170902791029839697e-09
1.199695600286226564e-09
6.900505642537256591e-10
1.445789849847174848e-09
2.816548607558908090e-09
3.076212066451035749e-09
3.165253650089271326e-09
5.053565964147950688e-09
3.826576572306342147e-09
4.528468979077426626e-09
4.889584121271992576e-09
4.821234527301176452e-09
6.268533864873605784e-09
4.951014182504483544e-09
4.861013274661378063e-09
5.331144211690641569e-09
4.339724682307442389e-09
5.480581576397145894e-09
5.860991203744046113e-09
8.560754785185235879e-09
1.019500157830644909e-08
7.805778057262351409e-09
5.375082742438863679e-09
5.004030559010262008e-09
5.805508839459851832e-09
4.875577572656019005e-09
3.920842995827880077e-09
3.938582159671329261e-09
5.622141784965495790e-10
5.822648159124395223e-10
1.988070875078259983e-09
5.748992334877176476e-10
5.642159659977560678e-10
2.518679702136279069e-10
5.780052290013969609e-10
1.903262176229766700e-09
1.953853449520105060e-09
7.487659168965920625e-10
4.437803731142838616e-10
1.498396901157229927e-10
2.082268753506331764e-10
1.671659783810213050e-10
2.612862688000622466e-10
2.765019949425380082e-10
8.867194264432591362e-11
1.289666646853398768e-10
3.209874184530826911e-10
6.204267300276010616e-10
2.497631236447876480e-10
1.117654136593690735e-10
8.352319366202163014e-10
1.816654091667247198e-09
2.408171878477073295e-09
1.398575937646021460e-09
1.119981649997258881e-10
2.237022844382155641e-10
5.289945298240429330e-10
6.360927600283604183e-10
2.900330189902952556e-10
5.983206020860081270e-11
1.851746835049946308e-10
7.469861758259773677e-11
6.777307512259722718e-11
2.534470877435577382e-10
4.011454660995988648e-10
3.863256480609707789e-10
2.013872514555411442e-10
6.046081843556881596e-11
3.465352389264590530e-11
7.351892566812092971e-11
2.474016361074350783e-10
3.432808621141324384e-10
9.039276200705011427e-11
