6.988726272179778508e-03
3.249618394779818335e-03
2.883920719982032647e-03
2.061161934441218136e-03
1.795515217616254792e-03
1.716774403947059517e-03
1.508929182764952477e-03
1.170619778966202002e-03
1.033450550807449991e-03
9.036674708738145828e-04
8.634458903548906288e-04
7.132186907255465844e-04
6.391338033883542770e-04
6.943536501639948916e-04
6.163339842947644512e-04
7.856689876647113008e-04
8.605032973583127617e-04
7.482278200093831671e-04
7.010039961346288409e-04
5.855596554556874835e-04
6.272011868025803225e-04
5.888498875493616011e-04
5.811355499410643518e-04
5.692539454184336774e-04
5.384347469295565781e-04
5.080121319151266772e-04
5.274623453247296668e-04
5.222050809787795412e-04
3.821566630287057554e-04
3.572249274346419494e-04
3.691915352531715882e-04
3.837564373715072466e-04
3.605580228565762502e-04
3.576647719450754578e-04
3.198773602446913777e-04
4.568494829842690641e-04
3.931783986479665751e-04
3.371777612712706590e-04
2.559881632133328934e-04
1.776566605142266414e-04
3.164531626003627674e-04
3.619163630754404764e-04
2.194234547230262716e-04
1.302437714227563687e-04
1.023816963591016695e-04
2.728006295141669401e-04
2.492343762711860086e-04
1.621366459583720317e-04
8.917410177442685508e-05
6.243548575176882654e-05
1.201438772275895372e-04
1.254350769080256236e-04
1.169278915585375957e-04
9.577069595509285775e-05
6.983614224374365301e-05
4.297658014331250261e-05
2.777894437649045765e-05
1.556713964809495603e-05
1.127822537848997576e-05
1.005128441745022461e-05
1.333751247049138278e-05
1.875439359713283586e-05
9.272624343036872042e-06
4.215354504605052194e-06
3.498779028841358688e-06
3.575676955239849945e-06
4.816116749493085005e-06
5.923322360761811595e-06
4.383865782136744402e-06
4.673465399082609189e-06
4.580830811197504686e-06
7.157445101219728276e-06
1.039915341114907947e-05
1.275738048420866738e-05
1.499830096115269339e-05
1.583954249648535805e-05
1.647994956975029680e-05
1.839361078671456918e-05
1.804041923535394171e-05
1.559638956840699058e-05
1.274148564952630121e-05
1.116219060764834862e-05
9.955616516027926896e-06
7.722415861998471216e-06
5.559372207230029753e-06
3.818124605107395435e-06
2.584684799027320226e-06
1.887484924824251022e-06
1.331144968011788067e-06
1.265569186516943395e-06
1.179503750110352450e-06
1.364412165431585937e-06
1.155657483662040146e-06
2.125924017189956490e-06
2.894848614974954152e-06
3.082683648240746793e-06
3.062419439363506306e-06
2.954468110532754910e-06
3.040149217290325665e-06
3.122407574184531322e-06
1.050143561733843358e-05
1.389919621217859358e-05
1.581540495499333607e-05
1.568768530478502061e-05
1.430336065453251768e-05
1.470890231618031239e-05
1.504231608577789703e-05
1.436584974208136511e-05
1.457376055311005125e-05
1.419423691654654977e-05
1.525573931458278534e-05
1.530230235104126465e-05
1.436979564504750269e-05
1.374854126072346430e-05
1.328884897120896855e-05
1.393744906958548333e-05
1.354880842448818812e-05
1.245110478435154290e-05
1.122585647327821256e-05
1.020085509464187731e-05
1.031159752919316112e-05
9.981448471702751915e-06
9.504242738518015932e-06
8.764298131047090995e-06
6.192450860576284420e-06
6.279859784110286677e-06
5.914276508676117133e-06
5.075803539707169162e-06
3.814831732088632473e-06
3.127986630497694058e-06
3.099446281328486563e-06
3.072132293561770807e-06
2.983024802460606817e-06
2.524665754837664569e-06
2.010535830198245749e-06
2.026931393258580818e-06
1.864648293250742782e-06
1.731576346961793025e-06
1.395273704768672568e-06
1.081997051978948559e-06
1.103346814061526224e-06
1.159679890166205219e-06
1.085814671382996121e-06
9.292194916564116882e-07
8.691021377457272673e-07
9.741951815772983930e-07
9.367633635541207504e-07
8.703984335638831659e-07
6.172462284545517346e-07
4.704249718814812274e-07
5.163531727025158982e-07
5.802085714267304705e-07
5.247218708773538251e-07
4.826162052637513039e-07
4.058660000458873907e-07
3.309742065381183530e-07
2.383805576426948018e-07
1.767910390239229307e-07
1.867180368637545321e-07
1.219565972864833299e-07
1.153772341257897560e-07
1.490494046563324887e-07
1.265681280418995038e-07
1.140940940525410825e-07
1.104327940335138917e-07
8.732533377222578962e-08
7.435940667808919651e-08
3.653159250797734633e-08
3.040473596913966664e-08
2.091493131728356033e-08
3.829048267045855544e-08
8.050509038731149371e-08
1.102461213758719909e-07
1.181463122346853919e-07
1.159013310157110017e-07
1.116197329186261805e-07
9.599894120696039994e-08
7.617992953163373607e-08
6.491839202334269799e-08
3.599925336324264294e-08
3.148628679965486743e-08
1.750121311255780850e-08
1.894064864822304598e-08
1.910758085225208624e-08
1.650051811771383151e-08
1.360895225530373994e-08
2.381871359214161653e-08
3.565798609116474287e-08
3.380998636104807022e-08
5.915255494968504595e-08
8.425621809462855571e-08
1.517913089781166342e-07
1.958520788226236191e-07
1.819367421374129775e-07
1.775491076759013900e-07
1.897134897737036637e-07
2.000988272542598935e-07
1.472616749853141405e-07
9.783450930110027561e-08
6.991391895206603218e-08
